1.000000000000000 0.000000000000000
0.999753280182866 0.000026239208929
0.999013364214136 0.000104962972288
0.997780982301540 0.000236172890096
0.996057350657239 0.000419815871984
0.993844170297569 0.000655674650856
0.991143625364344 0.000943259461741
0.987958380969374 0.001281630080797
0.984291580564316 0.001669205995997
0.980146842838472 0.002103554024801
0.975528258147577 0.002581124271012
0.970440384477113 0.003097742182894
0.964888242944126 0.003651969432681
0.958877312841991 0.004244371675084
0.952413526233010 0.004877017269532
0.945503262094184 0.005553288980616
0.938153340021932 0.006275120030805
0.930371013501972 0.007042930843024
0.922163962751008 0.007854208241280
0.913540287137281 0.008707264463930
0.904508497187474 0.009601599577924
0.895077506187845 0.010534874958262
0.885256621387895 0.011505305131946
0.875055534815230 0.012510474157411
0.864484313710706 0.013546715428384
0.853553390593274 0.014611899144040
0.842273552964344 0.015704437454762
0.830655932661826 0.016820379179563
0.818711994874345 0.017956795959672
0.806453526826488 0.019112157866290
0.793892626146236 0.020282904326970
0.781041688926065 0.021466408256797
0.767913397489498 0.022661403315544
0.754520707875186 0.023865709433843
0.740876837050858 0.025076850897384
0.726995249869773 0.026293759777574
0.712889645782536 0.027515065425237
0.698573945317390 0.028738602484997
0.684062276342339 0.029961884042520
0.669368960122646 0.031182096121001
0.654508497187474 0.032395969049728
0.639495553019615 0.033599814018899
0.624344943582427 0.034790075325581
0.609071620698271 0.035963517252004
0.593690657292862 0.037117176778489
0.578217232520115 0.038247529343543
0.562666616782152 0.039350384879416
0.547054156659257 0.040420878309810
0.531395259764657 0.041455132088533
0.515705379539064 0.042449998523092
0.500000000000000 0.043402534421451
0.484294620460936 0.044308876362903
0.468604740235343 0.045164464271593
0.452945843340743 0.045966474612913
0.437333383217848 0.046712975913529
0.421782767479884 0.047402283790761
0.406309342707138 0.048031276509626
0.390928379301729 0.048596667374388
0.375655056417573 0.049097891309063
0.360504446980385 0.049532859928140
0.345491502812526 0.049897769374864
0.330631039877354 0.050191583609393
0.315937723657661 0.050412402872001
0.301426054682610 0.050556428988718
0.287110354217464 0.050622261689950
0.273004750130227 0.050607956754141
0.259123162949142 0.050510452753981
0.245479292124814 0.050328400675640
0.232086602510502 0.050058819535813
0.218958311073935 0.049699829522945
0.206107373853763 0.049252098851479
0.193546473173512 0.048710614388554
0.181288005125655 0.048074951692097
0.169344067338174 0.047345546598851
0.157726447035656 0.046520239896189
0.146446609406726 0.045597720655866
0.135515686289294 0.044578393998619
0.124944465184770 0.043461089200654
0.114743378612105 0.042248370497475
0.104922493812155 0.040939358248053
0.095491502812526 0.039534413584755
0.086459712862719 0.038038764077275
0.077836037248992 0.036452432561682
0.069628986498028 0.034776642813040
0.061846659978068 0.033018060713202
0.054496737905816 0.031183672775625
0.047586473766990 0.029277890626934
0.041122687158009 0.027307755998768
0.035111757055874 0.025278668511743
0.029559615522887 0.023194127850880
0.024471741852423 0.021055170760248
0.019853157161528 0.018867159891646
0.015708419435684 0.016640469182022
0.012041619030626 0.014386699046074
0.008856374635656 0.012122362594641
0.006155829702431 0.009868307379364
0.003942649342761 0.007649236193102
0.002219017698460 0.005501716760964
0.000986635785864 0.003472072168468
0.000246719817134 0.001616376442403
0.000000000000000 0.000000000000000
0.000246719817134 -0.001320840683557
0.000986635785864 -0.002268670630421
0.002219017698460 -0.003200281454658
0.003942649342761 -0.004178113230687
0.006155829702431 -0.005150713520222
0.008856374635656 -0.006109159778005
0.012041619030626 -0.007029765728648
0.015708419435684 -0.007901442769220
0.019853157161528 -0.008717202054800
0.024471741852423 -0.009469952657314
0.029559615522887 -0.010153466508019
0.035111757055874 -0.010766400845198
0.041122687158009 -0.011308795800783
0.047586473766990 -0.011777789175000
0.054496737905816 -0.012173717236149
0.061846659978068 -0.012500259686884
0.069628986498028 -0.012762283338419
0.077836037248993 -0.012960452167982
0.086459712862719 -0.013094504946576
0.095491502812526 -0.013170290241791
0.104922493812155 -0.013192958019376
0.114743378612105 -0.013168565250016
0.124944465184770 -0.013103322593684
0.135515686289294 -0.013001931991372
0.146446609406726 -0.012874659851352
0.157726447035656 -0.012730935045220
0.169344067338174 -0.012572734962189
0.181288005125655 -0.012400814201480
0.193546473173512 -0.012216545287242
0.206107373853763 -0.012026946075700
0.218958311073935 -0.011832140221811
0.232086602510502 -0.011633045202358
0.245479292124814 -0.011430204457450
0.259123162949142 -0.011222989671246
0.273004750130227 -0.011012835156791
0.287110354217464 -0.010799729243852
0.301426054682610 -0.010582946160333
0.315937723657661 -0.010362483918638
0.330631039877354 -0.010140177519139
0.345491502812526 -0.009915413965035
0.360504446980386 -0.009687497568601
0.375655056417573 -0.009458212908323
0.390928379301729 -0.009227051606254
0.406309342707138 -0.008993442228048
0.421782767479884 -0.008759298399220
0.437333383217848 -0.008524492720002
0.452945843340743 -0.008288011181454
0.468604740235343 -0.008050834619298
0.484294620460936 -0.007813254059371
0.500000000000000 -0.007574811829041
0.515705379539064 -0.007336903275593
0.531395259764657 -0.007100137070192
0.547054156659257 -0.006862883138029
0.562666616782152 -0.006625743680337
0.578217232520115 -0.006390217296641
0.593690657292863 -0.006156126588932
0.609071620698271 -0.005923104914298
0.624344943582427 -0.005691208782348
0.639495553019615 -0.005461784266051
0.654508497187474 -0.005235132273153
0.669368960122646 -0.005010190476196
0.684062276342339 -0.004786986205107
0.698573945317390 -0.004566731604319
0.712889645782536 -0.004350625267530
0.726995249869774 -0.004137017203108
0.740876837050858 -0.003926415258583
0.754520707875186 -0.003719996017297
0.767913397489498 -0.003517282658263
0.781041688926065 -0.003318835540042
0.793892626146237 -0.003123942015341
0.806453526826489 -0.002933698556454
0.818711994874345 -0.002748431736377
0.830655932661826 -0.002566382845475
0.842273552964344 -0.002390830186795
0.853553390593274 -0.002219725545420
0.864484313710706 -0.002054746347815
0.875055534815230 -0.001894334401618
0.885256621387895 -0.001739573705677
0.895077506187845 -0.001590285531806
0.904508497187474 -0.001447881261750
0.913540287137281 -0.001312198802339
0.922163962751008 -0.001181300747170
0.930371013501972 -0.001057024741627
0.938153340021932 -0.000939483129385
0.945503262094184 -0.000827542169193
0.952413526233010 -0.000722487556609
0.958877312841991 -0.000624989996571
0.964888242944126 -0.000534069170742
0.970440384477113 -0.000449537180710
0.975528258147577 -0.000372272221173
0.980146842838472 -0.000302676368097
0.984291580564316 -0.000240395069433
0.987958380969374 -0.000185160163932
0.991143625364344 -0.000136892133336
0.993844170297569 -0.000095643704331
0.996057350657239 -0.000061549408516
0.997780982301540 -0.000034780977813
0.999013364214136 -0.000015511615801
0.999753280182866 -0.000003886196896
1.000000000000000 0.000000000000000
