1.000000000000000 0.000000000000000
0.999753280182866 0.000028276997394
0.999013364214136 0.000113295646269
0.997780982301540 0.000255609219328
0.996057350657239 0.000456085079831
0.993844170297569 0.000715824144794
0.991143625364344 0.001036054450523
0.987958380969374 0.001417989680889
0.984291580564316 0.001862667047646
0.980146842838472 0.002370753899961
0.975528258147577 0.002942325177582
0.970440384477113 0.003576644999609
0.964888242944126 0.004272205607578
0.958877312841991 0.005029462329519
0.952413526233010 0.005850572220078
0.945503262094184 0.006732213416269
0.938153340021932 0.007662751412888
0.930371013501972 0.008632809410933
0.922163962751008 0.009638682471389
0.913540287137281 0.010687253389712
0.904508497187474 0.011786267809989
0.895077506187845 0.012923410329697
0.885256621387895 0.014097363500549
0.875055534815230 0.015314211978702
0.864484313710706 0.016567783578195
0.853553390593274 0.017852346897507
0.842273552964344 0.019168891324797
0.830655932661826 0.020513064257380
0.818711994874345 0.021876308592898
0.806453526826488 0.023263568734238
0.793892626146236 0.024667920769111
0.781041688926065 0.026086360014069
0.767913397489498 0.027517906271096
0.754520707875186 0.028954490736142
0.740876837050858 0.030396817077290
0.726995249869773 0.031839154812659
0.712889645782536 0.033278335270033
0.698573945317390 0.034712871424936
0.684062276342339 0.036136501856954
0.669368960122646 0.037546030007186
0.654508497187474 0.038937565361811
0.639495553019615 0.040304799779709
0.624344943582427 0.041644412302268
0.609071620698271 0.042953267147727
0.593690657292862 0.044226996978424
0.578217232520115 0.045460451472390
0.562666616782152 0.046649585747293
0.547054156659257 0.047792712442411
0.531395259764657 0.048888223836130
0.515705379539064 0.049932853768791
0.500000000000000 0.050918704624487
0.484294620460936 0.051840051495010
0.468604740235343 0.052694254624522
0.452945843340743 0.053477985673817
0.437333383217848 0.054187616988858
0.421782767479884 0.054819637653202
0.406309342707138 0.055373091068696
0.390928379301729 0.055847787565073
0.375655056417573 0.056239804998805
0.360504446980385 0.056546784924084
0.345491502812526 0.056768713989200
0.330631039877354 0.056903858297941
0.315937723657661 0.056950650383987
0.301426054682610 0.056908689256130
0.287110354217464 0.056778275512215
0.273004750130227 0.056558466708049
0.259123162949142 0.056247078188270
0.245479292124814 0.055844153234007
0.232086602510502 0.055348976615043
0.218958311073935 0.054759613803309
0.206107373853763 0.054074156851458
0.193546473173512 0.053292395724476
0.181288005125655 0.052413464619105
0.169344067338174 0.051436639458748
0.157726447035656 0.050361160554499
0.146446609406726 0.049186122900037
0.135515686289294 0.047912282603528
0.124944465184770 0.046537839765565
0.114743378612105 0.045064344992771
0.104922493812155 0.043497085881895
0.095491502812526 0.041841338016137
0.086459712862719 0.040102229813676
0.077836037248992 0.038285286024307
0.069628986498028 0.036393977692352
0.061846659978068 0.034430609927970
0.054496737905816 0.032398301509771
0.047586473766990 0.030298786776456
0.041122687158009 0.028135203165590
0.035111757055874 0.025911840025627
0.029559615522887 0.023636306964088
0.024471741852423 0.021318798372316
0.019853157161528 0.018971721335504
0.015708419435684 0.016609779088457
0.012041619030626 0.014248751709847
0.008856374635656 0.011907991901695
0.006155829702431 0.009608714448737
0.003942649342761 0.007381775294022
0.002219017698460 0.005266276181907
0.000986635785864 0.003302815935329
0.000246719817134 0.001535991767307
0.000000000000000 0.000000000000000
0.000246719817134 -0.001385491768202
0.000986635785864 -0.002638821220526
0.002219017698460 -0.003793246478500
0.003942649342761 -0.004887835095174
0.006155829702431 -0.005955413516260
0.008856374635656 -0.006986187512287
0.012041619030626 -0.007977055307429
0.015708419435684 -0.008916812643974
0.019853157161528 -0.009797323255956
0.024471741852423 -0.010615308124803
0.029559615522887 -0.011369358591213
0.035111757055874 -0.012055742051229
0.041122687158009 -0.012673146458418
0.047586473766990 -0.013220515374436
0.054496737905816 -0.013697135063173
0.061846659978068 -0.014101556880578
0.069628986498028 -0.014433105484899
0.077836037248993 -0.014692366053887
0.086459712862719 -0.014880846091640
0.095491502812526 -0.015002276181732
0.104922493812155 -0.015061881340427
0.114743378612105 -0.015063020915264
0.124944465184770 -0.015008762722509
0.135515686289294 -0.014901273878414
0.146446609406726 -0.014741255428775
0.157726447035656 -0.014529407642470
0.169344067338174 -0.014265296275682
0.181288005125655 -0.013948535691581
0.193546473173512 -0.013581505889938
0.206107373853763 -0.013166973148901
0.218958311073935 -0.012705099832037
0.232086602510502 -0.012199655704057
0.245479292124814 -0.011653293504492
0.259123162949142 -0.011067786626221
0.273004750130227 -0.010448714706507
0.287110354217464 -0.009800510402316
0.301426054682610 -0.009127218874120
0.315937723657661 -0.008433607680473
0.330631039877354 -0.007725519862757
0.345491502812526 -0.007005693197499
0.360504446980386 -0.006277663473862
0.375655056417573 -0.005548479822332
0.390928379301729 -0.004819090399281
0.406309342707138 -0.004090616476941
0.421782767479884 -0.003370054486993
0.437333383217848 -0.002660135505692
0.452945843340743 -0.001962896521862
0.468604740235343 -0.001286628564739
0.484294620460936 -0.000634386434424
0.500000000000000 -0.000004547418860
0.515705379539064 0.000597966587021
0.531395259764657 0.001169448606616
0.547054156659257 0.001711088099563
0.562666616782152 0.002220180401685
0.578217232520115 0.002693267411989
0.593690657292863 0.003131245523238
0.609071620698271 0.003533593092006
0.624344943582427 0.003898490160897
0.639495553019615 0.004226322269098
0.654508497187474 0.004516748786423
0.669368960122646 0.004768813125536
0.684062276342339 0.004984999467062
0.698573945317390 0.005166838800594
0.712889645782536 0.005314178959052
0.726995249869774 0.005427739488387
0.740876837050858 0.005509433583159
0.754520707875186 0.005559881534978
0.767913397489498 0.005577878103020
0.781041688926065 0.005566546550944
0.793892626146237 0.005526596801139
0.806453526826489 0.005457348744731
0.818711994874345 0.005360946767872
0.830655932661826 0.005239697478490
0.842273552964344 0.005091441383886
0.853553390593274 0.004921382960387
0.864484313710706 0.004730535604995
0.875055534815230 0.004519070843822
0.885256621387895 0.004290661956149
0.895077506187845 0.004046508496872
0.904508497187474 0.003789286626046
0.913540287137281 0.003521793282897
0.922163962751008 0.003246235594125
0.930371013501972 0.002965801870554
0.938153340021932 0.002683601809563
0.945503262094184 0.002402181481953
0.952413526233010 0.002124221374949
0.958877312841991 0.001852524529916
0.964888242944126 0.001590182457909
0.970440384477113 0.001340323374579
0.975528258147577 0.001106337110032
0.980146842838472 0.000892011359750
0.984291580564316 0.000699872467289
0.987958380969374 0.000531288399358
0.991143625364344 0.000386747058534
0.993844170297569 0.000266115582242
0.996057350657239 0.000168873134774
0.997780982301540 0.000094305775904
0.999013364214136 0.000041683608168
0.999753280182866 0.000010385082484
1.000000000000000 0.000000000000000
