1.000000000000000 0.000000000000000
0.999753280182866 0.000022695062563
0.999013364214136 0.000090808514512
0.997780982301540 0.000204418241321
0.996057350657239 0.000363621255753
0.993844170297569 0.000568480002937
0.991143625364344 0.000818956100144
0.987958380969374 0.001114815834820
0.984291580564316 0.001455536959197
0.980146842838472 0.001840169787200
0.975528258147577 0.002267218249647
0.970440384477113 0.002735025592138
0.964888242944126 0.003242723736196
0.958877312841991 0.003789660216698
0.952413526233010 0.004374586421161
0.945503262094184 0.004995763849797
0.938153340021932 0.005651805642642
0.930371013501972 0.006341594179884
0.922163962751008 0.007063063846472
0.913540287137281 0.007814182136391
0.904508497187474 0.008594457409774
0.895077506187845 0.009401999530472
0.885256621387895 0.010234583370001
0.875055534815230 0.011092325674865
0.864484313710706 0.011970937250794
0.853553390593274 0.012869387290199
0.842273552964344 0.013787281148624
0.830655932661826 0.014719387794009
0.818711994874345 0.015667864115369
0.806453526826488 0.016629197123043
0.793892626146236 0.017601692843728
0.781041688926065 0.018583528235512
0.767913397489498 0.019572604242347
0.754520707875186 0.020568410440718
0.740876837050858 0.021566138994147
0.726995249869773 0.022575770278395
0.712889645782536 0.023566353132277
0.698573945317390 0.024601569645781
0.684062276342339 0.025995955305121
0.669368960122646 0.027550265311503
0.654508497187474 0.029019969825577
0.639495553019615 0.030483171124110
0.624344943582427 0.031941891535626
0.609071620698271 0.033375269202407
0.593690657292862 0.034783661631828
0.578217232520115 0.036165318269509
0.562666616782152 0.037515674777014
0.547054156659257 0.038828138044368
0.531395259764657 0.040099505746635
0.515705379539064 0.041328093798141
0.500000000000000 0.042509700761923
0.484294620460936 0.043640934137954
0.468604740235343 0.044719609798930
0.452945843340743 0.045741918808483
0.437333383217848 0.046703884223154
0.421782767479884 0.047602342929167
0.406309342707138 0.048432330896652
0.390928379301729 0.049188474036172
0.375655056417573 0.049868752667138
0.360504446980385 0.050470832239764
0.345491502812526 0.050991397272746
0.330631039877354 0.051428630167845
0.315937723657661 0.051781233408405
0.301426054682610 0.052047766230585
0.287110354217464 0.052226312660448
0.273004750130227 0.052313029514390
0.259123162949142 0.052302653510404
0.245479292124814 0.052192837280909
0.232086602510502 0.051980980508847
0.218958311073935 0.051663556617031
0.206107373853763 0.051237137128236
0.193546473173512 0.050700107431010
0.181288005125655 0.050052153931795
0.169344067338174 0.049292916204720
0.157726447035656 0.048422970102446
0.146446609406726 0.047444586982538
0.135515686289294 0.046359132606860
0.124944465184770 0.045167984804940
0.114743378612105 0.043871907648980
0.104922493812155 0.042476913203078
0.095491502812526 0.040982517010686
0.086459712862719 0.039388786426606
0.077836037248992 0.037700503712412
0.069628986498028 0.035921889138651
0.061846659978068 0.034054744689087
0.054496737905816 0.032101171673298
0.047586473766990 0.030068701475596
0.041122687158009 0.027966286840257
0.035111757055874 0.025800237879793
0.029559615522887 0.023579774328482
0.024471741852423 0.021317357991547
0.019853157161528 0.019025634239864
0.015708419435684 0.016717897468147
0.012041619030626 0.014409459471627
0.008856374635656 0.012118595391368
0.006155829702431 0.009862081171581
0.003942649342761 0.007664238960378
0.002219017698460 0.005557749691224
0.000986635785864 0.003559167367241
0.000246719817134 0.001696120097003
0.000000000000000 0.000000000000000
0.000246719817134 -0.001515411400038
0.000986635785864 -0.002856397815756
0.002219017698460 -0.004035245297384
0.003942649342761 -0.005136124962536
0.006155829702431 -0.006216316442060
0.008856374635656 -0.007269213150206
0.012041619030626 -0.008292480000423
0.015708419435684 -0.009277040360630
0.019853157161528 -0.010216584945950
0.024471741852423 -0.011107006358776
0.029559615522887 -0.011944082878666
0.035111757055874 -0.012722277079004
0.041122687158009 -0.013438385802373
0.047586473766990 -0.014090819050400
0.054496737905816 -0.014680429330506
0.061846659978068 -0.015209775305558
0.069628986498028 -0.015678848568733
0.077836037248993 -0.016087871311637
0.086459712862719 -0.016442337074159
0.095491502812526 -0.016743306092768
0.104922493812155 -0.016986193578222
0.114743378612105 -0.017171903783179
0.124944465184770 -0.017302560494897
0.135515686289294 -0.017381079592128
0.146446609406726 -0.017411748439314
0.157726447035656 -0.017397238568130
0.169344067338174 -0.017341628778736
0.181288005125655 -0.017248725446744
0.193546473173512 -0.017119879040431
0.206107373853763 -0.016958959209932
0.218958311073935 -0.016768691055087
0.232086602510502 -0.016550703611403
0.245479292124814 -0.016307065618183
0.259123162949142 -0.016040420672434
0.273004750130227 -0.015753355580510
0.287110354217464 -0.015448595856512
0.301426054682610 -0.015126416268669
0.315937723657661 -0.014787097988730
0.330631039877354 -0.014434623129795
0.345491502812526 -0.014069765299273
0.360504446980386 -0.013692538316859
0.375655056417573 -0.013304588208617
0.390928379301729 -0.012906522677962
0.406309342707138 -0.012498880375804
0.421782767479884 -0.012083011016910
0.437333383217848 -0.011659542955289
0.452945843340743 -0.011228898022025
0.468604740235343 -0.010792202490045
0.484294620460936 -0.010349853493332
0.500000000000000 -0.009901826728391
0.515705379539064 -0.009449899046342
0.531395259764657 -0.008996822112000
0.547054156659257 -0.008545707202203
0.562666616782152 -0.008097102269304
0.578217232520115 -0.007652013758839
0.593690657292863 -0.007216230703696
0.609071620698271 -0.006791450503050
0.624344943582427 -0.006376707806460
0.639495553019615 -0.005976805515119
0.654508497187474 -0.005591566586037
0.669368960122646 -0.005216594055728
0.684062276342339 -0.004858693195370
0.698573945317390 -0.004520785151619
0.712889645782536 -0.004199161698006
0.726995249869774 -0.003891202236591
0.740876837050858 -0.003596695543590
0.754520707875186 -0.003316531706339
0.767913397489498 -0.003050761628249
0.781041688926065 -0.002797958561700
0.793892626146237 -0.002559800217308
0.806453526826489 -0.002336290803520
0.818711994874345 -0.002126165150123
0.830655932661826 -0.001929871583889
0.842273552964344 -0.001746601614480
0.853553390593274 -0.001577264378614
0.864484313710706 -0.001417499274985
0.875055534815230 -0.001270563437932
0.885256621387895 -0.001135264744963
0.895077506187845 -0.001009898219745
0.904508497187474 -0.000894680718452
0.913540287137281 -0.000788984665130
0.922163962751008 -0.000691777651603
0.930371013501972 -0.000602559584847
0.938153340021932 -0.000522646819348
0.945503262094184 -0.000451442961168
0.952413526233010 -0.000386295028123
0.958877312841991 -0.000326548266807
0.964888242944126 -0.000272934354352
0.970440384477113 -0.000225564782761
0.975528258147577 -0.000183999456599
0.980146842838472 -0.000147752186231
0.984291580564316 -0.000116190012787
0.987958380969374 -0.000088802279142
0.991143625364344 -0.000065265794914
0.993844170297569 -0.000045399581710
0.996057350657239 -0.000029122900866
0.997780982301540 -0.000016420716904
0.999013364214136 -0.000007312790500
0.999753280182866 -0.000001830632402
1.000000000000000 0.000000000000000
