1.000000000000000 0.000000000000000
0.999753280182866 0.000072354858842
0.999013364214136 0.000294573675037
0.997780982301540 0.000676601918662
0.996057350657239 0.001216206116615
0.993844170297569 0.001879810999312
0.991143625364344 0.002649121297079
0.987958380969374 0.003539013211415
0.984291580564316 0.004544574097566
0.980146842838472 0.005631498343527
0.975528258147577 0.006777680922319
0.970440384477113 0.007980455970545
0.964888242944126 0.009239809440629
0.958877312841991 0.010557526737588
0.952413526233010 0.011937199117429
0.945503262094184 0.013382993650411
0.938153340021932 0.014899544873397
0.930371013501972 0.016489745574597
0.922163962751008 0.018157394468205
0.913540287137281 0.019906430731297
0.904508497187474 0.021740274605258
0.895077506187845 0.023659147487142
0.885256621387895 0.025664507719454
0.875055534815230 0.027761835116163
0.864484313710706 0.029957023537931
0.853553390593274 0.032253231179452
0.842273552964344 0.034651851773040
0.830655932661826 0.037151157482097
0.818711994874345 0.039748759247859
0.806453526826488 0.042445857795233
0.793892626146236 0.045243841172840
0.781041688926065 0.048138964050066
0.767913397489498 0.051124005989419
0.754520707875186 0.054194644296654
0.740876837050858 0.057347597970542
0.726995249869773 0.060573558723583
0.712889645782536 0.063860218365707
0.698573945317390 0.067199550538166
0.684062276342339 0.070588240338552
0.669368960122646 0.074020650728445
0.654508497187474 0.077486986376439
0.639495553019615 0.080976460235973
0.624344943582427 0.084477689074964
0.609071620698271 0.087979737750284
0.593690657292862 0.091474480292772
0.578217232520115 0.094947997814627
0.562666616782152 0.098378866459217
0.547054156659257 0.101742215395528
0.531395259764657 0.105010390763614
0.515705379539064 0.108152500992393
0.500000000000000 0.111133290911011
0.484294620460936 0.113915487047342
0.468604740235343 0.116463249724411
0.452945843340743 0.118746279833449
0.437333383217848 0.120741847476295
0.421782767479884 0.122432124825183
0.406309342707138 0.123803221854969
0.390928379301729 0.124845280621325
0.375655056417573 0.125553847243920
0.360504446980385 0.125930610644402
0.345491502812526 0.125980706203924
0.330631039877354 0.125711364712499
0.315937723657661 0.125131009024956
0.301426054682610 0.124249567354463
0.287110354217464 0.123078718595228
0.273004750130227 0.121632546559211
0.259123162949142 0.119925218505592
0.245479292124814 0.117970499343682
0.232086602510502 0.115783448290673
0.218958311073935 0.113379992322765
0.206107373853763 0.110777342953436
0.193546473173512 0.107994411627877
0.181288005125655 0.105044402021081
0.169344067338174 0.101934543143953
0.157726447035656 0.098671797586572
0.146446609406726 0.095270039244542
0.135515686289294 0.091743067222507
0.124944465184770 0.088100176150700
0.114743378612105 0.084350203621655
0.104922493812155 0.080503290336247
0.095491502812526 0.076570430687893
0.086459712862719 0.072562608664235
0.077836037248992 0.068491992978134
0.069628986498028 0.064372634194348
0.061846659978068 0.060220365736395
0.054496737905816 0.056042587169976
0.047586473766990 0.051845759119938
0.041122687158009 0.047646554008682
0.035111757055874 0.043469796967792
0.029559615522887 0.039327450305843
0.024471741852423 0.035223489333817
0.019853157161528 0.031168880601527
0.015708419435684 0.027181648933130
0.012041619030626 0.023286080191260
0.008856374635656 0.019511557836668
0.006155829702431 0.015884434488289
0.003942649342761 0.012415476476926
0.002219017698460 0.009118503300398
0.000986635785864 0.005946765109611
0.000246719817134 0.002899949151845
0.000000000000000 0.000000000000000
0.000246719817134 -0.002868521917662
0.000986635785864 -0.005783757011323
0.002219017698460 -0.008680321150203
0.003942649342761 -0.011546824147356
0.006155829702431 -0.014376686912665
0.008856374635656 -0.017136804454385
0.012041619030626 -0.019802344738023
0.015708419435684 -0.022356940613030
0.019853157161528 -0.024800707587299
0.024471741852423 -0.027130607793393
0.029559615522887 -0.029347841210226
0.035111757055874 -0.031450100968219
0.041122687158009 -0.033431371897493
0.047586473766990 -0.035289742936302
0.054496737905816 -0.037025979269044
0.061846659978068 -0.038643390845807
0.069628986498028 -0.040143047874114
0.077836037248993 -0.041529090229686
0.086459712862719 -0.042805221085087
0.095491502812526 -0.043975545705843
0.104922493812155 -0.045036827147548
0.114743378612105 -0.045988522434617
0.124944465184770 -0.046834425496663
0.135515686289294 -0.047580013898376
0.146446609406726 -0.048228121229917
0.157726447035656 -0.048781746632036
0.169344067338174 -0.049244200710775
0.181288005125655 -0.049619480503562
0.193546473173512 -0.049909362084068
0.206107373853763 -0.050115647093664
0.218958311073935 -0.050241072365876
0.232086602510502 -0.050289222778878
0.245479292124814 -0.050264457862932
0.259123162949142 -0.050171439947911
0.273004750130227 -0.050009890098774
0.287110354217464 -0.049776624378603
0.301426054682610 -0.049471430224989
0.315937723657661 -0.049096249004448
0.330631039877354 -0.048653039320224
0.345491502812526 -0.048141910469744
0.360504446980386 -0.047560841332697
0.375655056417573 -0.046907839914312
0.390928379301729 -0.046183033953576
0.406309342707138 -0.045390208025473
0.421782767479884 -0.044532636683506
0.437333383217848 -0.043606202601473
0.452945843340743 -0.042609544549541
0.468604740235343 -0.041545419969382
0.484294620460936 -0.040417027629654
0.500000000000000 -0.039227143570486
0.515705379539064 -0.037977490057071
0.531395259764657 -0.036669439186162
0.547054156659257 -0.035305039184251
0.562666616782152 -0.033889247857453
0.578217232520115 -0.032427000012337
0.593690657292863 -0.030922353559544
0.609071620698271 -0.029379280572336
0.624344943582427 -0.027802524576387
0.639495553019615 -0.026198277700027
0.654508497187474 -0.024573081083528
0.669368960122646 -0.022933554139863
0.684062276342339 -0.021286288703708
0.698573945317390 -0.019637967057944
0.712889645782536 -0.017995221037940
0.726995249869774 -0.016365045811631
0.740876837050858 -0.014757340460892
0.754520707875186 -0.013183415464097
0.767913397489498 -0.011652369685598
0.781041688926065 -0.010168441244899
0.793892626146237 -0.008738361802924
0.806453526826489 -0.007372048556026
0.818711994874345 -0.006079212616876
0.830655932661826 -0.004867667005717
0.842273552964344 -0.003742754900694
0.853553390593274 -0.002705930707866
0.864484313710706 -0.001758306189323
0.875055534815230 -0.000903719462579
0.885256621387895 -0.000145729923744
0.895077506187845 0.000512563665522
0.904508497187474 0.001069427577576
0.913540287137281 0.001524417751894
0.922163962751008 0.001878918182792
0.930371013501972 0.002136518285649
0.938153340021932 0.002302214857596
0.945503262094184 0.002376965328195
0.952413526233010 0.002362446965945
0.958877312841991 0.002274849939455
0.964888242944126 0.002136577961840
0.970440384477113 0.001955929838307
0.975528258147577 0.001733630842595
0.980146842838472 0.001486118074674
0.984291580564316 0.001239167077801
0.987958380969374 0.001002400099249
0.991143625364344 0.000773749653189
0.993844170297569 0.000556605564674
0.996057350657239 0.000358662378717
0.997780982301540 0.000195292740049
0.999013364214136 0.000082678498873
0.999753280182866 0.000019845632445
1.000000000000000 0.000000000000000
