1.000000000000000 0.000000000000000
0.999753280182866 0.000004461794250
0.999013364214136 0.000019017103921
0.997780982301540 0.000047130571090
0.996057350657239 0.000094426992038
0.993844170297569 0.000168471236506
0.991143625364344 0.000278459418830
0.987958380969374 0.000434833264355
0.984291580564316 0.000648819712197
0.980146842838472 0.000931897213542
0.975528258147577 0.001295198482792
0.970440384477113 0.001748459289950
0.964888242944126 0.002298139974829
0.958877312841991 0.002946877682305
0.952413526233010 0.003694397279651
0.945503262094184 0.004539442651188
0.938153340021932 0.005477521761593
0.930371013501972 0.006508213644282
0.922163962751008 0.007636892466753
0.913540287137281 0.008862133270003
0.904508497187474 0.010164015418437
0.895077506187845 0.011525391906030
0.885256621387895 0.012976623355329
0.875055534815230 0.014540912329622
0.864484313710706 0.016104674922571
0.853553390593274 0.018021956364917
0.842273552964344 0.021187408290309
0.830655932661826 0.025258561077165
0.818711994874345 0.029412298284288
0.806453526826488 0.033436583687169
0.793892626146236 0.037544991869693
0.781041688926065 0.041797470930413
0.767913397489498 0.046039241313255
0.754520707875186 0.050269669402498
0.740876837050858 0.054455259326783
0.726995249869773 0.058564723143921
0.712889645782536 0.062569609721131
0.698573945317390 0.066439342978971
0.684062276342339 0.070141363816955
0.669368960122646 0.073648689954807
0.654508497187474 0.076944889819890
0.639495553019615 0.080023369440350
0.624344943582427 0.082878559369143
0.609071620698271 0.085508495355112
0.593690657292862 0.087915565569042
0.578217232520115 0.090104936063496
0.562666616782152 0.092080560732065
0.547054156659257 0.093843558392775
0.531395259764657 0.095401409727026
0.515705379539064 0.096763269721820
0.500000000000000 0.097931107656421
0.484294620460936 0.098907307907686
0.468604740235343 0.099695867760191
0.452945843340743 0.100296564472460
0.437333383217848 0.100709297694045
0.421782767479884 0.100939474024310
0.406309342707138 0.100991720073539
0.390928379301729 0.100868780706256
0.375655056417573 0.100572789219205
0.360504446980385 0.100103560228836
0.345491502812526 0.099457631513064
0.330631039877354 0.098645448589888
0.315937723657661 0.097681653933873
0.301426054682610 0.096564950120228
0.287110354217464 0.095296431506713
0.273004750130227 0.093882297714459
0.259123162949142 0.092330045627648
0.245479292124814 0.090641523722748
0.232086602510502 0.088816619924049
0.218958311073935 0.086860119472369
0.206107373853763 0.084778432635940
0.193546473173512 0.082576165188436
0.181288005125655 0.080257115833710
0.169344067338174 0.077828000906409
0.157726447035656 0.075297662782258
0.146446609406726 0.072675247055099
0.135515686289294 0.069966307101724
0.124944465184770 0.067172919658694
0.114743378612105 0.064300869693219
0.104922493812155 0.061360539578130
0.095491502812526 0.058361241547795
0.086459712862719 0.055312412564324
0.077836037248992 0.052225542852566
0.069628986498028 0.049109976292211
0.061846659978068 0.045966521428517
0.054496737905816 0.042798188836394
0.047586473766990 0.039611006467530
0.041122687158009 0.036415506527609
0.035111757055874 0.033220962514811
0.029559615522887 0.030041101312741
0.024471741852423 0.026883140272882
0.019853157161528 0.023757107269996
0.015708419435684 0.020669504625135
0.012041619030626 0.017629934297201
0.008856374635656 0.014668642348859
0.006155829702431 0.011826666941639
0.003942649342761 0.009108024680895
0.002219017698460 0.006545980530301
0.000986635785864 0.004205311772493
0.000246719817134 0.002027001274062
0.000000000000000 0.000000000000000
0.000246719817134 -0.001946278589443
0.000986635785864 -0.003846783494935
0.002219017698460 -0.005653323301636
0.003942649342761 -0.007373712794303
0.006155829702431 -0.008993318844403
0.008856374635656 -0.010508963731723
0.012041619030626 -0.011894128628171
0.015708419435684 -0.013142119724942
0.019853157161528 -0.014273688991600
0.024471741852423 -0.015302126679297
0.029559615522887 -0.016250842333587
0.035111757055874 -0.017132105646182
0.041122687158009 -0.017963777795291
0.047586473766990 -0.018756142494572
0.054496737905816 -0.019512975240403
0.061846659978068 -0.020238677671248
0.069628986498028 -0.020929346246110
0.077836037248993 -0.021582060540709
0.086459712862719 -0.022195362644923
0.095491502812526 -0.022770074809507
0.104922493812155 -0.023309426683099
0.114743378612105 -0.023818827058893
0.124944465184770 -0.024303280833776
0.135515686289294 -0.024766170250658
0.146446609406726 -0.025204989368960
0.157726447035656 -0.025615869055345
0.169344067338174 -0.026004596964609
0.181288005125655 -0.026371886710865
0.193546473173512 -0.026708019697761
0.206107373853763 -0.027015602465996
0.218958311073935 -0.027308163761104
0.232086602510502 -0.027576458514901
0.245479292124814 -0.027817682162585
0.259123162949142 -0.028040837607833
0.273004750130227 -0.028253713818564
0.287110354217464 -0.028449096505051
0.301426054682610 -0.028631137120978
0.315937723657661 -0.028803310864602
0.330631039877354 -0.028956842127922
0.345491502812526 -0.029095768273044
0.360504446980386 -0.029223499881004
0.375655056417573 -0.029335384497505
0.390928379301729 -0.029426248398269
0.406309342707138 -0.029498408352918
0.421782767479884 -0.029564185665609
0.437333383217848 -0.029622485099196
0.452945843340743 -0.029666757407068
0.468604740235343 -0.029694443495054
0.484294620460936 -0.029703182732340
0.500000000000000 -0.029689888738186
0.515705379539064 -0.029649669507017
0.531395259764657 -0.029579339995812
0.547054156659257 -0.029479080594815
0.562666616782152 -0.029350851982485
0.578217232520115 -0.029197686361513
0.593690657292863 -0.029023159464976
0.609071620698271 -0.028828077625664
0.624344943582427 -0.028608677315237
0.639495553019615 -0.028352849395487
0.654508497187474 -0.028056426569542
0.669368960122646 -0.027726651529602
0.684062276342339 -0.027373468013724
0.698573945317390 -0.026993283269139
0.712889645782536 -0.026572860396057
0.726995249869774 -0.026115520630674
0.740876837050858 -0.025625756982874
0.754520707875186 -0.025104567487742
0.767913397489498 -0.024550344203841
0.781041688926065 -0.023963635813897
0.793892626146237 -0.023352767656077
0.806453526826489 -0.022722896209041
0.818711994874345 -0.022068365897935
0.830655932661826 -0.021383651319750
0.842273552964344 -0.020672735450383
0.853553390593274 -0.019926218704569
0.864484313710706 -0.019135576111519
0.875055534815230 -0.018309810667484
0.885256621387895 -0.017456179979087
0.895077506187845 -0.016574123377206
0.904508497187474 -0.015658069284635
0.913540287137281 -0.014697794138893
0.922163962751008 -0.013682913502898
0.930371013501972 -0.012603335338330
0.938153340021932 -0.011455631164793
0.945503262094184 -0.010243113327606
0.952413526233010 -0.008986336968094
0.958877312841991 -0.007756337724839
0.964888242944126 -0.006618583008838
0.970440384477113 -0.005581320990021
0.975528258147577 -0.004603335806756
0.980146842838472 -0.003662105059528
0.984291580564316 -0.002787766233059
0.987958380969374 -0.002027111448253
0.991143625364344 -0.001401188798673
0.993844170297569 -0.000911429212638
0.996057350657239 -0.000546830700907
0.997780982301540 -0.000290179272357
0.999013364214136 -0.000123102350411
0.999753280182866 -0.000029860831661
1.000000000000000 0.000000000000000
