1.000000000000000 0.000000000000000
0.999753280182866 0.000056614358932
0.999013364214136 0.000226402842041
0.997780982301540 0.000509207381795
0.996057350657239 0.000904742990899
0.993844170297569 0.001412602124016
0.991143625364344 0.002032230144859
0.987958380969374 0.002762904624111
0.984291580564316 0.003603710637101
0.980146842838472 0.004553512413526
0.975528258147577 0.005610917696822
0.970440384477113 0.006774251495038
0.964888242944126 0.008041499236772
0.958877312841991 0.009410292783789
0.952413526233010 0.010877854875425
0.945503262094184 0.012440959388797
0.938153340021932 0.014095891876904
0.930371013501972 0.015838419018387
0.922163962751008 0.017663751607886
0.913540287137281 0.019566494327317
0.904508497187474 0.021540630273389
0.895077506187845 0.023579501702710
0.885256621387895 0.025675773063805
0.875055534815230 0.027821330995904
0.864484313710706 0.030006667998409
0.853553390593274 0.032221124976701
0.842273552964344 0.034453107981899
0.830655932661826 0.036690300175757
0.818711994874345 0.038922862547978
0.806453526826488 0.041143809876238
0.793892626146236 0.043346553444766
0.781041688926065 0.045524569143772
0.767913397489498 0.047671176942947
0.754520707875186 0.049779472106993
0.740876837050858 0.051842793565403
0.726995249869773 0.053855284177676
0.712889645782536 0.055812294738232
0.698573945317390 0.057709962251216
0.684062276342339 0.059544546920613
0.669368960122646 0.061311695340574
0.654508497187474 0.063007109902921
0.639495553019615 0.064626704228887
0.624344943582427 0.066166091709981
0.609071620698271 0.067620951517373
0.593690657292862 0.068987205282605
0.578217232520115 0.070261154831592
0.562666616782152 0.071439471132016
0.547054156659257 0.072519123130611
0.531395259764657 0.073496691116349
0.515705379539064 0.074368660122443
0.500000000000000 0.075131790007388
0.484294620460936 0.075782638593579
0.468604740235343 0.076317622926361
0.452945843340743 0.076734241775480
0.437333383217848 0.077031374259358
0.421782767479884 0.077209798840125
0.406309342707138 0.077270283384737
0.390928379301729 0.077213400411200
0.375655056417573 0.077039755837437
0.360504446980385 0.076749989560044
0.345491502812526 0.076344625293954
0.330631039877354 0.075823653205242
0.315937723657661 0.075188557695041
0.301426054682610 0.074444334235156
0.287110354217464 0.073598409520588
0.273004750130227 0.072659153872373
0.259123162949142 0.071634690924202
0.245479292124814 0.070533275468558
0.232086602510502 0.069363418947754
0.218958311073935 0.068131613971770
0.206107373853763 0.066837275436852
0.193546473173512 0.065479065582078
0.181288005125655 0.064056655528562
0.169344067338174 0.062569630118940
0.157726447035656 0.061016478862066
0.146446609406726 0.059397267140409
0.135515686289294 0.057714361144587
0.124944465184770 0.055963000914038
0.114743378612105 0.054131282121683
0.104922493812155 0.052210103836393
0.095491502812526 0.050195710171237
0.086459712862719 0.048088582652030
0.077836037248992 0.045889074435348
0.069628986498028 0.043600069974417
0.061846659978068 0.041229677408752
0.054496737905816 0.038782265882701
0.047586473766990 0.036257237728249
0.041122687158009 0.033661410071611
0.035111757055874 0.031009608126620
0.029559615522887 0.028310330420028
0.024471741852423 0.025562434608778
0.019853157161528 0.022780763175694
0.015708419435684 0.019993477829427
0.012041619030626 0.017200510064412
0.008856374635656 0.014389972299253
0.006155829702431 0.011566694859867
0.003942649342761 0.008792823787897
0.002219017698460 0.006229217398331
0.000986635785864 0.003949747495217
0.000246719817134 0.001884645813962
0.000000000000000 0.000000000000000
0.000246719817134 -0.001722233656479
0.000986635785864 -0.003365112283766
0.002219017698460 -0.004931874848527
0.003942649342761 -0.006269034795484
0.006155829702431 -0.007258783587645
0.008856374635656 -0.007958450092420
0.012041619030626 -0.008544637464508
0.015708419435684 -0.009067862852321
0.019853157161528 -0.009468545707347
0.024471741852423 -0.009698648308738
0.029559615522887 -0.009741345072431
0.035111757055874 -0.009604374719503
0.041122687158009 -0.009321193234711
0.047586473766990 -0.008908135872490
0.054496737905816 -0.008357436159506
0.061846659978068 -0.007666206481522
0.069628986498028 -0.006837906661643
0.077836037248993 -0.005878531553771
0.086459712862719 -0.004795951502967
0.095491502812526 -0.003603950875247
0.104922493812155 -0.002318341790258
0.114743378612105 -0.000951852622465
0.124944465184770 0.000479706466060
0.135515686289294 0.001956236069752
0.146446609406726 0.003454695391216
0.157726447035656 0.004958199648506
0.169344067338174 0.006457146206942
0.181288005125655 0.007940828200814
0.193546473173512 0.009398095563589
0.206107373853763 0.010817572935601
0.218958311073935 0.012187922224045
0.232086602510502 0.013496656543414
0.245479292124814 0.014734598056603
0.259123162949142 0.015898699506282
0.273004750130227 0.016990998999230
0.287110354217464 0.018013827843544
0.301426054682610 0.018968335895834
0.315937723657661 0.019855251764824
0.330631039877354 0.020675741522708
0.345491502812526 0.021430045820935
0.360504446980386 0.022117917287710
0.375655056417573 0.022738906857371
0.390928379301729 0.023292352935553
0.406309342707138 0.023777486139047
0.421782767479884 0.024193434005433
0.437333383217848 0.024539322194528
0.452945843340743 0.024814290879239
0.468604740235343 0.025017463599885
0.484294620460936 0.025148966739880
0.500000000000000 0.025209902591260
0.515705379539064 0.025201890057920
0.531395259764657 0.025126523014669
0.547054156659257 0.024985129008241
0.562666616782152 0.024779207072546
0.578217232520115 0.024510247126113
0.593690657292863 0.024179402716113
0.609071620698271 0.023788272622786
0.624344943582427 0.023339352275881
0.639495553019615 0.022836961115973
0.654508497187474 0.022285769460044
0.669368960122646 0.021690359528035
0.684062276342339 0.021055360363462
0.698573945317390 0.020385408073691
0.712889645782536 0.019685287211235
0.726995249869774 0.018960300132135
0.740876837050858 0.018215866677472
0.754520707875186 0.017456747568561
0.767913397489498 0.016686454120375
0.781041688926065 0.015907688727221
0.793892626146237 0.015123054245146
0.806453526826489 0.014335841830486
0.818711994874345 0.013549969711959
0.830655932661826 0.012769369031654
0.842273552964344 0.011997530923104
0.853553390593274 0.011236113370394
0.864484313710706 0.010484959899306
0.875055534815230 0.009744197749802
0.885256621387895 0.009014312984038
0.895077506187845 0.008296796636113
0.904508497187474 0.007594857210539
0.913540287137281 0.006911696845569
0.922163962751008 0.006250227144961
0.930371013501972 0.005613086892302
0.938153340021932 0.005002645974721
0.945503262094184 0.004421023398994
0.952413526233010 0.003870100675590
0.958877312841991 0.003351534533318
0.964888242944126 0.002866774707533
0.970440384477113 0.002417080472720
0.975528258147577 0.002003534050929
0.980146842838472 0.001627062625342
0.984291580564316 0.001288445165055
0.987958380969374 0.000988339847413
0.991143625364344 0.000727285030698
0.993844170297569 0.000505720482578
0.996057350657239 0.000324000405040
0.997780982301540 0.000182395506267
0.999013364214136 0.000081109843590
0.999753280182866 0.000020284155735
1.000000000000000 0.000000000000000
