1.000000000000000 0.000000000000000
0.999753280182866 0.000066658283873
0.999013364214136 0.000266178974276
0.997780982301540 0.000597234247065
0.996057350657239 0.001057678561339
0.993844170297569 0.001644667532789
0.991143625364344 0.002354790672751
0.987958380969374 0.003184281233206
0.984291580564316 0.004129206828805
0.980146842838472 0.005185690893466
0.975528258147577 0.006349466329098
0.970440384477113 0.007615859529815
0.964888242944126 0.008980180833030
0.958877312841991 0.010437873446596
0.952413526233010 0.011984739726068
0.945503262094184 0.013617145689658
0.938153340021932 0.015332084792786
0.930371013501972 0.017127308472384
0.922163962751008 0.019000138691789
0.913540287137281 0.020946337091988
0.904508497187474 0.022961511277545
0.895077506187845 0.025041330595553
0.885256621387895 0.027181348939422
0.875055534815230 0.029376757878438
0.864484313710706 0.031622645673633
0.853553390593274 0.033914105170019
0.842273552964344 0.036246019347185
0.830655932661826 0.038612345191896
0.818711994874345 0.041006657207641
0.806453526826488 0.043422342885137
0.793892626146236 0.045852714512858
0.781041688926065 0.048291195878797
0.767913397489498 0.050731280750395
0.754520707875186 0.053166432961784
0.740876837050858 0.055590047291005
0.726995249869773 0.057994781297467
0.712889645782536 0.060372879207040
0.698573945317390 0.062716446638135
0.684062276342339 0.065017619901941
0.669368960122646 0.067269110069175
0.654508497187474 0.069464075202992
0.639495553019615 0.071595935394628
0.624344943582427 0.073658262172847
0.609071620698271 0.075644617435880
0.593690657292862 0.077548442982188
0.578217232520115 0.079363375091815
0.562666616782152 0.081083365877715
0.547054156659257 0.082702796601818
0.531395259764657 0.084216534116323
0.515705379539064 0.085619935046765
0.500000000000000 0.086908756226653
0.484294620460936 0.088079080885262
0.468604740235343 0.089127233328067
0.452945843340743 0.090049921357097
0.437333383217848 0.090844347770758
0.421782767479884 0.091508456253252
0.406309342707138 0.092040940204805
0.390928379301729 0.092441313334994
0.375655056417573 0.092709903074888
0.360504446980385 0.092847041245886
0.345491502812526 0.092851303904414
0.330631039877354 0.092721754515881
0.315937723657661 0.092458694332591
0.301426054682610 0.092064285646318
0.287110354217464 0.091542830342199
0.273004750130227 0.090899387469187
0.259123162949142 0.090131556997679
0.245479292124814 0.089232252079264
0.232086602510502 0.088191977222164
0.218958311073935 0.087001143500041
0.206107373853763 0.085648584203028
0.193546473173512 0.084122635332682
0.181288005125655 0.082412910042247
0.169344067338174 0.080510276821092
0.157726447035656 0.078414176764324
0.146446609406726 0.076134551200884
0.135515686289294 0.073686957849444
0.124944465184770 0.071087047848199
0.114743378612105 0.068353909518782
0.104922493812155 0.065515477818623
0.095491502812526 0.062601361493284
0.086459712862719 0.059637446577773
0.077836037248992 0.056645303844048
0.069628986498028 0.053631700207676
0.061846659978068 0.050597227773856
0.054496737905816 0.047538758633619
0.047586473766990 0.044453308813559
0.041122687158009 0.041329103977218
0.035111757055874 0.038152780705073
0.029559615522887 0.034914741322706
0.024471741852423 0.031610358524308
0.019853157161528 0.028248115054475
0.015708419435684 0.024848398454809
0.012041619030626 0.021437378228404
0.008856374635656 0.018044780537985
0.006155829702431 0.014707329082711
0.003942649342761 0.011461949740630
0.002219017698460 0.008349382711204
0.000986635785864 0.005374442884910
0.000246719817134 0.002594025797713
0.000000000000000 0.000000000000000
0.000246719817134 -0.002491900726043
0.000986635785864 -0.004887397608468
0.002219017698460 -0.007099457303255
0.003942649342761 -0.009186349114559
0.006155829702431 -0.011174035001634
0.008856374635656 -0.013050239562579
0.012041619030626 -0.014831503121623
0.015708419435684 -0.016513370807287
0.019853157161528 -0.018090432743160
0.024471741852423 -0.019554359784240
0.029559615522887 -0.020896799750821
0.035111757055874 -0.022112629466163
0.041122687158009 -0.023198522412494
0.047586473766990 -0.024158953597724
0.054496737905816 -0.025004594921076
0.061846659978068 -0.025747059155666
0.069628986498028 -0.026390123577635
0.077836037248993 -0.026943095157579
0.086459712862719 -0.027420348562916
0.095491502812526 -0.027833702722555
0.104922493812155 -0.028179918540291
0.114743378612105 -0.028455307954162
0.124944465184770 -0.028660192167980
0.135515686289294 -0.028796214665488
0.146446609406726 -0.028863561323869
0.157726447035656 -0.028862094120468
0.169344067338174 -0.028789713872837
0.181288005125655 -0.028645871540537
0.193546473173512 -0.028437168783855
0.206107373853763 -0.028173064734184
0.218958311073935 -0.027858284713893
0.232086602510502 -0.027494890935791
0.245479292124814 -0.027089604437312
0.259123162949142 -0.026651217294023
0.273004750130227 -0.026188706299457
0.287110354217464 -0.025709916687023
0.301426054682610 -0.025216360564028
0.315937723657661 -0.024707542521101
0.330631039877354 -0.024185027075782
0.345491502812526 -0.023656790266419
0.360504446980386 -0.023125974772760
0.375655056417573 -0.022590277515442
0.390928379301729 -0.022048839810459
0.406309342707138 -0.021502403121959
0.421782767479884 -0.020952980402891
0.437333383217848 -0.020402380265973
0.452945843340743 -0.019851680371415
0.468604740235343 -0.019300886249223
0.484294620460936 -0.018749677326837
0.500000000000000 -0.018197734061782
0.515705379539064 -0.017645138849818
0.531395259764657 -0.017092589949471
0.547054156659257 -0.016541330450248
0.562666616782152 -0.015992589633757
0.578217232520115 -0.015447251820189
0.593690657292863 -0.014905597974703
0.609071620698271 -0.014367623830963
0.624344943582427 -0.013833236432726
0.639495553019615 -0.013302469693410
0.654508497187474 -0.012775758475811
0.669368960122646 -0.012253825949378
0.684062276342339 -0.011737378826770
0.698573945317390 -0.011227098521740
0.712889645782536 -0.010723634274567
0.726995249869774 -0.010227589190241
0.740876837050858 -0.009739532776283
0.754520707875186 -0.009260061972184
0.767913397489498 -0.008789961596692
0.781041688926065 -0.008330385634765
0.793892626146237 -0.007882399445339
0.806453526826489 -0.007447016532568
0.818711994874345 -0.007024653394339
0.830655932661826 -0.006614899769295
0.842273552964344 -0.006217228076899
0.853553390593274 -0.005831252766453
0.864484313710706 -0.005456744762521
0.875055534815230 -0.005093749476760
0.885256621387895 -0.004742410865765
0.895077506187845 -0.004402947442146
0.904508497187474 -0.004075374307048
0.913540287137281 -0.003758727256258
0.922163962751008 -0.003451911385308
0.930371013501972 -0.003154321360139
0.938153340021932 -0.002865708876430
0.945503262094184 -0.002585535666125
0.952413526233010 -0.002313437759978
0.958877312841991 -0.002049683383160
0.964888242944126 -0.001795046564684
0.970440384477113 -0.001549965756122
0.975528258147577 -0.001314901933194
0.980146842838472 -0.001091192050920
0.984291580564316 -0.000880857462671
0.987958380969374 -0.000686771251871
0.991143625364344 -0.000512273164341
0.993844170297569 -0.000360189194432
0.996057350657239 -0.000232810889793
0.997780982301540 -0.000131944075933
0.999013364214136 -0.000058952232950
0.999753280182866 -0.000014784140895
1.000000000000000 0.000000000000000
