1.000000000000000 0.000000000000000
0.999753280182866 0.000054327374916
0.999013364214136 0.000216723494998
0.997780982301540 0.000485440737459
0.996057350657239 0.000857627781914
0.993844170297569 0.001329388145586
0.991143625364344 0.001895903314126
0.987958380969374 0.002551539278731
0.984291580564316 0.003290021045485
0.980146842838472 0.004104597927987
0.975528258147577 0.004988241724639
0.970440384477113 0.005933846660541
0.964888242944126 0.006934468684000
0.958877312841991 0.007983528333753
0.952413526233010 0.009075075392536
0.945503262094184 0.010204006125316
0.938153340021932 0.011366307524243
0.930371013501972 0.012559306850908
0.922163962751008 0.013781876057027
0.913540287137281 0.015034691537041
0.904508497187474 0.016320399221411
0.895077506187845 0.017643704155527
0.885256621387895 0.019005383719264
0.875055534815230 0.020400935638344
0.864484313710706 0.021825126942470
0.853553390593274 0.023272340217526
0.842273552964344 0.024736546303889
0.830655932661826 0.026211321283427
0.818711994874345 0.027689837361694
0.806453526826488 0.029164907140762
0.793892626146236 0.030628953099537
0.781041688926065 0.032075029369042
0.767913397489498 0.033496819524254
0.754520707875186 0.034888090461575
0.740876837050858 0.036242536745090
0.726995249869773 0.037553899199615
0.712889645782536 0.038815745637492
0.698573945317390 0.040022044332789
0.684062276342339 0.041169408359815
0.669368960122646 0.042263737545066
0.654508497187474 0.043314404664617
0.639495553019615 0.044331347364221
0.624344943582427 0.045324992062092
0.609071620698271 0.046308014930827
0.593690657292862 0.047292869822298
0.578217232520115 0.048279745552363
0.562666616782152 0.049260923477017
0.547054156659257 0.050222964825178
0.531395259764657 0.051153697056861
0.515705379539064 0.052040995076524
0.500000000000000 0.052871214772271
0.484294620460936 0.053637726384175
0.468604740235343 0.054341392731497
0.452945843340743 0.054988531600433
0.437333383217848 0.055586229096484
0.421782767479884 0.056140348159497
0.406309342707138 0.056658583276399
0.390928379301729 0.057145940586936
0.375655056417573 0.057596351286917
0.360504446980385 0.057998081059813
0.345491502812526 0.058336680179914
0.330631039877354 0.058599949466207
0.315937723657661 0.058776850563799
0.301426054682610 0.058857306119113
0.287110354217464 0.058833055783009
0.273004750130227 0.058698188688559
0.259123162949142 0.058448883238176
0.245479292124814 0.058082365844316
0.232086602510502 0.057597098006887
0.218958311073935 0.056992770681926
0.206107373853763 0.056270308459116
0.193546473173512 0.055431872558953
0.181288005125655 0.054479856059032
0.169344067338174 0.053417150015656
0.157726447035656 0.052247866167894
0.146446609406726 0.050977183781831
0.135515686289294 0.049605919991296
0.124944465184770 0.048126659538470
0.114743378612105 0.046535273073800
0.104922493812155 0.044832024285063
0.095491502812526 0.043019565016395
0.086459712862719 0.041075107512805
0.077836037248992 0.038948807293869
0.069628986498028 0.036605206329932
0.061846659978068 0.034100692540837
0.054496737905816 0.031547208707294
0.047586473766990 0.029040240302200
0.041122687158009 0.026578699083407
0.035111757055874 0.024048088976490
0.029559615522887 0.021340915302836
0.024471741852423 0.018336575255347
0.019853157161528 0.015061062393012
0.015708419435684 0.012089016184120
0.012041619030626 0.009714064742648
0.008856374635656 0.007827553034436
0.006155829702431 0.006209262157537
0.003942649342761 0.004761023677724
0.002219017698460 0.003437199291240
0.000986635785864 0.002212230052854
0.000246719817134 0.001070096944426
0.000000000000000 0.000000000000000
0.000246719817134 -0.001030203346406
0.000986635785864 -0.002086194625456
0.002219017698460 -0.003175262825269
0.003942649342761 -0.004302453787594
0.006155829702431 -0.005476060786336
0.008856374635656 -0.006711032978886
0.012041619030626 -0.008038993895924
0.015708419435684 -0.009521333661043
0.019853157161528 -0.011132068977092
0.024471741852423 -0.012727622249039
0.029559615522887 -0.014144528156665
0.035111757055874 -0.015312883217155
0.041122687158009 -0.016172973057599
0.047586473766990 -0.016634819947846
0.054496737905816 -0.016567728428829
0.061846659978068 -0.015928962982268
0.069628986498028 -0.014829053064697
0.077836037248993 -0.013478711686275
0.086459712862719 -0.012087879987446
0.095491502812526 -0.010764606805880
0.104922493812155 -0.009622378680937
0.114743378612105 -0.008709964727635
0.124944465184770 -0.007985032854094
0.135515686289294 -0.007388771269066
0.146446609406726 -0.006841623595618
0.157726447035656 -0.006259875123962
0.169344067338174 -0.005616304911603
0.181288005125655 -0.004944496055489
0.193546473173512 -0.004280357358262
0.206107373853763 -0.003665690928898
0.218958311073935 -0.003121919992279
0.232086602510502 -0.002648586119090
0.245479292124814 -0.002239716968330
0.259123162949142 -0.001889817106201
0.273004750130227 -0.001591292844170
0.287110354217464 -0.001335494472757
0.301426054682610 -0.001112195951643
0.315937723657661 -0.000912731098404
0.330631039877354 -0.000734005167958
0.345491502812526 -0.000573851342699
0.360504446980386 -0.000430037766916
0.375655056417573 -0.000299991664585
0.390928379301729 -0.000180581682806
0.406309342707138 -0.000069154350347
0.421782767479884 0.000035348869982
0.437333383217848 0.000131947996922
0.452945843340743 0.000218719890151
0.468604740235343 0.000294199963526
0.484294620460936 0.000356755095637
0.500000000000000 0.000404758389452
0.515705379539064 0.000437766737767
0.531395259764657 0.000456602301656
0.547054156659257 0.000463475247716
0.562666616782152 0.000460345399757
0.578217232520115 0.000449170386258
0.593690657292863 0.000432411585228
0.609071620698271 0.000410794667752
0.624344943582427 0.000382552045747
0.639495553019615 0.000342264054520
0.654508497187474 0.000284301421327
0.669368960122646 0.000203925053580
0.684062276342339 0.000096697345915
0.698573945317390 -0.000041505851959
0.712889645782536 -0.000213530282973
0.726995249869774 -0.000418565590038
0.740876837050858 -0.000654673628045
0.754520707875186 -0.000919700072751
0.767913397489498 -0.001211481618124
0.781041688926065 -0.001527793585916
0.793892626146237 -0.001866276854625
0.806453526826489 -0.002224783708395
0.818711994874345 -0.002602393703144
0.830655932661826 -0.002999537394260
0.842273552964344 -0.003416108124764
0.853553390593274 -0.003851535759348
0.864484313710706 -0.004304785473540
0.875055534815230 -0.004774376819580
0.885256621387895 -0.005258414819941
0.895077506187845 -0.005754731769871
0.904508497187474 -0.006259273293899
0.913540287137281 -0.006740992676629
0.922163962751008 -0.007147803829952
0.930371013501972 -0.007440872752659
0.938153340021932 -0.007594349493507
0.945503262094184 -0.007594158256017
0.952413526233010 -0.007436655404461
0.958877312841991 -0.007127288410390
0.964888242944126 -0.006679244179854
0.970440384477113 -0.006112083041176
0.975528258147577 -0.005450375322367
0.980146842838472 -0.004722336052437
0.984291580564316 -0.003958462109667
0.987958380969374 -0.003190235201686
0.991143625364344 -0.002448858485382
0.993844170297569 -0.001764060279548
0.996057350657239 -0.001163009218053
0.997780982301540 -0.000669347751046
0.999013364214136 -0.000302365848535
0.999753280182866 -0.000076332278001
1.000000000000000 0.000000000000000
