1.000000000000000 0.000000000000000
0.999753280182866 0.000066178813909
0.999013364214136 0.000264273625564
0.997780982301540 0.000592964864139
0.996057350657239 0.001050103794819
0.993844170297569 0.001632743038598
0.991143625364344 0.002337228135151
0.987958380969374 0.003159287728479
0.984291580564316 0.004094144636312
0.980146842838472 0.005136637144090
0.975528258147577 0.006281366743237
0.970440384477113 0.007522839036996
0.964888242944126 0.008855639946191
0.958877312841991 0.010274588194291
0.952413526233010 0.011774902119826
0.945503262094184 0.013352397944266
0.938153340021932 0.015003634904325
0.930371013501972 0.016726112661457
0.922163962751008 0.018518414081119
0.913540287137281 0.020380395254940
0.904508497187474 0.022313314924907
0.895077506187845 0.024320134770139
0.885256621387895 0.026403068703393
0.875055534815230 0.028558194271215
0.864484313710706 0.030778956047527
0.853553390593274 0.033058149043915
0.842273552964344 0.035387748617501
0.830655932661826 0.037758929163152
0.818711994874345 0.040162057117149
0.806453526826488 0.042586802146531
0.793892626146236 0.045021722460594
0.781041688926065 0.047456975621200
0.767913397489498 0.049885815935899
0.754520707875186 0.052303300134707
0.740876837050858 0.054704364164398
0.726995249869773 0.057084224100329
0.712889645782536 0.059438334625584
0.698573945317390 0.061762389147290
0.684062276342339 0.064052091593493
0.669368960122646 0.066300910901258
0.654508497187474 0.068501207743310
0.639495553019615 0.070645339719664
0.624344943582427 0.072725748940521
0.609071620698271 0.074735034339102
0.593690657292862 0.076665963143908
0.578217232520115 0.078511462380439
0.562666616782152 0.080264662417371
0.547054156659257 0.081918934451835
0.531395259764657 0.083467987569942
0.515705379539064 0.084905908553842
0.500000000000000 0.086227160989427
0.484294620460936 0.087426726237565
0.468604740235343 0.088500180904120
0.452945843340743 0.089443641658321
0.437333383217848 0.090253788850519
0.421782767479884 0.090927950660763
0.406309342707138 0.091463766335767
0.390928379301729 0.091859382039924
0.375655056417573 0.092116429895917
0.360504446980385 0.092239088295542
0.345491502812526 0.092233278929696
0.330631039877354 0.092104788939128
0.315937723657661 0.091859652424644
0.301426054682610 0.091506270024542
0.287110354217464 0.091047014616292
0.273004750130227 0.090474186484598
0.259123162949142 0.089767554192967
0.245479292124814 0.088907636999473
0.232086602510502 0.087879603866721
0.218958311073935 0.086670908883557
0.206107373853763 0.085271746424715
0.193546473173512 0.083675961799785
0.181288005125655 0.081885098722939
0.169344067338174 0.079914731650357
0.157726447035656 0.077782210320363
0.146446609406726 0.075505922729404
0.135515686289294 0.073100235134516
0.124944465184770 0.070572288097270
0.114743378612105 0.067927793119062
0.104922493812155 0.065175703396759
0.095491502812526 0.062327348908113
0.086459712862719 0.059396995304678
0.077836037248992 0.056401156435126
0.069628986498028 0.053358242441027
0.061846659978068 0.050258346592294
0.054496737905816 0.047066540430834
0.047586473766990 0.043761884374512
0.041122687158009 0.040350926934410
0.035111757055874 0.036874235315825
0.029559615522887 0.033373892571734
0.024471741852423 0.029888599915733
0.019853157161528 0.026445755198795
0.015708419435684 0.023037673380216
0.012041619030626 0.019702234634235
0.008856374635656 0.016510592411976
0.006155829702431 0.013460229851351
0.003942649342761 0.010535578758554
0.002219017698460 0.007729651055080
0.000986635785864 0.005039273173827
0.000246719817134 0.002462887830315
0.000000000000000 0.000000000000000
0.000246719817134 -0.002353963314977
0.000986635785864 -0.004692949214671
0.002219017698460 -0.007058755972309
0.003942649342761 -0.009427342412382
0.006155829702431 -0.011760646580621
0.008856374635656 -0.014004037288202
0.012041619030626 -0.016074893625905
0.015708419435684 -0.017847050052431
0.019853157161528 -0.019258807762044
0.024471741852423 -0.020402665163507
0.029559615522887 -0.021493621567582
0.035111757055874 -0.022608888797661
0.041122687158009 -0.023701994232518
0.047586473766990 -0.024712917700252
0.054496737905816 -0.025568032375336
0.061846659978068 -0.026239526449189
0.069628986498028 -0.026769337705042
0.077836037248993 -0.027227711290921
0.086459712862719 -0.027671901302262
0.095491502812526 -0.028088203352906
0.104922493812155 -0.028449866229566
0.114743378612105 -0.028739746516381
0.124944465184770 -0.028954802350042
0.135515686289294 -0.029095305924049
0.146446609406726 -0.029163392149011
0.157726447035656 -0.029163275088701
0.169344067338174 -0.029097626504281
0.181288005125655 -0.028968292673253
0.193546473173512 -0.028778494102756
0.206107373853763 -0.028532300594332
0.218958311073935 -0.028232107849056
0.232086602510502 -0.027876706886497
0.245479292124814 -0.027465123145711
0.259123162949142 -0.026996827994317
0.273004750130227 -0.026471546874754
0.287110354217464 -0.025889380512362
0.301426054682610 -0.025250974722889
0.315937723657661 -0.024556160636017
0.330631039877354 -0.023803515720616
0.345491502812526 -0.022991075485924
0.360504446980386 -0.022117186731111
0.375655056417573 -0.021180333112468
0.390928379301729 -0.020178116984391
0.406309342707138 -0.019111344194650
0.421782767479884 -0.017986389848026
0.437333383217848 -0.016819493824775
0.452945843340743 -0.015629464734875
0.468604740235343 -0.014434120486874
0.484294620460936 -0.013252964412416
0.500000000000000 -0.012104584419981
0.515705379539064 -0.011001924292891
0.531395259764657 -0.009949972291534
0.547054156659257 -0.008947121403418
0.562666616782152 -0.007993078760046
0.578217232520115 -0.007087540182138
0.593690657292863 -0.006229469219711
0.609071620698271 -0.005419229968121
0.624344943582427 -0.004658993375822
0.639495553019615 -0.003953382780457
0.654508497187474 -0.003306620193807
0.669368960122646 -0.002722182054805
0.684062276342339 -0.002203134169104
0.698573945317390 -0.001752250695073
0.712889645782536 -0.001369180610074
0.726995249869774 -0.001046988415894
0.740876837050858 -0.000777767445319
0.754520707875186 -0.000553902262346
0.767913397489498 -0.000368299117110
0.781041688926065 -0.000214335257620
0.793892626146237 -0.000085763377940
0.806453526826489 0.000022516388403
0.818711994874345 0.000113421044085
0.830655932661826 0.000188303462996
0.842273552964344 0.000248643277909
0.853553390593274 0.000295822392230
0.864484313710706 0.000331180078706
0.875055534815230 0.000355998079861
0.885256621387895 0.000371499171983
0.895077506187845 0.000378848819129
0.904508497187474 0.000379111016562
0.913540287137281 0.000373145611884
0.922163962751008 0.000361732256476
0.930371013501972 0.000345650236731
0.938153340021932 0.000325669297046
0.945503262094184 0.000302545418860
0.952413526233010 0.000277016061702
0.958877312841991 0.000249795692757
0.964888242944126 0.000221571190777
0.970440384477113 0.000192997665602
0.975528258147577 0.000164694011913
0.980146842838472 0.000137239521540
0.984291580564316 0.000111169798715
0.987958380969374 0.000086973683042
0.991143625364344 0.000065089963516
0.993844170297569 0.000045904730207
0.996057350657239 0.000029748794930
0.997780982301540 0.000016896170798
0.999013364214136 0.000007561057414
0.999753280182866 0.000001898023220
1.000000000000000 0.000000000000000
