1.000000000000000 0.000000000000000
0.999753280182866 0.000099706062773
0.999013364214136 0.000396421102444
0.997780982301540 0.000883102328409
0.996057350657239 0.001548500650656
0.993844170297569 0.002377874042860
0.991143625364344 0.003353919310855
0.987958380969374 0.004457901749586
0.984291580564316 0.005670908705894
0.980146842838472 0.006975226778014
0.975528258147577 0.008355740229016
0.970440384477113 0.009801381303339
0.964888242944126 0.011306637425846
0.958877312841991 0.012873078890321
0.952413526233010 0.014510952267328
0.945503262094184 0.016240770763310
0.938153340021932 0.018081444295570
0.930371013501972 0.019997067788526
0.922163962751008 0.021957364528480
0.913540287137281 0.023948939216177
0.904508497187474 0.025981022693486
0.895077506187845 0.028091364411293
0.885256621387895 0.030271174530295
0.875055534815230 0.032446121486016
0.864484313710706 0.034599906153482
0.853553390593274 0.036797139134927
0.842273552964344 0.039065203976185
0.830655932661826 0.041379493711319
0.818711994874345 0.043652408217478
0.806453526826488 0.045863892831868
0.793892626146236 0.048152796791782
0.781041688926065 0.050441009275033
0.767913397489498 0.052635092870967
0.754520707875186 0.054763420685883
0.740876837050858 0.056851825136870
0.726995249869773 0.058877313293217
0.712889645782536 0.060829011493872
0.698573945317390 0.062707748165993
0.684062276342339 0.064506851307217
0.669368960122646 0.066198347025097
0.654508497187474 0.067753660921810
0.639495553019615 0.069151645894883
0.624344943582427 0.070375701215888
0.609071620698271 0.071442418648148
0.593690657292862 0.072397548012712
0.578217232520115 0.073242947788135
0.562666616782152 0.073964134323213
0.547054156659257 0.074550123175941
0.531395259764657 0.075032507354212
0.515705379539064 0.075446302376324
0.500000000000000 0.075752768152024
0.484294620460936 0.075955298645455
0.468604740235343 0.076114148531717
0.452945843340743 0.076186626654645
0.437333383217848 0.076127419513506
0.421782767479884 0.076011476338003
0.406309342707138 0.075841470687362
0.390928379301729 0.075550319947343
0.375655056417573 0.075173938856862
0.360504446980385 0.074749580526281
0.345491502812526 0.074254482397854
0.330631039877354 0.073663024862176
0.315937723657661 0.072984403690863
0.301426054682610 0.072294630589186
0.287110354217464 0.071529612900528
0.273004750130227 0.070610767095858
0.259123162949142 0.069642648704837
0.245479292124814 0.068615557445688
0.232086602510502 0.067514060950858
0.218958311073935 0.066400884934782
0.206107373853763 0.065219577248420
0.193546473173512 0.063938821084000
0.181288005125655 0.062590245135152
0.169344067338174 0.061217096678920
0.157726447035656 0.059810489365282
0.146446609406726 0.058349879901725
0.135515686289294 0.056839413013671
0.124944465184770 0.055297726558219
0.114743378612105 0.053707021733848
0.104922493812155 0.052039110888949
0.095491502812526 0.050313659305111
0.086459712862719 0.048560746240636
0.077836037248992 0.046778754608701
0.069628986498028 0.044948475214451
0.061846659978068 0.043087983020096
0.054496737905816 0.041000629184208
0.047586473766990 0.038932801097789
0.041122687158009 0.036695535444293
0.035111757055874 0.034344466746859
0.029559615522887 0.031718191555655
0.024471741852423 0.028947356901937
0.019853157161528 0.026183972387310
0.015708419435684 0.023320676735502
0.012041619030626 0.020314604664709
0.008856374635656 0.017349705786584
0.006155829702431 0.014355840055915
0.003942649342761 0.011413377806557
0.002219017698460 0.008632506690295
0.000986635785864 0.005668632466757
0.000246719817134 0.003089497713951
0.000000000000000 0.000000000000000
0.000246719817134 -0.002308232912625
0.000986635785864 -0.004374279084671
0.002219017698460 -0.006722732036804
0.003942649342761 -0.009022886034352
0.006155829702431 -0.011155037899182
0.008856374635656 -0.013205087755086
0.012041619030626 -0.015190636025690
0.015708419435684 -0.017190450069994
0.019853157161528 -0.019226452209900
0.024471741852423 -0.021168072793462
0.029559615522887 -0.023019072433003
0.035111757055874 -0.024818457956407
0.041122687158009 -0.026648470330432
0.047586473766990 -0.028341987036551
0.054496737905816 -0.030046822623555
0.061846659978068 -0.031654915869601
0.069628986498028 -0.033268458509023
0.077836037248993 -0.034720025896174
0.086459712862719 -0.036206933820778
0.095491502812526 -0.037747562362535
0.104922493812155 -0.039214304125651
0.114743378612105 -0.040596223725247
0.124944465184770 -0.041927175903906
0.135515686289294 -0.043232390427631
0.146446609406726 -0.044525111941950
0.157726447035656 -0.045780048221506
0.169344067338174 -0.046967393045484
0.181288005125655 -0.048066665480376
0.193546473173512 -0.049105145681653
0.206107373853763 -0.050090075846395
0.218958311073935 -0.050976135156496
0.232086602510502 -0.051762978942818
0.245479292124814 -0.052466758876748
0.259123162949142 -0.053061796196347
0.273004750130227 -0.053527934241244
0.287110354217464 -0.053889323102277
0.301426054682610 -0.054062275265901
0.315937723657661 -0.054058566572069
0.330631039877354 -0.053984845281210
0.345491502812526 -0.053767612683370
0.360504446980386 -0.053382378035678
0.375655056417573 -0.052872921185135
0.390928379301729 -0.052189930155117
0.406309342707138 -0.051343748540555
0.421782767479884 -0.050428639095617
0.437333383217848 -0.049410915260595
0.452945843340743 -0.048244425555843
0.468604740235343 -0.046960018100043
0.484294620460936 -0.045542127642761
0.500000000000000 -0.043952081525294
0.515705379539064 -0.042215138392055
0.531395259764657 -0.040359087432274
0.547054156659257 -0.038388641154834
0.562666616782152 -0.036266210953717
0.578217232520115 -0.033957594136500
0.593690657292863 -0.031483210391077
0.609071620698271 -0.028865456630351
0.624344943582427 -0.026116363496700
0.639495553019615 -0.023226874543765
0.654508497187474 -0.020158971559026
0.669368960122646 -0.016916622971093
0.684062276342339 -0.013743485324982
0.698573945317390 -0.010649313500339
0.712889645782536 -0.007506247970655
0.726995249869774 -0.004463981972712
0.740876837050858 -0.001581935614656
0.754520707875186 0.001167049004135
0.767913397489498 0.003767089139915
0.781041688926065 0.006067443533207
0.793892626146237 0.008140750067476
0.806453526826489 0.009983578979932
0.818711994874345 0.011505753761411
0.830655932661826 0.012716874237354
0.842273552964344 0.013694843875730
0.853553390593274 0.014450226093677
0.864484313710706 0.014978606501461
0.875055534815230 0.015274618041093
0.885256621387895 0.015376384900005
0.895077506187845 0.015312079938899
0.904508497187474 0.015038650024520
0.913540287137281 0.014525045573409
0.922163962751008 0.013799629040816
0.930371013501972 0.012896970353975
0.938153340021932 0.011809880199209
0.945503262094184 0.010525964895575
0.952413526233010 0.009096121682604
0.958877312841991 0.007631917976251
0.964888242944126 0.006222505807770
0.970440384477113 0.004930154365347
0.975528258147577 0.003793033136235
0.980146842838472 0.002829072333551
0.984291580564316 0.002040200696086
0.987958380969374 0.001416635377019
0.991143625364344 0.000940820983882
0.993844170297569 0.000590968481291
0.996057350657239 0.000344004391599
0.997780982301540 0.000177999927361
0.999013364214136 0.000074064667530
0.999753280182866 0.000017746713539
1.000000000000000 0.000000000000000
