1.000000000000000 0.000000000000000
0.999753280182866 -0.000002725168374
0.999013364214136 -0.000010553558116
0.997780982301540 -0.000022414427816
0.996057350657239 -0.000036427048499
0.993844170297569 -0.000049757784372
0.991143625364344 -0.000058422868744
0.987958380969374 -0.000057040376061
0.984291580564316 -0.000038714147365
0.980146842838472 0.000003404072602
0.975528258147577 0.000075728203297
0.970440384477113 0.000184516047192
0.964888242944126 0.000336117504969
0.958877312841991 0.000538059897299
0.952413526233010 0.000798315614530
0.945503262094184 0.001124955423786
0.938153340021932 0.001524593441762
0.930371013501972 0.002001430245782
0.922163962751008 0.002558144820456
0.913540287137281 0.003195978602566
0.904508497187474 0.003916228666534
0.895077506187845 0.004719480923903
0.885256621387895 0.005604768048840
0.875055534815230 0.006570777828092
0.864484313710706 0.007616894021713
0.853553390593274 0.008741808183656
0.842273552964344 0.009943196967114
0.830655932661826 0.011219127000760
0.818711994874345 0.012567632023532
0.806453526826488 0.013985891285614
0.793892626146236 0.015471367305285
0.781041688926065 0.017022299098621
0.767913397489498 0.018637091186707
0.754520707875186 0.020313310950013
0.740876837050858 0.022046776421165
0.726995249869773 0.023831947388601
0.712889645782536 0.025662666634863
0.698573945317390 0.027533037355771
0.684062276342339 0.029438135257171
0.669368960122646 0.031373168821703
0.654508497187474 0.033331376581644
0.639495553019615 0.035303068469612
0.624344943582427 0.037277284399958
0.609071620698271 0.039241394376364
0.593690657292862 0.041180638921498
0.578217232520115 0.043077378461908
0.562666616782152 0.044914666995829
0.547054156659257 0.046678794134621
0.531395259764657 0.048359772498566
0.515705379539064 0.049949169539991
0.500000000000000 0.051437652034464
0.484294620460936 0.052815369887557
0.468604740235343 0.054072662947556
0.452945843340743 0.055202418749266
0.437333383217848 0.056199943553052
0.421782767479884 0.057062928378822
0.406309342707138 0.057787440589260
0.390928379301729 0.058367896189931
0.375655056417573 0.058797029704702
0.360504446980385 0.059072226417794
0.345491502812526 0.059196291888794
0.330631039877354 0.059175520591329
0.315937723657661 0.059017605815620
0.301426054682610 0.058731168828002
0.287110354217464 0.058326589239108
0.273004750130227 0.057812350723377
0.259123162949142 0.057193609150513
0.245479292124814 0.056472632015565
0.232086602510502 0.055652182943672
0.218958311073935 0.054735491189729
0.206107373853763 0.053725860426393
0.193546473173512 0.052627439838805
0.181288005125655 0.051443026273546
0.169344067338174 0.050175115161914
0.157726447035656 0.048826979039369
0.146446609406726 0.047401550583362
0.135515686289294 0.045900985599484
0.124944465184770 0.044329029859301
0.114743378612105 0.042688819011633
0.104922493812155 0.040981690650196
0.095491502812526 0.039211417516965
0.086459712862719 0.037382142430153
0.077836037248992 0.035496909129638
0.069628986498028 0.033561908234489
0.061846659978068 0.031582273882214
0.054496737905816 0.029555391155189
0.047586473766990 0.027483345623371
0.041122687158009 0.025373863796200
0.035111757055874 0.023238542057384
0.029559615522887 0.021096378038212
0.024471741852423 0.018961943226080
0.019853157161528 0.016806899919791
0.015708419435684 0.014609466776375
0.012041619030626 0.012381675663414
0.008856374635656 0.010228898768015
0.006155829702431 0.008277252136217
0.003942649342761 0.006596350901404
0.002219017698460 0.005046356486804
0.000986635785864 0.003484860466287
0.000246719817134 0.001830476392932
0.000000000000000 0.000000000000000
0.000246719817134 -0.001868582079499
0.000986635785864 -0.003549112813895
0.002219017698460 -0.004948113288022
0.003942649342761 -0.006152133121934
0.006155829702431 -0.007255138377006
0.008856374635656 -0.008419746055316
0.012041619030626 -0.009711233328794
0.015708419435684 -0.011061415467429
0.019853157161528 -0.012381484626600
0.024471741852423 -0.013611618361323
0.029559615522887 -0.014750777504688
0.035111757055874 -0.015822267422289
0.041122687158009 -0.016857601250956
0.047586473766990 -0.017850092874162
0.054496737905816 -0.018787562563522
0.061846659978068 -0.019663224521422
0.069628986498028 -0.020474188589425
0.077836037248993 -0.021221828408524
0.086459712862719 -0.021913008021277
0.095491502812526 -0.022551182138044
0.104922493812155 -0.023134193145094
0.114743378612105 -0.023661891556884
0.124944465184770 -0.024135230708523
0.135515686289294 -0.024554502766245
0.146446609406726 -0.024921370286505
0.157726447035656 -0.025238505798905
0.169344067338174 -0.025507200584217
0.181288005125655 -0.025728164614841
0.193546473173512 -0.025903234295118
0.206107373853763 -0.026034137154995
0.218958311073935 -0.026122135207300
0.232086602510502 -0.026169345426897
0.245479292124814 -0.026177767017398
0.259123162949142 -0.026148980565567
0.273004750130227 -0.026084570170045
0.287110354217464 -0.025986515590831
0.301426054682610 -0.025856163302167
0.315937723657661 -0.025694599440905
0.330631039877354 -0.025503252039664
0.345491502812526 -0.025283481704851
0.360504446980386 -0.025036672485706
0.375655056417573 -0.024764331103645
0.390928379301729 -0.024468264308528
0.406309342707138 -0.024150677316630
0.421782767479884 -0.023814148255437
0.437333383217848 -0.023460706688353
0.452945843340743 -0.023091427981726
0.468604740235343 -0.022705791224550
0.484294620460936 -0.022303537862862
0.500000000000000 -0.021885140455205
0.515705379539064 -0.021452424649431
0.531395259764657 -0.021007463830731
0.547054156659257 -0.020552001513617
0.562666616782152 -0.020086609651418
0.578217232520115 -0.019611328997203
0.593690657292863 -0.019126374381588
0.609071620698271 -0.018632930735052
0.624344943582427 -0.018133001507958
0.639495553019615 -0.017628780823729
0.654508497187474 -0.017121365903751
0.669368960122646 -0.016610556819397
0.684062276342339 -0.016095601617235
0.698573945317390 -0.015576395667455
0.712889645782536 -0.015053881781743
0.726995249869774 -0.014529958497531
0.740876837050858 -0.014006443143800
0.754520707875186 -0.013484103365389
0.767913397489498 -0.012962337386420
0.781041688926065 -0.012440536048261
0.793892626146237 -0.011918828770112
0.806453526826489 -0.011398516362142
0.818711994874345 -0.010881625846692
0.830655932661826 -0.010369766172663
0.842273552964344 -0.009863270073456
0.853553390593274 -0.009361284315889
0.864484313710706 -0.008863315775750
0.875055534815230 -0.008369332440031
0.885256621387895 -0.007879902638061
0.895077506187845 -0.007395906815307
0.904508497187474 -0.006918080087135
0.913540287137281 -0.006445353822343
0.922163962751008 -0.005976195322412
0.930371013501972 -0.005510106760052
0.938153340021932 -0.005045478474688
0.945503262094184 -0.004579275686638
0.952413526233010 -0.004110485414339
0.958877312841991 -0.003639886234382
0.964888242944126 -0.003169103240624
0.970440384477113 -0.002701374026567
0.975528258147577 -0.002242008790278
0.980146842838472 -0.001804721367425
0.984291580564316 -0.001405005879878
0.987958380969374 -0.001052257968535
0.991143625364344 -0.000751716506951
0.993844170297569 -0.000506070113522
0.996057350657239 -0.000314039407470
0.997780982301540 -0.000171816441233
0.999013364214136 -0.000074703620472
0.999753280182866 -0.000018414924771
1.000000000000000 0.000000000000000
