1.000000000000000 0.000000000000000
0.999753280182866 0.000032751604930
0.999013364214136 0.000132459619177
0.997780982301540 0.000303366958172
0.996057350657239 0.000552090530777
0.993844170297569 0.000886987405589
0.991143625364344 0.001317201313484
0.987958380969374 0.001851498820657
0.984291580564316 0.002496841471531
0.980146842838472 0.003257710228972
0.975528258147577 0.004135289836114
0.970440384477113 0.005125258704984
0.964888242944126 0.006217577841760
0.958877312841991 0.007405262163962
0.952413526233010 0.008681955641788
0.945503262094184 0.010038492772762
0.938153340021932 0.011466625458389
0.930371013501972 0.012963265731868
0.922163962751008 0.014526190970708
0.913540287137281 0.016153678671912
0.904508497187474 0.017844863945986
0.895077506187845 0.019599689710956
0.885256621387895 0.021418909023186
0.875055534815230 0.023303316915042
0.864484313710706 0.025253524048725
0.853553390593274 0.027270636862815
0.842273552964344 0.029355215276686
0.830655932661826 0.031503628133260
0.818711994874345 0.033710556290992
0.806453526826488 0.035970227076288
0.793892626146236 0.038279199833401
0.781041688926065 0.040636031801281
0.767913397489498 0.043039443372483
0.754520707875186 0.045486692370703
0.740876837050858 0.047971376996759
0.726995249869773 0.050485999064869
0.712889645782536 0.053023592978735
0.698573945317390 0.055578363077888
0.684062276342339 0.058145620000943
0.669368960122646 0.060719922788224
0.654508497187474 0.063293859577893
0.639495553019615 0.065857524510998
0.624344943582427 0.068400770049399
0.609071620698271 0.070912706072019
0.593690657292862 0.073381236884865
0.578217232520115 0.075794045605683
0.562666616782152 0.078135342210674
0.547054156659257 0.080381241581555
0.531395259764657 0.082507243592436
0.515705379539064 0.084490525046298
0.500000000000000 0.086313225539140
0.484294620460936 0.087960122863253
0.468604740235343 0.089418510976108
0.452945843340743 0.090683006724138
0.437333383217848 0.091752321185367
0.421782767479884 0.092624270594643
0.406309342707138 0.093296318964078
0.390928379301729 0.093765804915872
0.375655056417573 0.094030933149486
0.360504446980385 0.094090594871874
0.345491502812526 0.093944166452208
0.330631039877354 0.093593096185680
0.315937723657661 0.093040719030473
0.301426054682610 0.092291638519123
0.287110354217464 0.091353056710427
0.273004750130227 0.090234932087830
0.259123162949142 0.088949366292610
0.245479292124814 0.087507070848211
0.232086602510502 0.085917151539480
0.218958311073935 0.084188160967030
0.206107373853763 0.082327834309555
0.193546473173512 0.080342234788946
0.181288005125655 0.078236779566914
0.169344067338174 0.076017793392673
0.157726447035656 0.073689818596930
0.146446609406726 0.071258480502309
0.135515686289294 0.068730053787193
0.124944465184770 0.066110119976756
0.114743378612105 0.063405507590133
0.104922493812155 0.060623541826137
0.095491502812526 0.057768786121717
0.086459712862719 0.054846790044405
0.077836037248992 0.051865444357762
0.069628986498028 0.048830814346159
0.061846659978068 0.045751465681521
0.054496737905816 0.042638441299772
0.047586473766990 0.039495740541853
0.041122687158009 0.036329463744017
0.035111757055874 0.033151308288272
0.029559615522887 0.029968542756033
0.024471741852423 0.026795504146348
0.019853157161528 0.023655340614148
0.015708419435684 0.020546524122019
0.012041619030626 0.017465873509448
0.008856374635656 0.014427996191028
0.006155829702431 0.011466570012566
0.003942649342761 0.008669882362878
0.002219017698460 0.006174255312834
0.000986635785864 0.003953074669547
0.000246719817134 0.001909704659782
0.000000000000000 0.000000000000000
0.000246719817134 -0.001898437934803
0.000986635785864 -0.003895952761002
0.002219017698460 -0.005940169191951
0.003942649342761 -0.007943107665406
0.006155829702431 -0.009815974755274
0.008856374635656 -0.011558455532194
0.012041619030626 -0.013263781966003
0.015708419435684 -0.015063028908832
0.019853157161528 -0.016932669280485
0.024471741852423 -0.018807989370410
0.029559615522887 -0.020623179942072
0.035111757055874 -0.022351144464444
0.041122687158009 -0.023997912816615
0.047586473766990 -0.025589141169596
0.054496737905816 -0.027137055243904
0.061846659978068 -0.028628385476050
0.069628986498028 -0.030052618392489
0.077836037248993 -0.031402873785704
0.086459712862719 -0.032674460036851
0.095491502812526 -0.033867168985560
0.104922493812155 -0.034983526725961
0.114743378612105 -0.036022378479261
0.124944465184770 -0.036982389487983
0.135515686289294 -0.037865180232592
0.146446609406726 -0.038669545697463
0.157726447035656 -0.039392759358839
0.169344067338174 -0.040033536857214
0.181288005125655 -0.040591547591985
0.193546473173512 -0.041067221564553
0.206107373853763 -0.041462423973152
0.218958311073935 -0.041779190986488
0.232086602510502 -0.042016740998972
0.245479292124814 -0.042174539399288
0.259123162949142 -0.042251940800783
0.273004750130227 -0.042247344186121
0.287110354217464 -0.042157980390799
0.301426054682610 -0.041981430233584
0.315937723657661 -0.041713589368199
0.330631039877354 -0.041348046375558
0.345491502812526 -0.040877808670685
0.360504446980386 -0.040300665369962
0.375655056417573 -0.039619546382102
0.390928379301729 -0.038839168933013
0.406309342707138 -0.037967641655665
0.421782767479884 -0.037017170736776
0.437333383217848 -0.036004205314539
0.452945843340743 -0.034944221795021
0.468604740235343 -0.033848124787406
0.484294620460936 -0.032723196597876
0.500000000000000 -0.031575056166183
0.515705379539064 -0.030409981555576
0.531395259764657 -0.029234151899553
0.547054156659257 -0.028053389902779
0.562666616782152 -0.026872934118156
0.578217232520115 -0.025696919818652
0.593690657292863 -0.024527892626126
0.609071620698271 -0.023368450585151
0.624344943582427 -0.022221352841975
0.639495553019615 -0.021089463717851
0.654508497187474 -0.019975556557753
0.669368960122646 -0.018882272569349
0.684062276342339 -0.017812112823169
0.698573945317390 -0.016767452541806
0.712889645782536 -0.015750432539788
0.726995249869774 -0.014762755007964
0.740876837050858 -0.013805614560634
0.754520707875186 -0.012879924908238
0.767913397489498 -0.011986584023014
0.781041688926065 -0.011126653121513
0.793892626146237 -0.010301146244658
0.806453526826489 -0.009510901302582
0.818711994874345 -0.008756329170033
0.830655932661826 -0.008037372461949
0.842273552964344 -0.007353805702375
0.853553390593274 -0.006705280742011
0.864484313710706 -0.006091211162345
0.875055534815230 -0.005510857697496
0.885256621387895 -0.004963465579728
0.895077506187845 -0.004447273136608
0.904508497187474 -0.003958443688091
0.913540287137281 -0.003493494771386
0.922163962751008 -0.003049823838572
0.930371013501972 -0.002627063105236
0.938153340021932 -0.002226245191076
0.945503262094184 -0.001848213585613
0.952413526233010 -0.001494792837668
0.958877312841991 -0.001171375495355
0.964888242944126 -0.000882331498198
0.970440384477113 -0.000629783534268
0.975528258147577 -0.000416813459658
0.980146842838472 -0.000247366824843
0.984291580564316 -0.000121224782899
0.987958380969374 -0.000034848973142
0.991143625364344 0.000016286954525
0.993844170297569 0.000038469609579
0.996057350657239 0.000039962363416
0.997780982301540 0.000029585993468
0.999013364214136 0.000015500183687
0.999753280182866 0.000004237071983
1.000000000000000 0.000000000000000
