1.000000000000000 0.000000000000000
0.999753280182866 0.000057742267544
0.999013364214136 0.000233378995149
0.997780982301540 0.000533801174203
0.996057350657239 0.000969327876354
0.993844170297569 0.001551937954108
0.991143625364344 0.002292680724632
0.987958380969374 0.003198336457004
0.984291580564316 0.004267994242526
0.980146842838472 0.005497151347081
0.975528258147577 0.006876514559927
0.970440384477113 0.008386929915990
0.964888242944126 0.010003965888327
0.958877312841991 0.011704757683518
0.952413526233010 0.013460848584174
0.945503262094184 0.015242533066298
0.938153340021932 0.017034651126562
0.930371013501972 0.018827526656146
0.922163962751008 0.020614528216815
0.913540287137281 0.022395194498596
0.904508497187474 0.024174653714478
0.895077506187845 0.025962428542401
0.885256621387895 0.027762166035922
0.875055534815230 0.029572623091920
0.864484313710706 0.031393878785081
0.853553390593274 0.033225361603208
0.842273552964344 0.035064382893661
0.830655932661826 0.036908815694786
0.818711994874345 0.038756624646833
0.806453526826488 0.040604619056587
0.793892626146236 0.042449718159572
0.781041688926065 0.044289156976748
0.767913397489498 0.046120213648821
0.754520707875186 0.047940385210622
0.740876837050858 0.049747415641331
0.726995249869773 0.051538058228650
0.712889645782536 0.053308503459422
0.698573945317390 0.055054928877620
0.684062276342339 0.056773898680250
0.669368960122646 0.058462428277649
0.654508497187474 0.060117660604204
0.639495553019615 0.061736284866677
0.624344943582427 0.063313157102819
0.609071620698271 0.064842774429795
0.593690657292862 0.066319874563415
0.578217232520115 0.067739492446012
0.562666616782152 0.069096878751589
0.547054156659257 0.070387232154299
0.531395259764657 0.071603598053257
0.515705379539064 0.072737920846851
0.500000000000000 0.073782381993985
0.484294620460936 0.074728867897339
0.468604740235343 0.075569049710070
0.452945843340743 0.076295425642870
0.437333383217848 0.076902723123180
0.421782767479884 0.077389548373068
0.406309342707138 0.077754605705086
0.390928379301729 0.077995545819828
0.375655056417573 0.078106707897572
0.360504446980385 0.078082797443434
0.345491502812526 0.077920592646051
0.330631039877354 0.077620072544412
0.315937723657661 0.077182585676668
0.301426054682610 0.076609280787023
0.287110354217464 0.075900257348921
0.273004750130227 0.075055874207170
0.259123162949142 0.074078246417667
0.245479292124814 0.072972802317525
0.232086602510502 0.071746609474727
0.218958311073935 0.070406468589007
0.206107373853763 0.068957255454646
0.193546473173512 0.067404257175660
0.181288005125655 0.065752125472693
0.169344067338174 0.064003499410832
0.157726447035656 0.062159984167952
0.146446609406726 0.060225092457856
0.135515686289294 0.058202646579005
0.124944465184770 0.056097603005719
0.114743378612105 0.053916538137995
0.104922493812155 0.051662911502172
0.095491502812526 0.049339824252221
0.086459712862719 0.046953131558982
0.077836037248992 0.044506330481575
0.069628986498028 0.042002697122972
0.061846659978068 0.039449990662774
0.054496737905816 0.036851747621746
0.047586473766990 0.034209353558982
0.041122687158009 0.031531032940890
0.035111757055874 0.028826744582975
0.029559615522887 0.026109892859250
0.024471741852423 0.023403645300932
0.019853157161528 0.020709974507922
0.015708419435684 0.018004665605248
0.012041619030626 0.015281921743158
0.008856374635656 0.012580839716465
0.006155829702431 0.010008585130789
0.003942649342761 0.007693582511210
0.002219017698460 0.005654874770403
0.000986635785864 0.003748648931766
0.000246719817134 0.001894286592727
0.000000000000000 0.000000000000000
0.000246719817134 -0.002022640037272
0.000986635785864 -0.004045661349140
0.002219017698460 -0.005889914489515
0.003942649342761 -0.007489166025683
0.006155829702431 -0.008910002200012
0.008856374635656 -0.010267971055119
0.012041619030626 -0.011729387177672
0.015708419435684 -0.013291052328117
0.019853157161528 -0.014877448322447
0.024471741852423 -0.016404638413299
0.029559615522887 -0.017834224263505
0.035111757055874 -0.019173403075377
0.041122687158009 -0.020451815434448
0.047586473766990 -0.021691377263260
0.054496737905816 -0.022879704984546
0.061846659978068 -0.024005799465120
0.069628986498028 -0.025063309522280
0.077836037248993 -0.026049355634420
0.086459712862719 -0.026965798331320
0.095491502812526 -0.027818559677249
0.104922493812155 -0.028608040176664
0.114743378612105 -0.029331522432474
0.124944465184770 -0.029989078894524
0.135515686289294 -0.030580856562478
0.146446609406726 -0.031106707930256
0.157726447035656 -0.031568391408394
0.169344067338174 -0.031967630145786
0.181288005125655 -0.032304459619206
0.193546473173512 -0.032579052378827
0.206107373853763 -0.032792492229199
0.218958311073935 -0.032945234077319
0.232086602510502 -0.033037788275637
0.245479292124814 -0.033071340526305
0.259123162949142 -0.033046377465872
0.273004750130227 -0.032962427123224
0.287110354217464 -0.032819508390341
0.301426054682610 -0.032617460236367
0.315937723657661 -0.032356065037407
0.330631039877354 -0.032035135198204
0.345491502812526 -0.031654056956277
0.360504446980386 -0.031211134054126
0.375655056417573 -0.030703444996703
0.390928379301729 -0.030127656218671
0.406309342707138 -0.029476888918738
0.421782767479884 -0.028739455934339
0.437333383217848 -0.027903877611039
0.452945843340743 -0.026963578264603
0.468604740235343 -0.025921854434873
0.484294620460936 -0.024783316539767
0.500000000000000 -0.023555227098719
0.515705379539064 -0.022254697405381
0.531395259764657 -0.020901994609846
0.547054156659257 -0.019517395693374
0.562666616782152 -0.018114802388453
0.578217232520115 -0.016704892616858
0.593690657292863 -0.015297485815571
0.609071620698271 -0.013901268943731
0.624344943582427 -0.012523917348323
0.639495553019615 -0.011172309552781
0.654508497187474 -0.009852850223700
0.669368960122646 -0.008571454966294
0.684062276342339 -0.007333368110755
0.698573945317390 -0.006143383576526
0.712889645782536 -0.005005992056157
0.726995249869774 -0.003925529933361
0.740876837050858 -0.002905861406269
0.754520707875186 -0.001950081622886
0.767913397489498 -0.001060306986041
0.781041688926065 -0.000237691516058
0.793892626146237 0.000517302123894
0.806453526826489 0.001203832555866
0.818711994874345 0.001820258924181
0.830655932661826 0.002364965577661
0.842273552964344 0.002837386837008
0.853553390593274 0.003237971915224
0.864484313710706 0.003568259189527
0.875055534815230 0.003830508895158
0.885256621387895 0.004027401907289
0.895077506187845 0.004160442904824
0.904508497187474 0.004230805350578
0.913540287137281 0.004240905800044
0.922163962751008 0.004193944943937
0.930371013501972 0.004092843447758
0.938153340021932 0.003941409191738
0.945503262094184 0.003744684909298
0.952413526233010 0.003508647419227
0.958877312841991 0.003239913769405
0.964888242944126 0.002945822417554
0.970440384477113 0.002634214425263
0.975528258147577 0.002310936574569
0.980146842838472 0.001980306009912
0.984291580564316 0.001648914180563
0.987958380969374 0.001325051871742
0.991143625364344 0.001017059702040
0.993844170297569 0.000733783659549
0.996057350657239 0.000484860869210
0.997780982301540 0.000279701063204
0.999013364214136 0.000126593878199
0.999753280182866 0.000031998407970
1.000000000000000 0.000000000000000
