1.000000000000000 0.000000000000000
0.999753280182866 0.000024819538948
0.999013364214136 0.000101922952800
0.997780982301540 0.000238841918046
0.996057350657239 0.000446827298271
0.993844170297569 0.000738861875215
0.991143625364344 0.001126870140886
0.987958380969374 0.001618107782551
0.984291580564316 0.002210910106306
0.980146842838472 0.002897734738937
0.975528258147577 0.003671743564915
0.970440384477113 0.004519467951543
0.964888242944126 0.005420063176956
0.958877312841991 0.006359817216577
0.952413526233010 0.007330915820545
0.945503262094184 0.008325748892869
0.938153340021932 0.009340274607073
0.930371013501972 0.010379024626097
0.922163962751008 0.011451654878543
0.913540287137281 0.012571650416837
0.904508497187474 0.013745463415842
0.895077506187845 0.014975013766656
0.885256621387895 0.016262934721864
0.875055534815230 0.017611439873773
0.864484313710706 0.019021113677010
0.853553390593274 0.020492204980121
0.842273552964344 0.022025013119773
0.830655932661826 0.023619786536212
0.818711994874345 0.025276703405887
0.806453526826488 0.026996036253928
0.793892626146236 0.028777056526945
0.781041688926065 0.030617455490995
0.767913397489498 0.032514060978782
0.754520707875186 0.034463484325984
0.740876837050858 0.036462908471220
0.726995249869773 0.038509782665754
0.712889645782536 0.040601297743445
0.698573945317390 0.042733800827980
0.684062276342339 0.044902053085906
0.669368960122646 0.047100164056879
0.654508497187474 0.049322206381776
0.639495553019615 0.051562726907934
0.624344943582427 0.053816561428126
0.609071620698271 0.056078215980243
0.593690657292862 0.058340642082677
0.578217232520115 0.060595750664285
0.562666616782152 0.062834775997615
0.547054156659257 0.065049076462001
0.531395259764657 0.067230122437020
0.515705379539064 0.069369506534786
0.500000000000000 0.071458547840723
0.484294620460936 0.073488497143490
0.468604740235343 0.075450735519110
0.452945843340743 0.077336047649957
0.437333383217848 0.079134434719880
0.421782767479884 0.080835126922462
0.406309342707138 0.082427333119750
0.390928379301729 0.083900697723317
0.375655056417573 0.085245907805542
0.360504446980385 0.086453995113925
0.345491502812526 0.087513255817140
0.330631039877354 0.088411123235252
0.315937723657661 0.089134689042492
0.301426054682610 0.089670203353634
0.287110354217464 0.090003683577545
0.273004750130227 0.090121538685489
0.259123162949142 0.090014629641009
0.245479292124814 0.089677613231758
0.232086602510502 0.089108058134109
0.218958311073935 0.088306200723989
0.206107373853763 0.087274920091131
0.193546473173512 0.086019299494738
0.181288005125655 0.084545704598361
0.169344067338174 0.082861688203308
0.157726447035656 0.080976418864874
0.146446609406726 0.078899852049391
0.135515686289294 0.076642471404240
0.124944465184770 0.074216354283948
0.114743378612105 0.071633207034827
0.104922493812155 0.068904011053641
0.095491502812526 0.066041988304432
0.086459712862719 0.063057704654407
0.077836037248992 0.059960228114796
0.069628986498028 0.056761921226150
0.061846659978068 0.053473303952988
0.054496737905816 0.050104603142793
0.047586473766990 0.046671000098193
0.041122687158009 0.043182380842371
0.035111757055874 0.039649368967144
0.029559615522887 0.036089787791886
0.024471741852423 0.032513171916350
0.019853157161528 0.028932235285896
0.015708419435684 0.025370241880663
0.012041619030626 0.021839693647942
0.008856374635656 0.018364850316579
0.006155829702431 0.014985801104724
0.003942649342761 0.011696501630816
0.002219017698460 0.008507062738937
0.000986635785864 0.005474135668917
0.000246719817134 0.002626827060778
0.000000000000000 0.000000000000000
0.000246719817134 -0.002225456287142
0.000986635785864 -0.003845696282296
0.002219017698460 -0.005098684297782
0.003942649342761 -0.006344067086189
0.006155829702431 -0.007624814785910
0.008856374635656 -0.008936361068917
0.012041619030626 -0.010269856264655
0.015708419435684 -0.011602943821385
0.019853157161528 -0.012915149017075
0.024471741852423 -0.014188729390876
0.029559615522887 -0.015426763359543
0.035111757055874 -0.016645488212930
0.041122687158009 -0.017839894579268
0.047586473766990 -0.019003847368314
0.054496737905816 -0.020139177912464
0.061846659978068 -0.021246951794697
0.069628986498028 -0.022324964423246
0.077836037248993 -0.023375482190669
0.086459712862719 -0.024404013321282
0.095491502812526 -0.025413753806511
0.104922493812155 -0.026409728897056
0.114743378612105 -0.027400138968242
0.124944465184770 -0.028389344630871
0.135515686289294 -0.029375878365039
0.146446609406726 -0.030359055692811
0.157726447035656 -0.031338418311463
0.169344067338174 -0.032313114678461
0.181288005125655 -0.033282552475680
0.193546473173512 -0.034246303735631
0.206107373853763 -0.035202199978703
0.218958311073935 -0.036145875265621
0.232086602510502 -0.037072863400957
0.245479292124814 -0.037978905944574
0.259123162949142 -0.038859963298737
0.273004750130227 -0.039712183649274
0.287110354217464 -0.040531789083349
0.301426054682610 -0.041315511524077
0.315937723657661 -0.042060461231190
0.330631039877354 -0.042763882880442
0.345491502812526 -0.043423077143087
0.360504446980386 -0.044035446157234
0.375655056417573 -0.044598528538301
0.390928379301729 -0.045110028248932
0.406309342707138 -0.045567843920452
0.421782767479884 -0.045970069770222
0.437333383217848 -0.046314911576242
0.452945843340743 -0.046600723746893
0.468604740235343 -0.046826030547603
0.484294620460936 -0.046989268434253
0.500000000000000 -0.047088624735656
0.515705379539064 -0.047121510228925
0.531395259764657 -0.047085421843732
0.547054156659257 -0.046978392149714
0.562666616782152 -0.046799191435469
0.578217232520115 -0.046546899669293
0.593690657292863 -0.046220148984089
0.609071620698271 -0.045816317669932
0.624344943582427 -0.045331767191504
0.639495553019615 -0.044763101141429
0.654508497187474 -0.044105874896430
0.669368960122646 -0.043354339160423
0.684062276342339 -0.042503095173512
0.698573945317390 -0.041539208033557
0.712889645782536 -0.040440620168353
0.726995249869774 -0.039186153221237
0.740876837050858 -0.037769776920498
0.754520707875186 -0.036198408934348
0.767913397489498 -0.034483272503626
0.781041688926065 -0.032644499365131
0.793892626146237 -0.030716095887965
0.806453526826489 -0.028736601171451
0.818711994874345 -0.026737758596872
0.830655932661826 -0.024743507682221
0.842273552964344 -0.022772983342050
0.853553390593274 -0.020843197141743
0.864484313710706 -0.018967905711059
0.875055534815230 -0.017158182928284
0.885256621387895 -0.015423255015082
0.895077506187845 -0.013770877153706
0.904508497187474 -0.012207619638386
0.913540287137281 -0.010738345566739
0.922163962751008 -0.009366294727718
0.930371013501972 -0.008093433172464
0.938153340021932 -0.006920397707491
0.945503262094184 -0.005846531086663
0.952413526233010 -0.004870810701640
0.958877312841991 -0.003992590764129
0.964888242944126 -0.003209820367747
0.970440384477113 -0.002519305682069
0.975528258147577 -0.001922261416432
0.980146842838472 -0.001420677281107
0.984291580564316 -0.001011298073114
0.987958380969374 -0.000687355209147
0.991143625364344 -0.000442219198662
0.993844170297569 -0.000266438955707
0.996057350657239 -0.000147577484217
0.997780982301540 -0.000072392785335
0.999013364214136 -0.000028664665173
0.999753280182866 -0.000006625689270
1.000000000000000 0.000000000000000
