1.000000000000000 0.000000000000000
0.999753280182866 0.000023606561536
0.999013364214136 0.000096780184805
0.997780982301540 0.000226242037232
0.996057350657239 0.000422090669115
0.993844170297569 0.000696107597617
0.991143625364344 0.001059410611537
0.987958380969374 0.001519411290278
0.984291580564316 0.002076268652024
0.980146842838472 0.002725463669976
0.975528258147577 0.003461839266365
0.970440384477113 0.004273587510054
0.964888242944126 0.005142148248244
0.958877312841991 0.006056710036431
0.952413526233010 0.007011696437420
0.945503262094184 0.008001820446642
0.938153340021932 0.009024619300127
0.930371013501972 0.010083457449967
0.922163962751008 0.011185294707778
0.913540287137281 0.012339480219068
0.904508497187474 0.013549277748794
0.895077506187845 0.014814815832630
0.885256621387895 0.016136463832781
0.875055534815230 0.017514788759335
0.864484313710706 0.018950497846565
0.853553390593274 0.020444548176789
0.842273552964344 0.021997655882650
0.830655932661826 0.023607374854166
0.818711994874345 0.025269534261056
0.806453526826488 0.026979151342128
0.793892626146236 0.028733935985903
0.781041688926065 0.030534752400031
0.767913397489498 0.032383538046767
0.754520707875186 0.034280722117037
0.740876837050858 0.036219653735757
0.726995249869773 0.038190548964694
0.712889645782536 0.040183832379559
0.698573945317390 0.042192395724416
0.684062276342339 0.044213062729154
0.669368960122646 0.046242874942201
0.654508497187474 0.048277451400343
0.639495553019615 0.050310121469524
0.624344943582427 0.052333782562091
0.609071620698271 0.054340857351179
0.593690657292862 0.056322997934681
0.578217232520115 0.058271739368453
0.562666616782152 0.060178170278297
0.547054156659257 0.062031969406109
0.531395259764657 0.063822552972038
0.515705379539064 0.065538937106552
0.500000000000000 0.067167584734036
0.484294620460936 0.068693438762816
0.468604740235343 0.070100429930315
0.452945843340743 0.071375861192194
0.437333383217848 0.072510004089129
0.421782767479884 0.073494409963621
0.406309342707138 0.074323702133580
0.390928379301729 0.074996518640067
0.375655056417573 0.075513226282283
0.360504446980385 0.075875160543831
0.345491502812526 0.076084031594360
0.330631039877354 0.076141957676296
0.315937723657661 0.076052287744789
0.301426054682610 0.075821923827521
0.287110354217464 0.075459338708995
0.273004750130227 0.074973198541064
0.259123162949142 0.074370220403269
0.245479292124814 0.073657021659474
0.232086602510502 0.072839548755575
0.218958311073935 0.071921000828659
0.206107373853763 0.070902576155085
0.193546473173512 0.069785792353372
0.181288005125655 0.068573355117007
0.169344067338174 0.067268412300593
0.157726447035656 0.065875640161800
0.146446609406726 0.064397515336275
0.135515686289294 0.062834127919283
0.124944465184770 0.061186758894782
0.114743378612105 0.059456664621292
0.104922493812155 0.057641904372415
0.095491502812526 0.055743256260931
0.086459712862719 0.053759510649638
0.077836037248992 0.051677234045977
0.069628986498028 0.049485405448331
0.061846659978068 0.047178926485192
0.054496737905816 0.044748676786558
0.047586473766990 0.042190989505421
0.041122687158009 0.039510701711422
0.035111757055874 0.036713578720013
0.029559615522887 0.033812774257332
0.024471741852423 0.030826559288953
0.019853157161528 0.027757518614717
0.015708419435684 0.024614583531006
0.012041619030626 0.021419449108639
0.008856374635656 0.018192820775557
0.006155829702431 0.014975570097521
0.003942649342761 0.011815718103257
0.002219017698460 0.008708667258829
0.000986635785864 0.005663901240641
0.000246719817134 0.002729812534392
0.000000000000000 0.000000000000000
0.000246719817134 -0.002418093147655
0.000986635785864 -0.004299321709859
0.002219017698460 -0.005773194898296
0.003942649342761 -0.007256288002572
0.006155829702431 -0.008778536138282
0.008856374635656 -0.010340885815747
0.012041619030626 -0.011931866057443
0.015708419435684 -0.013523577693132
0.019853157161528 -0.015107977553683
0.024471741852423 -0.016664882836475
0.029559615522887 -0.018183158643986
0.035111757055874 -0.019670165127710
0.041122687158009 -0.021128176920367
0.047586473766990 -0.022550964287222
0.054496737905816 -0.023941683276719
0.061846659978068 -0.025306596725036
0.069628986498028 -0.026641282648528
0.077836037248993 -0.027943052595863
0.086459712862719 -0.029212745987159
0.095491502812526 -0.030448624632201
0.104922493812155 -0.031648428271736
0.114743378612105 -0.032812714322590
0.124944465184770 -0.033941081940619
0.135515686289294 -0.035031036012445
0.146446609406726 -0.036081207074385
0.157726447035656 -0.037090841684691
0.169344067338174 -0.038058308874922
0.181288005125655 -0.038982325431013
0.193546473173512 -0.039862313720449
0.206107373853763 -0.040696992841788
0.218958311073935 -0.041484326558815
0.232086602510502 -0.042223021078832
0.245479292124814 -0.042912133657087
0.259123162949142 -0.043551157087900
0.273004750130227 -0.044140022233415
0.287110354217464 -0.044678591049380
0.301426054682610 -0.045165058703474
0.315937723657661 -0.045597149893916
0.330631039877354 -0.045973055687007
0.345491502812526 -0.046291502412502
0.360504446980386 -0.046551738411692
0.375655056417573 -0.046753302562675
0.390928379301729 -0.046895145153418
0.406309342707138 -0.046976057830266
0.421782767479884 -0.046994780310017
0.437333383217848 -0.046949649576350
0.452945843340743 -0.046838891357659
0.468604740235343 -0.046660698948491
0.484294620460936 -0.046412123019909
0.500000000000000 -0.046088881309422
0.515705379539064 -0.045684661656921
0.531395259764657 -0.045194585172065
0.547054156659257 -0.044616612550804
0.562666616782152 -0.043951526856653
0.578217232520115 -0.043201115768939
0.593690657292863 -0.042366488851310
0.609071620698271 -0.041448304712718
0.624344943582427 -0.040447394030501
0.639495553019615 -0.039366145127485
0.654508497187474 -0.038208870125556
0.669368960122646 -0.036981341385177
0.684062276342339 -0.035688953205883
0.698573945317390 -0.034336481029587
0.712889645782536 -0.032928225307671
0.726995249869774 -0.031468771994867
0.740876837050858 -0.029966136142690
0.754520707875186 -0.028430340716636
0.767913397489498 -0.026871489415465
0.781041688926065 -0.025300492658328
0.793892626146237 -0.023729781499296
0.806453526826489 -0.022171586128127
0.818711994874345 -0.020636600712804
0.830655932661826 -0.019133949913154
0.842273552964344 -0.017671378352330
0.853553390593274 -0.016255630064242
0.864484313710706 -0.014891459034434
0.875055534815230 -0.013581660779817
0.885256621387895 -0.012328470457110
0.895077506187845 -0.011133883171953
0.904508497187474 -0.010000224719780
0.913540287137281 -0.008929401798714
0.922163962751008 -0.007922618292503
0.930371013501972 -0.006978595815452
0.938153340021932 -0.006094138952332
0.945503262094184 -0.005266600872277
0.952413526233010 -0.004494444703569
0.958877312841991 -0.003778648258017
0.964888242944126 -0.003120366899697
0.970440384477113 -0.002520079676521
0.975528258147577 -0.001981809552284
0.980146842838472 -0.001512907628378
0.984291580564316 -0.001115810719968
0.987958380969374 -0.000788915051792
0.991143625364344 -0.000530342728463
0.993844170297569 -0.000335456670670
0.996057350657239 -0.000195793578437
0.997780982301540 -0.000101268356883
0.999013364214136 -0.000042050561085
0.999753280182866 -0.000010054877907
1.000000000000000 0.000000000000000
