1.000000000000000 0.000000000000000
0.999753280182866 0.000032015216352
0.999013364214136 0.000128807669530
0.997780982301540 0.000292546617326
0.996057350657239 0.000526626752874
0.993844170297569 0.000835359549367
0.991143625364344 0.001223512205718
0.987958380969374 0.001695736031692
0.984291580564316 0.002255894485279
0.980146842838472 0.002906264396751
0.975528258147577 0.003646643940807
0.970440384477113 0.004473407256092
0.964888242944126 0.005381619151246
0.958877312841991 0.006368630319570
0.952413526233010 0.007430883458765
0.945503262094184 0.008563764184061
0.938153340021932 0.009764990241651
0.930371013501972 0.011033717804026
0.922163962751008 0.012369354178918
0.913540287137281 0.013770979333154
0.904508497187474 0.015237003122404
0.895077506187845 0.016765700650006
0.885256621387895 0.018355466352628
0.875055534815230 0.020005256153651
0.864484313710706 0.021714333729923
0.853553390593274 0.023482068746878
0.842273552964344 0.025306776824388
0.830655932661826 0.027185837105130
0.818711994874345 0.029116377431306
0.806453526826488 0.031095358391533
0.793892626146236 0.033119546993581
0.781041688926065 0.035185559757830
0.767913397489498 0.037289710079326
0.754520707875186 0.039427913903851
0.740876837050858 0.041595748703330
0.726995249869773 0.043788524849233
0.712889645782536 0.046000756281997
0.698573945317390 0.048226150593257
0.684062276342339 0.050458160190348
0.669368960122646 0.052690944106754
0.654508497187474 0.054919634685867
0.639495553019615 0.057139807964123
0.624344943582427 0.059344015087071
0.609071620698271 0.061521972494873
0.593690657292862 0.063660867470308
0.578217232520115 0.065747456058755
0.562666616782152 0.067767883547112
0.547054156659257 0.069707340541861
0.531395259764657 0.071551255928309
0.515705379539064 0.073285291880396
0.500000000000000 0.074894906403375
0.484294620460936 0.076367435922625
0.468604740235343 0.077692972868319
0.452945843340743 0.078864086853910
0.437333383217848 0.079874497804832
0.421782767479884 0.080717763375578
0.406309342707138 0.081387913698672
0.390928379301729 0.081879861012593
0.375655056417573 0.082190441978955
0.360504446980385 0.082317788276957
0.345491502812526 0.082261042820033
0.330631039877354 0.082020236815040
0.315937723657661 0.081596231425580
0.301426054682610 0.080991212861681
0.287110354217464 0.080214233839600
0.273004750130227 0.079278645228472
0.259123162949142 0.078197737781454
0.245479292124814 0.076979393963075
0.232086602510502 0.075629168988395
0.218958311073935 0.074152867794141
0.206107373853763 0.072556283918883
0.193546473173512 0.070845853847759
0.181288005125655 0.069027969121991
0.169344067338174 0.067107556173041
0.157726447035656 0.065088069098764
0.146446609406726 0.062974609364949
0.135515686289294 0.060771564202805
0.124944465184770 0.058483729475802
0.114743378612105 0.056117672407919
0.104922493812155 0.053678336755331
0.095491502812526 0.051170630718148
0.086459712862719 0.048602042614135
0.077836037248992 0.045977940136369
0.069628986498028 0.043303845356688
0.061846659978068 0.040588827071591
0.054496737905816 0.037836746728068
0.047586473766990 0.035049803673215
0.041122687158009 0.032237045522163
0.035111757055874 0.029411141090961
0.029559615522887 0.026590257867477
0.024471741852423 0.023798251677072
0.019853157161528 0.021022947380004
0.015708419435684 0.018235742748417
0.012041619030626 0.015435698934078
0.008856374635656 0.012705678349142
0.006155829702431 0.010183992039241
0.003942649342761 0.007980811223520
0.002219017698460 0.005993708631886
0.000986635785864 0.004048700762603
0.000246719817134 0.002056942264313
0.000000000000000 0.000000000000000
0.000246719817134 -0.001930652933143
0.000986635785864 -0.003539527431390
0.002219017698460 -0.004808272824191
0.003942649342761 -0.005859413603364
0.006155829702431 -0.006782164748338
0.008856374635656 -0.007717330092898
0.012041619030626 -0.008718819030171
0.015708419435684 -0.009723679120960
0.019853157161528 -0.010663023132017
0.024471741852423 -0.011493425752105
0.029559615522887 -0.012211571408384
0.035111757055874 -0.012834795164933
0.041122687158009 -0.013394258570590
0.047586473766990 -0.013890833513836
0.054496737905816 -0.014314650658008
0.061846659978068 -0.014661380448060
0.069628986498028 -0.014930497557636
0.077836037248993 -0.015124324273109
0.086459712862719 -0.015250386759818
0.095491502812526 -0.015317354865551
0.104922493812155 -0.015326188021275
0.114743378612105 -0.015277589639429
0.124944465184770 -0.015174063819930
0.135515686289294 -0.015018211620584
0.146446609406726 -0.014812787552350
0.157726447035656 -0.014562254619982
0.169344067338174 -0.014270695936498
0.181288005125655 -0.013940051874504
0.193546473173512 -0.013572562624250
0.206107373853763 -0.013171154554696
0.218958311073935 -0.012738744700784
0.232086602510502 -0.012278597450543
0.245479292124814 -0.011794520904160
0.259123162949142 -0.011290039792564
0.273004750130227 -0.010767742740355
0.287110354217464 -0.010230511680935
0.301426054682610 -0.009681170903354
0.315937723657661 -0.009122275730659
0.330631039877354 -0.008556079409737
0.345491502812526 -0.007984992782314
0.360504446980386 -0.007411297832774
0.375655056417573 -0.006836910169271
0.390928379301729 -0.006263770223241
0.406309342707138 -0.005693928967462
0.421782767479884 -0.005129589978129
0.437333383217848 -0.004573121824663
0.452945843340743 -0.004026796402485
0.468604740235343 -0.003492387789027
0.484294620460936 -0.002971236379041
0.500000000000000 -0.002464382068545
0.515705379539064 -0.001972986625466
0.531395259764657 -0.001498314695556
0.547054156659257 -0.001041720101242
0.562666616782152 -0.000604410176216
0.578217232520115 -0.000187326718595
0.593690657292863 0.000209034375375
0.609071620698271 0.000584318947836
0.624344943582427 0.000938109736732
0.639495553019615 0.001269485500384
0.654508497187474 0.001577409151749
0.669368960122646 0.001860980920161
0.684062276342339 0.002119868821746
0.698573945317390 0.002354213351766
0.712889645782536 0.002564446905484
0.726995249869774 0.002750911758570
0.740876837050858 0.002913381904827
0.754520707875186 0.003051379546132
0.767913397489498 0.003164681071655
0.781041688926065 0.003253608833527
0.793892626146237 0.003319110623473
0.806453526826489 0.003362471380055
0.818711994874345 0.003384715817992
0.830655932661826 0.003386072106059
0.842273552964344 0.003366223662806
0.853553390593274 0.003325258698654
0.864484313710706 0.003263883149801
0.875055534815230 0.003183817332112
0.885256621387895 0.003086998790078
0.895077506187845 0.002975309797292
0.904508497187474 0.002849623564700
0.913540287137281 0.002710205788748
0.922163962751008 0.002557843480377
0.930371013501972 0.002394172591556
0.938153340021932 0.002222512354268
0.945503262094184 0.002046292451392
0.952413526233010 0.001868596032776
0.958877312841991 0.001690845304067
0.964888242944126 0.001513324891472
0.970440384477113 0.001337052923567
0.975528258147577 0.001163377606285
0.980146842838472 0.000992597211885
0.984291580564316 0.000825888207156
0.987958380969374 0.000665787659669
0.991143625364344 0.000514659942621
0.993844170297569 0.000374617366435
0.996057350657239 0.000249749989716
0.997780982301540 0.000145203185311
0.999013364214136 0.000066115724101
0.999753280182866 0.000016774333446
1.000000000000000 0.000000000000000
