1.000000000000000 0.000000000000000
0.999753280182866 0.000078013912534
0.999013364214136 0.000314547434488
0.997780982301540 0.000716636096489
0.996057350657239 0.001294498279930
0.993844170297569 0.002059164628479
0.991143625364344 0.003019057984566
0.987958380969374 0.004175527462982
0.984291580564316 0.005518884817057
0.980146842838472 0.007034854421838
0.975528258147577 0.008701778543011
0.970440384477113 0.010485794442990
0.964888242944126 0.012358052862040
0.958877312841991 0.014305234076491
0.952413526233010 0.016317203160591
0.945503262094184 0.018387877762355
0.938153340021932 0.020517426474374
0.930371013501972 0.022711881652021
0.922163962751008 0.024980334563680
0.913540287137281 0.027323851218404
0.904508497187474 0.029741809320866
0.895077506187845 0.032234988065012
0.885256621387895 0.034801057943540
0.875055534815230 0.037435363915318
0.864484313710706 0.040133412464147
0.853553390593274 0.042889883190467
0.842273552964344 0.045698174466416
0.830655932661826 0.048551466560898
0.818711994874345 0.051443130726876
0.806453526826488 0.054367245638885
0.793892626146236 0.057318231965824
0.781041688926065 0.060289519492498
0.767913397489498 0.063272367942941
0.754520707875186 0.066256485864835
0.740876837050858 0.069231569296375
0.726995249869773 0.072187375319919
0.712889645782536 0.075113786954072
0.698573945317390 0.078000174790820
0.684062276342339 0.080834749272253
0.669368960122646 0.083605020652468
0.654508497187474 0.086297523595866
0.639495553019615 0.088897374058366
0.624344943582427 0.091387125117952
0.609071620698271 0.093750332457769
0.593690657292862 0.095973357043190
0.578217232520115 0.098045584977221
0.562666616782152 0.099958331162810
0.547054156659257 0.101704411142633
0.531395259764657 0.103278413652430
0.515705379539064 0.104676384488459
0.500000000000000 0.105895259687064
0.484294620460936 0.106932931387848
0.468604740235343 0.107788163865331
0.452945843340743 0.108458691039310
0.437333383217848 0.108941826890297
0.421782767479884 0.109235562838068
0.406309342707138 0.109339761490727
0.390928379301729 0.109256595932899
0.375655056417573 0.108988391884537
0.360504446980385 0.108537172256707
0.345491502812526 0.107903835675412
0.330631039877354 0.107090434084956
0.315937723657661 0.106100803835403
0.301426054682610 0.104940983667607
0.287110354217464 0.103617129734786
0.273004750130227 0.102134502411608
0.259123162949142 0.100497616355312
0.245479292124814 0.098711258508324
0.232086602510502 0.096780892171696
0.218958311073935 0.094712347999127
0.206107373853763 0.092511781795638
0.193546473173512 0.090184461345939
0.181288005125655 0.087734351357151
0.169344067338174 0.085167027771138
0.157726447035656 0.082487651448464
0.146446609406726 0.079702147469046
0.135515686289294 0.076817354533314
0.124944465184770 0.073838586878524
0.114743378612105 0.070770028841680
0.104922493812155 0.067618468214956
0.095491502812526 0.064390682106079
0.086459712862719 0.061094372380136
0.077836037248992 0.057739837285710
0.069628986498028 0.054334517218607
0.061846659978068 0.050885105934039
0.054496737905816 0.047403030662376
0.047586473766990 0.043896026248814
0.041122687158009 0.040372711877657
0.035111757055874 0.036848336886816
0.029559615522887 0.033331114661070
0.024471741852423 0.029830247844275
0.019853157161528 0.026365672179767
0.015708419435684 0.022948505334222
0.012041619030626 0.019595576863194
0.008856374635656 0.016343034149205
0.006155829702431 0.013194262034655
0.003942649342761 0.010154176367380
0.002219017698460 0.007279607839949
0.000986635785864 0.004624733823633
0.000246719817134 0.002215084722014
0.000000000000000 0.000000000000000
0.000246719817134 -0.001473862103806
0.000986635785864 -0.002880574423749
0.002219017698460 -0.004452405330869
0.003942649342761 -0.006166524505458
0.006155829702431 -0.007941625489841
0.008856374635656 -0.009743899773869
0.012041619030626 -0.011530350654982
0.015708419435684 -0.013280454530250
0.019853157161528 -0.014960501362616
0.024471741852423 -0.016554304897007
0.029559615522887 -0.018065667376522
0.035111757055874 -0.019482080567985
0.041122687158009 -0.020791040782505
0.047586473766990 -0.021993131195205
0.054496737905816 -0.023083717277125
0.061846659978068 -0.024053523089405
0.069628986498028 -0.024901038990083
0.077836037248993 -0.025625673488847
0.086459712862719 -0.026224138069104
0.095491502812526 -0.026698338735350
0.104922493812155 -0.027052010180876
0.114743378612105 -0.027283247129575
0.124944465184770 -0.027391746180115
0.135515686289294 -0.027379801786965
0.146446609406726 -0.027249233448761
0.157726447035656 -0.027002841340209
0.169344067338174 -0.026645995741759
0.181288005125655 -0.026182883671947
0.193546473173512 -0.025615965237029
0.206107373853763 -0.024949446989081
0.218958311073935 -0.024188626054975
0.232086602510502 -0.023339019066552
0.245479292124814 -0.022407701533686
0.259123162949142 -0.021402261338989
0.273004750130227 -0.020329589439417
0.287110354217464 -0.019196113817755
0.301426054682610 -0.018009194691876
0.315937723657661 -0.016776483646775
0.330631039877354 -0.015505368638480
0.345491502812526 -0.014204242877033
0.360504446980386 -0.012880551046737
0.375655056417573 -0.011539808515845
0.390928379301729 -0.010186446803517
0.406309342707138 -0.008825024199234
0.421782767479884 -0.007460799174150
0.437333383217848 -0.006099648019762
0.452945843340743 -0.004747627571541
0.468604740235343 -0.003410541353874
0.484294620460936 -0.002093281362627
0.500000000000000 -0.000800087466972
0.515705379539064 0.000464807463865
0.531395259764657 0.001697161588931
0.547054156659257 0.002892752224810
0.562666616782152 0.004047562300279
0.578217232520115 0.005157656386538
0.593690657292863 0.006219034861815
0.609071620698271 0.007227746021017
0.624344943582427 0.008180118960010
0.639495553019615 0.009073144493411
0.654508497187474 0.009904620860642
0.669368960122646 0.010673067282653
0.684062276342339 0.011377337604760
0.698573945317390 0.012015738965231
0.712889645782536 0.012586163078339
0.726995249869774 0.013086821640691
0.740876837050858 0.013516354507727
0.754520707875186 0.013873499467489
0.767913397489498 0.014157016483428
0.781041688926065 0.014366377376516
0.793892626146237 0.014501781063175
0.806453526826489 0.014564241094505
0.818711994874345 0.014555496323234
0.830655932661826 0.014477887135135
0.842273552964344 0.014333618461948
0.853553390593274 0.014123117296168
0.864484313710706 0.013847300045230
0.875055534815230 0.013508187845007
0.885256621387895 0.013108173027239
0.895077506187845 0.012649247387093
0.904508497187474 0.012134539265755
0.913540287137281 0.011568521509351
0.922163962751008 0.010954108106859
0.930371013501972 0.010292242774914
0.938153340021932 0.009586050081241
0.945503262094184 0.008841047737047
0.952413526233010 0.008063608627981
0.958877312841991 0.007260806670803
0.964888242944126 0.006441959188940
0.970440384477113 0.005618276017428
0.975528258147577 0.004802976835484
0.980146842838472 0.004010453409821
0.984291580564316 0.003255019458569
0.987958380969374 0.002550608534063
0.991143625364344 0.001910999902176
0.993844170297569 0.001348787456419
0.996057350657239 0.000874550456873
0.997780982301540 0.000496876085281
0.999013364214136 0.000222400590642
0.999753280182866 0.000055834058699
1.000000000000000 0.000000000000000
