1.000000000000000 0.000000000000000
0.999753280182866 0.000076368797827
0.999013364214136 0.000308099852371
0.997780982301540 0.000702685781434
0.996057350657239 0.001271451938173
0.993844170297569 0.002027664672644
0.991143625364344 0.002983835636816
0.987958380969374 0.004148120814238
0.984291580564316 0.005520562116138
0.980146842838472 0.007098678997249
0.975528258147577 0.008877544355214
0.970440384477113 0.010844035735513
0.964888242944126 0.012978927018335
0.958877312841991 0.015262234539140
0.952413526233010 0.017667637618880
0.945503262094184 0.020165762899425
0.938153340021932 0.022740405231397
0.930371013501972 0.025380764901167
0.922163962751008 0.028077864811986
0.913540287137281 0.030828230779690
0.904508497187474 0.033633158511408
0.895077506187845 0.036497042750417
0.885256621387895 0.039415856059551
0.875055534815230 0.042377937983150
0.864484313710706 0.045370806928499
0.853553390593274 0.048377953760361
0.842273552964344 0.051377330653477
0.830655932661826 0.054345525216342
0.818711994874345 0.057262836526519
0.806453526826488 0.060117538472991
0.793892626146236 0.062898685704584
0.781041688926065 0.065597087429260
0.767913397489498 0.068205843886175
0.754520707875186 0.070719324470245
0.740876837050858 0.073131861002581
0.726995249869773 0.075437003959444
0.712889645782536 0.077628744155189
0.698573945317390 0.079702008949574
0.684062276342339 0.081652685567464
0.669368960122646 0.083477386972504
0.654508497187474 0.085174157729645
0.639495553019615 0.086742586319131
0.624344943582427 0.088183695280338
0.609071620698271 0.089498178067110
0.593690657292862 0.090686201699995
0.578217232520115 0.091747722552809
0.562666616782152 0.092683690302111
0.547054156659257 0.093496528980968
0.531395259764657 0.094190107127629
0.515705379539064 0.094767297565343
0.500000000000000 0.095226439523267
0.484294620460936 0.095564677369282
0.468604740235343 0.095779247647324
0.452945843340743 0.095870923096068
0.437333383217848 0.095842141892947
0.421782767479884 0.095695632941212
0.406309342707138 0.095432186373325
0.390928379301729 0.095051005973698
0.375655056417573 0.094551760221563
0.360504446980385 0.093934195052631
0.345491502812526 0.093197875943212
0.330631039877354 0.092343046114556
0.315937723657661 0.091370845223874
0.301426054682610 0.090283500440444
0.287110354217464 0.089083753924526
0.273004750130227 0.087773834282930
0.259123162949142 0.086354125444010
0.245479292124814 0.084825781621913
0.232086602510502 0.083190147504453
0.218958311073935 0.081448061545899
0.206107373853763 0.079601278629318
0.193546473173512 0.077652598103630
0.181288005125655 0.075605844934764
0.169344067338174 0.073465927445866
0.157726447035656 0.071237848962936
0.146446609406726 0.068922165952394
0.135515686289294 0.066519847960193
0.124944465184770 0.064034008637922
0.114743378612105 0.061468890143909
0.104922493812155 0.058830665678581
0.095491502812526 0.056126960216248
0.086459712862719 0.053361195231202
0.077836037248992 0.050536280417967
0.069628986498028 0.047659296189303
0.061846659978068 0.044736070389141
0.054496737905816 0.041773718215794
0.047586473766990 0.038784497317158
0.041122687158009 0.035773377061572
0.035111757055874 0.032742872085020
0.029559615522887 0.029705150227043
0.024471741852423 0.026670597903501
0.019853157161528 0.023648928051194
0.015708419435684 0.020664284452404
0.012041619030626 0.017730211535080
0.008856374635656 0.014847029213763
0.006155829702431 0.012047460985209
0.003942649342761 0.009356567377038
0.002219017698460 0.006756340689917
0.000986635785864 0.004287546176477
0.000246719817134 0.002036233006733
0.000000000000000 0.000000000000000
0.000246719817134 -0.001350885254376
0.000986635785864 -0.002716191236774
0.002219017698460 -0.004281351311088
0.003942649342761 -0.005957557174247
0.006155829702431 -0.007751278184368
0.008856374635656 -0.009622516140803
0.012041619030626 -0.011510119619660
0.015708419435684 -0.013384204730442
0.019853157161528 -0.015253264903529
0.024471741852423 -0.017136802388755
0.029559615522887 -0.019014926781974
0.035111757055874 -0.020872246684952
0.041122687158009 -0.022703836825690
0.047586473766990 -0.024500758213236
0.054496737905816 -0.026256432464840
0.061846659978068 -0.027972179008167
0.069628986498028 -0.029645882962124
0.077836037248993 -0.031270752737153
0.086459712862719 -0.032844426866683
0.095491502812526 -0.034365330808237
0.104922493812155 -0.035828529757358
0.114743378612105 -0.037231504681243
0.124944465184770 -0.038573141433794
0.135515686289294 -0.039850939834692
0.146446609406726 -0.041063193477477
0.157726447035656 -0.042209801751373
0.169344067338174 -0.043288667275672
0.181288005125655 -0.044296770748458
0.193546473173512 -0.045232284743513
0.206107373853763 -0.046093663603912
0.218958311073935 -0.046879354408447
0.232086602510502 -0.047588971530848
0.245479292124814 -0.048221283600084
0.259123162949142 -0.048774095370280
0.273004750130227 -0.049244933214660
0.287110354217464 -0.049631496331247
0.301426054682610 -0.049929869581986
0.315937723657661 -0.050135935894578
0.330631039877354 -0.050245089801187
0.345491502812526 -0.050245527221610
0.360504446980386 -0.050121959553309
0.375655056417573 -0.049858799688579
0.390928379301729 -0.049446062597453
0.406309342707138 -0.048876575512221
0.421782767479884 -0.048144224262190
0.437333383217848 -0.047241034863243
0.452945843340743 -0.046157733907927
0.468604740235343 -0.044884581787967
0.484294620460936 -0.043419213125125
0.500000000000000 -0.041766034120776
0.515705379539064 -0.039931376367472
0.531395259764657 -0.037924513000962
0.547054156659257 -0.035758286025104
0.562666616782152 -0.033446326155231
0.578217232520115 -0.031005120405474
0.593690657292863 -0.028457664543800
0.609071620698271 -0.025827865259493
0.624344943582427 -0.023141307553742
0.639495553019615 -0.020430563022388
0.654508497187474 -0.017730994510744
0.669368960122646 -0.015077097994754
0.684062276342339 -0.012495897605601
0.698573945317390 -0.010007680131423
0.712889645782536 -0.007628240999834
0.726995249869774 -0.005372094251202
0.740876837050858 -0.003248239436368
0.754520707875186 -0.001262099023400
0.767913397489498 0.000582087243988
0.781041688926065 0.002280566935115
0.793892626146237 0.003828560914074
0.806453526826489 0.005222152895965
0.818711994874345 0.006459290356129
0.830655932661826 0.007539533532327
0.842273552964344 0.008464029061746
0.853553390593274 0.009235460212815
0.864484313710706 0.009857905724542
0.875055534815230 0.010334931674352
0.885256621387895 0.010668204115897
0.895077506187845 0.010861285842478
0.904508497187474 0.010920039276223
0.913540287137281 0.010848553769539
0.922163962751008 0.010647111731281
0.930371013501972 0.010319023150711
0.938153340021932 0.009871609134481
0.945503262094184 0.009315056202920
0.952413526233010 0.008660962388086
0.958877312841991 0.007923693210983
0.964888242944126 0.007120277378497
0.970440384477113 0.006270611053092
0.975528258147577 0.005399323336849
0.980146842838472 0.004531148498351
0.984291580564316 0.003689000349378
0.987958380969374 0.002894225448250
0.991143625364344 0.002168147688319
0.993844170297569 0.001528812938951
0.996057350657239 0.000989949906656
0.997780982301540 0.000561659216144
0.999013364214136 0.000251103758348
0.999753280182866 0.000062990996298
1.000000000000000 0.000000000000000
