1.000000000000000 0.000000000000000
0.999753280182866 0.000075866260442
0.999013364214136 0.000305476184747
0.997780982301540 0.000694565563346
0.996057350657239 0.001251680034176
0.993844170297569 0.001986540848859
0.991143625364344 0.002907811983006
0.987958380969374 0.004020043616301
0.984291580564316 0.005320381905079
0.980146842838472 0.006801109203674
0.975528258147577 0.008449952713172
0.970440384477113 0.010244978425982
0.964888242944126 0.012160233010425
0.958877312841991 0.014182304692249
0.952413526233010 0.016300715264855
0.945503262094184 0.018506258265037
0.938153340021932 0.020795168114077
0.930371013501972 0.023168731496794
0.922163962751008 0.025632115557135
0.913540287137281 0.028187985020764
0.904508497187474 0.030834476237818
0.895077506187845 0.033570791326596
0.885256621387895 0.036394610095507
0.875055534815230 0.039298587494745
0.864484313710706 0.042273852127775
0.853553390593274 0.045311605230706
0.842273552964344 0.048405748961267
0.830655932661826 0.051551397474824
0.818711994874345 0.054743435605688
0.806453526826488 0.057972262755897
0.793892626146236 0.061225103220214
0.781041688926065 0.064488105449172
0.767913397489498 0.067743823465436
0.754520707875186 0.070970686672124
0.740876837050858 0.074146212923351
0.726995249869773 0.077251273809372
0.712889645782536 0.080270312069116
0.698573945317390 0.083189629801417
0.684062276342339 0.085996738124619
0.669368960122646 0.088683108529972
0.654508497187474 0.091241210963083
0.639495553019615 0.093663108314089
0.624344943582427 0.095939960865605
0.609071620698271 0.098063523018965
0.593690657292862 0.100026970293347
0.578217232520115 0.101826221486304
0.562666616782152 0.103458313728194
0.547054156659257 0.104920288494841
0.531395259764657 0.106208669230054
0.515705379539064 0.107320498326511
0.500000000000000 0.108256164016603
0.484294620460936 0.109018986761175
0.468604740235343 0.109615085164716
0.452945843340743 0.110047797893903
0.437333383217848 0.110318417304731
0.421782767479884 0.110427516854441
0.406309342707138 0.110376372632760
0.390928379301729 0.110167468659861
0.375655056417573 0.109803788587022
0.360504446980385 0.109287671768837
0.345491502812526 0.108618445611276
0.330631039877354 0.107795618696843
0.315937723657661 0.106819849326872
0.301426054682610 0.105693690148182
0.287110354217464 0.104420518487751
0.273004750130227 0.103003561276731
0.259123162949142 0.101443802857637
0.245479292124814 0.099742310231240
0.232086602510502 0.097901354729227
0.218958311073935 0.095923520318263
0.206107373853763 0.093812683781803
0.193546473173512 0.091572937730003
0.181288005125655 0.089207225357639
0.169344067338174 0.086719525198112
0.157726447035656 0.084114110926633
0.146446609406726 0.081394530001804
0.135515686289294 0.078565055955336
0.124944465184770 0.075631546105905
0.114743378612105 0.072598901696913
0.104922493812155 0.069473699862547
0.095491502812526 0.066264067890548
0.086459712862719 0.062975282486127
0.077836037248992 0.059614919059374
0.069628986498028 0.056192123539373
0.061846659978068 0.052711781647061
0.054496737905816 0.049181529352969
0.047586473766990 0.045612951275092
0.041122687158009 0.042014363658613
0.035111757055874 0.038399423528466
0.029559615522887 0.034784961457459
0.024471741852423 0.031175919322100
0.019853157161528 0.027585391104482
0.015708419435684 0.024033525716861
0.012041619030626 0.020528654449541
0.008856374635656 0.017097780323612
0.006155829702431 0.013775161805414
0.003942649342761 0.010550221148773
0.002219017698460 0.007442634668815
0.000986635785864 0.004518018105989
0.000246719817134 0.001840281839250
0.000000000000000 0.000000000000000
0.000246719817134 -0.002916396467307
0.000986635785864 -0.004219243308929
0.002219017698460 -0.005442495983533
0.003942649342761 -0.006701657007179
0.006155829702431 -0.008002966789033
0.008856374635656 -0.009340449455493
0.012041619030626 -0.010684979544158
0.015708419435684 -0.012015045367790
0.019853157161528 -0.013312929760735
0.024471741852423 -0.014558894427871
0.029559615522887 -0.015753978466880
0.035111757055874 -0.016912719558276
0.041122687158009 -0.018028574420629
0.047586473766990 -0.019094365331263
0.054496737905816 -0.020111253933703
0.061846659978068 -0.021079116674097
0.069628986498028 -0.021994901776029
0.077836037248993 -0.022860543954862
0.086459712862719 -0.023680427468154
0.095491502812526 -0.024454441002350
0.104922493812155 -0.025183823768843
0.114743378612105 -0.025872441477157
0.124944465184770 -0.026522145641949
0.135515686289294 -0.027132593590067
0.146446609406726 -0.027705304868533
0.157726447035656 -0.028241751198568
0.169344067338174 -0.028742133433741
0.181288005125655 -0.029207001258963
0.193546473173512 -0.029637560337419
0.206107373853763 -0.030034206829635
0.218958311073935 -0.030396723581782
0.232086602510502 -0.030725594855380
0.245479292124814 -0.031020775276174
0.259123162949142 -0.031281601168639
0.273004750130227 -0.031507357547218
0.287110354217464 -0.031697735349848
0.301426054682610 -0.031852705368332
0.315937723657661 -0.031972642823563
0.330631039877354 -0.032058166466058
0.345491502812526 -0.032108519569297
0.360504446980386 -0.032122205444866
0.375655056417573 -0.032097425896491
0.390928379301729 -0.032032290910239
0.406309342707138 -0.031924792914685
0.421782767479884 -0.031772770550432
0.437333383217848 -0.031574087845170
0.452945843340743 -0.031326793001958
0.468604740235343 -0.031029230877370
0.484294620460936 -0.030678912636942
0.500000000000000 -0.030271813399582
0.515705379539064 -0.029800228040075
0.531395259764657 -0.029255279504663
0.547054156659257 -0.028627215516426
0.562666616782152 -0.027900256302132
0.578217232520115 -0.027056701895806
0.593690657292863 -0.026082551585257
0.609071620698271 -0.024976609678965
0.624344943582427 -0.023747962288495
0.639495553019615 -0.022405241771281
0.654508497187474 -0.020959920930512
0.669368960122646 -0.019426661742497
0.684062276342339 -0.017819846769743
0.698573945317390 -0.016154732646994
0.712889645782536 -0.014447304826114
0.726995249869774 -0.012712919873830
0.740876837050858 -0.010968775487567
0.754520707875186 -0.009237135584329
0.767913397489498 -0.007545448325507
0.781041688926065 -0.005918018401919
0.793892626146237 -0.004373238482105
0.806453526826489 -0.002923410243288
0.818711994874345 -0.001577122041500
0.830655932661826 -0.000341425585474
0.842273552964344 0.000778756150193
0.853553390593274 0.001780406185517
0.864484313710706 0.002662272276820
0.875055534815230 0.003424317463936
0.885256621387895 0.004065300751337
0.895077506187845 0.004584814910206
0.904508497187474 0.004984832270770
0.913540287137281 0.005268369824187
0.922163962751008 0.005437028815147
0.930371013501972 0.005494030677442
0.938153340021932 0.005445484001609
0.945503262094184 0.005299379112829
0.952413526233010 0.005063687818730
0.958877312841991 0.004748464131110
0.964888242944126 0.004366119930988
0.970440384477113 0.003930733928902
0.975528258147577 0.003457086842411
0.980146842838472 0.002960956305867
0.984291580564316 0.002458841296743
0.987958380969374 0.001967234184937
0.991143625364344 0.001501685054009
0.993844170297569 0.001077228619091
0.996057350657239 0.000708000495345
0.997780982301540 0.000406577950117
0.999013364214136 0.000183395476521
0.999753280182866 0.000046258350305
1.000000000000000 0.000000000000000
