1.000000000000000 0.000000000000000
0.999753280182866 0.000023777424311
0.999013364214136 0.000097013153537
0.997780982301540 0.000225169492317
0.996057350657239 0.000416502637662
0.993844170297569 0.000680795055917
0.991143625364344 0.001027568806292
0.987958380969374 0.001463809361753
0.984291580564316 0.001991322952071
0.980146842838472 0.002608326176115
0.975528258147577 0.003311440985743
0.970440384477113 0.004091272583985
0.964888242944126 0.004932575589596
0.958877312841991 0.005827222387743
0.952413526233010 0.006771613725087
0.945503262094184 0.007762400074672
0.938153340021932 0.008798391591000
0.930371013501972 0.009882824493670
0.922163962751008 0.011021719814851
0.913540287137281 0.012222990550916
0.904508497187474 0.013489634147508
0.895077506187845 0.014821832373939
0.885256621387895 0.016219801007403
0.875055534815230 0.017683352409667
0.864484313710706 0.019211599276997
0.853553390593274 0.020803339312246
0.842273552964344 0.022457115798779
0.830655932661826 0.024171102358706
0.818711994874345 0.025943090079158
0.806453526826488 0.027770665616205
0.793892626146236 0.029649454371035
0.781041688926065 0.031572898572073
0.767913397489498 0.033533271544642
0.754520707875186 0.035522436330227
0.740876837050858 0.037532519135695
0.726995249869773 0.039555339309393
0.712889645782536 0.041582265236052
0.698573945317390 0.043604285369326
0.684062276342339 0.045612092414582
0.669368960122646 0.047596072380371
0.654508497187474 0.049547582571071
0.639495553019615 0.051459991137003
0.624344943582427 0.053326906419384
0.609071620698271 0.055141963704798
0.593690657292862 0.056898849554729
0.578217232520115 0.058591242824949
0.562666616782152 0.060213303324852
0.547054156659257 0.061760338008353
0.531395259764657 0.063228341016631
0.515705379539064 0.064613696779191
0.500000000000000 0.065912509191458
0.484294620460936 0.067120959133395
0.468604740235343 0.068235471813495
0.452945843340743 0.069252855298889
0.437333383217848 0.070170359185831
0.421782767479884 0.070985724055479
0.406309342707138 0.071696598545244
0.390928379301729 0.072300441024725
0.375655056417573 0.072795045111882
0.360504446980385 0.073178717665144
0.345491502812526 0.073450410168468
0.330631039877354 0.073609955676984
0.315937723657661 0.073656988741577
0.301426054682610 0.073588906260340
0.287110354217464 0.073402916137554
0.273004750130227 0.073096865064521
0.259123162949142 0.072669900312529
0.245479292124814 0.072122664871832
0.232086602510502 0.071455970633397
0.218958311073935 0.070669182999609
0.206107373853763 0.069760074107095
0.193546473173512 0.068727501589567
0.181288005125655 0.067570754272968
0.169344067338174 0.066288603802859
0.157726447035656 0.064881957180454
0.146446609406726 0.063351083255983
0.135515686289294 0.061695204164396
0.124944465184770 0.059915722710400
0.114743378612105 0.058015102306232
0.104922493812155 0.055995569907494
0.095491502812526 0.053862384530055
0.086459712862719 0.051620409981479
0.077836037248992 0.049270996043147
0.069628986498028 0.046818788442991
0.061846659978068 0.044271150949455
0.054496737905816 0.041632983721162
0.047586473766990 0.038914646761695
0.041122687158009 0.036127433375710
0.035111757055874 0.033273572107792
0.029559615522887 0.030362711575096
0.024471741852423 0.027410153163353
0.019853157161528 0.024424936931406
0.015708419435684 0.021428382796708
0.012041619030626 0.018445470761795
0.008856374635656 0.015475314211456
0.006155829702431 0.012538448911548
0.003942649342761 0.009676513258231
0.002219017698460 0.006911427720025
0.000986635785864 0.004311751323699
0.000246719817134 0.001952909304246
0.000000000000000 0.000000000000000
0.000246719817134 -0.001659738709776
0.000986635785864 -0.003224512608553
0.002219017698460 -0.004997641278886
0.003942649342761 -0.006875657622417
0.006155829702431 -0.008817884610457
0.008856374635656 -0.010798023107342
0.012041619030626 -0.012808102049482
0.015708419435684 -0.014810814780995
0.019853157161528 -0.016800593963377
0.024471741852423 -0.018775104756501
0.029559615522887 -0.020713156106480
0.035111757055874 -0.022607402160125
0.041122687158009 -0.024460206803385
0.047586473766990 -0.026263122848272
0.054496737905816 -0.028012628578271
0.061846659978068 -0.029712834162091
0.069628986498028 -0.031360392259440
0.077836037248993 -0.032949870822111
0.086459712862719 -0.034480924844876
0.095491502812526 -0.035952537037441
0.104922493812155 -0.037361850512157
0.114743378612105 -0.038709779297763
0.124944465184770 -0.039996971705757
0.135515686289294 -0.041221101534789
0.146446609406726 -0.042381049409403
0.157726447035656 -0.043476883694495
0.169344067338174 -0.044507215524834
0.181288005125655 -0.045471082329160
0.193546473173512 -0.046368696752584
0.206107373853763 -0.047200040406534
0.218958311073935 -0.047964985193479
0.232086602510502 -0.048664618737810
0.245479292124814 -0.049298636278719
0.259123162949142 -0.049865670761117
0.273004750130227 -0.050364304315284
0.287110354217464 -0.050793797093729
0.301426054682610 -0.051153573831097
0.315937723657661 -0.051443533767774
0.330631039877354 -0.051663923926398
0.345491502812526 -0.051814461374373
0.360504446980386 -0.051895051936290
0.375655056417573 -0.051905851923558
0.390928379301729 -0.051846760225790
0.406309342707138 -0.051717819085293
0.421782767479884 -0.051519222828208
0.437333383217848 -0.051250725057417
0.452945843340743 -0.050911925179188
0.468604740235343 -0.050502375308838
0.484294620460936 -0.050021614688145
0.500000000000000 -0.049469239750932
0.515705379539064 -0.048844929074910
0.531395259764657 -0.048148432165701
0.547054156659257 -0.047379561295343
0.562666616782152 -0.046538255206842
0.578217232520115 -0.045624609705563
0.593690657292863 -0.044638833305162
0.609071620698271 -0.043581192249408
0.624344943582427 -0.042452258199859
0.639495553019615 -0.041253450332702
0.654508497187474 -0.039986862535128
0.669368960122646 -0.038655233120726
0.684062276342339 -0.037262076584941
0.698573945317390 -0.035812204068979
0.712889645782536 -0.034311388135086
0.726995249869774 -0.032765416832395
0.740876837050858 -0.031181057442635
0.754520707875186 -0.029565541337684
0.767913397489498 -0.027926032444715
0.781041688926065 -0.026269990753508
0.793892626146237 -0.024605171532853
0.806453526826489 -0.022939000035288
0.818711994874345 -0.021279413484197
0.830655932661826 -0.019635781855446
0.842273552964344 -0.018017264145037
0.853553390593274 -0.016432507786420
0.864484313710706 -0.014893374217504
0.875055534815230 -0.013412791078904
0.885256621387895 -0.012001417018578
0.895077506187845 -0.010666905886042
0.904508497187474 -0.009413256389826
0.913540287137281 -0.008242863854684
0.922163962751008 -0.007156905647771
0.930371013501972 -0.006155293001460
0.938153340021932 -0.005236916938551
0.945503262094184 -0.004399879893210
0.952413526233010 -0.003642578007083
0.958877312841991 -0.002965177154015
0.964888242944126 -0.002366639540032
0.970440384477113 -0.001844327670970
0.975528258147577 -0.001396707365213
0.980146842838472 -0.001022767022171
0.984291580564316 -0.000718490954694
0.987958380969374 -0.000477954135396
0.991143625364344 -0.000297342921795
0.993844170297569 -0.000170859250070
0.996057350657239 -0.000088931900753
0.997780982301540 -0.000040471583117
0.999013364214136 -0.000014806764790
0.999753280182866 -0.000003209819295
1.000000000000000 0.000000000000000
