1.000000000000000 0.000000000000000
0.999753280182866 0.000106611961982
0.999013364214136 0.000431142804551
0.997780982301540 0.000987152261917
0.996057350657239 0.001795640699477
0.993844170297569 0.002882259355728
0.991143625364344 0.004273034141692
0.987958380969374 0.005987960314478
0.984291580564316 0.008035044865909
0.980146842838472 0.010423303383621
0.975528258147577 0.013160742044119
0.970440384477113 0.016244821920142
0.964888242944126 0.019658149488501
0.958877312841991 0.023364456030927
0.952413526233010 0.027305350879516
0.945503262094184 0.031398638008057
0.938153340021932 0.035539015750553
0.930371013501972 0.039615618986152
0.922163962751008 0.043584915781035
0.913540287137281 0.047438893897392
0.904508497187474 0.051174505599349
0.895077506187845 0.054793729579335
0.885256621387895 0.058304055306360
0.875055534815230 0.061704545382548
0.864484313710706 0.064981876123982
0.853553390593274 0.068123584865183
0.842273552964344 0.071119719527779
0.830655932661826 0.073962667750702
0.818711994874345 0.076647224490396
0.806453526826488 0.079170544401905
0.793892626146236 0.081532134167459
0.781041688926065 0.083733816158692
0.767913397489498 0.085779704707156
0.754520707875186 0.087676148345800
0.740876837050858 0.089431671659438
0.726995249869773 0.091056997584111
0.712889645782536 0.092564994044827
0.698573945317390 0.093970190746449
0.684062276342339 0.095290090602845
0.669368960122646 0.096544165927469
0.654508497187474 0.097746938898929
0.639495553019615 0.098892697206405
0.624344943582427 0.099952897334429
0.609071620698271 0.100904825426334
0.593690657292862 0.101735051527476
0.578217232520115 0.102441981202093
0.562666616782152 0.103024195863172
0.547054156659257 0.103479912333561
0.531395259764657 0.103808253199894
0.515705379539064 0.104008835214010
0.500000000000000 0.104081637493384
0.484294620460936 0.104027116862735
0.468604740235343 0.103846195932452
0.452945843340743 0.103540228263384
0.437333383217848 0.103111008700558
0.421782767479884 0.102560762304498
0.406309342707138 0.101892111575679
0.390928379301729 0.101108107606151
0.375655056417573 0.100212205074496
0.360504446980385 0.099206996405629
0.345491502812526 0.098094266201179
0.330631039877354 0.096876189229061
0.315937723657661 0.095555425760233
0.301426054682610 0.094135167404125
0.287110354217464 0.092619221755388
0.273004750130227 0.091008427112477
0.259123162949142 0.089299173844431
0.245479292124814 0.087488497671248
0.232086602510502 0.085574753206344
0.218958311073935 0.083557704593966
0.206107373853763 0.081438492329118
0.193546473173512 0.079219659339267
0.181288005125655 0.076905133743992
0.169344067338174 0.074500242948908
0.157726447035656 0.072011633410036
0.146446609406726 0.069447209285812
0.135515686289294 0.066816561404535
0.124944465184770 0.064123206991071
0.114743378612105 0.061358281212395
0.104922493812155 0.058513444414330
0.095491502812526 0.055585268573302
0.086459712862719 0.052574434968764
0.077836037248992 0.049485767307308
0.069628986498028 0.046328137798736
0.061846659978068 0.043114390027056
0.054496737905816 0.039861278326521
0.047586473766990 0.036592035865794
0.041122687158009 0.033339675160728
0.035111757055874 0.030141457254373
0.029559615522887 0.027007853066258
0.024471741852423 0.023912810507212
0.019853157161528 0.020841383444116
0.015708419435684 0.017791703743043
0.012041619030626 0.014774778416719
0.008856374635656 0.011818135337415
0.006155829702431 0.009015998673992
0.003942649342761 0.006538768457659
0.002219017698460 0.004516514754099
0.000986635785864 0.002843050803645
0.000246719817134 0.001357710984234
0.000000000000000 0.000000000000000
0.000246719817134 -0.001275443274900
0.000986635785864 -0.002571337414255
0.002219017698460 -0.003807868894196
0.003942649342761 -0.004765686838325
0.006155829702431 -0.005279121102958
0.008856374635656 -0.005352360859962
0.012041619030626 -0.005158254544046
0.015708419435684 -0.004905019151750
0.019853157161528 -0.004612307410105
0.024471741852423 -0.004278405552865
0.029559615522887 -0.003901302428043
0.035111757055874 -0.003478904678543
0.041122687158009 -0.003009092521946
0.047586473766990 -0.002489753024017
0.054496737905816 -0.001918842455360
0.061846659978068 -0.001294435719720
0.069628986498028 -0.000614799987245
0.077836037248993 0.000121549458061
0.086459712862719 0.000915766305553
0.095491502812526 0.001768607120854
0.104922493812155 0.002680340961172
0.114743378612105 0.003650680131247
0.124944465184770 0.004678699441288
0.135515686289294 0.005762748088706
0.146446609406726 0.006900391929156
0.157726447035656 0.008088339386137
0.169344067338174 0.009322390549365
0.181288005125655 0.010597396000458
0.193546473173512 0.011907228240966
0.206107373853763 0.013244790430324
0.218958311073935 0.014602025533651
0.232086602510502 0.015969963920453
0.245479292124814 0.017338797974309
0.259123162949142 0.018697973958455
0.273004750130227 0.020036330581901
0.287110354217464 0.021342151151359
0.301426054682610 0.022603656008792
0.315937723657661 0.023808697273499
0.330631039877354 0.024944278430351
0.345491502812526 0.026003220971191
0.360504446980386 0.026986344518344
0.375655056417573 0.027903149457046
0.390928379301729 0.028763056019791
0.406309342707138 0.029571066775905
0.421782767479884 0.030323517228265
0.437333383217848 0.031014835128731
0.452945843340743 0.031639609928327
0.468604740235343 0.032194659383281
0.484294620460936 0.032678426980353
0.500000000000000 0.033090606700330
0.515705379539064 0.033430935687556
0.531395259764657 0.033699363929475
0.547054156659257 0.033896192361888
0.562666616782152 0.034021988741621
0.578217232520115 0.034077580688079
0.593690657292863 0.034064068371659
0.609071620698271 0.033982810917407
0.624344943582427 0.033835418034073
0.639495553019615 0.033623743661365
0.654508497187474 0.033349875405232
0.669368960122646 0.033016125222272
0.684062276342339 0.032625016978709
0.698573945317390 0.032179277674148
0.712889645782536 0.031681823453874
0.726995249869774 0.031135737974739
0.740876837050858 0.030544293258108
0.754520707875186 0.029910874531081
0.767913397489498 0.029238973734737
0.781041688926065 0.028532528704369
0.793892626146237 0.027794123950830
0.806453526826489 0.027021322811096
0.818711994874345 0.026207437503752
0.830655932661826 0.025347818252524
0.842273552964344 0.024439280913296
0.853553390593274 0.023480210335165
0.864484313710706 0.022470506917685
0.875055534815230 0.021411529272638
0.885256621387895 0.020306026206654
0.895077506187845 0.019158061329648
0.904508497187474 0.017972926380656
0.913540287137281 0.016757037399697
0.922163962751008 0.015517821851277
0.930371013501972 0.014263614836152
0.938153340021932 0.013003504395677
0.945503262094184 0.011747221172539
0.952413526233010 0.010504969085960
0.958877312841991 0.009287294129549
0.964888242944126 0.008104919767100
0.970440384477113 0.006968587224042
0.975528258147577 0.005888915222754
0.980146842838472 0.004876213787637
0.984291580564316 0.003940360922563
0.987958380969374 0.003089938180126
0.991143625364344 0.002326871380546
0.993844170297569 0.001654507151935
0.996057350657239 0.001081482975223
0.997780982301540 0.000619075508094
0.999013364214136 0.000278763123385
0.999753280182866 0.000070256414105
1.000000000000000 0.000000000000000
