1.000000000000000 0.000000000000000
0.999753280182866 0.000065516920451
0.999013364214136 0.000264614433192
0.997780982301540 0.000604356860134
0.996057350657239 0.001094572541358
0.993844170297569 0.001744845184338
0.991143625364344 0.002560191452784
0.987958380969374 0.003535508227971
0.984291580564316 0.004649348142599
0.980146842838472 0.005874978699020
0.975528258147577 0.007195337798357
0.970440384477113 0.008591599526164
0.964888242944126 0.010044880856330
0.958877312841991 0.011551506385856
0.952413526233010 0.013119762290925
0.945503262094184 0.014767274795779
0.938153340021932 0.016507269192079
0.930371013501972 0.018340874585405
0.922163962751008 0.020269733698377
0.913540287137281 0.022295907674752
0.904508497187474 0.024418168172827
0.895077506187845 0.026634130116729
0.885256621387895 0.028941232792899
0.875055534815230 0.031336605709954
0.864484313710706 0.033817063521874
0.853553390593274 0.036379167333323
0.842273552964344 0.039018618471857
0.830655932661826 0.041728950031921
0.818711994874345 0.044502697586872
0.806453526826488 0.047331763664125
0.793892626146236 0.050207941040298
0.781041688926065 0.053122775470994
0.767913397489498 0.056067133575895
0.754520707875186 0.059030589423344
0.740876837050858 0.062000981856492
0.726995249869773 0.064965475970964
0.712889645782536 0.067911273393740
0.698573945317390 0.070825951301828
0.684062276342339 0.073697149167304
0.669368960122646 0.076510429071748
0.654508497187474 0.079249203959327
0.639495553019615 0.081894900698150
0.624344943582427 0.084427148959843
0.609071620698271 0.086821162065194
0.593690657292862 0.089048428558842
0.578217232520115 0.091086301264806
0.562666616782152 0.092918465691480
0.547054156659257 0.094536105747127
0.531395259764657 0.095934828788339
0.515705379539064 0.097114291796248
0.500000000000000 0.098079852679538
0.484294620460936 0.098839473189334
0.468604740235343 0.099403064880220
0.452945843340743 0.099783173497845
0.437333383217848 0.099992003317751
0.421782767479884 0.100036523633242
0.406309342707138 0.099922535084700
0.390928379301729 0.099655308268166
0.375655056417573 0.099238091774118
0.360504446980385 0.098673531123141
0.345491502812526 0.097964611110020
0.330631039877354 0.097114461222886
0.315937723657661 0.096126482035026
0.301426054682610 0.095004561965626
0.287110354217464 0.093751945709929
0.273004750130227 0.092371472316890
0.259123162949142 0.090866759410764
0.245479292124814 0.089240647712451
0.232086602510502 0.087495708640824
0.218958311073935 0.085635437052536
0.206107373853763 0.083662973325488
0.193546473173512 0.081581784066779
0.181288005125655 0.079395995114630
0.169344067338174 0.077109677231123
0.157726447035656 0.074725676444191
0.146446609406726 0.072248498443507
0.135515686289294 0.069682718957463
0.124944465184770 0.067032436998477
0.114743378612105 0.064303595932083
0.104922493812155 0.061502071824055
0.095491502812526 0.058631423908237
0.086459712862719 0.055697545723456
0.077836037248992 0.052707679993561
0.069628986498028 0.049667178697831
0.061846659978068 0.046584207656778
0.054496737905816 0.043468993307088
0.047586473766990 0.040324970452159
0.041122687158009 0.037159383023428
0.035111757055874 0.033984996219670
0.029559615522887 0.030807464046979
0.024471741852423 0.027637213473759
0.019853157161528 0.024494147262527
0.015708419435684 0.021385500006766
0.012041619030626 0.018326660464482
0.008856374635656 0.015353401323926
0.006155829702431 0.012459872873182
0.003942649342761 0.009630483141419
0.002219017698460 0.006903386896393
0.000986635785864 0.004355772954463
0.000246719817134 0.002074931715511
0.000000000000000 0.000000000000000
0.000246719817134 -0.001316522762489
0.000986635785864 -0.002667569692555
0.002219017698460 -0.004200678662591
0.003942649342761 -0.005869826332504
0.006155829702431 -0.007650430883086
0.008856374635656 -0.009519859798027
0.012041619030626 -0.011435961042795
0.015708419435684 -0.013390857921969
0.019853157161528 -0.015381846406438
0.024471741852423 -0.017384171329997
0.029559615522887 -0.019387707716454
0.035111757055874 -0.021395200643209
0.041122687158009 -0.023396659307848
0.047586473766990 -0.025383624862208
0.054496737905816 -0.027356520231109
0.061846659978068 -0.029312603271900
0.069628986498028 -0.031245378542931
0.077836037248993 -0.033153429164876
0.086459712862719 -0.035036745042121
0.095491502812526 -0.036891227916807
0.104922493812155 -0.038715259330333
0.114743378612105 -0.040509303285217
0.124944465184770 -0.042271945760822
0.135515686289294 -0.044001856209248
0.146446609406726 -0.045699997064245
0.157726447035656 -0.047364864554662
0.169344067338174 -0.048992946124437
0.181288005125655 -0.050581590417646
0.193546473173512 -0.052128157215340
0.206107373853763 -0.053629335636009
0.218958311073935 -0.055082212672484
0.232086602510502 -0.056484325071326
0.245479292124814 -0.057832448193963
0.259123162949142 -0.059123582028971
0.273004750130227 -0.060354890365950
0.287110354217464 -0.061522584959661
0.301426054682610 -0.062622335518790
0.315937723657661 -0.063649897235064
0.330631039877354 -0.064601403172472
0.345491502812526 -0.065473242477321
0.360504446980386 -0.066261939031912
0.375655056417573 -0.066963909017614
0.390928379301729 -0.067574690810043
0.406309342707138 -0.068089646850639
0.421782767479884 -0.068503979580911
0.437333383217848 -0.068811012143811
0.452945843340743 -0.069003506241948
0.468604740235343 -0.069074905251103
0.484294620460936 -0.069020863713120
0.500000000000000 -0.068838170882870
0.515705379539064 -0.068520834996735
0.531395259764657 -0.068057770236022
0.547054156659257 -0.067431015225195
0.562666616782152 -0.066619887806963
0.578217232520115 -0.065598203032629
0.593690657292863 -0.064327278066926
0.609071620698271 -0.062778015919661
0.624344943582427 -0.060935878436975
0.639495553019615 -0.058801363096298
0.654508497187474 -0.056385633027608
0.669368960122646 -0.053710347961171
0.684062276342339 -0.050810718359938
0.698573945317390 -0.047730157407725
0.712889645782536 -0.044520735534651
0.726995249869774 -0.041250681386302
0.740876837050858 -0.037985173050293
0.754520707875186 -0.034773073850886
0.767913397489498 -0.031643650710377
0.781041688926065 -0.028622294521749
0.793892626146237 -0.025728669271740
0.806453526826489 -0.022974777409940
0.818711994874345 -0.020367823593533
0.830655932661826 -0.017913901948072
0.842273552964344 -0.015618319965591
0.853553390593274 -0.013485954199863
0.864484313710706 -0.011519524532203
0.875055534815230 -0.009719654764274
0.885256621387895 -0.008084664763528
0.895077506187845 -0.006611079953921
0.904508497187474 -0.005293963095258
0.913540287137281 -0.004127829151518
0.922163962751008 -0.003107786292889
0.930371013501972 -0.002227780887827
0.938153340021932 -0.001480188513800
0.945503262094184 -0.000857337297343
0.952413526233010 -0.000352897697769
0.958877312841991 0.000041259744886
0.964888242944126 0.000335139946553
0.970440384477113 0.000538390319389
0.975528258147577 0.000658996611108
0.980146842838472 0.000707502618371
0.984291580564316 0.000696748130083
0.987958380969374 0.000638875992045
0.991143625364344 0.000543873262697
0.993844170297569 0.000425242411296
0.996057350657239 0.000298733452048
0.997780982301540 0.000180262290304
0.999013364214136 0.000084140481964
0.999753280182866 0.000021653889855
1.000000000000000 0.000000000000000
