1.000000000000000 0.000000000000000
0.999753280182866 0.000062866254675
0.999013364214136 0.000253742687774
0.997780982301540 0.000578921188454
0.996057350657239 0.001047145818672
0.993844170297569 0.001666911204099
0.991143625364344 0.002442637787251
0.987958380969374 0.003369698545823
0.984291580564316 0.004428949954875
0.980146842838472 0.005596242582754
0.975528258147577 0.006855156660362
0.970440384477113 0.008186871330077
0.964888242944126 0.009571979311423
0.958877312841991 0.011006438665496
0.952413526233010 0.012498221721075
0.945503262094184 0.014064492179729
0.938153340021932 0.015718893197380
0.930371013501972 0.017463067420612
0.922163962751008 0.019299162633587
0.913540287137281 0.021229886416403
0.904508497187474 0.023254307942531
0.895077506187845 0.025369975855306
0.885256621387895 0.027574138035840
0.875055534815230 0.029864136490788
0.864484313710706 0.032237482905010
0.853553390593274 0.034691599843206
0.842273552964344 0.037223420186032
0.830655932661826 0.039828397674896
0.818711994874345 0.042501221953705
0.806453526826488 0.045236088523654
0.793892626146236 0.048025980241677
0.781041688926065 0.050862834344489
0.767913397489498 0.053737962175714
0.754520707875186 0.056642408851234
0.740876837050858 0.059567326071298
0.726995249869773 0.062503560466751
0.712889645782536 0.065441345725785
0.698573945317390 0.068370270417864
0.684062276342339 0.071279433309469
0.669368960122646 0.074157459499685
0.654508497187474 0.076992384843617
0.639495553019615 0.079771590063348
0.624344943582427 0.082482348869502
0.609071620698271 0.085111911107236
0.593690657292862 0.087647510871545
0.578217232520115 0.090076181930395
0.562666616782152 0.092384626317533
0.547054156659257 0.094558792737664
0.531395259764657 0.096583717137931
0.515705379539064 0.098442438019376
0.500000000000000 0.100111232469166
0.484294620460936 0.101568308670488
0.468604740235343 0.102799405962628
0.452945843340743 0.103797482397077
0.437333383217848 0.104561125499239
0.421782767479884 0.105092914357179
0.406309342707138 0.105398666597683
0.390928379301729 0.105487521762607
0.375655056417573 0.105369240106829
0.360504446980385 0.105054127544342
0.345491502812526 0.104553394868126
0.330631039877354 0.103876544293669
0.315937723657661 0.103031109943008
0.301426054682610 0.102024875018734
0.287110354217464 0.100863109804832
0.273004750130227 0.099547471412217
0.259123162949142 0.098079954259947
0.245479292124814 0.096463965106991
0.232086602510502 0.094704702644563
0.218958311073935 0.092808772049678
0.206107373853763 0.090780943733290
0.193546473173512 0.088624298394584
0.181288005125655 0.086342055370640
0.169344067338174 0.083938664611932
0.157726447035656 0.081418952074891
0.146446609406726 0.078789328747529
0.135515686289294 0.076056071004735
0.124944465184770 0.073223559341536
0.114743378612105 0.070297459495747
0.104922493812155 0.067284551737707
0.095491502812526 0.064188966058121
0.086459712862719 0.061017162175700
0.077836037248992 0.057777553228142
0.069628986498028 0.054476522174975
0.061846659978068 0.051123399029689
0.054496737905816 0.047729457940749
0.047586473766990 0.044298655177274
0.041122687158009 0.040838617324130
0.035111757055874 0.037362679760010
0.029559615522887 0.033878747473742
0.024471741852423 0.030400634149065
0.019853157161528 0.026949381139822
0.015708419435684 0.023530179945070
0.012041619030626 0.020156768699314
0.008856374635656 0.016861880554416
0.006155829702431 0.013646939941960
0.003942649342761 0.010519554251646
0.002219017698460 0.007533877904341
0.000986635785864 0.004732254014043
0.000246719817134 0.002162991325876
0.000000000000000 0.000000000000000
0.000246719817134 -0.001862071151126
0.000986635785864 -0.003297696271437
0.002219017698460 -0.004906977803199
0.003942649342761 -0.006646601015818
0.006155829702431 -0.008503339306381
0.008856374635656 -0.010455585007241
0.012041619030626 -0.012465689537884
0.015708419435684 -0.014521320044146
0.019853157161528 -0.016603673864612
0.024471741852423 -0.018690046105620
0.029559615522887 -0.020777808087531
0.035111757055874 -0.022870917183210
0.041122687158009 -0.024956882519861
0.047586473766990 -0.027029316413758
0.054496737905816 -0.029089856046040
0.061846659978068 -0.031132162476731
0.069628986498028 -0.033148489780778
0.077836037248993 -0.035136065288371
0.086459712862719 -0.037092549955265
0.095491502812526 -0.039014554121539
0.104922493812155 -0.040902694207063
0.114743378612105 -0.042758209235039
0.124944465184770 -0.044578595883212
0.135515686289294 -0.046362001368398
0.146446609406726 -0.048108327049129
0.157726447035656 -0.049815070743033
0.169344067338174 -0.051479311225966
0.181288005125655 -0.053099319777761
0.193546473173512 -0.054671718486487
0.206107373853763 -0.056191337065694
0.218958311073935 -0.057653483357322
0.232086602510502 -0.059054320370707
0.245479292124814 -0.060391053219633
0.259123162949142 -0.061661960362773
0.273004750130227 -0.062864677239384
0.287110354217464 -0.063994510101228
0.301426054682610 -0.065046100426037
0.315937723657661 -0.066014187297824
0.330631039877354 -0.066893857144428
0.345491502812526 -0.067680521462716
0.360504446980386 -0.068369451250712
0.375655056417573 -0.068955536784483
0.390928379301729 -0.069432910342648
0.406309342707138 -0.069795544187135
0.421782767479884 -0.070037535882910
0.437333383217848 -0.070153552614570
0.452945843340743 -0.070137037573719
0.468604740235343 -0.069978309828654
0.484294620460936 -0.069663973695425
0.500000000000000 -0.069177123023840
0.515705379539064 -0.068495996137573
0.531395259764657 -0.067590915935661
0.547054156659257 -0.066425317003785
0.562666616782152 -0.064980344660087
0.578217232520115 -0.063249987761002
0.593690657292863 -0.061238184536610
0.609071620698271 -0.058959856490108
0.624344943582427 -0.056439219365910
0.639495553019615 -0.053706164400030
0.654508497187474 -0.050800415545523
0.669368960122646 -0.047772518193638
0.684062276342339 -0.044680708119970
0.698573945317390 -0.041575565635482
0.712889645782536 -0.038495087339696
0.726995249869774 -0.035466791547376
0.740876837050858 -0.032515585799220
0.754520707875186 -0.029660364177563
0.767913397489498 -0.026912298868748
0.781041688926065 -0.024281171307524
0.793892626146237 -0.021774654964124
0.806453526826489 -0.019397916653092
0.818711994874345 -0.017154147418969
0.830655932661826 -0.015045964590530
0.842273552964344 -0.013079004259589
0.853553390593274 -0.011263020319831
0.864484313710706 -0.009605265272799
0.875055534815230 -0.008107387207725
0.885256621387895 -0.006750969798888
0.895077506187845 -0.005508489565071
0.904508497187474 -0.004356467400976
0.913540287137281 -0.003290383905298
0.922163962751008 -0.002366528653014
0.930371013501972 -0.001644326151531
0.938153340021932 -0.001161535382551
0.945503262094184 -0.000903913494181
0.952413526233010 -0.000746045579408
0.958877312841991 -0.000576229633860
0.964888242944126 -0.000320988276447
0.970440384477113 0.000021450859468
0.975528258147577 0.000346722770701
0.980146842838472 0.000575796724969
0.984291580564316 0.000672350175569
0.987958380969374 0.000644893558830
0.991143625364344 0.000544646946614
0.993844170297569 0.000413778013963
0.996057350657239 0.000280762194036
0.997780982301540 0.000163963311538
0.999013364214136 0.000074563368162
0.999753280182866 0.000018871467688
1.000000000000000 0.000000000000000
