1.000000000000000 0.000000000000000
0.999753280182866 0.000059813916259
0.999013364214136 0.000241406628135
0.997780982301540 0.000550716055363
0.996057350657239 0.000995820027581
0.993844170297569 0.001584219408176
0.991143625364344 0.002318900009425
0.987958380969374 0.003193358012883
0.984291580564316 0.004186307750770
0.980146842838472 0.005273332111416
0.975528258147577 0.006437378915301
0.970440384477113 0.007659080053022
0.964888242944126 0.008919951962307
0.958877312841991 0.010217072925245
0.952413526233010 0.011558589198136
0.945503262094184 0.012961654299654
0.938153340021932 0.014437436618199
0.930371013501972 0.015987102581558
0.922163962751008 0.017613168384211
0.913540287137281 0.019318361347624
0.904508497187474 0.021101715101630
0.895077506187845 0.022961349937597
0.885256621387895 0.024895348763767
0.875055534815230 0.026901902390808
0.864484313710706 0.028979306136603
0.853553390593274 0.031125927639596
0.842273552964344 0.033339415394865
0.830655932661826 0.035615556222619
0.818711994874345 0.037949386111475
0.806453526826488 0.040335562370405
0.793892626146236 0.042768585821370
0.781041688926065 0.045242751155923
0.767913397489498 0.047751992746282
0.754520707875186 0.050289837204734
0.740876837050858 0.052849361803260
0.726995249869773 0.055423419213122
0.712889645782536 0.058004086272840
0.698573945317390 0.060582425506813
0.684062276342339 0.063148746173594
0.669368960122646 0.065693568334374
0.654508497187474 0.068208173987795
0.639495553019615 0.070684828988887
0.624344943582427 0.073115387881156
0.609071620698271 0.075490489460073
0.593690657292862 0.077798958857235
0.578217232520115 0.080029800674550
0.562666616782152 0.082172832544469
0.547054156659257 0.084219461914685
0.531395259764657 0.086161292105369
0.515705379539064 0.087989657570166
0.500000000000000 0.089694581338968
0.484294620460936 0.091265987823275
0.468604740235343 0.092694382429667
0.452945843340743 0.093970989154117
0.437333383217848 0.095087433804285
0.421782767479884 0.096034484930766
0.406309342707138 0.096801411655145
0.390928379301729 0.097375761408743
0.375655056417573 0.097749205036971
0.360504446980385 0.097917180512650
0.345491502812526 0.097878526240625
0.330631039877354 0.097633992824519
0.315937723657661 0.097185862743219
0.301426054682610 0.096537848780307
0.287110354217464 0.095695726981179
0.273004750130227 0.094667664456397
0.259123162949142 0.093463849909264
0.245479292124814 0.092094103574087
0.232086602510502 0.090567167125397
0.218958311073935 0.088891782891517
0.206107373853763 0.087075368687935
0.193546473173512 0.085122686844376
0.181288005125655 0.083036353753632
0.169344067338174 0.080820964052785
0.157726447035656 0.078481489479790
0.146446609406726 0.076024298652042
0.135515686289294 0.073456617102603
0.124944465184770 0.070784569665023
0.114743378612105 0.068014445326828
0.104922493812155 0.065154142415057
0.095491502812526 0.062208163198398
0.086459712862719 0.059180671361460
0.077836037248992 0.056079243474978
0.069628986498028 0.052910554367579
0.061846659978068 0.049682332347564
0.054496737905816 0.046406880357167
0.047586473766990 0.043091881102107
0.041122687158009 0.039745578916145
0.035111757055874 0.036383236407498
0.029559615522887 0.033012218617946
0.024471741852423 0.029639097855876
0.019853157161528 0.026282485756257
0.015708419435684 0.022954900501516
0.012041619030626 0.019672074084989
0.008856374635656 0.016471875429956
0.006155829702431 0.013360487300564
0.003942649342761 0.010322001635165
0.002219017698460 0.007389311088615
0.000986635785864 0.004643021461699
0.000246719817134 0.002158406520724
0.000000000000000 0.000000000000000
0.000246719817134 -0.001751025608635
0.000986635785864 -0.003141858942752
0.002219017698460 -0.004690422949162
0.003942649342761 -0.006351698099338
0.006155829702431 -0.008140810684167
0.008856374635656 -0.010008393442254
0.012041619030626 -0.011914337927178
0.015708419435684 -0.013859523793035
0.019853157161528 -0.015841888401409
0.024471741852423 -0.017834911437037
0.029559615522887 -0.019826726294886
0.035111757055874 -0.021816572316752
0.041122687158009 -0.023793508809314
0.047586473766990 -0.025751311068889
0.054496737905816 -0.027693121049349
0.061846659978068 -0.029616126358539
0.069628986498028 -0.031513349021297
0.077836037248993 -0.033382806924137
0.086459712862719 -0.035223394813141
0.095491502812526 -0.037030692641836
0.104922493812155 -0.038803189496093
0.114743378612105 -0.040541234036632
0.124944465184770 -0.042243500214771
0.135515686289294 -0.043909338503995
0.146446609406726 -0.045540325986935
0.157726447035656 -0.047134766330584
0.169344067338174 -0.048689028959975
0.181288005125655 -0.050200421596968
0.193546473173512 -0.051665816834365
0.206107373853763 -0.053081080936590
0.218958311073935 -0.054442466784648
0.232086602510502 -0.055746866225283
0.245479292124814 -0.056991542034808
0.259123162949142 -0.058174654495975
0.273004750130227 -0.059294027137662
0.287110354217464 -0.060345243718632
0.301426054682610 -0.061322682254591
0.315937723657661 -0.062220905758118
0.330631039877354 -0.063035364502447
0.345491502812526 -0.063762520906355
0.360504446980386 -0.064398797821547
0.375655056417573 -0.064939921774194
0.390928379301729 -0.065379844179335
0.406309342707138 -0.065712296068963
0.421782767479884 -0.065931467123961
0.437333383217848 -0.066032450760159
0.452945843340743 -0.066009789233385
0.468604740235343 -0.065855741618176
0.484294620460936 -0.065557698698893
0.500000000000000 -0.065099091081990
0.515705379539064 -0.064460519580992
0.531395259764657 -0.063614466739071
0.547054156659257 -0.062524861671631
0.562666616782152 -0.061169626842349
0.578217232520115 -0.059539333056229
0.593690657292863 -0.057638209289081
0.609071620698271 -0.055481893962691
0.624344943582427 -0.053097436208763
0.639495553019615 -0.050526053989388
0.654508497187474 -0.047811292242291
0.669368960122646 -0.044995990286597
0.684062276342339 -0.042125445912661
0.698573945317390 -0.039241392393169
0.712889645782536 -0.036378212989927
0.726995249869774 -0.033560574441007
0.740876837050858 -0.030811269094923
0.754520707875186 -0.028148058976631
0.767913397489498 -0.025581207286711
0.781041688926065 -0.023118410236340
0.793892626146237 -0.020766478508162
0.806453526826489 -0.018532772677391
0.818711994874345 -0.016424322265985
0.830655932661826 -0.014446480951996
0.842273552964344 -0.012602496160190
0.853553390593274 -0.010892904044007
0.864484313710706 -0.009316829160003
0.875055534815230 -0.007872446194903
0.885256621387895 -0.006558215264252
0.895077506187845 -0.005372999220954
0.904508497187474 -0.004314232355575
0.913540287137281 -0.003378036493434
0.922163962751008 -0.002559369185527
0.930371013501972 -0.001852167763220
0.938153340021932 -0.001249491764496
0.945503262094184 -0.000744079914619
0.952413526233010 -0.000330310020524
0.958877312841991 -0.000002038712760
0.964888242944126 0.000248314060278
0.970440384477113 0.000427997811434
0.975528258147577 0.000540347662059
0.980146842838472 0.000590951858994
0.984291580564316 0.000588807197330
0.987958380969374 0.000544133374233
0.991143625364344 0.000465866327164
0.993844170297569 0.000365771224094
0.996057350657239 0.000257731220482
0.997780982301540 0.000155852486683
0.999013364214136 0.000072850373685
0.999753280182866 0.000018762162041
1.000000000000000 0.000000000000000
