1.000000000000000 0.000000000000000
0.999753280182866 0.000083386955053
0.999013364214136 0.000335763991682
0.997780982301540 0.000763007099097
0.996057350657239 0.001372416441943
0.993844170297569 0.002168794152327
0.991143625364344 0.003148978196322
0.987958380969374 0.004294936964395
0.984291580564316 0.005569536113625
0.980146842838472 0.006940387180464
0.975528258147577 0.008380777998447
0.970440384477113 0.009861828225962
0.964888242944126 0.011365429924644
0.958877312841991 0.012893249607469
0.952413526233010 0.014460025218633
0.945503262094184 0.016084970539972
0.938153340021932 0.017770878230462
0.930371013501972 0.019520100692103
0.922163962751008 0.021337023888206
0.913540287137281 0.023216878427100
0.904508497187474 0.025148564631039
0.895077506187845 0.027119431255397
0.885256621387895 0.029126971011746
0.875055534815230 0.031184035357583
0.864484313710706 0.033309442618370
0.853553390593274 0.035517757812621
0.842273552964344 0.037793861952211
0.830655932661826 0.040112358398176
0.818711994874345 0.042445573191189
0.806453526826488 0.044786420526683
0.793892626146236 0.047140725758653
0.781041688926065 0.049517157331357
0.767913397489498 0.051917079717194
0.754520707875186 0.054331052100896
0.740876837050858 0.056747824919950
0.726995249869773 0.059157452230894
0.712889645782536 0.061552526054809
0.698573945317390 0.063927289675099
0.684062276342339 0.066275587570945
0.669368960122646 0.068590984356853
0.654508497187474 0.070867053404067
0.639495553019615 0.073097344510771
0.624344943582427 0.075273863151036
0.609071620698271 0.077387749902556
0.593690657292862 0.079429950777116
0.578217232520115 0.081392599295197
0.562666616782152 0.083268789753630
0.547054156659257 0.085052234828750
0.531395259764657 0.086736331148799
0.515705379539064 0.088314139663636
0.500000000000000 0.089778939969301
0.484294620460936 0.091124212708308
0.468604740235343 0.092343547129762
0.452945843340743 0.093430961602023
0.437333383217848 0.094380936851914
0.421782767479884 0.095188227961092
0.406309342707138 0.095848120743654
0.390928379301729 0.096356507898163
0.375655056417573 0.096709490755936
0.360504446980385 0.096903623054289
0.345491502812526 0.096936304344172
0.330631039877354 0.096806053846617
0.315937723657661 0.096512376505180
0.301426054682610 0.096054647018259
0.287110354217464 0.095430169449503
0.273004750130227 0.094633608181880
0.259123162949142 0.093661745053853
0.245479292124814 0.092514384992706
0.232086602510502 0.091194265089092
0.218958311073935 0.089705433880448
0.206107373853763 0.088054405736291
0.193546473173512 0.086250161686895
0.181288005125655 0.084302339428314
0.169344067338174 0.082216750775133
0.157726447035656 0.079997468131254
0.146446609406726 0.077649487133969
0.135515686289294 0.075178343293661
0.124944465184770 0.072589595789210
0.114743378612105 0.069890872499698
0.104922493812155 0.067087961943703
0.095491502812526 0.064184647540652
0.086459712862719 0.061188047522080
0.077836037248992 0.058104690840714
0.069628986498028 0.054939957829227
0.061846659978068 0.051704010178562
0.054496737905816 0.048405607272316
0.047586473766990 0.045052068103867
0.041122687158009 0.041657010154726
0.035111757055874 0.038230298872341
0.029559615522887 0.034776330868493
0.024471741852423 0.031310150799030
0.019853157161528 0.027845854635569
0.015708419435684 0.024393740490326
0.012041619030626 0.020981896661659
0.008856374635656 0.017630982214913
0.006155829702431 0.014341572362707
0.003942649342761 0.011148392560870
0.002219017698460 0.008091763463977
0.000986635785864 0.005183165915827
0.000246719817134 0.002479892007816
0.000000000000000 0.000000000000000
0.000246719817134 -0.001980368148206
0.000986635785864 -0.003622079003963
0.002219017698460 -0.005405331292653
0.003942649342761 -0.007369064469048
0.006155829702431 -0.009440252145048
0.008856374635656 -0.011623967477335
0.012041619030626 -0.013883166188154
0.015708419435684 -0.016178025499494
0.019853157161528 -0.018483065196569
0.024471741852423 -0.020800350173906
0.029559615522887 -0.023136716231239
0.035111757055874 -0.025473140004324
0.041122687158009 -0.027796835857915
0.047586473766990 -0.030103123437013
0.054496737905816 -0.032381872641248
0.061846659978068 -0.034625515537609
0.069628986498028 -0.036832822546390
0.077836037248993 -0.038998452101662
0.086459712862719 -0.041115260546678
0.095491502812526 -0.043180477733474
0.104922493812155 -0.045190296739257
0.114743378612105 -0.047139178403780
0.124944465184770 -0.049024027347129
0.135515686289294 -0.050841102716856
0.146446609406726 -0.052582560922823
0.157726447035656 -0.054241354515116
0.169344067338174 -0.055810426602245
0.181288005125655 -0.057280454742547
0.193546473173512 -0.058642173948603
0.206107373853763 -0.059886351035870
0.218958311073935 -0.061003123631077
0.232086602510502 -0.061982305859334
0.245479292124814 -0.062811882039461
0.259123162949142 -0.063469144421633
0.273004750130227 -0.063924568112708
0.287110354217464 -0.064150891518207
0.301426054682610 -0.064136202961689
0.315937723657661 -0.063874641659348
0.330631039877354 -0.063362940371233
0.345491502812526 -0.062599603274752
0.360504446980386 -0.061583892856282
0.375655056417573 -0.060318254315641
0.390928379301729 -0.058813687659467
0.406309342707138 -0.057085280838504
0.421782767479884 -0.055152216436421
0.437333383217848 -0.053041722419241
0.452945843340743 -0.050786592896395
0.468604740235343 -0.048422874371163
0.484294620460936 -0.045978053346043
0.500000000000000 -0.043474903284610
0.515705379539064 -0.040934843120681
0.531395259764657 -0.038375764058983
0.547054156659257 -0.035812172681807
0.562666616782152 -0.033256560476346
0.578217232520115 -0.030720916806952
0.593690657292863 -0.028217232767926
0.609071620698271 -0.025757051118832
0.624344943582427 -0.023351212548804
0.639495553019615 -0.021009570435471
0.654508497187474 -0.018740630959557
0.669368960122646 -0.016551909154974
0.684062276342339 -0.014450324872482
0.698573945317390 -0.012441733643159
0.712889645782536 -0.010531012452965
0.726995249869774 -0.008722293389558
0.740876837050858 -0.007019209753998
0.754520707875186 -0.005425025038952
0.767913397489498 -0.003942403435684
0.781041688926065 -0.002573062386498
0.793892626146237 -0.001318013596539
0.806453526826489 -0.000177580516470
0.818711994874345 0.000848795979380
0.830655932661826 0.001762406897913
0.842273552964344 0.002564551981945
0.853553390593274 0.003256499473304
0.864484313710706 0.003840646138903
0.875055534815230 0.004320147724384
0.885256621387895 0.004697692918971
0.895077506187845 0.004976145001414
0.904508497187474 0.005159744863687
0.913540287137281 0.005253691726792
0.922163962751008 0.005262716641225
0.930371013501972 0.005192245251930
0.938153340021932 0.005049131522183
0.945503262094184 0.004840978592725
0.952413526233010 0.004573638045902
0.958877312841991 0.004253833924675
0.964888242944126 0.003890310211324
0.970440384477113 0.003492958516025
0.975528258147577 0.003070883811088
0.980146842838472 0.002634413552887
0.984291580564316 0.002195540694348
0.987958380969374 0.001766580111539
0.991143625364344 0.001357830948757
0.993844170297569 0.000980955464267
0.996057350657239 0.000648964279512
0.997780982301540 0.000374742648527
0.999013364214136 0.000169737874780
0.999753280182866 0.000042925037886
1.000000000000000 0.000000000000000
