1.000000000000000 0.000000000000000
0.999753280182866 0.000091979029290
0.999013364214136 0.000371380145402
0.997780982301540 0.000847998828208
0.996057350657239 0.001536050250206
0.993844170297569 0.002450853227864
0.991143625364344 0.003603819513750
0.987958380969374 0.004995739722074
0.984291580564316 0.006610110420601
0.980146842838472 0.008421604524461
0.975528258147577 0.010394557825380
0.970440384477113 0.012475214426140
0.964888242944126 0.014616078759799
0.958877312841991 0.016793179336912
0.952413526233010 0.018986681623459
0.945503262094184 0.021185271294637
0.938153340021932 0.023393727889680
0.930371013501972 0.025628343915967
0.922163962751008 0.027908983595437
0.913540287137281 0.030237780157817
0.904508497187474 0.032613670721349
0.895077506187845 0.035037619526035
0.885256621387895 0.037508507895801
0.875055534815230 0.040024314782617
0.864484313710706 0.042584322868013
0.853553390593274 0.045186605918404
0.842273552964344 0.047827302842364
0.830655932661826 0.050502929541129
0.818711994874345 0.053210016540521
0.806453526826488 0.055944369106570
0.793892626146236 0.058701958392055
0.781041688926065 0.061478617471140
0.767913397489498 0.064269349827697
0.754520707875186 0.067068542978684
0.740876837050858 0.069870754186034
0.726995249869773 0.072670298837306
0.712889645782536 0.075461497175802
0.698573945317390 0.078238597765392
0.684062276342339 0.080995260680323
0.669368960122646 0.083724530847558
0.654508497187474 0.086419095545574
0.639495553019615 0.089071468780944
0.624344943582427 0.091673486868377
0.609071620698271 0.094216706941947
0.593690657292862 0.096692984330934
0.578217232520115 0.099094710435040
0.562666616782152 0.101414612494114
0.547054156659257 0.103644977824899
0.531395259764657 0.105777098445428
0.515705379539064 0.107800986623959
0.500000000000000 0.109707490639805
0.484294620460936 0.111488599825390
0.468604740235343 0.113138071598326
0.452945843340743 0.114648940347590
0.437333383217848 0.116012470235516
0.421782767479884 0.117218541020436
0.406309342707138 0.118256963182832
0.390928379301729 0.119119412392893
0.375655056417573 0.119799149343488
0.360504446980385 0.120290459293196
0.345491502812526 0.120583599702707
0.330631039877354 0.120667102621217
0.315937723657661 0.120530349975752
0.301426054682610 0.120164572533088
0.287110354217464 0.119563011518758
0.273004750130227 0.118720670101414
0.259123162949142 0.117634452314721
0.245479292124814 0.116303205429389
0.232086602510502 0.114727564396459
0.218958311073935 0.112910109360645
0.206107373853763 0.110855341790011
0.193546473173512 0.108569615924771
0.181288005125655 0.106062689132204
0.169344067338174 0.103346966526326
0.157726447035656 0.100435581231125
0.146446609406726 0.097340643355593
0.135515686289294 0.094075130187159
0.124944465184770 0.090652157436262
0.114743378612105 0.087083321238754
0.104922493812155 0.083380716053654
0.095491502812526 0.079557457044341
0.086459712862719 0.075624786523842
0.077836037248992 0.071595965114955
0.069628986498028 0.067483823444703
0.061846659978068 0.063296458574739
0.054496737905816 0.059045165858454
0.047586473766990 0.054743957171840
0.041122687158009 0.050405863086740
0.035111757055874 0.046049743795721
0.029559615522887 0.041691805585497
0.024471741852423 0.037341216595180
0.019853157161528 0.033018914204204
0.015708419435684 0.028739042018144
0.012041619030626 0.024498727128289
0.008856374635656 0.020308923711362
0.006155829702431 0.016211406202907
0.003942649342761 0.012304701407456
0.002219017698460 0.008754309115663
0.000986635785864 0.005594925705797
0.000246719817134 0.002699672067004
0.000000000000000 0.000000000000000
0.000246719817134 -0.002633705039155
0.000986635785864 -0.005330309541456
0.002219017698460 -0.008012946778783
0.003942649342761 -0.010579510715265
0.006155829702431 -0.012995031247873
0.008856374635656 -0.015313658672894
0.012041619030626 -0.017632418336471
0.015708419435684 -0.020059660085777
0.019853157161528 -0.022559160129129
0.024471741852423 -0.025057083603903
0.029559615522887 -0.027486054472889
0.035111757055874 -0.029815113415245
0.041122687158009 -0.032040453905265
0.047586473766990 -0.034171709450286
0.054496737905816 -0.036203584452366
0.061846659978068 -0.038115699326303
0.069628986498028 -0.039893193427838
0.077836037248993 -0.041524249116829
0.086459712862719 -0.042999044167624
0.095491502812526 -0.044312937383914
0.104922493812155 -0.045461214381237
0.114743378612105 -0.046433386644597
0.124944465184770 -0.047221636127998
0.135515686289294 -0.047820511841925
0.146446609406726 -0.048225526050214
0.157726447035656 -0.048435126056137
0.169344067338174 -0.048450007689085
0.181288005125655 -0.048269376835913
0.193546473173512 -0.047894173752156
0.206107373853763 -0.047327898771912
0.218958311073935 -0.046576108703562
0.232086602510502 -0.045646729406976
0.245479292124814 -0.044550458724790
0.259123162949142 -0.043296503138702
0.273004750130227 -0.041894125189285
0.287110354217464 -0.040354028916755
0.301426054682610 -0.038688621390985
0.315937723657661 -0.036911595078371
0.330631039877354 -0.035038119873973
0.345491502812526 -0.033085023769089
0.360504446980386 -0.031069988455392
0.375655056417573 -0.029011973584571
0.390928379301729 -0.026931114315452
0.406309342707138 -0.024842121310062
0.421782767479884 -0.022756100574098
0.437333383217848 -0.020683871098194
0.452945843340743 -0.018634738040624
0.468604740235343 -0.016616283472632
0.484294620460936 -0.014634777517840
0.500000000000000 -0.012696059343122
0.515705379539064 -0.010805938651591
0.531395259764657 -0.008969831457492
0.547054156659257 -0.007192779360305
0.562666616782152 -0.005479493693932
0.578217232520115 -0.003833944916963
0.593690657292863 -0.002259314138170
0.609071620698271 -0.000758469762046
0.624344943582427 0.000665948087617
0.639495553019615 0.002011482120449
0.654508497187474 0.003276037155881
0.669368960122646 0.004457845250234
0.684062276342339 0.005555364160080
0.698573945317390 0.006567088823347
0.712889645782536 0.007491856525651
0.726995249869774 0.008329061653857
0.740876837050858 0.009078462609273
0.754520707875186 0.009740198834512
0.767913397489498 0.010314959962555
0.781041688926065 0.010803868888519
0.793892626146237 0.011207156059210
0.806453526826489 0.011524875251620
0.818711994874345 0.011757756224956
0.830655932661826 0.011907257566880
0.842273552964344 0.011975146446506
0.853553390593274 0.011963635489869
0.864484313710706 0.011875843139298
0.875055534815230 0.011715332822352
0.885256621387895 0.011484735607831
0.895077506187845 0.011186909055858
0.904508497187474 0.010826023451473
0.913540287137281 0.010406206270909
0.922163962751008 0.009927565787461
0.930371013501972 0.009390646764276
0.938153340021932 0.008798841569007
0.945503262094184 0.008158031397603
0.952413526233010 0.007476242908897
0.958877312841991 0.006763261189117
0.964888242944126 0.006030285555298
0.970440384477113 0.005289050771221
0.975528258147577 0.004549549438376
0.980146842838472 0.003822708131079
0.984291580564316 0.003121167333940
0.987958380969374 0.002458828101292
0.991143625364344 0.001850933830126
0.993844170297569 0.001311698601000
0.996057350657239 0.000853365040705
0.997780982301540 0.000486122834654
0.999013364214136 0.000218000220726
0.999753280182866 0.000054792933430
1.000000000000000 0.000000000000000
