1.000000000000000 0.000000000000000
0.999753280182866 0.000070240972239
0.999013364214136 0.000283029140299
0.997780982301540 0.000644274624220
0.996057350657239 0.001162762718389
0.993844170297569 0.001848537070729
0.991143625364344 0.002710588076669
0.987958380969374 0.003753777568197
0.984291580564316 0.004975407817996
0.980146842838472 0.006367872703076
0.975528258147577 0.007919704430516
0.970440384477113 0.009610249048290
0.964888242944126 0.011413807915155
0.958877312841991 0.013317507417065
0.952413526233010 0.015312606891920
0.945503262094184 0.017391746920752
0.938153340021932 0.019551539526820
0.930371013501972 0.021792938265134
0.922163962751008 0.024120590032333
0.913540287137281 0.026538240224273
0.904508497187474 0.029044698076898
0.895077506187845 0.031639369025954
0.885256621387895 0.034321548472258
0.875055534815230 0.037086996790867
0.864484313710706 0.039930055046429
0.853553390593274 0.042845012022351
0.842273552964344 0.045827166614984
0.830655932661826 0.048872681882670
0.818711994874345 0.051977955510221
0.806453526826488 0.055137559036777
0.793892626146236 0.058343656901656
0.781041688926065 0.061587736747676
0.767913397489498 0.064859897596821
0.754520707875186 0.068147669965944
0.740876837050858 0.071437203934955
0.726995249869773 0.074716828758903
0.712889645782536 0.077981469850077
0.698573945317390 0.081230682451121
0.684062276342339 0.084460606560016
0.669368960122646 0.087643027612974
0.654508497187474 0.090737214031783
0.639495553019615 0.093702896301206
0.624344943582427 0.096520194155302
0.609071620698271 0.099177967946726
0.593690657292862 0.101667276987395
0.578217232520115 0.103980366677679
0.562666616782152 0.106110384305439
0.547054156659257 0.108051276792364
0.531395259764657 0.109797346011009
0.515705379539064 0.111343390336616
0.500000000000000 0.112685462734159
0.484294620460936 0.113821046983516
0.468604740235343 0.114749443564367
0.452945843340743 0.115471347949612
0.437333383217848 0.115988868663566
0.421782767479884 0.116306165305714
0.406309342707138 0.116427371431686
0.390928379301729 0.116355089203245
0.375655056417573 0.116091635775671
0.360504446980385 0.115639858951877
0.345491502812526 0.115004985076882
0.330631039877354 0.114193344581559
0.315937723657661 0.113211205017629
0.301426054682610 0.112060036491490
0.287110354217464 0.110739734934600
0.273004750130227 0.109251624479432
0.259123162949142 0.107600046629929
0.245479292124814 0.105791297208836
0.232086602510502 0.103831866387439
0.218958311073935 0.101725035473188
0.206107373853763 0.099473748840552
0.193546473173512 0.097081949672942
0.181288005125655 0.094553155730956
0.169344067338174 0.091892021908101
0.157726447035656 0.089103929722524
0.146446609406726 0.086194167474432
0.135515686289294 0.083168575178466
0.124944465184770 0.080034597408606
0.114743378612105 0.076797497934147
0.104922493812155 0.073463727920377
0.095491502812526 0.070041607022063
0.086459712862719 0.066536727829457
0.077836037248992 0.062956510339289
0.069628986498028 0.059311259245818
0.061846659978068 0.055609289050729
0.054496737905816 0.051862204876469
0.047586473766990 0.048083463906817
0.041122687158009 0.044279331007459
0.035111757055874 0.040460338575585
0.029559615522887 0.036642369680516
0.024471741852423 0.032836512557272
0.019853157161528 0.029062402866112
0.015708419435684 0.025343163169314
0.012041619030626 0.021686271175315
0.008856374635656 0.018117418634131
0.006155829702431 0.014668566447861
0.003942649342761 0.011331599433255
0.002219017698460 0.008134828916274
0.000986635785864 0.005136597639851
0.000246719817134 0.002364308627255
0.000000000000000 0.000000000000000
0.000246719817134 -0.002049630544750
0.000986635785864 -0.003372298778520
0.002219017698460 -0.004584943735332
0.003942649342761 -0.005852407516804
0.006155829702431 -0.007145937638520
0.008856374635656 -0.008469189593693
0.012041619030626 -0.009803093981940
0.015708419435684 -0.011123419782184
0.019853157161528 -0.012411948868585
0.024471741852423 -0.013647709246784
0.029559615522887 -0.014829135428988
0.035111757055874 -0.015969989307117
0.041122687158009 -0.017065654227229
0.047586473766990 -0.018109589694672
0.054496737905816 -0.019104205517150
0.061846659978068 -0.020051181735871
0.069628986498028 -0.020946873074915
0.077836037248993 -0.021791924033482
0.086459712862719 -0.022590153904791
0.095491502812526 -0.023342174650464
0.104922493812155 -0.024049609867914
0.114743378612105 -0.024717093360396
0.124944465184770 -0.025347628965009
0.135515686289294 -0.025940977329008
0.146446609406726 -0.026498551977147
0.157726447035656 -0.027022054224998
0.169344067338174 -0.027511840405416
0.181288005125655 -0.027968209609747
0.193546473173512 -0.028392273167738
0.206107373853763 -0.028784589789516
0.218958311073935 -0.029144937891499
0.232086602510502 -0.029473637996398
0.245479292124814 -0.029771298428212
0.259123162949142 -0.030038660284354
0.273004750130227 -0.030276749715469
0.287110354217464 -0.030486899016983
0.301426054682610 -0.030669136485117
0.315937723657661 -0.030822668475977
0.330631039877354 -0.030946859700112
0.345491502812526 -0.031041119689083
0.360504446980386 -0.031104980537015
0.375655056417573 -0.031138101288586
0.390928379301729 -0.031139930264897
0.406309342707138 -0.031109514947439
0.421782767479884 -0.031045355612539
0.437333383217848 -0.030946093883388
0.452945843340743 -0.030810546898000
0.468604740235343 -0.030637663207115
0.484294620460936 -0.030426437209020
0.500000000000000 -0.030175503728763
0.515705379539064 -0.029881571643466
0.531395259764657 -0.029540958889786
0.547054156659257 -0.029150334318505
0.562666616782152 -0.028706826213243
0.578217232520115 -0.028208210508662
0.593690657292863 -0.027653009568999
0.609071620698271 -0.027034443309328
0.624344943582427 -0.026341194598645
0.639495553019615 -0.025563291682771
0.654508497187474 -0.024682989022773
0.669368960122646 -0.023671316048848
0.684062276342339 -0.022491580316447
0.698573945317390 -0.021122813220628
0.712889645782536 -0.019569492445724
0.726995249869774 -0.017857685122401
0.740876837050858 -0.016016886758155
0.754520707875186 -0.014088230324498
0.767913397489498 -0.012133709249589
0.781041688926065 -0.010210845884380
0.793892626146237 -0.008362188211790
0.806453526826489 -0.006611925729254
0.818711994874345 -0.004973756918292
0.830655932661826 -0.003459878940266
0.842273552964344 -0.002077268921313
0.853553390593274 -0.000828292058503
0.864484313710706 0.000286472273288
0.875055534815230 0.001267603957856
0.885256621387895 0.002113823714233
0.895077506187845 0.002824444250297
0.904508497187474 0.003401340169697
0.913540287137281 0.003847795166738
0.922163962751008 0.004166432465024
0.930371013501972 0.004361624341372
0.938153340021932 0.004440468396340
0.945503262094184 0.004411999673949
0.952413526233010 0.004285847399733
0.958877312841991 0.004073463456706
0.964888242944126 0.003788171030448
0.970440384477113 0.003444135139866
0.975528258147577 0.003054571747363
0.980146842838472 0.002633901757097
0.984291580564316 0.002197928734346
0.987958380969374 0.001763357192918
0.991143625364344 0.001347626380412
0.993844170297569 0.000966880896031
0.996057350657239 0.000635237742333
0.997780982301540 0.000364576869713
0.999013364214136 0.000164355435796
0.999753280182866 0.000041439228630
1.000000000000000 0.000000000000000
