1.000000000000000 0.000000000000000
0.999753280182866 0.000068894988018
0.999013364214136 0.000277532129369
0.997780982301540 0.000631440045123
0.996057350657239 0.001138823672876
0.993844170297569 0.001808982992012
0.991143625364344 0.002650053531813
0.987958380969374 0.003666093379481
0.984291580564316 0.004853813140054
0.980146842838472 0.006206184070820
0.975528258147577 0.007713743602129
0.970440384477113 0.009359524149505
0.964888242944126 0.011122269003992
0.958877312841991 0.012989487423486
0.952413526233010 0.014950644419036
0.945503262094184 0.016995563508431
0.938153340021932 0.019120491114846
0.930371013501972 0.021328224880619
0.922163962751008 0.023625808781346
0.913540287137281 0.026018196163955
0.904508497187474 0.028503077940992
0.895077506187845 0.031077955270712
0.885256621387895 0.033740262053406
0.875055534815230 0.036485938732769
0.864484313710706 0.039310337023400
0.853553390593274 0.042208790112446
0.842273552964344 0.045176524926898
0.830655932661826 0.048208667504896
0.818711994874345 0.051300334974902
0.806453526826488 0.054445530662662
0.793892626146236 0.057636864993000
0.781041688926065 0.060866423061087
0.767913397489498 0.064125950528366
0.754520707875186 0.067406837333640
0.740876837050858 0.070700205213774
0.726995249869773 0.073995848785892
0.712889645782536 0.077280469858226
0.698573945317390 0.080538651142014
0.684062276342339 0.083754113293216
0.669368960122646 0.086905481225666
0.654508497187474 0.089968666116328
0.639495553019615 0.092919550017320
0.624344943582427 0.095737806962443
0.609071620698271 0.098404645375812
0.593690657292862 0.100902476912568
0.578217232520115 0.103221194587725
0.562666616782152 0.105354735497417
0.547054156659257 0.107298007750357
0.531395259764657 0.109046756004449
0.515705379539064 0.110597441053492
0.500000000000000 0.111946883646423
0.484294620460936 0.113091293960310
0.468604740235343 0.114025514150690
0.452945843340743 0.114748671999066
0.437333383217848 0.115264850899008
0.421782767479884 0.115585039889412
0.406309342707138 0.115718346496764
0.390928379301729 0.115665803480765
0.375655056417573 0.115424015373574
0.360504446980385 0.114989244896936
0.345491502812526 0.114367090504708
0.330631039877354 0.113566258995908
0.315937723657661 0.112595355132983
0.301426054682610 0.111456557000546
0.287110354217464 0.110149797455781
0.273004750130227 0.108676440668530
0.259123162949142 0.107040505324701
0.245479292124814 0.105247768677244
0.232086602510502 0.103304267819031
0.218958311073935 0.101213189465687
0.206107373853763 0.098977578982533
0.193546473173512 0.096601442025974
0.181288005125655 0.094088196784359
0.169344067338174 0.091442352497089
0.157726447035656 0.088669261232765
0.146446609406726 0.085774432284402
0.135515686289294 0.082764132492898
0.124944465184770 0.079646079573426
0.114743378612105 0.076425715252892
0.104922493812155 0.073109675430077
0.095491502812526 0.069706270528417
0.086459712862719 0.066220535847814
0.077836037248992 0.062659360299618
0.069628986498028 0.059032480256068
0.061846659978068 0.055347596611994
0.054496737905816 0.051615877643161
0.047586473766990 0.047850603762270
0.041122687158009 0.044059186278860
0.035111757055874 0.040253783706679
0.029559615522887 0.036450848795458
0.024471741852423 0.032660593550766
0.019853157161528 0.028902025151889
0.015708419435684 0.025196985121819
0.012041619030626 0.021551855250977
0.008856374635656 0.017991790037475
0.006155829702431 0.014548394331184
0.003942649342761 0.011220370177006
0.002219017698460 0.008046468570044
0.000986635785864 0.005088426265663
0.000246719817134 0.002363036623305
0.000000000000000 0.000000000000000
0.000246719817134 -0.002048161195660
0.000986635785864 -0.003390651394077
0.002219017698460 -0.004609769410681
0.003942649342761 -0.005880328288365
0.006155829702431 -0.007180926050499
0.008856374635656 -0.008513628934093
0.012041619030626 -0.009853741449806
0.015708419435684 -0.011179792824177
0.019853157161528 -0.012474521815013
0.024471741852423 -0.013717171588402
0.029559615522887 -0.014906733611476
0.035111757055874 -0.016056295030112
0.041122687158009 -0.017160158049974
0.047586473766990 -0.018212124618959
0.054496737905816 -0.019214964046582
0.061846659978068 -0.020169762749608
0.069628986498028 -0.021072700545709
0.077836037248993 -0.021924495397332
0.086459712862719 -0.022728578237089
0.095491502812526 -0.023485018975759
0.104922493812155 -0.024195219516295
0.114743378612105 -0.024863444319424
0.124944465184770 -0.025492457807381
0.135515686289294 -0.026082774229006
0.146446609406726 -0.026636996584739
0.157726447035656 -0.027157166480555
0.169344067338174 -0.027642471109459
0.181288005125655 -0.028091438430103
0.193546473173512 -0.028503552142203
0.206107373853763 -0.028879178048536
0.218958311073935 -0.029219635775935
0.232086602510502 -0.029527232812023
0.245479292124814 -0.029803135307951
0.259123162949142 -0.030047046777028
0.273004750130227 -0.030258143140757
0.287110354217464 -0.030436026942773
0.301426054682610 -0.030580385663771
0.315937723657661 -0.030691114819799
0.330631039877354 -0.030768379736958
0.345491502812526 -0.030811476345237
0.360504446980386 -0.030819153648840
0.375655056417573 -0.030789918576710
0.390928379301729 -0.030722379010433
0.406309342707138 -0.030615269317943
0.421782767479884 -0.030467411884392
0.437333383217848 -0.030277401191467
0.452945843340743 -0.030043435270977
0.468604740235343 -0.029762961293172
0.484294620460936 -0.029433135662113
0.500000000000000 -0.029050537323849
0.515705379539064 -0.028609624931833
0.531395259764657 -0.028104172031328
0.547054156659257 -0.027527238210613
0.562666616782152 -0.026865908847298
0.578217232520115 -0.026104511789264
0.593690657292863 -0.025229042859601
0.609071620698271 -0.024233615789903
0.624344943582427 -0.023119329182887
0.639495553019615 -0.021887497795588
0.654508497187474 -0.020544510445060
0.669368960122646 -0.019102506930827
0.684062276342339 -0.017574074751281
0.698573945317390 -0.015974384064892
0.712889645782536 -0.014321613694236
0.726995249869774 -0.012635379524365
0.740876837050858 -0.010935548627794
0.754520707875186 -0.009245771679164
0.767913397489498 -0.007595156828585
0.781041688926065 -0.006009974942579
0.793892626146237 -0.004510466961521
0.806453526826489 -0.003109141708215
0.818711994874345 -0.001813547384694
0.830655932661826 -0.000629923576037
0.842273552964344 0.000437808376212
0.853553390593274 0.001387915421293
0.864484313710706 0.002220242102237
0.875055534815230 0.002935955774554
0.885256621387895 0.003536014448533
0.895077506187845 0.004021824758820
0.904508497187474 0.004396611298221
0.913540287137281 0.004664543352208
0.922163962751008 0.004827401104576
0.930371013501972 0.004887508713829
0.938153340021932 0.004849976505193
0.945503262094184 0.004722226703280
0.952413526233010 0.004513136397064
0.958877312841991 0.004233259515873
0.964888242944126 0.003894744218685
0.970440384477113 0.003510493632178
0.975528258147577 0.003092151619782
0.980146842838472 0.002652252188556
0.984291580564316 0.002204783170720
0.987958380969374 0.001764535614878
0.991143625364344 0.001346622109974
0.993844170297569 0.000965455879331
0.996057350657239 0.000634106647859
0.997780982301540 0.000363904891791
0.999013364214136 0.000164059111845
0.999753280182866 0.000041366870599
1.000000000000000 0.000000000000000
