1.000000000000000 0.000000000000000
0.999753280182866 0.000011478375726
0.999013364214136 0.000047141899179
0.997780982301540 0.000110528029449
0.996057350657239 0.000207041499568
0.993844170297569 0.000343221883271
0.991143625364344 0.000525730915283
0.987958380969374 0.000760062678851
0.984291580564316 0.001049289981128
0.980146842838472 0.001395863472816
0.975528258147577 0.001801346165403
0.970440384477113 0.002264399337017
0.964888242944126 0.002781747484122
0.958877312841991 0.003352722515540
0.952413526233010 0.003976606903764
0.945503262094184 0.004651634389717
0.938153340021932 0.005377102837267
0.930371013501972 0.006154197763875
0.922163962751008 0.006984381856758
0.913540287137281 0.007869607298196
0.904508497187474 0.008813208921584
0.895077506187845 0.009819542439565
0.885256621387895 0.010893713770544
0.875055534815230 0.012039981978499
0.864484313710706 0.013260668756392
0.853553390593274 0.014557856386633
0.842273552964344 0.015933647914041
0.830655932661826 0.017390640421715
0.818711994874345 0.018931740295127
0.806453526826488 0.020559935240994
0.793892626146236 0.022277247003120
0.781041688926065 0.024083900777705
0.767913397489498 0.025979426492000
0.754520707875186 0.027963061478789
0.740876837050858 0.030035093484298
0.726995249869773 0.032196416670650
0.712889645782536 0.034447730874537
0.698573945317390 0.036788996346001
0.684062276342339 0.039218753905083
0.669368960122646 0.041734769177623
0.654508497187474 0.044334581179074
0.639495553019615 0.047015584189416
0.624344943582427 0.049775063696061
0.609071620698271 0.052609990328879
0.593690657292862 0.055516051488094
0.578217232520115 0.058487949598454
0.562666616782152 0.061519539577889
0.547054156659257 0.064603809065399
0.531395259764657 0.067733423158935
0.515705379539064 0.070901045253918
0.500000000000000 0.074095820287508
0.484294620460936 0.077303568742300
0.468604740235343 0.080507979756714
0.452945843340743 0.083683816420961
0.437333383217848 0.086790771482796
0.421782767479884 0.089767771235942
0.406309342707138 0.092546471828693
0.390928379301729 0.095070131710053
0.375655056417573 0.097286029659578
0.360504446980385 0.099147539243186
0.345491502812526 0.100634975432577
0.330631039877354 0.101743460295714
0.315937723657661 0.102476296807601
0.301426054682610 0.102840828028120
0.287110354217464 0.102847345070114
0.273004750130227 0.102509572422920
0.259123162949142 0.101852703622339
0.245479292124814 0.100908228032291
0.232086602510502 0.099703929282731
0.218958311073935 0.098261419137105
0.206107373853763 0.096599162173352
0.193546473173512 0.094733995901586
0.181288005125655 0.092676457257734
0.169344067338174 0.090437101796346
0.157726447035656 0.088025958221034
0.146446609406726 0.085451764821984
0.135515686289294 0.082724596174321
0.124944465184770 0.079854528445902
0.114743378612105 0.076851695323073
0.104922493812155 0.073728062108853
0.095491502812526 0.070490937176174
0.086459712862719 0.067146182509562
0.077836037248992 0.063703133669427
0.069628986498028 0.060172613566541
0.061846659978068 0.056568364174073
0.054496737905816 0.052905802224929
0.047586473766990 0.049191942226612
0.041122687158009 0.045435539266890
0.035111757055874 0.041650231124000
0.029559615522887 0.037845370023358
0.024471741852423 0.034038066881577
0.019853157161528 0.030247398053986
0.015708419435684 0.026481960164228
0.012041619030626 0.022764065966213
0.008856374635656 0.019114878333376
0.006155829702431 0.015545028495691
0.003942649342761 0.012101575045106
0.002219017698460 0.008810474890368
0.000986635785864 0.005654093467559
0.000246719817134 0.002688922617192
0.000000000000000 0.000000000000000
0.000246719817134 -0.002283953667143
0.000986635785864 -0.003900503597547
0.002219017698460 -0.005261499772303
0.003942649342761 -0.006652479761088
0.006155829702431 -0.008076430462219
0.008856374635656 -0.009502487700441
0.012041619030626 -0.010883445677207
0.015708419435684 -0.012179043273521
0.019853157161528 -0.013382834675078
0.024471741852423 -0.014492098195011
0.029559615522887 -0.015481902917492
0.035111757055874 -0.016341141489724
0.041122687158009 -0.017070733331270
0.047586473766990 -0.017662908153870
0.054496737905816 -0.018115608738011
0.061846659978068 -0.018437846853899
0.069628986498028 -0.018633098191012
0.077836037248993 -0.018702636098515
0.086459712862719 -0.018655268449009
0.095491502812526 -0.018502659547084
0.104922493812155 -0.018254999734120
0.114743378612105 -0.017928229864157
0.124944465184770 -0.017540887435858
0.135515686289294 -0.017102755979935
0.146446609406726 -0.016618906940756
0.157726447035656 -0.016096995199914
0.169344067338174 -0.015543627066573
0.181288005125655 -0.014963434076345
0.193546473173512 -0.014361540986701
0.206107373853763 -0.013743833436280
0.218958311073935 -0.013116118392735
0.232086602510502 -0.012484482570067
0.245479292124814 -0.011855696301783
0.259123162949142 -0.011236619726526
0.273004750130227 -0.010633909471360
0.287110354217464 -0.010054658383825
0.301426054682610 -0.009505459069508
0.315937723657661 -0.008990608346896
0.330631039877354 -0.008511268792772
0.345491502812526 -0.008068909777258
0.360504446980386 -0.007663148692052
0.375655056417573 -0.007290576005328
0.390928379301729 -0.006946113770307
0.406309342707138 -0.006624813454936
0.421782767479884 -0.006322955688985
0.437333383217848 -0.006038323878436
0.452945843340743 -0.005769222009171
0.468604740235343 -0.005513729630081
0.484294620460936 -0.005270556223046
0.500000000000000 -0.005038872505263
0.515705379539064 -0.004817705624398
0.531395259764657 -0.004606793988626
0.547054156659257 -0.004406898551761
0.562666616782152 -0.004218986914371
0.578217232520115 -0.004043360042756
0.593690657292863 -0.003878655053747
0.609071620698271 -0.003722781824993
0.624344943582427 -0.003573682533583
0.639495553019615 -0.003430661627103
0.654508497187474 -0.003294179996345
0.669368960122646 -0.003165351866645
0.684062276342339 -0.003044677855644
0.698573945317390 -0.002931463457154
0.712889645782536 -0.002824110513183
0.726995249869774 -0.002721135121341
0.740876837050858 -0.002622189661412
0.754520707875186 -0.002527848279560
0.767913397489498 -0.002439040518355
0.781041688926065 -0.002356287658383
0.793892626146237 -0.002278396826507
0.806453526826489 -0.002203509242543
0.818711994874345 -0.002130000810178
0.830655932661826 -0.002057112033143
0.842273552964344 -0.001985420237644
0.853553390593274 -0.001915567525256
0.864484313710706 -0.001847854625968
0.875055534815230 -0.001780675811876
0.885256621387895 -0.001711829492182
0.895077506187845 -0.001639638991672
0.904508497187474 -0.001562142288457
0.913540287137281 -0.001476718308677
0.922163962751008 -0.001381539197921
0.930371013501972 -0.001275703785111
0.938153340021932 -0.001159285945133
0.945503262094184 -0.001033098647858
0.952413526233010 -0.000898502202044
0.958877312841991 -0.000758953046514
0.964888242944126 -0.000620081393753
0.970440384477113 -0.000486407134746
0.975528258147577 -0.000361815231533
0.980146842838472 -0.000252599783105
0.984291580564316 -0.000163335334181
0.987958380969374 -0.000095230539970
0.991143625364344 -0.000047465562340
0.993844170297569 -0.000017918180955
0.996057350657239 -0.000002788077819
0.997780982301540 0.000002511532651
0.999013364214136 0.000002479039197
0.999753280182866 0.000000830962280
1.000000000000000 0.000000000000000
