1.000000000000000 0.000000000000000
0.999753280182866 0.000012098350013
0.999013364214136 0.000049485538648
0.997780982301540 0.000115339762420
0.996057350657239 0.000214634155943
0.993844170297569 0.000353660966118
0.991143625364344 0.000539353261655
0.987958380969374 0.000778453510269
0.984291580564316 0.001076597748053
0.980146842838472 0.001438959337412
0.975528258147577 0.001870042601653
0.970440384477113 0.002372248922906
0.964888242944126 0.002945922892174
0.958877312841991 0.003592068516002
0.952413526233010 0.004310761514571
0.945503262094184 0.005100041462835
0.938153340021932 0.005958893617173
0.930371013501972 0.006890024822274
0.922163962751008 0.007896599255922
0.913540287137281 0.008981920204558
0.904508497187474 0.010148920311985
0.895077506187845 0.011400250243775
0.885256621387895 0.012738476552276
0.875055534815230 0.014166011686450
0.864484313710706 0.015685049471504
0.853553390593274 0.017297579329521
0.842273552964344 0.019005293785537
0.830655932661826 0.020808582102069
0.818711994874345 0.022706624574861
0.806453526826488 0.024697900047604
0.793892626146236 0.026780766401047
0.781041688926065 0.028953935015171
0.767913397489498 0.031215979893495
0.754520707875186 0.033564922878544
0.740876837050858 0.035996688132063
0.726995249869773 0.038505524259719
0.712889645782536 0.041084944607385
0.698573945317390 0.043728639875435
0.684062276342339 0.046431621094611
0.669368960122646 0.049189169350317
0.654508497187474 0.051995582593414
0.639495553019615 0.054842382184849
0.624344943582427 0.057719768644967
0.609071620698271 0.060617271002570
0.593690657292862 0.063524144733337
0.578217232520115 0.066429560831261
0.562666616782152 0.069322477303654
0.547054156659257 0.072190518278418
0.531395259764657 0.075020807421396
0.515705379539064 0.077800242809886
0.500000000000000 0.080513025968210
0.484294620460936 0.083141581370131
0.468604740235343 0.085667919565270
0.452945843340743 0.088069982413933
0.437333383217848 0.090320179934108
0.421782767479884 0.092388142995155
0.406309342707138 0.094247073009735
0.390928379301729 0.095882744920475
0.375655056417573 0.097285197261878
0.360504446980385 0.098447052012938
0.345491502812526 0.099363990548434
0.330631039877354 0.100033594735588
0.315937723657661 0.100454727487762
0.301426054682610 0.100627627877231
0.287110354217464 0.100553735873497
0.273004750130227 0.100235430964655
0.259123162949142 0.099675861447308
0.245479292124814 0.098879021852273
0.232086602510502 0.097849811245227
0.218958311073935 0.096593598633841
0.206107373853763 0.095116618880841
0.193546473173512 0.093426073102277
0.181288005125655 0.091529352547142
0.169344067338174 0.089435182320817
0.157726447035656 0.087152289345713
0.146446609406726 0.084689137624893
0.135515686289294 0.082055925962910
0.124944465184770 0.079264133721720
0.114743378612105 0.076326579385425
0.104922493812155 0.073257603857067
0.095491502812526 0.070068061503287
0.086459712862719 0.066768436424710
0.077836037248992 0.063371294861127
0.069628986498028 0.059884807977700
0.061846659978068 0.056318448112417
0.054496737905816 0.052684858314900
0.047586473766990 0.048993870458939
0.041122687158009 0.045259164718581
0.035111757055874 0.041496645204354
0.029559615522887 0.037714129640341
0.024471741852423 0.033927289224997
0.019853157161528 0.030154397980136
0.015708419435684 0.026407285683403
0.012041619030626 0.022712313127728
0.008856374635656 0.019087708750507
0.006155829702431 0.015535896033668
0.003942649342761 0.012095410948741
0.002219017698460 0.008794122005202
0.000986635785864 0.005643316393063
0.000246719817134 0.002754111231704
0.000000000000000 0.000000000000000
0.000246719817134 -0.002247330819197
0.000986635785864 -0.003839597044581
0.002219017698460 -0.005215299876995
0.003942649342761 -0.006612711940480
0.006155829702431 -0.008039833110734
0.008856374635656 -0.009469677146246
0.012041619030626 -0.010863930392851
0.015708419435684 -0.012180018801165
0.019853157161528 -0.013406653973913
0.024471741852423 -0.014536265322200
0.029559615522887 -0.015544077605159
0.035111757055874 -0.016420316308596
0.041122687158009 -0.017167146387936
0.047586473766990 -0.017777200918422
0.054496737905816 -0.018249220320003
0.061846659978068 -0.018593148999393
0.069628986498028 -0.018812444153591
0.077836037248993 -0.018908066938799
0.086459712862719 -0.018888346786949
0.095491502812526 -0.018764193161486
0.104922493812155 -0.018545049332820
0.114743378612105 -0.018245961230521
0.124944465184770 -0.017884634482544
0.135515686289294 -0.017471307135795
0.146446609406726 -0.017012629124906
0.157726447035656 -0.016518131643578
0.169344067338174 -0.015995096693422
0.181288005125655 -0.015447006215400
0.193546473173512 -0.014877376514706
0.206107373853763 -0.014290549489310
0.218958311073935 -0.013691982200762
0.232086602510502 -0.013088044296968
0.245479292124814 -0.012485896649385
0.259123162949142 -0.011892747345838
0.273004750130227 -0.011315584421654
0.287110354217464 -0.010761891688233
0.301426054682610 -0.010238541353252
0.315937723657661 -0.009749837572927
0.330631039877354 -0.009296614825200
0.345491502812526 -0.008880020278671
0.360504446980386 -0.008499301565927
0.375655056417573 -0.008150575365630
0.390928379301729 -0.007828183835250
0.406309342707138 -0.007526844704357
0.421782767479884 -0.007243029769783
0.437333383217848 -0.006975402060862
0.452945843340743 -0.006723317381146
0.468604740235343 -0.006485525116098
0.484294620460936 -0.006260457372752
0.500000000000000 -0.006046350295387
0.515705379539064 -0.005841404115113
0.531395259764657 -0.005644738341366
0.547054156659257 -0.005456727243009
0.562666616782152 -0.005277914707184
0.578217232520115 -0.005108474964283
0.593690657292863 -0.004947650056871
0.609071620698271 -0.004794252925191
0.624344943582427 -0.004647083331796
0.639495553019615 -0.004505650011521
0.654508497187474 -0.004370048819374
0.669368960122646 -0.004240690432477
0.684062276342339 -0.004117605079967
0.698573945317390 -0.004000030065154
0.712889645782536 -0.003886601573691
0.726995249869774 -0.003776066011423
0.740876837050858 -0.003668064243481
0.754520707875186 -0.003562952291860
0.767913397489498 -0.003461355680978
0.781041688926065 -0.003363637065107
0.793892626146237 -0.003269169978230
0.806453526826489 -0.003176966078608
0.818711994874345 -0.003086162240810
0.830655932661826 -0.002995891153435
0.842273552964344 -0.002905174034448
0.853553390593274 -0.002813219094439
0.864484313710706 -0.002719300469028
0.875055534815230 -0.002621993091496
0.885256621387895 -0.002519849097742
0.895077506187845 -0.002411877355609
0.904508497187474 -0.002296356642743
0.913540287137281 -0.002170417433079
0.922163962751008 -0.002032138353241
0.930371013501972 -0.001880477422206
0.938153340021932 -0.001714269224378
0.945503262094184 -0.001533155292491
0.952413526233010 -0.001338091470411
0.958877312841991 -0.001135880641654
0.964888242944126 -0.000938579449147
0.970440384477113 -0.000755134940560
0.975528258147577 -0.000590367342353
0.980146842838472 -0.000442137252595
0.984291580564316 -0.000307563537015
0.987958380969374 -0.000185537292132
0.991143625364344 -0.000084176388551
0.993844170297569 -0.000016959515829
0.996057350657239 0.000015650809930
0.997780982301540 0.000022081056157
0.999013364214136 0.000014431059469
0.999753280182866 0.000004340753760
1.000000000000000 0.000000000000000
