1.000000000000000 0.000000000000000
0.999753280182866 -0.000000561883776
0.999013364214136 0.000000187126015
0.997780982301540 0.000009247063712
0.996057350657239 0.000037275903107
0.993844170297569 0.000097088122629
0.991143625364344 0.000201578922101
0.987958380969374 0.000361095065247
0.984291580564316 0.000580323950466
0.980146842838472 0.000859303296450
0.975528258147577 0.001198218733565
0.970440384477113 0.001592071008026
0.964888242944126 0.002028895244194
0.958877312841991 0.002500441998160
0.952413526233010 0.003005575374098
0.945503262094184 0.003543299130251
0.938153340021932 0.004113315982174
0.930371013501972 0.004719232719931
0.922163962751008 0.005367444897703
0.913540287137281 0.006066472536843
0.904508497187474 0.006824089580275
0.895077506187845 0.007644805663179
0.885256621387895 0.008533120310602
0.875055534815230 0.009493650896589
0.864484313710706 0.010529409034496
0.853553390593274 0.011641950784317
0.842273552964344 0.012832467166001
0.830655932661826 0.014101587622417
0.818711994874345 0.015449223036271
0.806453526826488 0.016874599947019
0.793892626146236 0.018376550969433
0.781041688926065 0.019954548727609
0.767913397489498 0.021609303448706
0.754520707875186 0.023341364380378
0.740876837050858 0.025150198723736
0.726995249869773 0.027032710662082
0.712889645782536 0.028983766416392
0.698573945317390 0.030997848422279
0.684062276342339 0.033070175475287
0.669368960122646 0.035196500899682
0.654508497187474 0.037372692916502
0.639495553019615 0.039593973001939
0.624344943582427 0.041854884510647
0.609071620698271 0.044149421096686
0.593690657292862 0.046471243881869
0.578217232520115 0.048812467726838
0.562666616782152 0.051163646539993
0.547054156659257 0.053514997985389
0.531395259764657 0.055857323855488
0.515705379539064 0.058182628272735
0.500000000000000 0.060483467514231
0.484294620460936 0.062751726391289
0.468604740235343 0.064976309006785
0.452945843340743 0.067145470218269
0.437333383217848 0.069247445637639
0.421782767479884 0.071270500553904
0.406309342707138 0.073203353621805
0.390928379301729 0.075035382263257
0.375655056417573 0.076755054400562
0.360504446980385 0.078350449252039
0.345491502812526 0.079810781067269
0.330631039877354 0.081122934036613
0.315937723657661 0.082270733427870
0.301426054682610 0.083239446906742
0.287110354217464 0.084013160937581
0.273004750130227 0.084573271856741
0.259123162949142 0.084902910384285
0.245479292124814 0.084989613020754
0.232086602510502 0.084826107236439
0.218958311073935 0.084408036802574
0.206107373853763 0.083734825567059
0.193546473173512 0.082809853411026
0.181288005125655 0.081638969446823
0.169344067338174 0.080225380592560
0.157726447035656 0.078569486347376
0.146446609406726 0.076674239261439
0.135515686289294 0.074554223767401
0.124944465184770 0.072237138403635
0.114743378612105 0.069749687565058
0.104922493812155 0.067109465659980
0.095491502812526 0.064327769841553
0.086459712862719 0.061418023218954
0.077836037248992 0.058390881465395
0.069628986498028 0.055257405978878
0.061846659978068 0.052031050994512
0.054496737905816 0.048720788125705
0.047586473766990 0.045337264485847
0.041122687158009 0.041895702270735
0.035111757055874 0.038406890865289
0.029559615522887 0.034886332811212
0.024471741852423 0.031351252714496
0.019853157161528 0.027808880754431
0.015708419435684 0.024280546267091
0.012041619030626 0.020790423345956
0.008856374635656 0.017338470449774
0.006155829702431 0.013933084944738
0.003942649342761 0.010589981248960
0.002219017698460 0.007381870559938
0.000986635785864 0.004526249079836
0.000246719817134 0.002100394726150
0.000000000000000 0.000000000000000
0.000246719817134 -0.001820627598126
0.000986635785864 -0.003456988880239
0.002219017698460 -0.005042323804737
0.003942649342761 -0.006577599324958
0.006155829702431 -0.008023752829913
0.008856374635656 -0.009298849306221
0.012041619030626 -0.010369725228685
0.015708419435684 -0.011317500930806
0.019853157161528 -0.012313013617599
0.024471741852423 -0.013381331786641
0.029559615522887 -0.014475893365349
0.035111757055874 -0.015531937179469
0.041122687158009 -0.016504815897068
0.047586473766990 -0.017399168795210
0.054496737905816 -0.018239179157953
0.061846659978068 -0.019059697603866
0.069628986498028 -0.019865255485742
0.077836037248993 -0.020647635712550
0.086459712862719 -0.021399402172531
0.095491502812526 -0.022118594750121
0.104922493812155 -0.022811243496823
0.114743378612105 -0.023488028305424
0.124944465184770 -0.024160687795487
0.135515686289294 -0.024832685338695
0.146446609406726 -0.025503144907697
0.157726447035656 -0.026172261799155
0.169344067338174 -0.026839608251959
0.181288005125655 -0.027503920578920
0.193546473173512 -0.028164065879247
0.206107373853763 -0.028818911519202
0.218958311073935 -0.029466510068096
0.232086602510502 -0.030104691143507
0.245479292124814 -0.030731231108034
0.259123162949142 -0.031343397609774
0.273004750130227 -0.031937689074171
0.287110354217464 -0.032510451397780
0.301426054682610 -0.033058480722188
0.315937723657661 -0.033579159758304
0.330631039877354 -0.034070371115627
0.345491502812526 -0.034529940361794
0.360504446980386 -0.034955483553580
0.375655056417573 -0.035344375559476
0.390928379301729 -0.035694103224452
0.406309342707138 -0.036003244710108
0.421782767479884 -0.036272241489644
0.437333383217848 -0.036502101333985
0.452945843340743 -0.036693388187775
0.468604740235343 -0.036844813061820
0.484294620460936 -0.036954651951133
0.500000000000000 -0.037021170816048
0.515705379539064 -0.037043121668143
0.531395259764657 -0.037019581248590
0.547054156659257 -0.036949865642743
0.562666616782152 -0.036833270039819
0.578217232520115 -0.036669134085679
0.593690657292863 -0.036456922837311
0.609071620698271 -0.036196362613077
0.624344943582427 -0.035887575239599
0.639495553019615 -0.035531402360974
0.654508497187474 -0.035127809949837
0.669368960122646 -0.034675005122126
0.684062276342339 -0.034168894761966
0.698573945317390 -0.033605848977000
0.712889645782536 -0.032984362762517
0.726995249869774 -0.032306069018860
0.740876837050858 -0.031573498909686
0.754520707875186 -0.030788808121072
0.767913397489498 -0.029953222087329
0.781041688926065 -0.029067955258944
0.793892626146237 -0.028134922648438
0.806453526826489 -0.027157207837116
0.818711994874345 -0.026138920953968
0.830655932661826 -0.025084380709169
0.842273552964344 -0.023997374093465
0.853553390593274 -0.022880985642124
0.864484313710706 -0.021738807110613
0.875055534815230 -0.020574908481852
0.885256621387895 -0.019393651220294
0.895077506187845 -0.018199896021278
0.904508497187474 -0.016998934389699
0.913540287137281 -0.015796110619727
0.922163962751008 -0.014597014985711
0.930371013501972 -0.013407361166337
0.938153340021932 -0.012224336693956
0.945503262094184 -0.011039949461805
0.952413526233010 -0.009851462406181
0.958877312841991 -0.008662587726956
0.964888242944126 -0.007483660449960
0.970440384477113 -0.006327055697282
0.975528258147577 -0.005209871695684
0.980146842838472 -0.004165877826675
0.984291580564316 -0.003223149258263
0.987958380969374 -0.002397758291610
0.991143625364344 -0.001700947616957
0.993844170297569 -0.001137396896309
0.996057350657239 -0.000701458383897
0.997780982301540 -0.000381768087435
0.999013364214136 -0.000165319840940
0.999753280182866 -0.000040649477017
1.000000000000000 0.000000000000000
