1.000000000000000 0.000000000000000
0.999753280182866 0.000027651268356
0.999013364214136 0.000113288535462
0.997780982301540 0.000264599783071
0.996057350657239 0.000493219283806
0.993844170297569 0.000812948217268
0.991143625364344 0.001237226057432
0.987958380969374 0.001775858785321
0.984291580564316 0.002431097325195
0.980146842838472 0.003198329086501
0.975528258147577 0.004068883747423
0.970440384477113 0.005023629938378
0.964888242944126 0.006032941720241
0.958877312841991 0.007080617891349
0.952413526233010 0.008161400053504
0.945503262094184 0.009272217114362
0.938153340021932 0.010413101289124
0.930371013501972 0.011588333267783
0.922163962751008 0.012806375370526
0.913540287137281 0.014078825467709
0.904508497187474 0.015411411235139
0.895077506187845 0.016806935014579
0.885256621387895 0.018269257069797
0.875055534815230 0.019801429562331
0.864484313710706 0.021404214226483
0.853553390593274 0.023078040407880
0.842273552964344 0.024823365287180
0.830655932661826 0.026640354822445
0.818711994874345 0.028528957562604
0.806453526826488 0.030489106531263
0.793892626146236 0.032519771449082
0.781041688926065 0.034618532931173
0.767913397489498 0.036782363756393
0.754520707875186 0.039007996990984
0.740876837050858 0.041292582797241
0.726995249869773 0.043633431680354
0.712889645782536 0.046027384435639
0.698573945317390 0.048470099818233
0.684062276342339 0.050955536770521
0.669368960122646 0.053476969327685
0.654508497187474 0.056027687905519
0.639495553019615 0.058601569041117
0.624344943582427 0.061192640767283
0.609071620698271 0.063794513453887
0.593690657292862 0.066399133244392
0.578217232520115 0.068997728183831
0.562666616782152 0.071581114508439
0.547054156659257 0.074139395742259
0.531395259764657 0.076662249872266
0.515705379539064 0.079139131291812
0.500000000000000 0.081559841271516
0.484294620460936 0.083914759656879
0.468604740235343 0.086195268428209
0.452945843340743 0.088390860790433
0.437333383217848 0.090487673827655
0.421782767479884 0.092471098835020
0.406309342707138 0.094326822302339
0.390928379301729 0.096041936421258
0.375655056417573 0.097604704502728
0.360504446980385 0.099004006741741
0.345491502812526 0.100225811686480
0.330631039877354 0.101255518703241
0.315937723657661 0.102078876283843
0.301426054682610 0.102673158945273
0.287110354217464 0.103011865905442
0.273004750130227 0.103074375993377
0.259123162949142 0.102851099687651
0.245479292124814 0.102340834347892
0.232086602510502 0.101544006433299
0.218958311073935 0.100464325445425
0.206107373853763 0.099108045675497
0.193546473173512 0.097482624235682
0.181288005125655 0.095596460785946
0.169344067338174 0.093459193690325
0.157726447035656 0.091085878577438
0.146446609406726 0.088499702810188
0.135515686289294 0.085725296219946
0.124944465184770 0.082780423282145
0.114743378612105 0.079676685213108
0.104922493812155 0.076426521347727
0.095491502812526 0.073043286544009
0.086459712862719 0.069541315334379
0.077836037248992 0.065936705513965
0.069628986498028 0.062238519313329
0.061846659978068 0.058454495729827
0.054496737905816 0.054596955163991
0.047586473766990 0.050679259528676
0.041122687158009 0.046719191071491
0.035111757055874 0.042735614113728
0.029559615522887 0.038733328212851
0.024471741852423 0.034722494802041
0.019853157161528 0.030718253518575
0.015708419435684 0.026735046011557
0.012041619030626 0.022805495621228
0.008856374635656 0.018957205961912
0.006155829702431 0.015192769708539
0.003942649342761 0.011526101650086
0.002219017698460 0.007957871003642
0.000986635785864 0.004572431874259
0.000246719817134 0.001707679943658
0.000000000000000 0.000000000000000
0.000246719817134 -0.003168811186562
0.000986635785864 -0.004766483049625
0.002219017698460 -0.006218518963545
0.003942649342761 -0.007561472268378
0.006155829702431 -0.008792352262490
0.008856374635656 -0.009873901980641
0.012041619030626 -0.010732098308756
0.015708419435684 -0.011369072980366
0.019853157161528 -0.011912793074871
0.024471741852423 -0.012495749900518
0.029559615522887 -0.013102542411084
0.035111757055874 -0.013692166837823
0.041122687158009 -0.014211293439535
0.047586473766990 -0.014639120113312
0.054496737905816 -0.014988251517147
0.061846659978068 -0.015286622419635
0.069628986498028 -0.015566854643202
0.077836037248993 -0.015834588331548
0.086459712862719 -0.016090369690594
0.095491502812526 -0.016336197427034
0.104922493812155 -0.016575061924329
0.114743378612105 -0.016810761701397
0.124944465184770 -0.017048767458349
0.135515686289294 -0.017294725467469
0.146446609406726 -0.017549787680285
0.157726447035656 -0.017811904095475
0.169344067338174 -0.018078936005017
0.181288005125655 -0.018349504365179
0.193546473173512 -0.018624100530324
0.206107373853763 -0.018903805230970
0.218958311073935 -0.019189603270931
0.232086602510502 -0.019478666383697
0.245479292124814 -0.019765688444779
0.259123162949142 -0.020044537885380
0.273004750130227 -0.020310331115200
0.287110354217464 -0.020562637743360
0.301426054682610 -0.020802212835549
0.315937723657661 -0.021029450507174
0.330631039877354 -0.021243649041450
0.345491502812526 -0.021442954647616
0.360504446980386 -0.021625340176920
0.375655056417573 -0.021789292502200
0.390928379301729 -0.021934288383303
0.406309342707138 -0.022060198334587
0.421782767479884 -0.022166802977923
0.437333383217848 -0.022252899768772
0.452945843340743 -0.022316710270734
0.468604740235343 -0.022356345542960
0.484294620460936 -0.022371253818113
0.500000000000000 -0.022362214845621
0.515705379539064 -0.022330868195140
0.531395259764657 -0.022277939373376
0.547054156659257 -0.022202380438822
0.562666616782152 -0.022102130121154
0.578217232520115 -0.021975023368620
0.593690657292863 -0.021819727700606
0.609071620698271 -0.021635608894526
0.624344943582427 -0.021422358658052
0.639495553019615 -0.021179080641648
0.654508497187474 -0.020903908176636
0.669368960122646 -0.020594266040892
0.684062276342339 -0.020248202039147
0.698573945317390 -0.019864905680936
0.712889645782536 -0.019444591422190
0.726995249869774 -0.018987779755168
0.740876837050858 -0.018495132419939
0.754520707875186 -0.017967457106227
0.767913397489498 -0.017405795817420
0.781041688926065 -0.016811684159851
0.793892626146237 -0.016187975562855
0.806453526826489 -0.015538213976881
0.818711994874345 -0.014865918220659
0.830655932661826 -0.014174223055357
0.842273552964344 -0.013465685172438
0.853553390593274 -0.012743052773732
0.864484313710706 -0.012009366699876
0.875055534815230 -0.011268222376562
0.885256621387895 -0.010523356892247
0.895077506187845 -0.009778641309552
0.904508497187474 -0.009039050191779
0.913540287137281 -0.008310174152703
0.922163962751008 -0.007597063671476
0.930371013501972 -0.006900759061288
0.938153340021932 -0.006214599214785
0.945503262094184 -0.005533776007014
0.952413526233010 -0.004857103010155
0.958877312841991 -0.004191003745694
0.964888242944126 -0.003544711856410
0.970440384477113 -0.002926316307725
0.975528258147577 -0.002347343401749
0.980146842838472 -0.001824373724885
0.984291580564316 -0.001367432368624
0.987958380969374 -0.000980588436057
0.991143625364344 -0.000667319566121
0.993844170297569 -0.000426688636610
0.996057350657239 -0.000251433813707
0.997780982301540 -0.000131115165521
0.999013364214136 -0.000054796612381
0.999753280182866 -0.000013157429955
1.000000000000000 0.000000000000000
