1.000000000000000 0.000000000000000
0.999753280182866 0.000035849086966
0.999013364214136 0.000145760320099
0.997780982301540 0.000336571731158
0.996057350657239 0.000618793913041
0.993844170297569 0.001005278862261
0.991143625364344 0.001509340743842
0.987958380969374 0.002142272480017
0.984291580564316 0.002910377697034
0.980146842838472 0.003815635383897
0.975528258147577 0.004859435958372
0.970440384477113 0.006037499021473
0.964888242944126 0.007338046211260
0.958877312841991 0.008749267736525
0.952413526233010 0.010259926569182
0.945503262094184 0.011854120745896
0.938153340021932 0.013515419546046
0.930371013501972 0.015237440136099
0.922163962751008 0.017017031542210
0.913540287137281 0.018852393158348
0.904508497187474 0.020745910176528
0.895077506187845 0.022704233308086
0.885256621387895 0.024737339515076
0.875055534815230 0.026854180541037
0.864484313710706 0.029057666266075
0.853553390593274 0.031349651832625
0.842273552964344 0.033732476234347
0.830655932661826 0.036206269286384
0.818711994874345 0.038769783213604
0.806453526826488 0.041421513902373
0.793892626146236 0.044159755418202
0.781041688926065 0.046982491254898
0.767913397489498 0.049887553963155
0.754520707875186 0.052871822639790
0.740876837050858 0.055928683328772
0.726995249869773 0.059049766321345
0.712889645782536 0.062226060125131
0.698573945317390 0.065448415479582
0.684062276342339 0.068707782311687
0.669368960122646 0.071994446475573
0.654508497187474 0.075293649172463
0.639495553019615 0.078582358130968
0.624344943582427 0.081836963852884
0.609071620698271 0.085023171849564
0.593690657292862 0.088087717774001
0.578217232520115 0.090973571689519
0.562666616782152 0.093630928195404
0.547054156659257 0.096029897914860
0.531395259764657 0.098147627318195
0.515705379539064 0.099971804807244
0.500000000000000 0.101524122382722
0.484294620460936 0.102832642384857
0.468604740235343 0.103918041706776
0.452945843340743 0.104793244334579
0.437333383217848 0.105465817965739
0.421782767479884 0.105941145261544
0.406309342707138 0.106222199487080
0.390928379301729 0.106309181801688
0.375655056417573 0.106204547593150
0.360504446980385 0.105912644930176
0.345491502812526 0.105438784738339
0.330631039877354 0.104787672608740
0.315937723657661 0.103963263543887
0.301426054682610 0.102969950427475
0.287110354217464 0.101812230939720
0.273004750130227 0.100494622087001
0.259123162949142 0.099022477021657
0.245479292124814 0.097400256305989
0.232086602510502 0.095631168900924
0.218958311073935 0.093719228283887
0.206107373853763 0.091668329808866
0.193546473173512 0.089482508710452
0.181288005125655 0.087166599851029
0.169344067338174 0.084725943871268
0.157726447035656 0.082165611098462
0.146446609406726 0.079492124390195
0.135515686289294 0.076710900604861
0.124944465184770 0.073824384542173
0.114743378612105 0.070836707366999
0.104922493812155 0.067753296221138
0.095491502812526 0.064578495263992
0.086459712862719 0.061319678231259
0.077836037248992 0.057984868020516
0.069628986498028 0.054579573969069
0.061846659978068 0.051113485532456
0.054496737905816 0.047597861970631
0.047586473766990 0.044042141610109
0.041122687158009 0.040460771050512
0.035111757055874 0.036870745407583
0.029559615522887 0.033288833496490
0.024471741852423 0.029740865194964
0.019853157161528 0.026240296962923
0.015708419435684 0.022762467366486
0.012041619030626 0.019295479277923
0.008856374635656 0.015868674662221
0.006155829702431 0.012591633856212
0.003942649342761 0.009609866447535
0.002219017698460 0.006990309342244
0.000986635785864 0.004580639539203
0.000246719817134 0.002279078532968
0.000000000000000 0.000000000000000
0.000246719817134 -0.002336370734841
0.000986635785864 -0.004588774685694
0.002219017698460 -0.006582018106546
0.003942649342761 -0.008267661471914
0.006155829702431 -0.009742606465979
0.008856374635656 -0.011113187971872
0.012041619030626 -0.012541401348178
0.015708419435684 -0.014082111724200
0.019853157161528 -0.015677999457562
0.024471741852423 -0.017262219646305
0.029559615522887 -0.018782825731645
0.035111757055874 -0.020231819827201
0.041122687158009 -0.021621951736938
0.047586473766990 -0.022980188035494
0.054496737905816 -0.024311258288555
0.061846659978068 -0.025603560054052
0.069628986498028 -0.026849997349661
0.077836037248993 -0.028047372513162
0.086459712862719 -0.029195413735518
0.095491502812526 -0.030298441394348
0.104922493812155 -0.031363288125206
0.114743378612105 -0.032390784582488
0.124944465184770 -0.033379189238832
0.135515686289294 -0.034329173242509
0.146446609406726 -0.035240416434923
0.157726447035656 -0.036111359734413
0.169344067338174 -0.036941346519235
0.181288005125655 -0.037730238826742
0.193546473173512 -0.038477555986718
0.206107373853763 -0.039183166982158
0.218958311073935 -0.039847729145940
0.232086602510502 -0.040471143521425
0.245479292124814 -0.041053025453656
0.259123162949142 -0.041593318311937
0.273004750130227 -0.042091720165011
0.287110354217464 -0.042546464592608
0.301426054682610 -0.042955712647542
0.315937723657661 -0.043318508315715
0.330631039877354 -0.043635285611268
0.345491502812526 -0.043907868637488
0.360504446980386 -0.044137699457105
0.375655056417573 -0.044324793375708
0.390928379301729 -0.044466663152618
0.406309342707138 -0.044560699330558
0.421782767479884 -0.044605437657014
0.437333383217848 -0.044601554288565
0.452945843340743 -0.044550547521095
0.468604740235343 -0.044453529408751
0.484294620460936 -0.044309504752083
0.500000000000000 -0.044116073230435
0.515705379539064 -0.043871262263824
0.531395259764657 -0.043574564286040
0.547054156659257 -0.043227294931966
0.562666616782152 -0.042831110798091
0.578217232520115 -0.042386255385191
0.593690657292863 -0.041889257630249
0.609071620698271 -0.041336383952445
0.624344943582427 -0.040724247427942
0.639495553019615 -0.040049797210189
0.654508497187474 -0.039311328791712
0.669368960122646 -0.038506811181161
0.684062276342339 -0.037626734507028
0.698573945317390 -0.036660324486982
0.712889645782536 -0.035594886820394
0.726995249869774 -0.034407011193873
0.740876837050858 -0.033060575373886
0.754520707875186 -0.031517950375279
0.767913397489498 -0.029761345103889
0.781041688926065 -0.027817723199749
0.793892626146237 -0.025719482050109
0.806453526826489 -0.023507653678358
0.818711994874345 -0.021243222627512
0.830655932661826 -0.018995629751492
0.842273552964344 -0.016822059236986
0.853553390593274 -0.014756393915472
0.864484313710706 -0.012813906704972
0.875055534815230 -0.011006145723147
0.885256621387895 -0.009340639225142
0.895077506187845 -0.007819992958506
0.904508497187474 -0.006444167877688
0.913540287137281 -0.005211150765352
0.922163962751008 -0.004119102704861
0.930371013501972 -0.003166083352819
0.938153340021932 -0.002347833253264
0.945503262094184 -0.001657982515736
0.952413526233010 -0.001089004462558
0.958877312841991 -0.000632066217246
0.964888242944126 -0.000276847533454
0.970440384477113 -0.000012416935246
0.975528258147577 0.000170056635659
0.980146842838472 0.000280279868098
0.984291580564316 0.000329971547572
0.987958380969374 0.000331769458869
0.991143625364344 0.000297681341107
0.993844170297569 0.000240226785169
0.996057350657239 0.000172090526065
0.997780982301540 0.000105110331435
0.999013364214136 0.000049422142257
0.999753280182866 0.000012768788091
1.000000000000000 0.000000000000000
