1.000000000000000 0.000000000000000
0.999753280182866 0.000057030277610
0.999013364214136 0.000230780868262
0.997780982301540 0.000528823109260
0.996057350657239 0.000962544450386
0.993844170297569 0.001545183631286
0.991143625364344 0.002289061017250
0.987958380969374 0.003201869561462
0.984291580564316 0.004282239750216
0.980146842838472 0.005521969593140
0.975528258147577 0.006912264678475
0.970440384477113 0.008436345341747
0.964888242944126 0.010068910205523
0.958877312841991 0.011794200998434
0.952413526233010 0.013604133421788
0.945503262094184 0.015491545779296
0.938153340021932 0.017453133873517
0.930371013501972 0.019492693281323
0.922163962751008 0.021618845143325
0.913540287137281 0.023843231320723
0.904508497187474 0.026169444774914
0.895077506187845 0.028597871163120
0.885256621387895 0.031129643404303
0.875055534815230 0.033764674788346
0.864484313710706 0.036501090240709
0.853553390593274 0.039336730085810
0.842273552964344 0.042268779172027
0.830655932661826 0.045292062705305
0.818711994874345 0.048400330815939
0.806453526826488 0.051586678744647
0.793892626146236 0.054843590913137
0.781041688926065 0.058162992807959
0.767913397489498 0.061536062552310
0.754520707875186 0.064952234205777
0.740876837050858 0.068398466288451
0.726995249869773 0.071861331700213
0.712889645782536 0.075323143802105
0.698573945317390 0.078762658415573
0.684062276342339 0.082156362519866
0.669368960122646 0.085472564283832
0.654508497187474 0.088667465987577
0.639495553019615 0.091688890994516
0.624344943582427 0.094497160325498
0.609071620698271 0.097063932064053
0.593690657292862 0.099372316354933
0.578217232520115 0.101418761956362
0.562666616782152 0.103213143516937
0.547054156659257 0.104780733543059
0.531395259764657 0.106140237903608
0.515705379539064 0.107304440942838
0.500000000000000 0.108285373527072
0.484294620460936 0.109088420956861
0.468604740235343 0.109708810354807
0.452945843340743 0.110140938917888
0.437333383217848 0.110382899685482
0.421782767479884 0.110446394493586
0.406309342707138 0.110344573086670
0.390928379301729 0.110086957486910
0.375655056417573 0.109674099563476
0.360504446980385 0.109102720583753
0.345491502812526 0.108372415600416
0.330631039877354 0.107485352279389
0.315937723657661 0.106445511933137
0.301426054682610 0.105255913847578
0.287110354217464 0.103918459123876
0.273004750130227 0.102434178116330
0.259123162949142 0.100805385656143
0.245479292124814 0.099035643987485
0.232086602510502 0.097129445518235
0.218958311073935 0.095091437129870
0.206107373853763 0.092924566213961
0.193546473173512 0.090631454664986
0.181288005125655 0.088216270333500
0.169344067338174 0.085683234936690
0.157726447035656 0.083038010398259
0.146446609406726 0.080286621099153
0.135515686289294 0.077433362183592
0.124944465184770 0.074482117232279
0.114743378612105 0.071439012443492
0.104922493812155 0.068309330395080
0.095491502812526 0.065099287286293
0.086459712862719 0.061817578384750
0.077836037248992 0.058470737689981
0.069628986498028 0.055065540754366
0.061846659978068 0.051612902533336
0.054496737905816 0.048119328258413
0.047586473766990 0.044591140683209
0.041122687158009 0.041040757187906
0.035111757055874 0.037478025415930
0.029559615522887 0.033914582214387
0.024471741852423 0.030371856937157
0.019853157161528 0.026852863624160
0.015708419435684 0.023348543552359
0.012041619030626 0.019868493014421
0.008856374635656 0.016457713174802
0.006155829702431 0.013205355088506
0.003942649342761 0.010229352888079
0.002219017698460 0.007537098985370
0.000986635785864 0.004992372003771
0.000246719817134 0.002512009811274
0.000000000000000 0.000000000000000
0.000246719817134 -0.002514593441647
0.000986635785864 -0.004873277804762
0.002219017698460 -0.006940099748159
0.003942649342761 -0.008764898230176
0.006155829702431 -0.010453723032516
0.008856374635656 -0.012111840877236
0.012041619030626 -0.013871307369897
0.015708419435684 -0.015721604244708
0.019853157161528 -0.017600714628148
0.024471741852423 -0.019456540715904
0.029559615522887 -0.021260616763450
0.035111757055874 -0.023008194107578
0.041122687158009 -0.024710770191498
0.047586473766990 -0.026386129136386
0.054496737905816 -0.028027763446458
0.061846659978068 -0.029626280573580
0.069628986498028 -0.031178748974836
0.077836037248993 -0.032683525202175
0.086459712862719 -0.034140382450611
0.095491502812526 -0.035554405048470
0.104922493812155 -0.036929973340933
0.114743378612105 -0.038265216487924
0.124944465184770 -0.039558849241311
0.135515686289294 -0.040811504441742
0.146446609406726 -0.042021463534386
0.157726447035656 -0.043186699516337
0.169344067338174 -0.044306604520802
0.181288005125655 -0.045380344189393
0.193546473173512 -0.046406872993807
0.206107373853763 -0.047386012961594
0.218958311073935 -0.048317860415969
0.232086602510502 -0.049201131506930
0.245479292124814 -0.050034923214019
0.259123162949142 -0.050818412540691
0.273004750130227 -0.051550222913014
0.287110354217464 -0.052228199307743
0.301426054682610 -0.052850671482393
0.315937723657661 -0.053417048283724
0.330631039877354 -0.053927962773608
0.345491502812526 -0.054384916338079
0.360504446980386 -0.054788188644866
0.375655056417573 -0.055136504756995
0.390928379301729 -0.055428068413108
0.406309342707138 -0.055660607159055
0.421782767479884 -0.055831333887577
0.437333383217848 -0.055936999267063
0.452945843340743 -0.055974122172003
0.468604740235343 -0.055939040744585
0.484294620460936 -0.055827941949622
0.500000000000000 -0.055636915229552
0.515705379539064 -0.055361896289589
0.531395259764657 -0.054999436457758
0.547054156659257 -0.054546458540529
0.562666616782152 -0.053996131247340
0.578217232520115 -0.053338985079066
0.593690657292863 -0.052563165229193
0.609071620698271 -0.051653084901540
0.624344943582427 -0.050588686960863
0.639495553019615 -0.049342899616790
0.654508497187474 -0.047894176871411
0.669368960122646 -0.046231062847513
0.684062276342339 -0.044351647316426
0.698573945317390 -0.042257357699410
0.712889645782536 -0.039951059569714
0.726995249869774 -0.037438893065179
0.740876837050858 -0.034730492269873
0.754520707875186 -0.031857325249946
0.767913397489498 -0.028884574990910
0.781041688926065 -0.025874083112977
0.793892626146237 -0.022886592796478
0.806453526826489 -0.019981356571729
0.818711994874345 -0.017213176692686
0.830655932661826 -0.014624134211566
0.842273552964344 -0.012232712102660
0.853553390593274 -0.010041408648013
0.864484313710706 -0.008050898094306
0.875055534815230 -0.006259701055994
0.885256621387895 -0.004665158391722
0.895077506187845 -0.003262679277103
0.904508497187474 -0.002045620335790
0.913540287137281 -0.001007231109459
0.922163962751008 -0.000141646040721
0.930371013501972 0.000559002673568
0.938153340021932 0.001104890633539
0.945503262094184 0.001506869261683
0.952413526233010 0.001775454486654
0.958877312841991 0.001923271110298
0.964888242944126 0.001964893919577
0.970440384477113 0.001916174398561
0.975528258147577 0.001793622704574
0.980146842838472 0.001614397018426
0.984291580564316 0.001395881092140
0.987958380969374 0.001154724471246
0.991143625364344 0.000905963303137
0.993844170297569 0.000664441540180
0.996057350657239 0.000444376261702
0.997780982301540 0.000258564741172
0.999013364214136 0.000117702592001
0.999753280182866 0.000029850503908
1.000000000000000 0.000000000000000
