1.000000000000000 0.000000000000000
0.999753280182866 0.000068307564780
0.999013364214136 0.000275521164313
0.997780982301540 0.000628110704398
0.996057350657239 0.001135570229111
0.993844170297569 0.001808412588732
0.991143625364344 0.002655325760346
0.987958380969374 0.003679386729544
0.984291580564316 0.004874320351956
0.980146842838472 0.006229405824228
0.975528258147577 0.007728592060034
0.970440384477113 0.009345125833603
0.964888242944126 0.011051893088226
0.958877312841991 0.012835397346261
0.952413526233010 0.014684597482836
0.945503262094184 0.016590970123102
0.938153340021932 0.018552446595801
0.930371013501972 0.020572163449677
0.922163962751008 0.022657057348124
0.913540287137281 0.024807388734353
0.904508497187474 0.027019428357113
0.895077506187845 0.029290333576203
0.885256621387895 0.031615909652256
0.875055534815230 0.033990133565706
0.864484313710706 0.036406926340595
0.853553390593274 0.038859702613890
0.842273552964344 0.041340541264866
0.830655932661826 0.043841170785444
0.818711994874345 0.046352947756469
0.806453526826488 0.048866326123151
0.793892626146236 0.051371212257991
0.781041688926065 0.053857957322457
0.767913397489498 0.056319271626101
0.754520707875186 0.058749959705193
0.740876837050858 0.061144633068812
0.726995249869773 0.063495489801247
0.712889645782536 0.065792859666559
0.698573945317390 0.068027328265919
0.684062276342339 0.070191777309575
0.669368960122646 0.072282389471982
0.654508497187474 0.074295705025058
0.639495553019615 0.076226834229460
0.624344943582427 0.078067813740363
0.609071620698271 0.079810657357701
0.593690657292862 0.081448794172012
0.578217232520115 0.082978405352136
0.562666616782152 0.084396518670591
0.547054156659257 0.085699860150164
0.531395259764657 0.086884390665063
0.515705379539064 0.087945854899668
0.500000000000000 0.088880528544897
0.484294620460936 0.089684980044775
0.468604740235343 0.090356079014365
0.452945843340743 0.090891603944390
0.437333383217848 0.091290345529043
0.421782767479884 0.091552358534981
0.406309342707138 0.091677075576196
0.390928379301729 0.091662984198438
0.375655056417573 0.091507899888670
0.360504446980385 0.091210633822179
0.345491502812526 0.090772190613352
0.330631039877354 0.090195091290095
0.315937723657661 0.089482111860047
0.301426054682610 0.088634464966173
0.287110354217464 0.087653276252298
0.273004750130227 0.086539983900294
0.259123162949142 0.085296438403423
0.245479292124814 0.083925180316069
0.232086602510502 0.082429281679156
0.218958311073935 0.080812127068068
0.206107373853763 0.079077478264482
0.193546473173512 0.077229700905896
0.181288005125655 0.075272404008942
0.169344067338174 0.073207930192129
0.157726447035656 0.071040342067734
0.146446609406726 0.068773448751647
0.135515686289294 0.066411250188079
0.124944465184770 0.063959563654421
0.114743378612105 0.061423087550109
0.104922493812155 0.058805312879201
0.095491502812526 0.056112453627319
0.086459712862719 0.053349887343839
0.077836037248992 0.050521713767685
0.069628986498028 0.047635705997857
0.061846659978068 0.044699110961430
0.054496737905816 0.041716346070547
0.047586473766990 0.038697494721950
0.041122687158009 0.035652223185794
0.035111757055874 0.032586358448688
0.029559615522887 0.029514276412072
0.024471741852423 0.026448468126897
0.019853157161528 0.023390712445223
0.015708419435684 0.020356909508748
0.012041619030626 0.017370058360354
0.008856374635656 0.014451868350601
0.006155829702431 0.011651752231397
0.003942649342761 0.009006563672173
0.002219017698460 0.006469638109499
0.000986635785864 0.004060421057320
0.000246719817134 0.001912559601489
0.000000000000000 0.000000000000000
0.000246719817134 -0.001863258978217
0.000986635785864 -0.003699927644564
0.002219017698460 -0.005422057301814
0.003942649342761 -0.007057886974754
0.006155829702431 -0.008669239125112
0.008856374635656 -0.010341677264464
0.012041619030626 -0.012037717324934
0.015708419435684 -0.013701577477756
0.019853157161528 -0.015315673106484
0.024471741852423 -0.016868849671812
0.029559615522887 -0.018347352898137
0.035111757055874 -0.019753593480392
0.041122687158009 -0.021089702099548
0.047586473766990 -0.022342797747439
0.054496737905816 -0.023507537726213
0.061846659978068 -0.024584976373584
0.069628986498028 -0.025570619632269
0.077836037248993 -0.026463251459766
0.086459712862719 -0.027266724626345
0.095491502812526 -0.027979870045150
0.104922493812155 -0.028600318697892
0.114743378612105 -0.029129368841314
0.124944465184770 -0.029568160419819
0.135515686289294 -0.029917016826798
0.146446609406726 -0.030178987511868
0.157726447035656 -0.030357267529193
0.169344067338174 -0.030453198342897
0.181288005125655 -0.030468849474178
0.193546473173512 -0.030407360183284
0.206107373853763 -0.030270918164491
0.218958311073935 -0.030061428591511
0.232086602510502 -0.029782085247768
0.245479292124814 -0.029435442899496
0.259123162949142 -0.029023827241939
0.273004750130227 -0.028550015477044
0.287110354217464 -0.028017041710608
0.301426054682610 -0.027427309480007
0.315937723657661 -0.026783334571506
0.330631039877354 -0.026088111665882
0.345491502812526 -0.025343919437415
0.360504446980386 -0.024552859075983
0.375655056417573 -0.023717326729670
0.390928379301729 -0.022840873492947
0.406309342707138 -0.021928087654365
0.421782767479884 -0.020984306012475
0.437333383217848 -0.020014030666033
0.452945843340743 -0.019020800469727
0.468604740235343 -0.018006967202998
0.484294620460936 -0.016975327206339
0.500000000000000 -0.015929342061811
0.515705379539064 -0.014873373017290
0.531395259764657 -0.013811872862283
0.547054156659257 -0.012749031791952
0.562666616782152 -0.011688334686994
0.578217232520115 -0.010632950356603
0.593690657292863 -0.009586052972393
0.609071620698271 -0.008551295573818
0.624344943582427 -0.007532614217927
0.639495553019615 -0.006533850994650
0.654508497187474 -0.005558507510624
0.669368960122646 -0.004609686567779
0.684062276342339 -0.003690116634837
0.698573945317390 -0.002802435361120
0.712889645782536 -0.001949467252177
0.726995249869774 -0.001134487287023
0.740876837050858 -0.000360353387825
0.754520707875186 0.000370342143953
0.767913397489498 0.001055086856582
0.781041688926065 0.001691635493500
0.793892626146237 0.002278302790897
0.806453526826489 0.002813634625689
0.818711994874345 0.003296347374773
0.830655932661826 0.003725719879456
0.842273552964344 0.004101435705053
0.853553390593274 0.004422344785331
0.864484313710706 0.004686915873006
0.875055534815230 0.004894663806670
0.885256621387895 0.005045663447279
0.895077506187845 0.005139170773975
0.904508497187474 0.005175118892206
0.913540287137281 0.005154915042832
0.922163962751008 0.005079802688115
0.930371013501972 0.004949571866731
0.938153340021932 0.004765710478969
0.945503262094184 0.004531747811253
0.952413526233010 0.004251654643779
0.958877312841991 0.003929585864618
0.964888242944126 0.003571865318747
0.970440384477113 0.003186674944528
0.975528258147577 0.002783191217059
0.980146842838472 0.002371423764939
0.984291580564316 0.001962284132383
0.987958380969374 0.001566978675891
0.991143625364344 0.001195521992560
0.993844170297569 0.000857856193872
0.996057350657239 0.000564215284373
0.997780982301540 0.000324271552389
0.999013364214136 0.000146370543681
0.999753280182866 0.000036938192493
1.000000000000000 0.000000000000000
