1.000000000000000 0.000000000000000
0.999753280182866 0.000062939411400
0.999013364214136 0.000253927733428
0.997780982301540 0.000579138718232
0.996057350657239 0.001047770213141
0.993844170297569 0.001670344832897
0.991143625364344 0.002456290578421
0.987958380969374 0.003410750489921
0.984291580564316 0.004531065783452
0.980146842838472 0.005809900430933
0.975528258147577 0.007236249648150
0.970440384477113 0.008789953999838
0.964888242944126 0.010446219790001
0.958877312841991 0.012192282673115
0.952413526233010 0.014018559147607
0.945503262094184 0.015916481321154
0.938153340021932 0.017882325083641
0.930371013501972 0.019917164737796
0.922163962751008 0.022025769317167
0.913540287137281 0.024210997142095
0.904508497187474 0.026470708155170
0.895077506187845 0.028803392829317
0.885256621387895 0.031206745885421
0.875055534815230 0.033674470194580
0.864484313710706 0.036198857664845
0.853553390593274 0.038771705097256
0.842273552964344 0.041384078950203
0.830655932661826 0.044026402292704
0.818711994874345 0.046688622859049
0.806453526826488 0.049360939163956
0.793892626146236 0.052033800639599
0.781041688926065 0.054697439851046
0.767913397489498 0.057342659226568
0.754520707875186 0.059961077841679
0.740876837050858 0.062544539405529
0.726995249869773 0.065084975168603
0.712889645782536 0.067574485814994
0.698573945317390 0.070005337131767
0.684062276342339 0.072369822143113
0.669368960122646 0.074659826612601
0.654508497187474 0.076867231412679
0.639495553019615 0.078984387642403
0.624344943582427 0.081005088576363
0.609071620698271 0.082923888274700
0.593690657292862 0.084735585280594
0.578217232520115 0.086433914862625
0.562666616782152 0.088012411506327
0.547054156659257 0.089465029197573
0.531395259764657 0.090787566509645
0.515705379539064 0.091977157324052
0.500000000000000 0.093031167239469
0.484294620460936 0.093945951088276
0.468604740235343 0.094716477134666
0.452945843340743 0.095338691914002
0.437333383217848 0.095809971212982
0.421782767479884 0.096129955211816
0.406309342707138 0.096298503518054
0.390928379301729 0.096315106299472
0.375655056417573 0.096178607839185
0.360504446980385 0.095888070221675
0.345491502812526 0.095443381955181
0.330631039877354 0.094844867397152
0.315937723657661 0.094093629595391
0.301426054682610 0.093192416135924
0.287110354217464 0.092145833071468
0.273004750130227 0.090959373423462
0.259123162949142 0.089636814587062
0.245479292124814 0.088180300744649
0.232086602510502 0.086591675116095
0.218958311073935 0.084874317550334
0.206107373853763 0.083032563381837
0.193546473173512 0.081071898726167
0.181288005125655 0.078997130054525
0.169344067338174 0.076810122713828
0.157726447035656 0.074513877273681
0.146446609406726 0.072112645186262
0.135515686289294 0.069611382803074
0.124944465184770 0.067016935416911
0.114743378612105 0.064335918226155
0.104922493812155 0.061572237928188
0.095491502812526 0.058731176637349
0.086459712862719 0.055819598377927
0.077836037248992 0.052842771585721
0.069628986498028 0.049808290990092
0.061846659978068 0.046725893419949
0.054496737905816 0.043598910903769
0.047586473766990 0.040433927319317
0.041122687158009 0.037242455002492
0.035111757055874 0.034033085469596
0.029559615522887 0.030820612004725
0.024471741852423 0.027624288194933
0.019853157161528 0.024441371448335
0.015708419435684 0.021272775438731
0.012041619030626 0.018138017717720
0.008856374635656 0.015073406356986
0.006155829702431 0.012143485514044
0.003942649342761 0.009432232439059
0.002219017698460 0.006894906561463
0.000986635785864 0.004454596808120
0.000246719817134 0.002124384692922
0.000000000000000 0.000000000000000
0.000246719817134 -0.002047332031535
0.000986635785864 -0.004109215100724
0.002219017698460 -0.006069861837543
0.003942649342761 -0.007912304990727
0.006155829702431 -0.009685525019675
0.008856374635656 -0.011486028723433
0.012041619030626 -0.013374876660400
0.015708419435684 -0.015291491118848
0.019853157161528 -0.017182594381090
0.024471741852423 -0.019016673618179
0.029559615522887 -0.020776951111195
0.035111757055874 -0.022462409067423
0.041122687158009 -0.024086394256958
0.047586473766990 -0.025643786919621
0.054496737905816 -0.027121904448613
0.061846659978068 -0.028516317588386
0.069628986498028 -0.029823397073816
0.077836037248993 -0.031038314448524
0.086459712862719 -0.032161817336679
0.095491502812526 -0.033195676270676
0.104922493812155 -0.034137250673969
0.114743378612105 -0.034986598156068
0.124944465184770 -0.035745890334378
0.135515686289294 -0.036414076905350
0.146446609406726 -0.036990395431766
0.157726447035656 -0.037476346122578
0.169344067338174 -0.037872559800962
0.181288005125655 -0.038179781002606
0.193546473173512 -0.038400401673538
0.206107373853763 -0.038536796415549
0.218958311073935 -0.038590331436567
0.232086602510502 -0.038563596813905
0.245479292124814 -0.038458983631123
0.259123162949142 -0.038277543091928
0.273004750130227 -0.038019827914782
0.287110354217464 -0.037687346429229
0.301426054682610 -0.037281627418091
0.315937723657661 -0.036804687351686
0.330631039877354 -0.036259004817420
0.345491502812526 -0.035646557246086
0.360504446980386 -0.034968922156418
0.375655056417573 -0.034227662176475
0.390928379301729 -0.033425335330390
0.406309342707138 -0.032565610646270
0.421782767479884 -0.031653112091026
0.437333383217848 -0.030692472344026
0.452945843340743 -0.029688020639115
0.468604740235343 -0.028643538409672
0.484294620460936 -0.027563135466636
0.500000000000000 -0.026451497098602
0.515705379539064 -0.025314339609951
0.531395259764657 -0.024157619373389
0.547054156659257 -0.022986997200293
0.562666616782152 -0.021806185150134
0.578217232520115 -0.020618171178768
0.593690657292863 -0.019425919812782
0.609071620698271 -0.018232340569262
0.624344943582427 -0.017040263101785
0.639495553019615 -0.015852393793503
0.654508497187474 -0.014671693112825
0.669368960122646 -0.013501363145324
0.684062276342339 -0.012344718253364
0.698573945317390 -0.011205143476318
0.712889645782536 -0.010086606997646
0.726995249869774 -0.008994330909003
0.740876837050858 -0.007933183291877
0.754520707875186 -0.006907471077605
0.767913397489498 -0.005920988998677
0.781041688926065 -0.004977005064148
0.793892626146237 -0.004078195771672
0.806453526826489 -0.003227674251632
0.818711994874345 -0.002428922843729
0.830655932661826 -0.001684943943406
0.842273552964344 -0.000997858766426
0.853553390593274 -0.000368932146804
0.864484313710706 0.000201367080981
0.875055534815230 0.000713286860820
0.885256621387895 0.001166562820720
0.895077506187845 0.001557755580349
0.904508497187474 0.001883991571068
0.913540287137281 0.002144306133643
0.922163962751008 0.002338750150031
0.930371013501972 0.002468027477174
0.938153340021932 0.002534513393975
0.945503262094184 0.002542144495865
0.952413526233010 0.002495106799522
0.958877312841991 0.002398022497626
0.964888242944126 0.002257150628024
0.970440384477113 0.002079811014368
0.975528258147577 0.001871279149943
0.980146842838472 0.001637275591107
0.984291580564316 0.001386140151777
0.987958380969374 0.001127977584150
0.991143625364344 0.000873662814658
0.993844170297569 0.000634382954622
0.996057350657239 0.000421056968670
0.997780982301540 0.000243629442638
0.999013364214136 0.000110481287400
0.999753280182866 0.000027954603517
1.000000000000000 0.000000000000000
