1.000000000000000 0.000000000000000
0.999753280182866 0.000073976583409
0.999013364214136 0.000297356337077
0.997780982301540 0.000674198084471
0.996057350657239 0.001210260911099
0.993844170297569 0.001911518865836
0.991143625364344 0.002781971851259
0.987958380969374 0.003820943665854
0.984291580564316 0.005022176583980
0.980146842838472 0.006375951625017
0.975528258147577 0.007865251422899
0.970440384477113 0.009466110957398
0.964888242944126 0.011156456796823
0.958877312841991 0.012911816028059
0.952413526233010 0.014705301666128
0.945503262094184 0.016519309727341
0.938153340021932 0.018341721143256
0.930371013501972 0.020163297187614
0.922163962751008 0.021981090139496
0.913540287137281 0.023798202275198
0.904508497187474 0.025621779479340
0.895077506187845 0.027453318641651
0.885256621387895 0.029290392707741
0.875055534815230 0.031132139389557
0.864484313710706 0.032975255715903
0.853553390593274 0.034813669762409
0.842273552964344 0.036641880355560
0.830655932661826 0.038455576970969
0.818711994874345 0.040252197579376
0.806453526826488 0.042030038231104
0.793892626146236 0.043785895209222
0.781041688926065 0.045513677942513
0.767913397489498 0.047206672960841
0.754520707875186 0.048859034480773
0.740876837050858 0.050465869360931
0.726995249869773 0.052022876586599
0.712889645782536 0.053525876136123
0.698573945317390 0.054970756360675
0.684062276342339 0.056353538304617
0.669368960122646 0.057670456631945
0.654508497187474 0.058917670205702
0.639495553019615 0.060091390203740
0.624344943582427 0.061188300440804
0.609071620698271 0.062206037811103
0.593690657292862 0.063143022417371
0.578217232520115 0.063997810050149
0.562666616782152 0.064768372691930
0.547054156659257 0.065452080020857
0.531395259764657 0.066046959275126
0.515705379539064 0.066552268857655
0.500000000000000 0.066969037778028
0.484294620460936 0.067298347838759
0.468604740235343 0.067541039564896
0.452945843340743 0.067697298403542
0.437333383217848 0.067767271606798
0.421782767479884 0.067751210785053
0.406309342707138 0.067649197771432
0.390928379301729 0.067461239742494
0.375655056417573 0.067187210349985
0.360504446980385 0.066826479122469
0.345491502812526 0.066378299967713
0.330631039877354 0.065842904998501
0.315937723657661 0.065221623052754
0.301426054682610 0.064516536528005
0.287110354217464 0.063729176437616
0.273004750130227 0.062859807534338
0.259123162949142 0.061908025842729
0.245479292124814 0.060874373327021
0.232086602510502 0.059759589346054
0.218958311073935 0.058565029690086
0.206107373853763 0.057292766052078
0.193546473173512 0.055944819835473
0.181288005125655 0.054523909745332
0.169344067338174 0.053032938462839
0.157726447035656 0.051472309226492
0.146446609406726 0.049840838555945
0.135515686289294 0.048139524829851
0.124944465184770 0.046370805274449
0.114743378612105 0.044538763542562
0.104922493812155 0.042648957307416
0.095491502812526 0.040704071675724
0.086459712862719 0.038704360433304
0.077836037248992 0.036653678477411
0.069628986498028 0.034555873622432
0.061846659978068 0.032415656781425
0.054496737905816 0.030242051040670
0.047586473766990 0.028038987408479
0.041122687158009 0.025805835158049
0.035111757055874 0.023548881250551
0.029559615522887 0.021276216710744
0.024471741852423 0.019001008229916
0.019853157161528 0.016749002950463
0.015708419435684 0.014517757836259
0.012041619030626 0.012274178206106
0.008856374635656 0.010000867284323
0.006155829702431 0.007756646503795
0.003942649342761 0.005706829677842
0.002219017698460 0.003994535166519
0.000986635785864 0.002540627163444
0.000246719817134 0.001224195714120
0.000000000000000 0.000000000000000
0.000246719817134 -0.001189576112461
0.000986635785864 -0.002436511747131
0.002219017698460 -0.003650325001479
0.003942649342761 -0.004632814363517
0.006155829702431 -0.005243658703579
0.008856374635656 -0.005525855538325
0.012041619030626 -0.005729834816943
0.015708419435684 -0.006042438677351
0.019853157161528 -0.006422019494793
0.024471741852423 -0.006749180270840
0.029559615522887 -0.006898040584911
0.035111757055874 -0.006866683306973
0.041122687158009 -0.006700366186764
0.047586473766990 -0.006469607480771
0.054496737905816 -0.006189966312742
0.061846659978068 -0.005845467844028
0.069628986498028 -0.005416771880125
0.077836037248993 -0.004894568141413
0.086459712862719 -0.004285967765950
0.095491502812526 -0.003604260033664
0.104922493812155 -0.002863990369826
0.114743378612105 -0.002069157185540
0.124944465184770 -0.001221107995565
0.135515686289294 -0.000322174972905
0.146446609406726 0.000623684926330
0.157726447035656 0.001610736237328
0.169344067338174 0.002631984484436
0.181288005125655 0.003680320991564
0.193546473173512 0.004751197390459
0.206107373853763 0.005840297315708
0.218958311073935 0.006942884042538
0.232086602510502 0.008054580638427
0.245479292124814 0.009171241693784
0.259123162949142 0.010288575249846
0.273004750130227 0.011402212690487
0.287110354217464 0.012508142369921
0.301426054682610 0.013602415851031
0.315937723657661 0.014680982313173
0.330631039877354 0.015739709407416
0.345491502812526 0.016774340319331
0.360504446980386 0.017780640211480
0.375655056417573 0.018754690702999
0.390928379301729 0.019693986089703
0.406309342707138 0.020596924421716
0.421782767479884 0.021462054815890
0.437333383217848 0.022286959503696
0.452945843340743 0.023068398448416
0.468604740235343 0.023802769845777
0.484294620460936 0.024486998910847
0.500000000000000 0.025118827401640
0.515705379539064 0.025696843280082
0.531395259764657 0.026219925829659
0.547054156659257 0.026686813655612
0.562666616782152 0.027095866752262
0.578217232520115 0.027445322311625
0.593690657292863 0.027733777246210
0.609071620698271 0.027960467168026
0.624344943582427 0.028125315365259
0.639495553019615 0.028228724862039
0.654508497187474 0.028270890537794
0.669368960122646 0.028251434370135
0.684062276342339 0.028169621804976
0.698573945317390 0.028025002996489
0.712889645782536 0.027817832342025
0.726995249869774 0.027549339034563
0.740876837050858 0.027221402666246
0.754520707875186 0.026835981240204
0.767913397489498 0.026394295105502
0.781041688926065 0.025896369654611
0.793892626146237 0.025342520856817
0.806453526826489 0.024733979462040
0.818711994874345 0.024072928109956
0.830655932661826 0.023362504961524
0.842273552964344 0.022606319093583
0.853553390593274 0.021807806954988
0.864484313710706 0.020967829317438
0.875055534815230 0.020087336149004
0.885256621387895 0.019168512171413
0.895077506187845 0.018214157325432
0.904508497187474 0.017227058860574
0.913540287137281 0.016211132737317
0.922163962751008 0.015171573642342
0.930371013501972 0.014109181011221
0.938153340021932 0.013021021204945
0.945503262094184 0.011907845325381
0.952413526233010 0.010774114741824
0.958877312841991 0.009626771955287
0.964888242944126 0.008475194653220
0.970440384477113 0.007331433146778
0.975528258147577 0.006210518311361
0.980146842838472 0.005134176489805
0.984291580564316 0.004123798159148
0.987958380969374 0.003197155291155
0.991143625364344 0.002369663839676
0.993844170297569 0.001655212542687
0.996057350657239 0.001063235496541
0.997780982301540 0.000599373063489
0.999013364214136 0.000266703967811
0.999753280182866 0.000066712245413
1.000000000000000 0.000000000000000
