1.000000000000000 0.000000000000000
0.999753280182866 0.000060911727544
0.999013364214136 0.000245873134418
0.997780982301540 0.000561195886043
0.996057350657239 0.001016088183924
0.993844170297569 0.001620723706366
0.991143625364344 0.002383358208194
0.987958380969374 0.003306695257924
0.984291580564316 0.004384589690270
0.980146842838472 0.005608186321354
0.975528258147577 0.006964241041793
0.970440384477113 0.008430446899670
0.964888242944126 0.009985755498120
0.958877312841991 0.011620343415630
0.952413526233010 0.013326314323589
0.945503262094184 0.015098047693700
0.938153340021932 0.016934511822725
0.930371013501972 0.018838614435000
0.922163962751008 0.020816108778893
0.913540287137281 0.022867377453832
0.904508497187474 0.024990362271228
0.895077506187845 0.027183724613422
0.885256621387895 0.029442775995998
0.875055534815230 0.031759125403613
0.864484313710706 0.034123432646683
0.853553390593274 0.036526678047181
0.842273552964344 0.038961255643064
0.830655932661826 0.041419437561620
0.818711994874345 0.043891080123923
0.806453526826488 0.046359313296886
0.793892626146236 0.048804974358955
0.781041688926065 0.051206111998838
0.767913397489498 0.053536277009058
0.754520707875186 0.055764917902983
0.740876837050858 0.057864309878253
0.726995249869773 0.059818370545641
0.712889645782536 0.061613848063029
0.698573945317390 0.063245237570909
0.684062276342339 0.064718309590791
0.669368960122646 0.066050190731213
0.654508497187474 0.067255507012718
0.639495553019615 0.068343941392436
0.624344943582427 0.069320549279750
0.609071620698271 0.070189349965364
0.593690657292862 0.070953127553778
0.578217232520115 0.071611419781710
0.562666616782152 0.072164109197020
0.547054156659257 0.072612165236016
0.531395259764657 0.072957063902516
0.515705379539064 0.073200576140585
0.500000000000000 0.073344635539413
0.484294620460936 0.073391711209159
0.468604740235343 0.073344179122086
0.452945843340743 0.073202641828097
0.437333383217848 0.072966429344954
0.421782767479884 0.072634046217025
0.406309342707138 0.072206440000415
0.390928379301729 0.071686490828335
0.375655056417573 0.071078597505573
0.360504446980385 0.070385367701785
0.345491502812526 0.069607642432451
0.330631039877354 0.068745394968915
0.315937723657661 0.067799265052692
0.301426054682610 0.066770916957494
0.287110354217464 0.065662765845940
0.273004750130227 0.064477322349674
0.259123162949142 0.063216942682456
0.245479292124814 0.061883804763826
0.232086602510502 0.060480653538555
0.218958311073935 0.059010316702835
0.206107373853763 0.057475713050727
0.193546473173512 0.055880538154558
0.181288005125655 0.054227346863488
0.169344067338174 0.052517849461536
0.157726447035656 0.050754492470916
0.146446609406726 0.048940248985702
0.135515686289294 0.047077835566482
0.124944465184770 0.045171183058498
0.114743378612105 0.043224769819398
0.104922493812155 0.041241641065958
0.095491502812526 0.039226014245807
0.086459712862719 0.037183325719070
0.077836037248992 0.035116497254620
0.069628986498028 0.033029050565881
0.061846659978068 0.030927436486783
0.054496737905816 0.028813936446280
0.047586473766990 0.026689811236427
0.041122687158009 0.024562298777260
0.035111757055874 0.022434693247655
0.029559615522887 0.020306473537009
0.024471741852423 0.018187723210029
0.019853157161528 0.016084960027277
0.015708419435684 0.013987455702716
0.012041619030626 0.011904429712976
0.008856374635656 0.009861009788271
0.006155829702431 0.007874809713216
0.003942649342761 0.005963563111287
0.002219017698460 0.004155931833806
0.000986635785864 0.002524163921590
0.000246719817134 0.001145924822499
0.000000000000000 0.000000000000000
0.000246719817134 -0.001104968450529
0.000986635785864 -0.002429097234644
0.002219017698460 -0.003964999923067
0.003942649342761 -0.005661784114616
0.006155829702431 -0.007460111929725
0.008856374635656 -0.009315953832790
0.012041619030626 -0.011209023467560
0.015708419435684 -0.013125324031145
0.019853157161528 -0.015041262879162
0.024471741852423 -0.016942053669176
0.029559615522887 -0.018833945361917
0.035111757055874 -0.020711941931988
0.041122687158009 -0.022564070614464
0.047586473766990 -0.024389018447489
0.054496737905816 -0.026183787689164
0.061846659978068 -0.027939981554747
0.069628986498028 -0.029654910961953
0.077836037248993 -0.031324736815055
0.086459712862719 -0.032939249745544
0.095491502812526 -0.034489915208792
0.104922493812155 -0.035969244434188
0.114743378612105 -0.037368559477519
0.124944465184770 -0.038680835147529
0.135515686289294 -0.039897458673751
0.146446609406726 -0.041002269940656
0.157726447035656 -0.041975596214993
0.169344067338174 -0.042800589293571
0.181288005125655 -0.043468225481323
0.193546473173512 -0.043974695862865
0.206107373853763 -0.044318335122760
0.218958311073935 -0.044502715728849
0.232086602510502 -0.044535718090331
0.245479292124814 -0.044426871102908
0.259123162949142 -0.044182979034108
0.273004750130227 -0.043808675239908
0.287110354217464 -0.043310432091624
0.301426054682610 -0.042692850213284
0.315937723657661 -0.041959740906952
0.330631039877354 -0.041115409883771
0.345491502812526 -0.040165501461304
0.360504446980386 -0.039117104889431
0.375655056417573 -0.037978281912426
0.390928379301729 -0.036756206650574
0.406309342707138 -0.035456788117502
0.421782767479884 -0.034084794419939
0.437333383217848 -0.032646386162918
0.452945843340743 -0.031149300130644
0.468604740235343 -0.029602968490918
0.484294620460936 -0.028016450190391
0.500000000000000 -0.026397774387796
0.515705379539064 -0.024752715795949
0.531395259764657 -0.023087088769069
0.547054156659257 -0.021407526117410
0.562666616782152 -0.019722295105346
0.578217232520115 -0.018040151696165
0.593690657292863 -0.016369449897892
0.609071620698271 -0.014717473851143
0.624344943582427 -0.013090680897115
0.639495553019615 -0.011495201953567
0.654508497187474 -0.009937264026248
0.669368960122646 -0.008423095056061
0.684062276342339 -0.006958583792078
0.698573945317390 -0.005549289796156
0.712889645782536 -0.004200504241844
0.726995249869774 -0.002917317167446
0.740876837050858 -0.001704104330369
0.754520707875186 -0.000564720970395
0.767913397489498 0.000497387555545
0.781041688926065 0.001479431655401
0.793892626146237 0.002379435338011
0.806453526826489 0.003195384925552
0.818711994874345 0.003925383350574
0.830655932661826 0.004568476587464
0.842273552964344 0.005124434176332
0.853553390593274 0.005592692340161
0.864484313710706 0.005973065661257
0.875055534815230 0.006266653133816
0.885256621387895 0.006475229349272
0.895077506187845 0.006600031383393
0.904508497187474 0.006643274979666
0.913540287137281 0.006608749504245
0.922163962751008 0.006499528143101
0.930371013501972 0.006316366644846
0.938153340021932 0.006062065202723
0.945503262094184 0.005741926566978
0.952413526233010 0.005362404760707
0.958877312841991 0.004930597738955
0.964888242944126 0.004455792274409
0.970440384477113 0.003949176754683
0.975528258147577 0.003424169902376
0.980146842838472 0.002895529507495
0.984291580564316 0.002377676391537
0.987958380969374 0.001884277593042
0.991143625364344 0.001427253499983
0.993844170297569 0.001017493458982
0.996057350657239 0.000665503853859
0.997780982301540 0.000380787158183
0.999013364214136 0.000171326892981
0.999753280182866 0.000043150739328
1.000000000000000 0.000000000000000
