1.000000000000000 0.000000000000000
0.999753280182866 0.000012532934405
0.999013364214136 0.000052293798404
0.997780982301540 0.000125478192895
0.996057350657239 0.000241454375097
0.993844170297569 0.000411338035678
0.991143625364344 0.000645983418875
0.987958380969374 0.000953446477266
0.984291580564316 0.001336034445096
0.980146842838472 0.001793231237109
0.975528258147577 0.002326584332178
0.970440384477113 0.002934465420965
0.964888242944126 0.003611219453753
0.958877312841991 0.004354014209494
0.952413526233010 0.005162642917377
0.945503262094184 0.006036181847236
0.938153340021932 0.006974167059643
0.930371013501972 0.007979478109466
0.922163962751008 0.009056555699727
0.913540287137281 0.010210816056374
0.904508497187474 0.011446094043915
0.895077506187845 0.012764154847621
0.885256621387895 0.014166569137415
0.875055534815230 0.015654102607952
0.864484313710706 0.017225304654993
0.853553390593274 0.018877368881773
0.842273552964344 0.020606578645194
0.830655932661826 0.022409098952535
0.818711994874345 0.024280977203899
0.806453526826488 0.026217630853830
0.793892626146236 0.028212892531218
0.781041688926065 0.030258160347370
0.767913397489498 0.032343394938535
0.754520707875186 0.034456795529636
0.740876837050858 0.036582656851756
0.726995249869773 0.038701950185919
0.712889645782536 0.040794729697346
0.698573945317390 0.042844248650567
0.684062276342339 0.044839182304798
0.669368960122646 0.046767936375226
0.654508497187474 0.048620044796272
0.639495553019615 0.050386646390439
0.624344943582427 0.052059201181251
0.609071620698271 0.053630520154842
0.593690657292862 0.055095028681663
0.578217232520115 0.056448374657394
0.562666616782152 0.057686254999206
0.547054156659257 0.058803870593846
0.531395259764657 0.059795857630951
0.515705379539064 0.060658460859975
0.500000000000000 0.061392068378365
0.484294620460936 0.061999182858031
0.468604740235343 0.062483624920371
0.452945843340743 0.062849358877846
0.437333383217848 0.063100753336651
0.421782767479884 0.063242642289799
0.406309342707138 0.063279667744472
0.390928379301729 0.063216578579332
0.375655056417573 0.063058549194671
0.360504446980385 0.062808583029538
0.345491502812526 0.062467627375205
0.330631039877354 0.062036227647198
0.315937723657661 0.061515276875121
0.301426054682610 0.060906251882725
0.287110354217464 0.060211187167363
0.273004750130227 0.059432016365358
0.259123162949142 0.058570395096294
0.245479292124814 0.057627868084712
0.232086602510502 0.056606499695302
0.218958311073935 0.055508398426558
0.206107373853763 0.054335762856517
0.193546473173512 0.053091682602189
0.181288005125655 0.051776809749757
0.169344067338174 0.050390518347654
0.157726447035656 0.048933082720734
0.146446609406726 0.047406745789983
0.135515686289294 0.045815434888960
0.124944465184770 0.044164582063331
0.114743378612105 0.042458858814369
0.104922493812155 0.040698442550044
0.095491502812526 0.038884877050855
0.086459712862719 0.037021299238593
0.077836037248992 0.035108424945000
0.069628986498028 0.033148409937678
0.061846659978068 0.031147521960475
0.054496737905816 0.029112179392927
0.047586473766990 0.027050448118855
0.041122687158009 0.024974332708806
0.035111757055874 0.022882716607330
0.029559615522887 0.020765591030904
0.024471741852423 0.018628614515607
0.019853157161528 0.016492483995909
0.015708419435684 0.014386722889959
0.012041619030626 0.012344996545182
0.008856374635656 0.010380536095274
0.006155829702431 0.008424595652740
0.003942649342761 0.006481752974960
0.002219017698460 0.004655432129868
0.000986635785864 0.002985131259968
0.000246719817134 0.001437962200280
0.000000000000000 0.000000000000000
0.000246719817134 -0.001437995563301
0.000986635785864 -0.002985128599741
0.002219017698460 -0.004655437279170
0.003942649342761 -0.006481763754359
0.006155829702431 -0.008424601645925
0.008856374635656 -0.010380542268589
0.012041619030626 -0.012344998616392
0.015708419435684 -0.014386724545504
0.019853157161528 -0.016492489077879
0.024471741852423 -0.018628623408301
0.029559615522887 -0.020765592656863
0.035111757055874 -0.022882718650437
0.041122687158009 -0.024974336483530
0.047586473766990 -0.027050449290469
0.054496737905816 -0.029112180844252
0.061846659978068 -0.031147524986676
0.069628986498028 -0.033148411358185
0.077836037248993 -0.035108427475629
0.086459712862719 -0.037021301471579
0.095491502812526 -0.038884879405110
0.104922493812155 -0.040698443061037
0.114743378612105 -0.042458860358149
0.124944465184770 -0.044164581579558
0.135515686289294 -0.045815436652357
0.146446609406726 -0.047406745962565
0.157726447035656 -0.048933082271480
0.169344067338174 -0.050390519018089
0.181288005125655 -0.051776811225425
0.193546473173512 -0.053091682113998
0.206107373853763 -0.054335763506056
0.218958311073935 -0.055508399515575
0.232086602510502 -0.056606500559697
0.245479292124814 -0.057627868751292
0.259123162949142 -0.058570395339573
0.273004750130227 -0.059432016645994
0.287110354217464 -0.060211187965664
0.301426054682610 -0.060906252620853
0.315937723657661 -0.061515277303519
0.330631039877354 -0.062036228320285
0.345491502812526 -0.062467628051957
0.360504446980386 -0.062808583963812
0.375655056417573 -0.063058549940021
0.390928379301729 -0.063216579232104
0.406309342707138 -0.063279668399539
0.421782767479884 -0.063242642853317
0.437333383217848 -0.063100753964834
0.452945843340743 -0.062849359509351
0.468604740235343 -0.062483625753242
0.484294620460936 -0.061999183054479
0.500000000000000 -0.061392069085556
0.515705379539064 -0.060658461169054
0.531395259764657 -0.059795858063515
0.547054156659257 -0.058803870978145
0.562666616782152 -0.057686255194162
0.578217232520115 -0.056448376128196
0.593690657292863 -0.055095029141789
0.609071620698271 -0.053630521252364
0.624344943582427 -0.052059201201783
0.639495553019615 -0.050386646041886
0.654508497187474 -0.048620045011853
0.669368960122646 -0.046767934548805
0.684062276342339 -0.044839183575866
0.698573945317390 -0.042844247785470
0.712889645782536 -0.040794727825639
0.726995249869774 -0.038701950946384
0.740876837050858 -0.036582657619407
0.754520707875186 -0.034456795279726
0.767913397489498 -0.032343393118238
0.781041688926065 -0.030258159996645
0.793892626146237 -0.028212892839346
0.806453526826489 -0.026217630518808
0.818711994874345 -0.024280977428902
0.830655932661826 -0.022409099150112
0.842273552964344 -0.020606579844107
0.853553390593274 -0.018877367631157
0.864484313710706 -0.017225306436468
0.875055534815230 -0.015654103220914
0.885256621387895 -0.014166569146409
0.895077506187845 -0.012764155805586
0.904508497187474 -0.011446094595055
0.913540287137281 -0.010210816445671
0.922163962751008 -0.009056555987833
0.930371013501972 -0.007979479883943
0.938153340021932 -0.006974167437863
0.945503262094184 -0.006036182879607
0.952413526233010 -0.005162643367237
0.958877312841991 -0.004354014924273
0.964888242944126 -0.003611218431262
0.970440384477113 -0.002934465973657
0.975528258147577 -0.002326584122340
0.980146842838472 -0.001793230739103
0.984291580564316 -0.001336034503561
0.987958380969374 -0.000953447591999
0.991143625364344 -0.000645983419137
0.993844170297569 -0.000411337277994
0.996057350657239 -0.000241454785718
0.997780982301540 -0.000125477297128
0.999013364214136 -0.000052294049006
0.999753280182866 -0.000012533141993
1.000000000000000 0.000000000000000
