1.000000000000000 0.000000000000000
0.999753280182866 0.000056362044411
0.999013364214136 0.000225322300904
0.997780982301540 0.000506518100230
0.996057350657239 0.000899360197221
0.993844170297569 0.001403068251296
0.991143625364344 0.002016722442915
0.987958380969374 0.002739313401114
0.984291580564316 0.003569828407089
0.980146842838472 0.004507291423721
0.975528258147577 0.005550901820633
0.970440384477113 0.006700086268458
0.964888242944126 0.007954629969688
0.958877312841991 0.009314773442356
0.952413526233010 0.010780527007572
0.945503262094184 0.012349884989637
0.938153340021932 0.014019856176960
0.930371013501972 0.015788548277837
0.922163962751008 0.017656091501636
0.913540287137281 0.019623167324118
0.904508497187474 0.021689659773504
0.895077506187845 0.023853765204312
0.885256621387895 0.026113249436820
0.875055534815230 0.028466276962425
0.864484313710706 0.030913286944883
0.853553390593274 0.033455717066152
0.842273552964344 0.036095324980175
0.830655932661826 0.038832914543960
0.818711994874345 0.041667864229844
0.806453526826488 0.044599555651872
0.793892626146236 0.047627562079064
0.781041688926065 0.050752561335413
0.767913397489498 0.053975683680960
0.754520707875186 0.057298299839191
0.740876837050858 0.060721741048178
0.726995249869773 0.064247381184688
0.712889645782536 0.067877207281499
0.698573945317390 0.071610684753315
0.684062276342339 0.075439425569818
0.669368960122646 0.079344139105002
0.654508497187474 0.083303861899508
0.639495553019615 0.087302585255434
0.624344943582427 0.091331848496750
0.609071620698271 0.095385266412017
0.593690657292862 0.099454942764889
0.578217232520115 0.103529467008135
0.562666616782152 0.107596113088826
0.547054156659257 0.111641139689857
0.531395259764657 0.115649467676298
0.515705379539064 0.119605665705526
0.500000000000000 0.123493884239803
0.484294620460936 0.127296090799499
0.468604740235343 0.130993539102842
0.452945843340743 0.134567666755830
0.437333383217848 0.137996656138643
0.421782767479884 0.141255045917104
0.406309342707138 0.144317534772257
0.390928379301729 0.147155075566377
0.375655056417573 0.149723158273552
0.360504446980385 0.151979200174948
0.345491502812526 0.153888330373867
0.330631039877354 0.155425878717511
0.315937723657661 0.156575599916160
0.301426054682610 0.157328688469620
0.287110354217464 0.157682572431436
0.273004750130227 0.157640941593559
0.259123162949142 0.157206929500543
0.245479292124814 0.156383486157709
0.232086602510502 0.155175077207412
0.218958311073935 0.153592145375409
0.206107373853763 0.151651235101107
0.193546473173512 0.149369138627293
0.181288005125655 0.146761573994139
0.169344067338174 0.143842967739693
0.157726447035656 0.140627680212639
0.146446609406726 0.137126190093156
0.135515686289294 0.133346512178880
0.124944465184770 0.129299310104253
0.114743378612105 0.124997698452717
0.104922493812155 0.120457348958789
0.095491502812526 0.115693012276579
0.086459712862719 0.110715927718649
0.077836037248992 0.105537535333247
0.069628986498028 0.100172276230538
0.061846659978068 0.094636905989897
0.054496737905816 0.088950917650560
0.047586473766990 0.083133179559118
0.041122687158009 0.077198662960476
0.035111757055874 0.071165616235026
0.029559615522887 0.065053677166971
0.024471741852423 0.058882423310189
0.019853157161528 0.052676882458200
0.015708419435684 0.046465571316520
0.012041619030626 0.040280458023622
0.008856374635656 0.034165796525440
0.006155829702431 0.028150646385275
0.003942649342761 0.022235313256022
0.002219017698460 0.016437243650949
0.000986635785864 0.010790228650699
0.000246719817134 0.005308209768410
0.000000000000000 0.000000000000000
0.000246719817134 -0.005308156452330
0.000986635785864 -0.010790202904587
0.002219017698460 -0.016437256105736
0.003942649342761 -0.022235346507640
0.006155829702431 -0.028150658558178
0.008856374635656 -0.034165825949691
0.012041619030626 -0.040280476647337
0.015708419435684 -0.046465576960432
0.019853157161528 -0.052676890268912
0.024471741852423 -0.058882435034308
0.029559615522887 -0.065053676400973
0.035111757055874 -0.071165633722872
0.041122687158009 -0.077198662945340
0.047586473766990 -0.083133192559175
0.054496737905816 -0.088950911179136
0.061846659978068 -0.094636908360187
0.069628986498028 -0.100172282980781
0.077836037248993 -0.105537543088239
0.086459712862719 -0.110715936268316
0.095491502812526 -0.115693024720953
0.104922493812155 -0.120457355193275
0.114743378612105 -0.124997706203740
0.124944465184770 -0.129299321518510
0.135515686289294 -0.133346518706581
0.146446609406726 -0.137126196948579
0.157726447035656 -0.140627687988588
0.169344067338174 -0.143842974421193
0.181288005125655 -0.146761579462386
0.193546473173512 -0.149369144412812
0.206107373853763 -0.151651239909568
0.218958311073935 -0.153592150777932
0.232086602510502 -0.155175082305958
0.245479292124814 -0.156383490581362
0.259123162949142 -0.157206934170132
0.273004750130227 -0.157640946394051
0.287110354217464 -0.157682577436020
0.301426054682610 -0.157328693677969
0.315937723657661 -0.156575603727730
0.330631039877354 -0.155425882990119
0.345491502812526 -0.153888334234549
0.360504446980386 -0.151979203894773
0.375655056417573 -0.149723162022058
0.390928379301729 -0.147155079333024
0.406309342707138 -0.144317540162331
0.421782767479884 -0.141255047805574
0.437333383217848 -0.137996659731083
0.452945843340743 -0.134567670021060
0.468604740235343 -0.130993545504919
0.484294620460936 -0.127296095556029
0.500000000000000 -0.123493886597006
0.515705379539064 -0.119605665566249
0.531395259764657 -0.115649472639554
0.547054156659257 -0.111641138815284
0.562666616782152 -0.107596115429054
0.578217232520115 -0.103529467648420
0.593690657292863 -0.099454944031317
0.609071620698271 -0.095385271813297
0.624344943582427 -0.091331850371180
0.639495553019615 -0.087302589251214
0.654508497187474 -0.083303864132371
0.669368960122646 -0.079344139334958
0.684062276342339 -0.075439427395201
0.698573945317390 -0.071610689340928
0.712889645782536 -0.067877209316194
0.726995249869774 -0.064247383005260
0.740876837050858 -0.060721742424519
0.754520707875186 -0.057298300738437
0.767913397489498 -0.053975687093708
0.781041688926065 -0.050752560487032
0.793892626146237 -0.047627562396645
0.806453526826489 -0.044599560755279
0.818711994874345 -0.041667863413585
0.830655932661826 -0.038832914462789
0.842273552964344 -0.036095325242534
0.853553390593274 -0.033455715815524
0.864484313710706 -0.030913288800286
0.875055534815230 -0.028466279053933
0.885256621387895 -0.026113250111626
0.895077506187845 -0.023853764421830
0.904508497187474 -0.021689660301667
0.913540287137281 -0.019623167252440
0.922163962751008 -0.017656092374569
0.930371013501972 -0.015788548274147
0.938153340021932 -0.014019854744570
0.945503262094184 -0.012349881881511
0.952413526233010 -0.010780528115887
0.958877312841991 -0.009314770727014
0.964888242944126 -0.007954630138212
0.970440384477113 -0.006700084358297
0.975528258147577 -0.005550903134572
0.980146842838472 -0.004507294155663
0.984291580564316 -0.003569826805711
0.987958380969374 -0.002739314800172
0.991143625364344 -0.002016720607046
0.993844170297569 -0.001403065467385
0.996057350657239 -0.000899357334438
0.997780982301540 -0.000506518688661
0.999013364214136 -0.000225325205641
0.999753280182866 -0.000056361394241
1.000000000000000 0.000000000000000
