1.000000000000000 0.000000000000000
0.999753280182866 0.000014066617764
0.999013364214136 0.000066921661558
0.997780982301540 0.000184640710592
0.996057350657239 0.000390889811044
0.993844170297569 0.000693369931096
0.991143625364344 0.001100178281910
0.987958380969374 0.001611236937936
0.984291580564316 0.002214618088978
0.980146842838472 0.002887648199917
0.975528258147577 0.003598919320882
0.970440384477113 0.004318766832743
0.964888242944126 0.005023826707737
0.958877312841991 0.005708844534947
0.952413526233010 0.006380625745969
0.945503262094184 0.007054783365272
0.938153340021932 0.007735099956896
0.930371013501972 0.008423616534540
0.922163962751008 0.009130622686615
0.913540287137281 0.009859509260424
0.904508497187474 0.010604570076094
0.895077506187845 0.011366044345226
0.885256621387895 0.012147925990602
0.875055534815230 0.012954132819546
0.864484313710706 0.013784843938925
0.853553390593274 0.014635679006694
0.842273552964344 0.015507738749701
0.830655932661826 0.016404815797921
0.818711994874345 0.017325884792522
0.806453526826488 0.018267496016783
0.793892626146236 0.019224558696742
0.781041688926065 0.020202309590713
0.767913397489498 0.021206675376859
0.754520707875186 0.022232424212532
0.740876837050858 0.023270278404690
0.726995249869773 0.024322920038788
0.712889645782536 0.025391080815064
0.698573945317390 0.026471775311351
0.684062276342339 0.027562273820123
0.669368960122646 0.028660636158090
0.654508497187474 0.029765195015750
0.639495553019615 0.030874213981486
0.624344943582427 0.031985629152806
0.609071620698271 0.033097870880511
0.593690657292862 0.034208722153204
0.578217232520115 0.035310326832648
0.562666616782152 0.036396853184896
0.547054156659257 0.037467508748174
0.531395259764657 0.038522159596695
0.515705379539064 0.039557648416102
0.500000000000000 0.040564422268201
0.484294620460936 0.041538629773464
0.468604740235343 0.042479733999239
0.452945843340743 0.043380411332297
0.437333383217848 0.044233294520607
0.421782767479884 0.045033382808850
0.406309342707138 0.045776393525298
0.390928379301729 0.046457127846616
0.375655056417573 0.047067637204935
0.360504446980385 0.047599222072521
0.345491502812526 0.048043581677015
0.330631039877354 0.048393953655974
0.315937723657661 0.048640162356007
0.301426054682610 0.048764163796985
0.287110354217464 0.048733934316720
0.273004750130227 0.048528305920552
0.259123162949142 0.048144044218667
0.245479292124814 0.047596289545871
0.232086602510502 0.046907234060701
0.218958311073935 0.046101630592996
0.206107373853763 0.045195867502020
0.193546473173512 0.044191090029527
0.181288005125655 0.043095272810594
0.169344067338174 0.041916843469174
0.157726447035656 0.040661974484578
0.146446609406726 0.039334255128263
0.135515686289294 0.037939288769696
0.124944465184770 0.036486607431387
0.114743378612105 0.034981986590075
0.104922493812155 0.033427321565829
0.095491502812526 0.031825788038919
0.086459712862719 0.030185012866828
0.077836037248992 0.028515154204453
0.069628986498028 0.026817941035327
0.061846659978068 0.025095915337179
0.054496737905816 0.023356181236634
0.047586473766990 0.021603174806414
0.041122687158009 0.019841814476220
0.035111757055874 0.018080054551818
0.029559615522887 0.016326530960061
0.024471741852423 0.014590379720952
0.019853157161528 0.012879056574814
0.015708419435684 0.011195746889821
0.012041619030626 0.009540879087565
0.008856374635656 0.007938056009482
0.006155829702431 0.006404032849103
0.003942649342761 0.004901191372126
0.002219017698460 0.003491183134616
0.000986635785864 0.002308849720569
0.000246719817134 0.001210293896778
0.000000000000000 0.000000000000000
0.000246719817134 -0.001234819757385
0.000986635785864 -0.002347670485019
0.002219017698460 -0.003506933523788
0.003942649342761 -0.004878126950752
0.006155829702431 -0.006335877533134
0.008856374635656 -0.007805683592671
0.012041619030626 -0.009322055520825
0.015708419435684 -0.010872492009490
0.019853157161528 -0.012431194600778
0.024471741852423 -0.013986110929775
0.029559615522887 -0.015531866405955
0.035111757055874 -0.017065047555891
0.041122687158009 -0.018569905087655
0.047586473766990 -0.020030486422392
0.054496737905816 -0.021434990501025
0.061846659978068 -0.022776925285539
0.069628986498028 -0.024042929781051
0.077836037248993 -0.025202688465085
0.086459712862719 -0.026223474631516
0.095491502812526 -0.027093178420030
0.104922493812155 -0.027846179787769
0.114743378612105 -0.028502436536826
0.124944465184770 -0.029064599810359
0.135515686289294 -0.029542250218822
0.146446609406726 -0.029944828202665
0.157726447035656 -0.030277743581764
0.169344067338174 -0.030541070438806
0.181288005125655 -0.030735783685146
0.193546473173512 -0.030869212629072
0.206107373853763 -0.030943913362932
0.218958311073935 -0.030957178340564
0.232086602510502 -0.030918632944061
0.245479292124814 -0.030834161411514
0.259123162949142 -0.030703094205225
0.273004750130227 -0.030524759612690
0.287110354217464 -0.030302946029430
0.301426054682610 -0.030043398533207
0.315937723657661 -0.029749596249007
0.330631039877354 -0.029420222278942
0.345491502812526 -0.029055737138838
0.360504446980386 -0.028659387170889
0.375655056417573 -0.028236585187141
0.390928379301729 -0.027789824933837
0.406309342707138 -0.027321752990788
0.421782767479884 -0.026836492672800
0.437333383217848 -0.026332846974856
0.452945843340743 -0.025808699385921
0.468604740235343 -0.025266617448778
0.484294620460936 -0.024713244178388
0.500000000000000 -0.024154799408023
0.515705379539064 -0.023583912342279
0.531395259764657 -0.022998516221538
0.547054156659257 -0.022408702314238
0.562666616782152 -0.021819803603491
0.578217232520115 -0.021230709687150
0.593690657292863 -0.020632640971450
0.609071620698271 -0.020032554390782
0.624344943582427 -0.019441541144825
0.639495553019615 -0.018838994072692
0.654508497187474 -0.018244187306935
0.669368960122646 -0.017698152258765
0.684062276342339 -0.017140105461184
0.698573945317390 -0.016538614324485
0.712889645782536 -0.015924112997602
0.726995249869774 -0.015349340345725
0.740876837050858 -0.014800348188814
0.754520707875186 -0.014248703272463
0.767913397489498 -0.013705310899186
0.781041688926065 -0.013170225966119
0.793892626146237 -0.012641714315112
0.806453526826489 -0.012118917086363
0.818711994874345 -0.011603724017396
0.830655932661826 -0.011099821230953
0.842273552964344 -0.010604741914430
0.853553390593274 -0.010114783217246
0.864484313710706 -0.009634834160778
0.875055534815230 -0.009165747904332
0.885256621387895 -0.008700354827685
0.895077506187845 -0.008236733453223
0.904508497187474 -0.007776515826511
0.913540287137281 -0.007318967539550
0.922163962751008 -0.006864234533456
0.930371013501972 -0.006414823128486
0.938153340021932 -0.005965546445437
0.945503262094184 -0.005506689200114
0.952413526233010 -0.005039507646721
0.958877312841991 -0.004561816343991
0.964888242944126 -0.004055150314887
0.970440384477113 -0.003509774495417
0.975528258147577 -0.002929757560389
0.980146842838472 -0.002344977870676
0.984291580564316 -0.001788438361573
0.987958380969374 -0.001285424191435
0.991143625364344 -0.000858778075935
0.993844170297569 -0.000525253061494
0.996057350657239 -0.000288353215612
0.997780982301540 -0.000137585793966
0.999013364214136 -0.000052461514442
0.999753280182866 -0.000011724989782
1.000000000000000 0.000000000000000
