1.000000000000000 0.000000000000000
0.999753280182866 0.000022845288507
0.999013364214136 0.000101783748049
0.997780982301540 0.000263490394208
0.996057350657239 0.000537021589501
0.993844170297569 0.000933466551293
0.991143625364344 0.001459418978020
0.987958380969374 0.002122444915639
0.984291580564316 0.002923014703687
0.980146842838472 0.003851974120607
0.975528258147577 0.004893273026710
0.970440384477113 0.006023179897511
0.964888242944126 0.007213442682731
0.958877312841991 0.008433996774490
0.952413526233010 0.009674277533637
0.945503262094184 0.010935545492702
0.938153340021932 0.012225244724846
0.930371013501972 0.013555280771497
0.922163962751008 0.014938456220421
0.913540287137281 0.016382884735092
0.904508497187474 0.017884892471122
0.895077506187845 0.019442957799887
0.885256621387895 0.021059686579055
0.875055534815230 0.022734271050307
0.864484313710706 0.024463305252274
0.853553390593274 0.026248192364516
0.842273552964344 0.028090827474421
0.830655932661826 0.029980618627334
0.818711994874345 0.031905741390206
0.806453526826488 0.033868001602128
0.793892626146236 0.035862026771181
0.781041688926065 0.037865933927556
0.767913397489498 0.039867788143326
0.754520707875186 0.041858457423725
0.740876837050858 0.043806688060599
0.726995249869773 0.045656119376044
0.712889645782536 0.047331356345168
0.698573945317390 0.048801894880476
0.684062276342339 0.050101811266954
0.669368960122646 0.051276455912651
0.654508497187474 0.052351689010603
0.639495553019615 0.053332152081844
0.624344943582427 0.054210741213324
0.609071620698271 0.054994649720022
0.593690657292862 0.055696910361018
0.578217232520115 0.056309773857546
0.562666616782152 0.056834151046493
0.547054156659257 0.057281677379998
0.531395259764657 0.057651793342351
0.515705379539064 0.057940608408417
0.500000000000000 0.058146160148355
0.484294620460936 0.058272758796903
0.468604740235343 0.058326009401374
0.452945843340743 0.058303858748904
0.437333383217848 0.058205536893231
0.421782767479884 0.058033464218259
0.406309342707138 0.057790588153356
0.390928379301729 0.057477541929461
0.375655056417573 0.057090853471664
0.360504446980385 0.056632420533223
0.345491502812526 0.056105674698823
0.330631039877354 0.055508990764932
0.315937723657661 0.054842577379476
0.301426054682610 0.054108903340256
0.287110354217464 0.053311096005054
0.273004750130227 0.052450010664421
0.259123162949142 0.051524935481865
0.245479292124814 0.050535543943073
0.232086602510502 0.049484755288032
0.218958311073935 0.048374165157049
0.206107373853763 0.047202708870344
0.193546473173512 0.045967878927336
0.181288005125655 0.044667259874787
0.169344067338174 0.043302125858679
0.157726447035656 0.041871096132984
0.146446609406726 0.040369391640412
0.135515686289294 0.038802097906371
0.124944465184770 0.037183202383076
0.114743378612105 0.035521605995309
0.104922493812155 0.033822106756178
0.095491502812526 0.032087965337239
0.086459712862719 0.030324437136348
0.077836037248992 0.028540918497203
0.069628986498028 0.026741438780804
0.061846659978068 0.024924771049577
0.054496737905816 0.023098426650490
0.047586473766990 0.021272974915322
0.041122687158009 0.019448934296351
0.035111757055874 0.017629577605171
0.029559615522887 0.015827376535061
0.024471741852423 0.014051306855810
0.019853157161528 0.012304807953558
0.015708419435684 0.010596824337022
0.012041619030626 0.008940270817779
0.008856374635656 0.007333873659223
0.006155829702431 0.005792650831248
0.003942649342761 0.004342267204889
0.002219017698460 0.002997406707907
0.000986635785864 0.001795100672312
0.000246719817134 0.000826620716236
0.000000000000000 0.000000000000000
0.000246719817134 -0.000813162394275
0.000986635785864 -0.001740578907067
0.002219017698460 -0.002803958466993
0.003942649342761 -0.003898562655074
0.006155829702431 -0.005079730560986
0.008856374635656 -0.006349849447036
0.012041619030626 -0.007641555803159
0.015708419435684 -0.008934883261869
0.019853157161528 -0.010242850804178
0.024471741852423 -0.011551905004832
0.029559615522887 -0.012846112122274
0.035111757055874 -0.014109767940586
0.041122687158009 -0.015326603385231
0.047586473766990 -0.016478113840318
0.054496737905816 -0.017552974559215
0.061846659978068 -0.018549316927638
0.069628986498028 -0.019479020254767
0.077836037248993 -0.020360448143846
0.086459712862719 -0.021201550904612
0.095491502812526 -0.022006395951483
0.104922493812155 -0.022773003293507
0.114743378612105 -0.023503061649817
0.124944465184770 -0.024203679998121
0.135515686289294 -0.024874755374460
0.146446609406726 -0.025509007495495
0.157726447035656 -0.026107868469530
0.169344067338174 -0.026677916122598
0.181288005125655 -0.027220311888737
0.193546473173512 -0.027733317553608
0.206107373853763 -0.028215378333610
0.218958311073935 -0.028665157221036
0.232086602510502 -0.029080982005866
0.245479292124814 -0.029465732661798
0.259123162949142 -0.029824785350587
0.273004750130227 -0.030158079943685
0.287110354217464 -0.030456039993782
0.301426054682610 -0.030718249144635
0.315937723657661 -0.030951563173220
0.330631039877354 -0.031157611498227
0.345491502812526 -0.031335070043304
0.360504446980386 -0.031481740145766
0.375655056417573 -0.031596097900477
0.390928379301729 -0.031678180407212
0.406309342707138 -0.031728462212547
0.421782767479884 -0.031746786345369
0.437333383217848 -0.031733013274375
0.452945843340743 -0.031687110694129
0.468604740235343 -0.031609137089753
0.484294620460936 -0.031499020946648
0.500000000000000 -0.031356575914164
0.515705379539064 -0.031181796604193
0.531395259764657 -0.030974901484915
0.547054156659257 -0.030736128976693
0.562666616782152 -0.030463256018307
0.578217232520115 -0.030153965888122
0.593690657292863 -0.029810006816682
0.609071620698271 -0.029430188273136
0.624344943582427 -0.029010871409093
0.639495553019615 -0.028553472618009
0.654508497187474 -0.028059813119080
0.669368960122646 -0.027529436618974
0.684062276342339 -0.026957141431909
0.698573945317390 -0.026339692633308
0.712889645782536 -0.025676858963165
0.726995249869774 -0.024964980415392
0.740876837050858 -0.024200188580811
0.754520707875186 -0.023376581696223
0.767913397489498 -0.022480719124518
0.781041688926065 -0.021486235196985
0.793892626146237 -0.020370333962618
0.806453526826489 -0.019130070655971
0.818711994874345 -0.017799331833465
0.830655932661826 -0.016438802757319
0.842273552964344 -0.015086589291170
0.853553390593274 -0.013768367910137
0.864484313710706 -0.012496081170852
0.875055534815230 -0.011276188870777
0.885256621387895 -0.010110901837734
0.895077506187845 -0.009005347841583
0.904508497187474 -0.007970624722365
0.913540287137281 -0.007010915706972
0.922163962751008 -0.006122415018427
0.930371013501972 -0.005302380122449
0.938153340021932 -0.004549590075477
0.945503262094184 -0.003856451547833
0.952413526233010 -0.003211286410834
0.958877312841991 -0.002613138616764
0.964888242944126 -0.002068044496114
0.970440384477113 -0.001578481628892
0.975528258147577 -0.001144565136320
0.980146842838472 -0.000773961931234
0.984291580564316 -0.000475643335292
0.987958380969374 -0.000250686372084
0.991143625364344 -0.000093800320363
0.993844170297569 0.000002741642535
0.996057350657239 0.000049324805470
0.997780982301540 0.000056061764709
0.999013364214136 0.000035830926377
0.999753280182866 0.000010789440592
1.000000000000000 0.000000000000000
