1.000000000000000 0.000000000000000
0.999753280182866 0.000007504040285
0.999013364214136 0.000031588191531
0.997780982301540 0.000076761053234
0.996057350657239 0.000149830665910
0.993844170297569 0.000258853263673
0.991143625364344 0.000411677107927
0.987958380969374 0.000614279157486
0.984291580564316 0.000869414180755
0.980146842838472 0.001175790771269
0.975528258147577 0.001532021403383
0.970440384477113 0.001935231122914
0.964888242944126 0.002383602663847
0.958877312841991 0.002875186431928
0.952413526233010 0.003409180564815
0.945503262094184 0.003985157055162
0.938153340021932 0.004603554892340
0.930371013501972 0.005265173464854
0.922163962751008 0.005970962771162
0.913540287137281 0.006721856272999
0.904508497187474 0.007518222699883
0.895077506187845 0.008360154802352
0.885256621387895 0.009247549783453
0.875055534815230 0.010180026158331
0.864484313710706 0.011156669876437
0.853553390593274 0.012176169733080
0.842273552964344 0.013236868740947
0.830655932661826 0.014336938675173
0.818711994874345 0.015474906836891
0.806453526826488 0.016649224046163
0.793892626146236 0.017857965079236
0.781041688926065 0.019098958576068
0.767913397489498 0.020369872081325
0.754520707875186 0.021668288413981
0.740876837050858 0.022991880116085
0.726995249869773 0.024338080613187
0.712889645782536 0.025703786950773
0.698573945317390 0.027085656554045
0.684062276342339 0.028480619282878
0.669368960122646 0.029885409320613
0.654508497187474 0.031296424755717
0.639495553019615 0.032709731967706
0.624344943582427 0.034121305443163
0.609071620698271 0.035526921341364
0.593690657292862 0.036922122455569
0.578217232520115 0.038302345682487
0.562666616782152 0.039662931094147
0.547054156659257 0.040999100821042
0.531395259764657 0.042305649973572
0.515705379539064 0.043577193260517
0.500000000000000 0.044808480433876
0.484294620460936 0.045994052596820
0.468604740235343 0.047128247986042
0.452945843340743 0.048205415812617
0.437333383217848 0.049220028430920
0.421782767479884 0.050166685315505
0.406309342707138 0.051039822247178
0.390928379301729 0.051833903232025
0.375655056417573 0.052543673532293
0.360504446980385 0.053164151635615
0.345491502812526 0.053690584086683
0.330631039877354 0.054118224039390
0.315937723657661 0.054442399591466
0.301426054682610 0.054658650219527
0.287110354217464 0.054763318962907
0.273004750130227 0.054753378114160
0.259123162949142 0.054626287616072
0.245479292124814 0.054379801819689
0.232086602510502 0.054011184181655
0.218958311073935 0.053519164084431
0.206107373853763 0.052905364669231
0.193546473173512 0.052171093702965
0.181288005125655 0.051312298743850
0.169344067338174 0.050327444803035
0.157726447035656 0.049222582797858
0.146446609406726 0.048004738085493
0.135515686289294 0.046674599361353
0.124944465184770 0.045233875571751
0.114743378612105 0.043689948527435
0.104922493812155 0.042049051366301
0.095491502812526 0.040305826305376
0.086459712862719 0.038466095850896
0.077836037248992 0.036571122927186
0.069628986498028 0.034641791199685
0.061846659978068 0.032624166268427
0.054496737905816 0.030483131795704
0.047586473766990 0.028280485519712
0.041122687158009 0.026075690406113
0.035111757055874 0.023855728639213
0.029559615522887 0.021609266905127
0.024471741852423 0.019349316053188
0.019853157161528 0.017097445065078
0.015708419435684 0.014872260498816
0.012041619030626 0.012695541767785
0.008856374635656 0.010578952211117
0.006155829702431 0.008547860042066
0.003942649342761 0.006628386298502
0.002219017698460 0.004838962928287
0.000986635785864 0.003109519698065
0.000246719817134 0.001487658697001
0.000000000000000 0.000000000000000
0.000246719817134 -0.001466218802124
0.000986635785864 -0.003000769961535
0.002219017698460 -0.004507075513129
0.003942649342761 -0.005969315388595
0.006155829702431 -0.007481344821713
0.008856374635656 -0.009025476092902
0.012041619030626 -0.010577810363773
0.015708419435684 -0.012118172451158
0.019853157161528 -0.013641364755985
0.024471741852423 -0.015131568472577
0.029559615522887 -0.016577998511264
0.035111757055874 -0.017969199417146
0.041122687158009 -0.019302121713443
0.047586473766990 -0.020585065024320
0.054496737905816 -0.021829178797836
0.061846659978068 -0.023008159005051
0.069628986498028 -0.024093159111645
0.077836037248993 -0.025106776354245
0.086459712862719 -0.026084717455557
0.095491502812526 -0.027019836038981
0.104922493812155 -0.027895423380796
0.114743378612105 -0.028712407085926
0.124944465184770 -0.029477671551948
0.135515686289294 -0.030192475205331
0.146446609406726 -0.030856600574611
0.157726447035656 -0.031471711204538
0.169344067338174 -0.032039747666029
0.181288005125655 -0.032561746187948
0.193546473173512 -0.033038213286098
0.206107373853763 -0.033469781424865
0.218958311073935 -0.033857177186673
0.232086602510502 -0.034200781760983
0.245479292124814 -0.034501058826214
0.259123162949142 -0.034758740796434
0.273004750130227 -0.034974407927397
0.287110354217464 -0.035147629181824
0.301426054682610 -0.035278211326907
0.315937723657661 -0.035366547553456
0.330631039877354 -0.035413276080512
0.345491502812526 -0.035417352046905
0.360504446980386 -0.035377988148242
0.375655056417573 -0.035295413866942
0.390928379301729 -0.035169004445117
0.406309342707138 -0.034997018293456
0.421782767479884 -0.034777825312233
0.437333383217848 -0.034520252037127
0.452945843340743 -0.034227879475107
0.468604740235343 -0.033881524226264
0.484294620460936 -0.033475255115193
0.500000000000000 -0.033017347514402
0.515705379539064 -0.032520530343977
0.531395259764657 -0.031987888406214
0.547054156659257 -0.031408850398462
0.562666616782152 -0.030782986058906
0.578217232520115 -0.030114788628879
0.593690657292863 -0.029407194196051
0.609071620698271 -0.028661831764891
0.624344943582427 -0.027879497471541
0.639495553019615 -0.027061083910214
0.654508497187474 -0.026209440808958
0.669368960122646 -0.025328397890861
0.684062276342339 -0.024418049404569
0.698573945317390 -0.023481210562836
0.712889645782536 -0.022524385955593
0.726995249869774 -0.021554172914711
0.740876837050858 -0.020571048062321
0.754520707875186 -0.019574997845425
0.767913397489498 -0.018571068945882
0.781041688926065 -0.017564920597465
0.793892626146237 -0.016560052682112
0.806453526826489 -0.015559683704112
0.818711994874345 -0.014568087127251
0.830655932661826 -0.013589518297418
0.842273552964344 -0.012627202066719
0.853553390593274 -0.011684210510178
0.864484313710706 -0.010764269733067
0.875055534815230 -0.009870951639145
0.885256621387895 -0.009007518317002
0.895077506187845 -0.008176734256211
0.904508497187474 -0.007380690635588
0.913540287137281 -0.006621036883661
0.922163962751008 -0.005899045441398
0.930371013501972 -0.005215512368847
0.938153340021932 -0.004570388017744
0.945503262094184 -0.003963656826780
0.952413526233010 -0.003395896369822
0.958877312841991 -0.002867795919125
0.964888242944126 -0.002380344481118
0.970440384477113 -0.001934689145196
0.975528258147577 -0.001532933560296
0.980146842838472 -0.001177122209710
0.984291580564316 -0.000870639445694
0.987958380969374 -0.000615237829757
0.991143625364344 -0.000412366212517
0.993844170297569 -0.000259328270290
0.996057350657239 -0.000150137319958
0.997780982301540 -0.000076936939732
0.999013364214136 -0.000031667591214
0.999753280182866 -0.000007523701404
1.000000000000000 0.000000000000000
