1.000000000000000 0.000000000000000
0.999753280182866 0.000011927102258
0.999013364214136 0.000047902340002
0.997780982301540 0.000109252991614
0.996057350657239 0.000200665051365
0.993844170297569 0.000331902532736
0.991143625364344 0.000511308455760
0.987958380969374 0.000744135454459
0.984291580564316 0.001032754571626
0.980146842838472 0.001376011957664
0.975528258147577 0.001773990148876
0.970440384477113 0.002225883432932
0.964888242944126 0.002729112200019
0.958877312841991 0.003279916361967
0.952413526233010 0.003878180079182
0.945503262094184 0.004525034852281
0.938153340021932 0.005220940944392
0.930371013501972 0.005966296164930
0.922163962751008 0.006762674367474
0.913540287137281 0.007612211156393
0.904508497187474 0.008517193592070
0.895077506187845 0.009479630342992
0.885256621387895 0.010499702176137
0.875055534815230 0.011576600635970
0.864484313710706 0.012708925754829
0.853553390593274 0.013894933184694
0.842273552964344 0.015133188552287
0.830655932661826 0.016422692249221
0.818711994874345 0.017764257848828
0.806453526826488 0.019158582640414
0.793892626146236 0.020604236030033
0.781041688926065 0.022098631394024
0.767913397489498 0.023639013438270
0.754520707875186 0.025222642327530
0.740876837050858 0.026847899082829
0.726995249869773 0.028513018316042
0.712889645782536 0.030215607973121
0.698573945317390 0.031952408203177
0.684062276342339 0.033719124151793
0.669368960122646 0.035511333228742
0.654508497187474 0.037324726694316
0.639495553019615 0.039155056936568
0.624344943582427 0.040997310650909
0.609071620698271 0.042846100033144
0.593690657292862 0.044695941706220
0.578217232520115 0.046540390814324
0.562666616782152 0.048372269546696
0.547054156659257 0.050183982893845
0.531395259764657 0.051968713243994
0.515705379539064 0.053719807946006
0.500000000000000 0.055428175893230
0.484294620460936 0.057084620123511
0.468604740235343 0.058680774351099
0.452945843340743 0.060208133831965
0.437333383217848 0.061658122164897
0.421782767479884 0.063022067202307
0.406309342707138 0.064291686392646
0.390928379301729 0.065458895652761
0.375655056417573 0.066514267997835
0.360504446980385 0.067448834563090
0.345491502812526 0.068255028321682
0.330631039877354 0.068925609486377
0.315937723657661 0.069453647856468
0.301426054682610 0.069832486935688
0.287110354217464 0.070056426396677
0.273004750130227 0.070120369473242
0.259123162949142 0.070019294416209
0.245479292124814 0.069749157685858
0.232086602510502 0.069307213830993
0.218958311073935 0.068691911239430
0.206107373853763 0.067902319260279
0.193546473173512 0.066938824579936
0.181288005125655 0.065803426418337
0.169344067338174 0.064499222381607
0.157726447035656 0.063029708399110
0.146446609406726 0.061399533789807
0.135515686289294 0.059613944213825
0.124944465184770 0.057679456465170
0.114743378612105 0.055603510152683
0.104922493812155 0.053394777489404
0.095491502812526 0.051062816571759
0.086459712862719 0.048618153641264
0.077836037248992 0.046070561324113
0.069628986498028 0.043431637212065
0.061846659978068 0.040714172385286
0.054496737905816 0.037933060093516
0.047586473766990 0.035103344717749
0.041122687158009 0.032240582374628
0.035111757055874 0.029354941435236
0.029559615522887 0.026458570909161
0.024471741852423 0.023560828692822
0.019853157161528 0.020684954845459
0.015708419435684 0.017880594517632
0.012041619030626 0.015183732803549
0.008856374635656 0.012568662524261
0.006155829702431 0.010036606792492
0.003942649342761 0.007629235280469
0.002219017698460 0.005395059523622
0.000986635785864 0.003340952918734
0.000246719817134 0.001564097632616
0.000000000000000 0.000000000000000
0.000246719817134 -0.001519636771628
0.000986635785864 -0.003127346064900
0.002219017698460 -0.004737754378693
0.003942649342761 -0.006311404365822
0.006155829702431 -0.007899597580886
0.008856374635656 -0.009457348008847
0.012041619030626 -0.010941245822521
0.015708419435684 -0.012358124025910
0.019853157161528 -0.013751798182110
0.024471741852423 -0.015101052438244
0.029559615522887 -0.016369244397879
0.035111757055874 -0.017547374918144
0.041122687158009 -0.018644036595619
0.047586473766990 -0.019663588279494
0.054496737905816 -0.020613847520539
0.061846659978068 -0.021496336890210
0.069628986498028 -0.022313628621185
0.077836037248993 -0.023068141707229
0.086459712862719 -0.023764706544342
0.095491502812526 -0.024407735937686
0.104922493812155 -0.025003079438214
0.114743378612105 -0.025555296978671
0.124944465184770 -0.026069142645222
0.135515686289294 -0.026548595924351
0.146446609406726 -0.026997621811638
0.157726447035656 -0.027420892158441
0.169344067338174 -0.027822537647011
0.181288005125655 -0.028204922473186
0.193546473173512 -0.028569452931358
0.206107373853763 -0.028917926611538
0.218958311073935 -0.029252110266718
0.232086602510502 -0.029572854419128
0.245479292124814 -0.029880462793417
0.259123162949142 -0.030174655480524
0.273004750130227 -0.030454902833686
0.287110354217464 -0.030721516926615
0.301426054682610 -0.030973903495961
0.315937723657661 -0.031210076862598
0.330631039877354 -0.031426983397341
0.345491502812526 -0.031622751876044
0.360504446980386 -0.031795229722866
0.375655056417573 -0.031941221393289
0.390928379301729 -0.032057656567601
0.406309342707138 -0.032141868960281
0.421782767479884 -0.032191575598651
0.437333383217848 -0.032203348317337
0.452945843340743 -0.032173451512885
0.468604740235343 -0.032098826708386
0.484294620460936 -0.031976855919294
0.500000000000000 -0.031805322532450
0.515705379539064 -0.031582451695817
0.531395259764657 -0.031306813170375
0.547054156659257 -0.030977322834202
0.562666616782152 -0.030593333323930
0.578217232520115 -0.030154356220938
0.593690657292863 -0.029659755863086
0.609071620698271 -0.029109971383859
0.624344943582427 -0.028506447444816
0.639495553019615 -0.027850982144953
0.654508497187474 -0.027144932043707
0.669368960122646 -0.026389626063789
0.684062276342339 -0.025588592388451
0.698573945317390 -0.024745634964184
0.712889645782536 -0.023864270547883
0.726995249869774 -0.022948195856975
0.740876837050858 -0.022002048633712
0.754520707875186 -0.021030376445452
0.767913397489498 -0.020036768865276
0.781041688926065 -0.019025252511244
0.793892626146237 -0.018001765693016
0.806453526826489 -0.016972673548148
0.818711994874345 -0.015943733912184
0.830655932661826 -0.014919946981257
0.842273552964344 -0.013904856105789
0.853553390593274 -0.012901805038446
0.864484313710706 -0.011914986206845
0.875055534815230 -0.010949066389697
0.885256621387895 -0.010010367072866
0.895077506187845 -0.009104432397710
0.904508497187474 -0.008234727605399
0.913540287137281 -0.007403440829662
0.922163962751008 -0.006611328741562
0.930371013501972 -0.005858878042892
0.938153340021932 -0.005146994990335
0.945503262094184 -0.004476492518390
0.952413526233010 -0.003847908935787
0.958877312841991 -0.003261757370290
0.964888242944126 -0.002718817091872
0.970440384477113 -0.002220743806699
0.975528258147577 -0.001771962080832
0.980146842838472 -0.001375603516747
0.984291580564316 -0.001033304788274
0.987958380969374 -0.000745392289617
0.991143625364344 -0.000512741015533
0.993844170297569 -0.000332974043296
0.996057350657239 -0.000201301615205
0.997780982301540 -0.000109602098033
0.999013364214136 -0.000048061604952
0.999753280182866 -0.000011968286277
1.000000000000000 0.000000000000000
