1.000000000000000 0.000000000000000
0.999753280182866 0.000020661917445
0.999013364214136 0.000082601904242
0.997780982301540 0.000185690105367
0.996057350657239 0.000329769507075
0.993844170297569 0.000514734413248
0.991143625364344 0.000740646006731
0.987958380969374 0.001007871358906
0.984291580564316 0.001317262240087
0.980146842838472 0.001670343887108
0.975528258147577 0.002068786355257
0.970440384477113 0.002511071436533
0.964888242944126 0.002994002376167
0.958877312841991 0.003518344750492
0.952413526233010 0.004087556076216
0.945503262094184 0.004706404004014
0.938153340021932 0.005377148827518
0.930371013501972 0.006099240172246
0.922163962751008 0.006871360353391
0.913540287137281 0.007693768166007
0.904508497187474 0.008570228787142
0.895077506187845 0.009505542099328
0.885256621387895 0.010502303415353
0.875055534815230 0.011559883826680
0.864484313710706 0.012677805848053
0.853553390593274 0.013857755454402
0.842273552964344 0.015102199239493
0.830655932661826 0.016411281335880
0.818711994874345 0.017783456009926
0.806453526826488 0.019216117895366
0.793892626146236 0.020705809251104
0.781041688926065 0.022248822052750
0.767913397489498 0.023841978348299
0.754520707875186 0.025483361404296
0.740876837050858 0.027172782836316
0.726995249869773 0.028910962510605
0.712889645782536 0.030696775464666
0.698573945317390 0.032525979333556
0.684062276342339 0.034392960529921
0.669368960122646 0.036294380051996
0.654508497187474 0.038227468813919
0.639495553019615 0.040187001090164
0.624344943582427 0.042166427049271
0.609071620698271 0.044158409865145
0.593690657292862 0.046155225515785
0.578217232520115 0.048150080737746
0.562666616782152 0.050136987231639
0.547054156659257 0.052110450401007
0.531395259764657 0.054062703961828
0.515705379539064 0.055983602118358
0.500000000000000 0.057862160964208
0.484294620460936 0.059687859560051
0.468604740235343 0.061451426248093
0.452945843340743 0.063144318361331
0.437333383217848 0.064757922859580
0.421782767479884 0.066281832609812
0.406309342707138 0.067705673468926
0.390928379301729 0.069019417836558
0.375655056417573 0.070212114517845
0.360504446980385 0.071272930805477
0.345491502812526 0.072191876221353
0.330631039877354 0.072960280568592
0.315937723657661 0.073571043309659
0.301426054682610 0.074018798962136
0.287110354217464 0.074297168301838
0.273004750130227 0.074398832646983
0.259123162949142 0.074316539495476
0.245479292124814 0.074046401770483
0.232086602510502 0.073586099211942
0.218958311073935 0.072933218391432
0.206107373853763 0.072088107181079
0.193546473173512 0.071052990585813
0.181288005125655 0.069829064538459
0.169344067338174 0.068416112441205
0.157726447035656 0.066817730266471
0.146446609406726 0.065041092394160
0.135515686289294 0.063094186571574
0.124944465184770 0.060985854293911
0.114743378612105 0.058725684619588
0.104922493812155 0.056323117057568
0.095491502812526 0.053789167321088
0.086459712862719 0.051134972379117
0.077836037248992 0.048372157387404
0.069628986498028 0.045515329639986
0.061846659978068 0.042578719453742
0.054496737905816 0.039577938403009
0.047586473766990 0.036532713404240
0.041122687158009 0.033458823932110
0.035111757055874 0.030366967260993
0.029559615522887 0.027272899044964
0.024471741852423 0.024190743779548
0.019853157161528 0.021139901858773
0.015708419435684 0.018160487217537
0.012041619030626 0.015298260440878
0.008856374635656 0.012722326679543
0.006155829702431 0.009453621710983
0.003942649342761 0.008598264441463
0.002219017698460 0.005368766146843
0.000986635785864 0.003356333604646
0.000246719817134 0.001549284052778
0.000000000000000 0.000000000000000
0.000246719817134 -0.001519951492069
0.000986635785864 -0.003205242773839
0.002219017698460 -0.004906225510808
0.003942649342761 -0.006543393129780
0.006155829702431 -0.008010296151702
0.008856374635656 -0.009287261290143
0.012041619030626 -0.010483590887593
0.015708419435684 -0.011722823719736
0.019853157161528 -0.012952118501258
0.024471741852423 -0.014128978122630
0.029559615522887 -0.015201201866737
0.035111757055874 -0.016155123330441
0.041122687158009 -0.017006784734146
0.047586473766990 -0.017768667060505
0.054496737905816 -0.018462758344605
0.061846659978068 -0.019098401291039
0.069628986498028 -0.019671047656945
0.077836037248993 -0.020180093932603
0.086459712862719 -0.020629362393782
0.095491502812526 -0.021027470705705
0.104922493812155 -0.021388113307312
0.114743378612105 -0.021722172371048
0.124944465184770 -0.022035199805974
0.135515686289294 -0.022333250020929
0.146446609406726 -0.022619241015884
0.157726447035656 -0.022895048116742
0.169344067338174 -0.023163260606740
0.181288005125655 -0.023426604487982
0.193546473173512 -0.023686971726387
0.206107373853763 -0.023944865926794
0.218958311073935 -0.024202123977272
0.232086602510502 -0.024461724709810
0.245479292124814 -0.024730560327779
0.259123162949142 -0.025014362210003
0.273004750130227 -0.025311270820833
0.287110354217464 -0.025612010549636
0.301426054682610 -0.025915756272170
0.315937723657661 -0.026224563095398
0.330631039877354 -0.026534056677828
0.345491502812526 -0.026838099049263
0.360504446980386 -0.027130930705353
0.375655056417573 -0.027408266563548
0.390928379301729 -0.027667229572593
0.406309342707138 -0.027904937197572
0.421782767479884 -0.028117542912900
0.437333383217848 -0.028300192071876
0.452945843340743 -0.028447736117153
0.468604740235343 -0.028555520504852
0.484294620460936 -0.028619342128542
0.500000000000000 -0.028635393934407
0.515705379539064 -0.028600122465912
0.531395259764657 -0.028510147330622
0.547054156659257 -0.028362354882142
0.562666616782152 -0.028154840908353
0.578217232520115 -0.027887164061698
0.593690657292863 -0.027560881981324
0.609071620698271 -0.027176968963135
0.624344943582427 -0.026734194638431
0.639495553019615 -0.026225912343865
0.654508497187474 -0.025652984569699
0.669368960122646 -0.025033274458815
0.684062276342339 -0.024411626089482
0.698573945317390 -0.023671985743945
0.712889645782536 -0.022689116376663
0.726995249869774 -0.021828836305215
0.740876837050858 -0.021136691741831
0.754520707875186 -0.020397517199745
0.767913397489498 -0.019481078548230
0.781041688926065 -0.018514392756939
0.793892626146237 -0.017555851067596
0.806453526826489 -0.016587334784887
0.818711994874345 -0.015604638228231
0.830655932661826 -0.014627694262687
0.842273552964344 -0.013667100391582
0.853553390593274 -0.012725444171116
0.864484313710706 -0.011805273346401
0.875055534815230 -0.010909460896124
0.885256621387895 -0.010040347774388
0.895077506187845 -0.009198970707532
0.904508497187474 -0.008386186531167
0.913540287137281 -0.007603650878198
0.922163962751008 -0.006853626007351
0.930371013501972 -0.006138018752397
0.938153340021932 -0.005457739275509
0.945503262094184 -0.004813204775001
0.952413526233010 -0.004204976282564
0.958877312841991 -0.003634229600270
0.964888242944126 -0.003102672748446
0.970440384477113 -0.002611676039228
0.975528258147577 -0.002162087707101
0.980146842838472 -0.001754099321612
0.984291580564316 -0.001387923176771
0.987958380969374 -0.001063934367897
0.991143625364344 -0.000782484783524
0.993844170297569 -0.000543864953593
0.996057350657239 -0.000348318679496
0.997780982301540 -0.000196035449078
0.999013364214136 -0.000087160017020
0.999753280182866 -0.000021794935293
1.000000000000000 0.000000000000000
