1.000000000000000 0.000000000000000
0.999753280182866 0.000066020649812
0.999013364214136 0.000263709789619
0.997780982301540 0.000591957388058
0.996057350657239 0.001048941286013
0.993844170297569 0.001632182681802
0.991143625364344 0.002338593733383
0.987958380969374 0.003164563536954
0.984291580564316 0.004106057509198
0.980146842838472 0.005158710818066
0.975528258147577 0.006317946939444
0.970440384477113 0.007579127634716
0.964888242944126 0.008937657037715
0.958877312841991 0.010389136867535
0.952413526233010 0.011929524976740
0.945503262094184 0.013555262065743
0.938153340021932 0.015263425579231
0.930371013501972 0.017051886484091
0.922163962751008 0.018919450939321
0.913540287137281 0.020865986582827
0.904508497187474 0.022892592928317
0.895077506187845 0.025001431494011
0.885256621387895 0.027190413045573
0.875055534815230 0.029451782051282
0.864484313710706 0.031776414777399
0.853553390593274 0.034153939545949
0.842273552964344 0.036572729949324
0.830655932661826 0.039019905834931
0.818711994874345 0.041481335613208
0.806453526826488 0.043941711758012
0.793892626146236 0.046384745092741
0.781041688926065 0.048801672248360
0.767913397489498 0.051192410877743
0.754520707875186 0.053558563532271
0.740876837050858 0.055902806697841
0.726995249869773 0.058228755425398
0.712889645782536 0.060541484759445
0.698573945317390 0.062846746564262
0.684062276342339 0.065147872424692
0.669368960122646 0.067442230474442
0.654508497187474 0.069723830270414
0.639495553019615 0.071987595550450
0.624344943582427 0.074228362759268
0.609071620698271 0.076440911559229
0.593690657292862 0.078620140757593
0.578217232520115 0.080761292691413
0.562666616782152 0.082859917452126
0.547054156659257 0.084911828976651
0.531395259764657 0.086912918033301
0.515705379539064 0.088859176500724
0.500000000000000 0.090747499356593
0.484294620460936 0.092570035525196
0.468604740235343 0.094304077671084
0.452945843340743 0.095924246131780
0.437333383217848 0.097405366814204
0.421782767479884 0.098723313067386
0.406309342707138 0.099855626859480
0.390928379301729 0.100782966808171
0.375655056417573 0.101503584327144
0.360504446980385 0.102031351958028
0.345491502812526 0.102380192208885
0.330631039877354 0.102563660501894
0.315937723657661 0.102595163053152
0.301426054682610 0.102489646461560
0.287110354217464 0.102255179903291
0.273004750130227 0.101882134172820
0.259123162949142 0.101357128520986
0.245479292124814 0.100667576541499
0.232086602510502 0.099804156869313
0.218958311073935 0.098759587830136
0.206107373853763 0.097529603369480
0.193546473173512 0.096111627364591
0.181288005125655 0.094498188774747
0.169344067338174 0.092680380424565
0.157726447035656 0.090650260496424
0.146446609406726 0.088406187931005
0.135515686289294 0.085964194316799
0.124944465184770 0.083365677390966
0.114743378612105 0.080652396108193
0.104922493812155 0.077861670600601
0.095491502812526 0.075027428470072
0.086459712862719 0.072082528758196
0.077836037248992 0.068897417816825
0.069628986498028 0.065365535304034
0.061846659978068 0.061521604738186
0.054496737905816 0.057475053891436
0.047586473766990 0.053334376935377
0.041122687158009 0.049132999326807
0.035111757055874 0.044822990868587
0.029559615522887 0.040341001305991
0.024471741852423 0.035595755391193
0.019853157161528 0.030600126317149
0.015708419435684 0.025721615654040
0.012041619030626 0.021313913892383
0.008856374635656 0.017408816611396
0.006155829702431 0.013863978202074
0.003942649342761 0.010610962194132
0.002219017698460 0.007614930578111
0.000986635785864 0.004855621962469
0.000246719817134 0.002320252843840
0.000000000000000 0.000000000000000
0.000246719817134 -0.002111237067635
0.000986635785864 -0.004018133721617
0.002219017698460 -0.005767704693740
0.003942649342761 -0.007443140753125
0.006155829702431 -0.009070109553181
0.008856374635656 -0.010659345559264
0.012041619030626 -0.012221034071349
0.015708419435684 -0.013769978928226
0.019853157161528 -0.015285085388448
0.024471741852423 -0.016745537290245
0.029559615522887 -0.018192889435125
0.035111757055874 -0.019641117035680
0.041122687158009 -0.021063288005267
0.047586473766990 -0.022428691998002
0.054496737905816 -0.023702226178203
0.061846659978068 -0.024870910501351
0.069628986498028 -0.025958159684065
0.077836037248993 -0.027008223690346
0.086459712862719 -0.028057104201937
0.095491502812526 -0.029089521022187
0.104922493812155 -0.030080525311880
0.114743378612105 -0.031016200170254
0.124944465184770 -0.031900700771931
0.135515686289294 -0.032743466641774
0.146446609406726 -0.033557883786810
0.157726447035656 -0.034360932987780
0.169344067338174 -0.035159404769839
0.181288005125655 -0.035951006006558
0.193546473173512 -0.036733447955461
0.206107373853763 -0.037503924486514
0.218958311073935 -0.038255155901390
0.232086602510502 -0.038972154510124
0.245479292124814 -0.039638129843887
0.259123162949142 -0.040235002249505
0.273004750130227 -0.040743453493887
0.287110354217464 -0.041143467440777
0.301426054682610 -0.041411186006017
0.315937723657661 -0.041535559962687
0.330631039877354 -0.041527258719626
0.345491502812526 -0.041407658837813
0.360504446980386 -0.041200429842875
0.375655056417573 -0.040929924329438
0.390928379301729 -0.040626805143864
0.406309342707138 -0.040313176425732
0.421782767479884 -0.039991238380915
0.437333383217848 -0.039624937741765
0.452945843340743 -0.039166018141543
0.468604740235343 -0.038573790132098
0.484294620460936 -0.037795847271478
0.500000000000000 -0.036785063958696
0.515705379539064 -0.035553512460927
0.531395259764657 -0.034196340317801
0.547054156659257 -0.032896173933811
0.562666616782152 -0.031814585050746
0.578217232520115 -0.031110329866448
0.593690657292863 -0.030961800804893
0.609071620698271 -0.031446019777471
0.624344943582427 -0.032499559956555
0.639495553019615 -0.033829402772930
0.654508497187474 -0.035127118486977
0.669368960122646 -0.036128378909356
0.684062276342339 -0.036576468017479
0.698573945317390 -0.036213350572844
0.712889645782536 -0.034869921055421
0.726995249869774 -0.032716584339182
0.740876837050858 -0.030021651162723
0.754520707875186 -0.027057604355271
0.767913397489498 -0.024066733888291
0.781041688926065 -0.021267939750632
0.793892626146237 -0.018855305397564
0.806453526826489 -0.016977214551621
0.818711994874345 -0.015634284488804
0.830655932661826 -0.014684771291129
0.842273552964344 -0.014005631429778
0.853553390593274 -0.013489487045880
0.864484313710706 -0.013045504051564
0.875055534815230 -0.012597892388388
0.885256621387895 -0.012085003587734
0.895077506187845 -0.011458394063779
0.904508497187474 -0.010683652452186
0.913540287137281 -0.009775476583025
0.922163962751008 -0.008788587073067
0.930371013501972 -0.007770544999364
0.938153340021932 -0.006759994400299
0.945503262094184 -0.005787195574755
0.952413526233010 -0.004874746130021
0.958877312841991 -0.004038356571965
0.964888242944126 -0.003287717082351
0.970440384477113 -0.002627377091295
0.975528258147577 -0.002057643914502
0.980146842838472 -0.001575466438395
0.984291580564316 -0.001175275660065
0.987958380969374 -0.000849797409838
0.991143625364344 -0.000590783957213
0.993844170297569 -0.000389684697393
0.996057350657239 -0.000238244057817
0.997780982301540 -0.000128999156263
0.999013364214136 -0.000055710474926
0.999753280182866 -0.000013680920509
1.000000000000000 0.000000000000000
