1.000000000000000 0.000000000000000
0.999753280182866 0.000057157164633
0.999013364214136 0.000220731972654
0.997780982301540 0.000473599298837
0.996057350657239 0.000808451395832
0.993844170297569 0.001249567922051
0.991143625364344 0.001809392168889
0.987958380969374 0.002471605675213
0.984291580564316 0.003229969380210
0.980146842838472 0.004094861827579
0.975528258147577 0.005068682618098
0.970440384477113 0.006141735425965
0.964888242944126 0.007308420441143
0.958877312841991 0.008570762364209
0.952413526233010 0.009930737395026
0.945503262094184 0.011389146600263
0.938153340021932 0.012942884011576
0.930371013501972 0.014581985959583
0.922163962751008 0.016302324320272
0.913540287137281 0.018115059699492
0.904508497187474 0.020023131113315
0.895077506187845 0.022000775713041
0.885256621387895 0.024028141431346
0.875055534815230 0.026115446138544
0.864484313710706 0.028275157563602
0.853553390593274 0.030497109236780
0.842273552964344 0.032767671816745
0.830655932661826 0.035088591138801
0.818711994874345 0.037463241559934
0.806453526826488 0.039875788133959
0.793892626146236 0.042305802634855
0.781041688926065 0.044751107358188
0.767913397489498 0.047215153107026
0.754520707875186 0.049680551461906
0.740876837050858 0.052113811982369
0.726995249869773 0.054514379515697
0.712889645782536 0.056893013597841
0.698573945317390 0.059243807409583
0.684062276342339 0.061530833969653
0.669368960122646 0.063754249604342
0.654508497187474 0.065930317069888
0.639495553019615 0.068058358631278
0.624344943582427 0.070105855268848
0.609071620698271 0.072055503334332
0.593690657292862 0.073943150070003
0.578217232520115 0.075765615367971
0.562666616782152 0.077497136548563
0.547054156659257 0.079127142488213
0.531395259764657 0.080675440356051
0.515705379539064 0.082175205661999
0.500000000000000 0.083572974362787
0.484294620460936 0.084827446718597
0.468604740235343 0.085986594005645
0.452945843340743 0.087060555624830
0.437333383217848 0.088018050336975
0.421782767479884 0.088818921254285
0.406309342707138 0.089463202324665
0.390928379301729 0.090014408810185
0.375655056417573 0.090436639413649
0.360504446980385 0.090660322410947
0.345491502812526 0.090730102277521
0.330631039877354 0.090686729883405
0.315937723657661 0.090525704895280
0.301426054682610 0.090165838042331
0.287110354217464 0.089604211009786
0.273004750130227 0.088954965833989
0.259123162949142 0.088194747516740
0.245479292124814 0.087245269590636
0.232086602510502 0.086069817706697
0.218958311073935 0.084798461017419
0.206107373853763 0.083450816084341
0.193546473173512 0.081929432809667
0.181288005125655 0.080175438006719
0.169344067338174 0.078327459701571
0.157726447035656 0.076444161051957
0.146446609406726 0.074412406495047
0.135515686289294 0.072151080859753
0.124944465184770 0.069800617994598
0.114743378612105 0.067491111396607
0.104922493812155 0.065082390558333
0.095491502812526 0.062424015563351
0.086459712862719 0.059666533864437
0.077836037248992 0.056999101242028
0.069628986498028 0.054282693979940
0.061846659978068 0.051287707488725
0.054496737905816 0.048113954881856
0.047586473766990 0.045026133598561
0.041122687158009 0.041995836463056
0.035111757055874 0.038845067932375
0.029559615522887 0.035554317440325
0.024471741852423 0.032221005934354
0.019853157161528 0.028889255677284
0.015708419435684 0.025553511070950
0.012041619030626 0.022177342265344
0.008856374635656 0.018672739384687
0.006155829702431 0.015039585389010
0.003942649342761 0.011441842810038
0.002219017698460 0.008033958809180
0.000986635785864 0.004945196331285
0.000246719817134 0.002311976547849
0.000000000000000 0.000000000000000
0.000246719817134 -0.002076022683219
0.000986635785864 -0.004006775782132
0.002219017698460 -0.005737179724330
0.003942649342761 -0.007365760052859
0.006155829702431 -0.009078919052977
0.008856374635656 -0.010898373095696
0.012041619030626 -0.012765426424361
0.015708419435684 -0.014652333529632
0.019853157161528 -0.016556351859455
0.024471741852423 -0.018425694448439
0.029559615522887 -0.020153934623761
0.035111757055874 -0.021754105499316
0.041122687158009 -0.023394880969793
0.047586473766990 -0.025105388901126
0.054496737905816 -0.026659610072082
0.061846659978068 -0.027972639574337
0.069628986498028 -0.029265814526962
0.077836037248993 -0.030652151022710
0.086459712862719 -0.031938405796227
0.095491502812526 -0.032989730734328
0.104922493812155 -0.033957025472497
0.114743378612105 -0.034955878336221
0.124944465184770 -0.035861088388155
0.135515686289294 -0.036543842600546
0.146446609406726 -0.037101926158295
0.157726447035656 -0.037656482033558
0.169344067338174 -0.038126597753439
0.181288005125655 -0.038394611299733
0.193546473173512 -0.038509649186753
0.206107373853763 -0.038580355938314
0.218958311073935 -0.038569050759339
0.232086602510502 -0.038355206663733
0.245479292124814 -0.037975119189924
0.259123162949142 -0.037513937347086
0.273004750130227 -0.036973717498016
0.287110354217464 -0.036242586629703
0.301426054682610 -0.035339087744036
0.315937723657661 -0.034331723286191
0.330631039877354 -0.033248524119915
0.345491502812526 -0.032009438957090
0.360504446980386 -0.030603591232038
0.375655056417573 -0.029111287210171
0.390928379301729 -0.027550410423208
0.406309342707138 -0.025902197603716
0.421782767479884 -0.024141410177363
0.437333383217848 -0.022336952692912
0.452945843340743 -0.020536604770613
0.468604740235343 -0.018690482618233
0.484294620460936 -0.016794672983033
0.500000000000000 -0.014883478511221
0.515705379539064 -0.012999928277528
0.531395259764657 -0.011139995683650
0.547054156659257 -0.009262868894043
0.562666616782152 -0.007414053340787
0.578217232520115 -0.005639885776428
0.593690657292863 -0.003931669353328
0.609071620698271 -0.002282257924509
0.624344943582427 -0.000704820853233
0.639495553019615 0.000749993175119
0.654508497187474 0.002087158120084
0.669368960122646 0.003343039181923
0.684062276342339 0.004512257386787
0.698573945317390 0.005575071339687
0.712889645782536 0.006525225780889
0.726995249869774 0.007392019818408
0.740876837050858 0.008173512873860
0.754520707875186 0.008849513792235
0.767913397489498 0.009409472451023
0.781041688926065 0.009872255610651
0.793892626146237 0.010242258386599
0.806453526826489 0.010505535497878
0.818711994874345 0.010655164842712
0.830655932661826 0.010704117283609
0.842273552964344 0.010665825656411
0.853553390593274 0.010545049064863
0.864484313710706 0.010346662980948
0.875055534815230 0.010079767213954
0.885256621387895 0.009753150199577
0.895077506187845 0.009371130994135
0.904508497187474 0.008938004936468
0.913540287137281 0.008461830828565
0.922163962751008 0.007951755956991
0.930371013501972 0.007414387027958
0.938153340021932 0.006855283941029
0.945503262094184 0.006277198093525
0.952413526233010 0.005682712834869
0.958877312841991 0.005079927472459
0.964888242944126 0.004479411627206
0.970440384477113 0.003882647117635
0.975528258147577 0.003287380037738
0.980146842838472 0.002715864459714
0.984291580564316 0.002204057664187
0.987958380969374 0.001754923260268
0.991143625364344 0.001348407226450
0.993844170297569 0.000971031840801
0.996057350657239 0.000616859418405
0.997780982301540 0.000319722929190
0.999013364214136 0.000126527981799
0.999753280182866 0.000028622578386
1.000000000000000 0.000000000000000
