1.000000000000000 0.000000000000000
0.999753280182866 0.000135598138959
0.999013364214136 0.000508361988545
0.997780982301540 0.001045052067007
0.996057350657239 0.001700989269527
0.993844170297569 0.002522118594777
0.991143625364344 0.003535079462743
0.987958380969374 0.004711962532681
0.984291580564316 0.006039269762997
0.980146842838472 0.007527594520838
0.975528258147577 0.009170435080798
0.970440384477113 0.010936087812600
0.964888242944126 0.012808137773016
0.958877312841991 0.014795412518728
0.952413526233010 0.016899009068917
0.945503262094184 0.019103349984383
0.938153340021932 0.021399808168747
0.930371013501972 0.023794258543680
0.922163962751008 0.026284704199551
0.913540287137281 0.028848341271937
0.904508497187474 0.031471383817729
0.895077506187845 0.034171555160913
0.885256621387895 0.036959998688350
0.875055534815230 0.039805618489699
0.864484313710706 0.042673056742316
0.853553390593274 0.045555585849453
0.842273552964344 0.048451345243784
0.830655932661826 0.051348700791875
0.818711994874345 0.054231422955186
0.806453526826488 0.057077837779925
0.793892626146236 0.059867263726529
0.781041688926065 0.062610653916660
0.767913397489498 0.065324180200429
0.754520707875186 0.067989295228126
0.740876837050858 0.070560018436802
0.726995249869773 0.073035832239607
0.712889645782536 0.075437006798069
0.698573945317390 0.077757374238439
0.684062276342339 0.079951752320512
0.669368960122646 0.082030929975302
0.654508497187474 0.084022477486964
0.639495553019615 0.085934404811937
0.624344943582427 0.087699014334701
0.609071620698271 0.089302462647609
0.593690657292862 0.090819363765643
0.578217232520115 0.092250844562778
0.562666616782152 0.093562392212072
0.547054156659257 0.094719466897426
0.531395259764657 0.095756222896381
0.515705379539064 0.096732234746581
0.500000000000000 0.097580837423288
0.484294620460936 0.098266016822536
0.468604740235343 0.098859651087181
0.452945843340743 0.099378052394294
0.437333383217848 0.099786722701541
0.421782767479884 0.100029441397491
0.406309342707138 0.100116667511657
0.390928379301729 0.100154519931321
0.375655056417573 0.100089033416028
0.360504446980385 0.099816791193277
0.345491502812526 0.099397826502597
0.330631039877354 0.098892858654097
0.315937723657661 0.098308761138087
0.301426054682610 0.097551036827481
0.287110354217464 0.096609406528329
0.273004750130227 0.095611625850616
0.259123162949142 0.094530578427118
0.245479292124814 0.093280133268190
0.232086602510502 0.091822946573819
0.218958311073935 0.090305939846707
0.206107373853763 0.088745301832267
0.193546473173512 0.087015491423157
0.181288005125655 0.085045672986516
0.169344067338174 0.083008047154817
0.157726447035656 0.080968875344621
0.146446609406726 0.078780052352188
0.135515686289294 0.076323908101581
0.124944465184770 0.073757545123853
0.114743378612105 0.071230008340721
0.104922493812155 0.068582943714800
0.095491502812526 0.065648143556502
0.086459712862719 0.062598776136037
0.077836037248992 0.059651517854163
0.069628986498028 0.056643471325501
0.061846659978068 0.053323026805933
0.054496737905816 0.049837114408538
0.047586473766990 0.046525893216471
0.041122687158009 0.043256319957658
0.035111757055874 0.039680330089167
0.029559615522887 0.035923073766539
0.024471741852423 0.032450340968814
0.019853157161528 0.029184308463730
0.015708419435684 0.025641384213679
0.012041619030626 0.021871444821552
0.008856374635656 0.018577977243738
0.006155829702431 0.015736933775922
0.003942649342761 0.012673433490238
0.002219017698460 0.008878390180121
0.000986635785864 0.005203137715462
0.000246719817134 0.002364443348711
0.000000000000000 0.000000000000000
0.000246719817134 -0.002045167037055
0.000986635785864 -0.003891096796015
0.002219017698460 -0.005697780348398
0.003942649342761 -0.007530398570102
0.006155829702431 -0.009597368898865
0.008856374635656 -0.011815609886902
0.012041619030626 -0.013786595244142
0.015708419435684 -0.015519080648295
0.019853157161528 -0.017390966030291
0.024471741852423 -0.019481001610187
0.029559615522887 -0.021412292454172
0.035111757055874 -0.023080537844925
0.041122687158009 -0.024799693635943
0.047586473766990 -0.026700411244009
0.054496737905816 -0.028520743520198
0.061846659978068 -0.030135815464371
0.069628986498028 -0.031788471821780
0.077836037248993 -0.033613896918222
0.086459712862719 -0.035376680498408
0.095491502812526 -0.036919899733054
0.104922493812155 -0.038436679767455
0.114743378612105 -0.040088353039964
0.124944465184770 -0.041708333425222
0.135515686289294 -0.043115621336588
0.146446609406726 -0.044446209400726
0.157726447035656 -0.045872427266877
0.169344067338174 -0.047274655576177
0.181288005125655 -0.048478983537622
0.193546473173512 -0.049567224177835
0.206107373853763 -0.050703126684088
0.218958311073935 -0.051825924858170
0.232086602510502 -0.052729076270932
0.245479292124814 -0.053482232169085
0.259123162949142 -0.054240332490085
0.273004750130227 -0.055006885696041
0.287110354217464 -0.055572399742785
0.301426054682610 -0.055982459664897
0.315937723657661 -0.056363670046637
0.330631039877354 -0.056739397928106
0.345491502812526 -0.056828295798394
0.360504446980386 -0.056657680222527
0.375655056417573 -0.056564034149106
0.390928379301729 -0.056568765740726
0.406309342707138 -0.056497633439877
0.421782767479884 -0.056107634228425
0.437333383217848 -0.055561467312130
0.452945843340743 -0.055025805565697
0.468604740235343 -0.054356835833254
0.484294620460936 -0.053509009156998
0.500000000000000 -0.052533520208948
0.515705379539064 -0.051480547214392
0.531395259764657 -0.050311743118871
0.547054156659257 -0.048894746001660
0.562666616782152 -0.047284791794986
0.578217232520115 -0.045571925242237
0.593690657292863 -0.043700448244909
0.609071620698271 -0.041623518229099
0.624344943582427 -0.039339426368846
0.639495553019615 -0.036919768925720
0.654508497187474 -0.034378201870035
0.669368960122646 -0.031673524556386
0.684062276342339 -0.028861461665260
0.698573945317390 -0.026022600857123
0.712889645782536 -0.023203401039662
0.726995249869774 -0.020364515678232
0.740876837050858 -0.017542790219918
0.754520707875186 -0.014824316859806
0.767913397489498 -0.012262471616170
0.781041688926065 -0.009826545780592
0.793892626146237 -0.007516549872520
0.806453526826489 -0.005374557660638
0.818711994874345 -0.003424689515268
0.830655932661826 -0.001643728440818
0.842273552964344 -0.000014833729453
0.853553390593274 0.001439790499750
0.864484313710706 0.002704967235066
0.875055534815230 0.003802727811944
0.885256621387895 0.004753446741368
0.895077506187845 0.005544333875981
0.904508497187474 0.006162728017347
0.913540287137281 0.006624087742777
0.922163962751008 0.006950932898589
0.930371013501972 0.007143297826512
0.938153340021932 0.007196736560630
0.945503262094184 0.007119570053309
0.952413526233010 0.006926489404769
0.958877312841991 0.006622943723194
0.964888242944126 0.006211799817217
0.970440384477113 0.005702104453677
0.975528258147577 0.005108799834455
0.980146842838472 0.004462050821813
0.984291580564316 0.003800736369469
0.987958380969374 0.003137515374184
0.991143625364344 0.002467846882340
0.993844170297569 0.001826145803895
0.996057350657239 0.001271417414432
0.997780982301540 0.000804505947340
0.999013364214136 0.000399725341312
0.999753280182866 0.000107875108969
1.000000000000000 0.000000000000000
