1.000000000000000 0.000000000000000
0.999753280182866 0.000067625113175
0.999013364214136 0.000270751141617
0.997780982301540 0.000610152802598
0.996057350657239 0.001087041485342
0.993844170297569 0.001702989535689
0.991143625364344 0.002459838455028
0.987958380969374 0.003359508034328
0.984291580564316 0.004403840657497
0.980146842838472 0.005594369011341
0.975528258147577 0.006932099254492
0.970440384477113 0.008417232125575
0.964888242944126 0.010048875401996
0.958877312841991 0.011824762884322
0.952413526233010 0.013740917288384
0.945503262094184 0.015791360971774
0.938153340021932 0.017967797753565
0.930371013501972 0.020259314282263
0.922163962751008 0.022652102696628
0.913540287137281 0.025129246585852
0.904508497187474 0.027670540878959
0.895077506187845 0.030252657751783
0.885256621387895 0.032860325150518
0.875055534815230 0.035488264276897
0.864484313710706 0.038133190702854
0.853553390593274 0.040793304754622
0.842273552964344 0.043468403462776
0.830655932661826 0.046159972161705
0.818711994874345 0.048871218899354
0.806453526826488 0.051607001474035
0.793892626146236 0.054374179653703
0.781041688926065 0.057172810740207
0.767913397489498 0.059996775593206
0.754520707875186 0.062838492298651
0.740876837050858 0.065690542890060
0.726995249869773 0.068545208465588
0.712889645782536 0.071394783053372
0.698573945317390 0.074231159756139
0.684062276342339 0.077044326551933
0.669368960122646 0.079818291991544
0.654508497187474 0.082534859387529
0.639495553019615 0.085175759224394
0.624344943582427 0.087722517696180
0.609071620698271 0.090156043877033
0.593690657292862 0.092457435521542
0.578217232520115 0.094613141325314
0.562666616782152 0.096612925389260
0.547054156659257 0.098448691418703
0.531395259764657 0.100112799130102
0.515705379539064 0.101597888931776
0.500000000000000 0.102896850527965
0.484294620460936 0.104005518434074
0.468604740235343 0.104923989594062
0.452945843340743 0.105654225470836
0.437333383217848 0.106199247797256
0.421782767479884 0.106562287221766
0.406309342707138 0.106747373920556
0.390928379301729 0.106758808807295
0.375655056417573 0.106595642214451
0.360504446980385 0.106254548560341
0.345491502812526 0.105732529578455
0.330631039877354 0.105027413176046
0.315937723657661 0.104138181359366
0.301426054682610 0.103065562265287
0.287110354217464 0.101808196193674
0.273004750130227 0.100361388780386
0.259123162949142 0.098718358990741
0.245479292124814 0.096875758602788
0.232086602510502 0.094838942827431
0.218958311073935 0.092628148559804
0.206107373853763 0.090265422048177
0.193546473173512 0.087770265079467
0.181288005125655 0.085157352734698
0.169344067338174 0.082434912561259
0.157726447035656 0.079611952556915
0.146446609406726 0.076699699510324
0.135515686289294 0.073698356153787
0.124944465184770 0.070596518110457
0.114743378612105 0.067384901667090
0.104922493812155 0.064058699633305
0.095491502812526 0.060621648437573
0.086459712862719 0.057134098523906
0.077836037248992 0.053707097137730
0.069628986498028 0.050425988284375
0.061846659978068 0.047277189338427
0.054496737905816 0.044205130235526
0.047586473766990 0.041171563752751
0.041122687158009 0.038154731113284
0.035111757055874 0.035148272325096
0.029559615522887 0.032159697292480
0.024471741852423 0.029209274786669
0.019853157161528 0.026284085197966
0.015708419435684 0.023274411923078
0.012041619030626 0.020065743264774
0.008856374635656 0.016634969803322
0.006155829702431 0.013266478274750
0.003942649342761 0.010209907578632
0.002219017698460 0.007402930913318
0.000986635785864 0.004783989102952
0.000246719817134 0.002322167225661
0.000000000000000 0.000000000000000
0.000246719817134 -0.002223472627196
0.000986635785864 -0.004502784236150
0.002219017698460 -0.006852859933690
0.003942649342761 -0.009249791497825
0.006155829702431 -0.011655225531477
0.008856374635656 -0.013997489316096
0.012041619030626 -0.016179477027905
0.015708419435684 -0.018164599109985
0.019853157161528 -0.019957452404918
0.024471741852423 -0.021585951006693
0.029559615522887 -0.023097408053680
0.035111757055874 -0.024504406755102
0.041122687158009 -0.025820144545329
0.047586473766990 -0.027086819694039
0.054496737905816 -0.028374621977159
0.061846659978068 -0.029715331251047
0.069628986498028 -0.031095402104974
0.077836037248993 -0.032498463225816
0.086459712862719 -0.033900636303424
0.095491502812526 -0.035266983624995
0.104922493812155 -0.036555932465820
0.114743378612105 -0.037753244360531
0.124944465184770 -0.038876555689282
0.135515686289294 -0.039953532714914
0.146446609406726 -0.041019733050179
0.157726447035656 -0.042117071199298
0.169344067338174 -0.043250984144723
0.181288005125655 -0.044402015685174
0.193546473173512 -0.045545725919056
0.206107373853763 -0.046654336446704
0.218958311073935 -0.047693007818370
0.232086602510502 -0.048617814365531
0.245479292124814 -0.049377559148967
0.259123162949142 -0.049931374671869
0.273004750130227 -0.050277903535614
0.287110354217464 -0.050467566469888
0.301426054682610 -0.050558604850701
0.315937723657661 -0.050584585720691
0.330631039877354 -0.050548801772090
0.345491502812526 -0.050436399808746
0.360504446980386 -0.050231990732383
0.375655056417573 -0.049922060592532
0.390928379301729 -0.049490965832651
0.406309342707138 -0.048925313855537
0.421782767479884 -0.048216413970094
0.437333383217848 -0.047364967714724
0.452945843340743 -0.046374276333120
0.468604740235343 -0.045246977736977
0.484294620460936 -0.043986914745353
0.500000000000000 -0.042598229235088
0.515705379539064 -0.041083384899449
0.531395259764657 -0.039441626080392
0.547054156659257 -0.037669397542085
0.562666616782152 -0.035764793179931
0.578217232520115 -0.033725668698476
0.593690657292863 -0.031548907446776
0.609071620698271 -0.029240378617218
0.624344943582427 -0.026820638003038
0.639495553019615 -0.024334414773345
0.654508497187474 -0.021826110990593
0.669368960122646 -0.019336124785696
0.684062276342339 -0.016903295762297
0.698573945317390 -0.014564953564874
0.712889645782536 -0.012350489709171
0.726995249869774 -0.010274262428875
0.740876837050858 -0.008344097613641
0.754520707875186 -0.006565639151801
0.767913397489498 -0.004943615947050
0.781041688926065 -0.003481075361769
0.793892626146237 -0.002179638725931
0.806453526826489 -0.001039368377520
0.818711994874345 -0.000057410325319
0.830655932661826 0.000771627017106
0.842273552964344 0.001453919226951
0.853553390593274 0.001996343159849
0.864484313710706 0.002406425051117
0.875055534815230 0.002692290700521
0.885256621387895 0.002862600005770
0.895077506187845 0.002926523391683
0.904508497187474 0.002893831763604
0.913540287137281 0.002781269996930
0.922163962751008 0.002610353441420
0.930371013501972 0.002399788654880
0.938153340021932 0.002165233706430
0.945503262094184 0.001919541133614
0.952413526233010 0.001673001551088
0.958877312841991 0.001433598512240
0.964888242944126 0.001207272986402
0.970440384477113 0.000998189750259
0.975528258147577 0.000809001227134
0.980146842838472 0.000641110893809
0.984291580564316 0.000494924878965
0.987958380969374 0.000370091619864
0.991143625364344 0.000265728259564
0.993844170297569 0.000180624586217
0.996057350657239 0.000113430214503
0.997780982301540 0.000062811450920
0.999013364214136 0.000027590896859
0.999753280182866 0.000006847882380
1.000000000000000 0.000000000000000
