1.000000000000000 0.000000000000000
0.999753280182866 0.000085287002796
0.999013364214136 0.000339985236209
0.997780982301540 0.000760624599029
0.996057350657239 0.001341570217205
0.993844170297569 0.002075151550283
0.991143625364344 0.002951928067967
0.987958380969374 0.003960991142267
0.984291580564316 0.005090271470789
0.980146842838472 0.006326951319176
0.975528258147577 0.007657853027896
0.970440384477113 0.009069893814734
0.964888242944126 0.010550502176688
0.958877312841991 0.012088086059510
0.952413526233010 0.013672476170093
0.945503262094184 0.015295373815240
0.938153340021932 0.016950777717974
0.930371013501972 0.018635404850241
0.922163962751008 0.020349126198150
0.913540287137281 0.022095358033525
0.904508497187474 0.023881399654764
0.895077506187845 0.025719192524251
0.885256621387895 0.027619584866081
0.875055534815230 0.029581560007353
0.864484313710706 0.031600697476734
0.853553390593274 0.033672459750040
0.842273552964344 0.035792029512784
0.830655932661826 0.037954317401033
0.818711994874345 0.040153968106994
0.806453526826488 0.042385396455595
0.793892626146236 0.044642638333783
0.781041688926065 0.046918639281992
0.767913397489498 0.049205563349587
0.754520707875186 0.051495237207007
0.740876837050858 0.053779137606566
0.726995249869773 0.056048441429392
0.712889645782536 0.058294112131801
0.698573945317390 0.060506812308428
0.684062276342339 0.062677087064158
0.669368960122646 0.064796945148649
0.654508497187474 0.066859401503698
0.639495553019615 0.068858031027202
0.624344943582427 0.070786375975015
0.609071620698271 0.072638405553543
0.593690657292862 0.074408344894273
0.578217232520115 0.076088537295097
0.562666616782152 0.077669970049929
0.547054156659257 0.079142502279483
0.531395259764657 0.080496687269855
0.515705379539064 0.081723442987099
0.500000000000000 0.082813136092598
0.484294620460936 0.083761184257010
0.468604740235343 0.084569673022211
0.452945843340743 0.085243734347198
0.437333383217848 0.085789656002589
0.421782767479884 0.086213339681920
0.406309342707138 0.086521561394406
0.390928379301729 0.086719923345187
0.375655056417573 0.086802685778913
0.360504446980385 0.086760260753150
0.345491502812526 0.086583102766219
0.330631039877354 0.086263050862261
0.315937723657661 0.085793176326560
0.301426054682610 0.085167726365355
0.287110354217464 0.084386281485338
0.273004750130227 0.083452429389715
0.259123162949142 0.082371059222561
0.245479292124814 0.081147830452220
0.232086602510502 0.079791078617916
0.218958311073935 0.078312785406219
0.206107373853763 0.076725107805309
0.193546473173512 0.075040783921917
0.181288005125655 0.073266329698732
0.169344067338174 0.071399123317102
0.157726447035656 0.069436833301027
0.146446609406726 0.067379976055336
0.135515686289294 0.065227607714211
0.124944465184770 0.062972033234940
0.114743378612105 0.060606186416078
0.104922493812155 0.058127513093958
0.095491502812526 0.055542208779332
0.086459712862719 0.052878152717738
0.077836037248992 0.050171022449844
0.069628986498028 0.047453417583883
0.061846659978068 0.044748242631541
0.054496737905816 0.042025645786465
0.047586473766990 0.039240513273230
0.041122687158009 0.036369278227872
0.035111757055874 0.033411236448435
0.029559615522887 0.030454005399764
0.024471741852423 0.027618306402113
0.019853157161528 0.024857202437712
0.015708419435684 0.022011360116179
0.012041619030626 0.019032039625578
0.008856374635656 0.015978067879339
0.006155829702431 0.012958743354475
0.003942649342761 0.010043065443692
0.002219017698460 0.007268578917763
0.000986635785864 0.004659382934118
0.000246719817134 0.002232347218517
0.000000000000000 0.000000000000000
0.000246719817134 -0.002028106892639
0.000986635785864 -0.003846325341201
0.002219017698460 -0.005517774809797
0.003942649342761 -0.007114505828376
0.006155829702431 -0.008650567646794
0.008856374635656 -0.010126948154577
0.012041619030626 -0.011534578083065
0.015708419435684 -0.012813857283268
0.019853157161528 -0.013905429214165
0.024471741852423 -0.014808629820943
0.029559615522887 -0.015599713728441
0.035111757055874 -0.016330962695857
0.041122687158009 -0.016986811824366
0.047586473766990 -0.017553117948544
0.054496737905816 -0.018020610805669
0.061846659978068 -0.018385573362786
0.069628986498028 -0.018650539694933
0.077836037248993 -0.018825038911869
0.086459712862719 -0.018926439616722
0.095491502812526 -0.018980904812104
0.104922493812155 -0.019025360317931
0.114743378612105 -0.019090028417285
0.124944465184770 -0.019167752270013
0.135515686289294 -0.019238391332279
0.146446609406726 -0.019277016958058
0.157726447035656 -0.019261649725401
0.169344067338174 -0.019186327755408
0.181288005125655 -0.019054012317097
0.193546473173512 -0.018868111025512
0.206107373853763 -0.018630965074693
0.218958311073935 -0.018330812555595
0.232086602510502 -0.017947344733904
0.245479292124814 -0.017455180105201
0.259123162949142 -0.016834177318290
0.273004750130227 -0.016080641718902
0.287110354217464 -0.015212189891510
0.301426054682610 -0.014250895765192
0.315937723657661 -0.013217804468847
0.330631039877354 -0.012131201508347
0.345491502812526 -0.011004314809125
0.360504446980386 -0.009849387915947
0.375655056417573 -0.008680422063118
0.390928379301729 -0.007513723398611
0.406309342707138 -0.006362657528782
0.421782767479884 -0.005232152849265
0.437333383217848 -0.004109568158008
0.452945843340743 -0.002974605770911
0.468604740235343 -0.001809923222091
0.484294620460936 -0.000595278961686
0.500000000000000 0.000689160002814
0.515705379539064 0.002048507950782
0.531395259764657 0.003470081542266
0.547054156659257 0.004921728695567
0.562666616782152 0.006374372129547
0.578217232520115 0.007800421745985
0.593690657292863 0.009170299355388
0.609071620698271 0.010463419342433
0.624344943582427 0.011669957722232
0.639495553019615 0.012791883763756
0.654508497187474 0.013832227784353
0.669368960122646 0.014792675257639
0.684062276342339 0.015676270216758
0.698573945317390 0.016484274046175
0.712889645782536 0.017213941052610
0.726995249869774 0.017856446099884
0.740876837050858 0.018403789224559
0.754520707875186 0.018849746701723
0.767913397489498 0.019189177067466
0.781041688926065 0.019418339371028
0.793892626146237 0.019534902960442
0.806453526826489 0.019537778468351
0.818711994874345 0.019429235470920
0.830655932661826 0.019216365664239
0.842273552964344 0.018907278043583
0.853553390593274 0.018510293216967
0.864484313710706 0.018033943086696
0.875055534815230 0.017486926279739
0.885256621387895 0.016878060133330
0.895077506187845 0.016216362777169
0.904508497187474 0.015508209105788
0.913540287137281 0.014749673811782
0.922163962751008 0.013935991329813
0.930371013501972 0.013066557676085
0.938153340021932 0.012144275990882
0.945503262094184 0.011175234042355
0.952413526233010 0.010168295349592
0.958877312841991 0.009134695375418
0.964888242944126 0.008087613850608
0.970440384477113 0.007041737762302
0.975528258147577 0.006012822112469
0.980146842838472 0.005017229036957
0.984291580564316 0.004071469681721
0.987958380969374 0.003191774867964
0.991143625364344 0.002393651753322
0.993844170297569 0.001691480325454
0.996057350657239 0.001098116863229
0.997780982301540 0.000624603323723
0.999013364214136 0.000279815775372
0.999753280182866 0.000070290631743
1.000000000000000 0.000000000000000
