1.000000000000000 0.000000000000000
0.999753280182866 0.000032332932562
0.999013364214136 0.000144812662362
0.997780982301540 0.000380162244366
0.996057350657239 0.000796103376872
0.993844170297569 0.001441829510463
0.991143625364344 0.002320510004161
0.987958380969374 0.003354421123202
0.984291580564316 0.004486399072857
0.980146842838472 0.005703283992218
0.975528258147577 0.006998994177048
0.970440384477113 0.008375950158508
0.964888242944126 0.009832768465177
0.958877312841991 0.011360598877184
0.952413526233010 0.012951327978088
0.945503262094184 0.014598203787515
0.938153340021932 0.016298645454595
0.930371013501972 0.018056428927018
0.922163962751008 0.019880091219947
0.913540287137281 0.021783417700233
0.904508497187474 0.023778565096513
0.895077506187845 0.025866588134151
0.885256621387895 0.028047446448547
0.875055534815230 0.030321222350606
0.864484313710706 0.032688903336676
0.853553390593274 0.035153691183865
0.842273552964344 0.037717432931858
0.830655932661826 0.040373144129939
0.818711994874345 0.043112045127148
0.806453526826488 0.045933640958362
0.793892626146236 0.048839790236932
0.781041688926065 0.051826568745937
0.767913397489498 0.054886609622072
0.754520707875186 0.058016027863150
0.740876837050858 0.061212817201592
0.726995249869773 0.064469854716212
0.712889645782536 0.067777678453032
0.698573945317390 0.071129705538319
0.684062276342339 0.074523584948673
0.669368960122646 0.077950600744625
0.654508497187474 0.081396886967143
0.639495553019615 0.084852049679994
0.624344943582427 0.088309114063242
0.609071620698271 0.091760010229274
0.593690657292862 0.095188205182477
0.578217232520115 0.098585256032156
0.562666616782152 0.101948530394992
0.547054156659257 0.105263255416213
0.531395259764657 0.108502095388981
0.515705379539064 0.111624965687838
0.500000000000000 0.114594225477796
0.484294620460936 0.117369201605627
0.468604740235343 0.119894144253291
0.452945843340743 0.122127498057569
0.437333383217848 0.124047614353838
0.421782767479884 0.125635689097104
0.406309342707138 0.126872598890733
0.390928379301729 0.127736131306930
0.375655056417573 0.128235404076869
0.360504446980385 0.128406809502829
0.345491502812526 0.128240571387413
0.330631039877354 0.127725018483564
0.315937723657661 0.126886668447270
0.301426054682610 0.125759007651654
0.287110354217464 0.124356722414917
0.273004750130227 0.122630390800843
0.259123162949142 0.120591661815725
0.245479292124814 0.118309780470537
0.232086602510502 0.115823057697046
0.218958311073935 0.113135166676757
0.206107373853763 0.110244849866008
0.193546473173512 0.107178272528809
0.181288005125655 0.103953753154282
0.169344067338174 0.100577488316586
0.157726447035656 0.097056669102081
0.146446609406726 0.093410204311742
0.135515686289294 0.089656769678755
0.124944465184770 0.085803333616753
0.114743378612105 0.081857290577699
0.104922493812155 0.077833571046618
0.095491502812526 0.073748925347678
0.086459712862719 0.069612435517989
0.077836037248992 0.065432848984834
0.069628986498028 0.061225929669620
0.061846659978068 0.057011082326335
0.054496737905816 0.052802711272115
0.047586473766990 0.048613796004321
0.041122687158009 0.044447656038945
0.035111757055874 0.040305737407881
0.029559615522887 0.036235279899789
0.024471741852423 0.032314215607837
0.019853157161528 0.028469288051181
0.015708419435684 0.024484217415001
0.012041619030626 0.020428370867246
0.008856374635656 0.016753055393299
0.006155829702431 0.013551275247878
0.003942649342761 0.010545240083344
0.002219017698460 0.007606222410219
0.000986635785864 0.004803452990071
0.000246719817134 0.002278680600429
0.000000000000000 0.000000000000000
0.000246719817134 -0.002086200438630
0.000986635785864 -0.004125990042976
0.002219017698460 -0.006088074557981
0.003942649342761 -0.008020280326410
0.006155829702431 -0.010041374989411
0.008856374635656 -0.012056842602422
0.012041619030626 -0.013871112299190
0.015708419435684 -0.015533736001052
0.019853157161528 -0.017302276519717
0.024471741852423 -0.019244462477151
0.029559615522887 -0.021179250940099
0.035111757055874 -0.023020792424742
0.041122687158009 -0.024828036567356
0.047586473766990 -0.026632791039740
0.054496737905816 -0.028408510570587
0.061846659978068 -0.030138722335114
0.069628986498028 -0.031828879750611
0.077836037248993 -0.033482719733529
0.086459712862719 -0.035090778825589
0.095491502812526 -0.036647384079364
0.104922493812155 -0.038155998977833
0.114743378612105 -0.039618213484930
0.124944465184770 -0.041022054309564
0.135515686289294 -0.042359433920059
0.146446609406726 -0.043646381793695
0.157726447035656 -0.044893838437865
0.169344067338174 -0.046051530266379
0.181288005125655 -0.047085369219550
0.193546473173512 -0.048137522447426
0.206107373853763 -0.049337496381296
0.218958311073935 -0.050488014806666
0.232086602510502 -0.051190435926043
0.245479292124814 -0.051606445456794
0.259123162949142 -0.052070057189730
0.273004750130227 -0.052676781377446
0.287110354217464 -0.053167122635513
0.301426054682610 -0.053496751383498
0.315937723657661 -0.053713824614244
0.330631039877354 -0.053851502791933
0.345491502812526 -0.053851308658274
0.360504446980386 -0.053693574072700
0.375655056417573 -0.053404899503153
0.390928379301729 -0.052987667469224
0.406309342707138 -0.052424921211406
0.421782767479884 -0.051689490849375
0.437333383217848 -0.050777500895945
0.452945843340743 -0.049682725547109
0.468604740235343 -0.048382499537299
0.484294620460936 -0.046869402681614
0.500000000000000 -0.045149801454641
0.515705379539064 -0.043240870430599
0.531395259764657 -0.041158250466335
0.547054156659257 -0.038919053418279
0.562666616782152 -0.036572930103135
0.578217232520115 -0.034170127494481
0.593690657292863 -0.031739978173005
0.609071620698271 -0.029310009621540
0.624344943582427 -0.026912877280324
0.639495553019615 -0.024591960709217
0.654508497187474 -0.022365466538829
0.669368960122646 -0.020235483254483
0.684062276342339 -0.018212204954674
0.698573945317390 -0.016307410981523
0.712889645782536 -0.014526702211516
0.726995249869774 -0.012864109096530
0.740876837050858 -0.011318453991786
0.754520707875186 -0.009891080314547
0.767913397489498 -0.008579520809601
0.781041688926065 -0.007373144793233
0.793892626146237 -0.006265725233568
0.806453526826489 -0.005256502319321
0.818711994874345 -0.004344802153053
0.830655932661826 -0.003527312986123
0.842273552964344 -0.002799918757104
0.853553390593274 -0.002157644131505
0.864484313710706 -0.001598380261855
0.875055534815230 -0.001129850289447
0.885256621387895 -0.000759836034481
0.895077506187845 -0.000493001438825
0.904508497187474 -0.000331204287512
0.913540287137281 -0.000273335941651
0.922163962751008 -0.000312705424891
0.930371013501972 -0.000413811511837
0.938153340021932 -0.000534971451327
0.945503262094184 -0.000644879556852
0.952413526233010 -0.000721952420574
0.958877312841991 -0.000760231155445
0.964888242944126 -0.000763115218097
0.970440384477113 -0.000735191786728
0.975528258147577 -0.000682053242381
0.980146842838472 -0.000618695080535
0.984291580564316 -0.000564778192748
0.987958380969374 -0.000530589111986
0.991143625364344 -0.000518373078983
0.993844170297569 -0.000497549684884
0.996057350657239 -0.000420310256893
0.997780982301540 -0.000291844884640
0.999013364214136 -0.000149985538326
0.999753280182866 -0.000040816165948
1.000000000000000 0.000000000000000
