1.000000000000000 0.000000000000000
0.999753280182866 0.000020589884025
0.999013364214136 0.000082925035310
0.997780982301540 0.000188395308085
0.996057350657239 0.000338281390202
0.993844170297569 0.000532225793641
0.991143625364344 0.000766113191598
0.987958380969374 0.001030426203153
0.984291580564316 0.001318004524682
0.980146842838472 0.001626357652386
0.975528258147577 0.001955897425521
0.970440384477113 0.002310728642232
0.964888242944126 0.002694575221394
0.958877312841991 0.003109635821678
0.952413526233010 0.003559572741350
0.945503262094184 0.004049792254782
0.938153340021932 0.004583649684153
0.930371013501972 0.005159658362370
0.922163962751008 0.005774933801561
0.913540287137281 0.006425222816685
0.904508497187474 0.007107741965309
0.895077506187845 0.007824781470696
0.885256621387895 0.008580132584852
0.875055534815230 0.009378177870573
0.864484313710706 0.010229417440958
0.853553390593274 0.011159836923756
0.842273552964344 0.012198231658576
0.830655932661826 0.013357036262541
0.818711994874345 0.014653659718920
0.806453526826488 0.016156147490419
0.793892626146236 0.017931453502669
0.781041688926065 0.019962734458119
0.767913397489498 0.022167982220886
0.754520707875186 0.024484008972068
0.740876837050858 0.026855137806325
0.726995249869773 0.029295059556261
0.712889645782536 0.031841032695175
0.698573945317390 0.034484975609501
0.684062276342339 0.037150686141175
0.669368960122646 0.039813183488207
0.654508497187474 0.042488781570635
0.639495553019615 0.045176087952972
0.624344943582427 0.047845008883336
0.609071620698271 0.050476796493223
0.593690657292862 0.053100098879561
0.578217232520115 0.055667068771783
0.562666616782152 0.058091852967012
0.547054156659257 0.060331055328906
0.531395259764657 0.062422358264424
0.515705379539064 0.064440031416677
0.500000000000000 0.066296569470742
0.484294620460936 0.067927749546842
0.468604740235343 0.069394718579894
0.452945843340743 0.070715027999727
0.437333383217848 0.071862542221950
0.421782767479884 0.072786535977547
0.406309342707138 0.073519620419653
0.390928379301729 0.074181375151471
0.375655056417573 0.074695204394938
0.360504446980385 0.074959812695610
0.345491502812526 0.075029739460766
0.330631039877354 0.074980381293279
0.315937723657661 0.074840254183901
0.301426054682610 0.074496005275524
0.287110354217464 0.073962743163423
0.273004750130227 0.073356697899291
0.259123162949142 0.072675181950165
0.245479292124814 0.071833201944737
0.232086602510502 0.070796091338863
0.218958311073935 0.069700164804871
0.206107373853763 0.068567561754476
0.193546473173512 0.067304283581836
0.181288005125655 0.065852444796011
0.169344067338174 0.064323600237219
0.157726447035656 0.062782114713887
0.146446609406726 0.061136441578872
0.135515686289294 0.059331391296500
0.124944465184770 0.057467238360512
0.114743378612105 0.055626911064678
0.104922493812155 0.053706300874152
0.095491502812526 0.051597283849846
0.086459712862719 0.049408305358210
0.077836037248992 0.047289390727026
0.069628986498028 0.045161430754149
0.061846659978068 0.042874408987209
0.054496737905816 0.040503569374272
0.047586473766990 0.038201655384634
0.041122687158009 0.035910419910610
0.035111757055874 0.033460339092442
0.029559615522887 0.030930510999172
0.024471741852423 0.028564220703736
0.019853157161528 0.026279052637906
0.015708419435684 0.023737875543746
0.012041619030626 0.021007558488780
0.008856374635656 0.018623462919927
0.006155829702431 0.016574883261151
0.003942649342761 0.014321968440194
0.002219017698460 0.011442368804003
0.000986635785864 0.007988225464150
0.000246719817134 0.004170151882883
0.000000000000000 0.000000000000000
0.000246719817134 -0.004170096453864
0.000986635785864 -0.007988192740782
0.002219017698460 -0.011442379190046
0.003942649342761 -0.014321976989248
0.006155829702431 -0.016574894761008
0.008856374635656 -0.018623468162099
0.012041619030626 -0.021007557194530
0.015708419435684 -0.023737870385741
0.019853157161528 -0.026279056179772
0.024471741852423 -0.028564221591447
0.029559615522887 -0.030930513790167
0.035111757055874 -0.033460343369269
0.041122687158009 -0.035910421037272
0.047586473766990 -0.038201658997766
0.054496737905816 -0.040503574979272
0.061846659978068 -0.042874413300466
0.069628986498028 -0.045161434574551
0.077836037248993 -0.047289395225327
0.086459712862719 -0.049408310776046
0.095491502812526 -0.051597283315803
0.104922493812155 -0.053706301004747
0.114743378612105 -0.055626912895276
0.124944465184770 -0.057467240455225
0.135515686289294 -0.059331393400956
0.146446609406726 -0.061136442678695
0.157726447035656 -0.062782115485279
0.169344067338174 -0.064323602817887
0.181288005125655 -0.065852447355572
0.193546473173512 -0.067304286929233
0.206107373853763 -0.068567565745964
0.218958311073935 -0.069700166899767
0.232086602510502 -0.070796094356342
0.245479292124814 -0.071833204271459
0.259123162949142 -0.072675185242667
0.273004750130227 -0.073356700625591
0.287110354217464 -0.073962745969780
0.301426054682610 -0.074496007756800
0.315937723657661 -0.074840256882833
0.330631039877354 -0.074980383934371
0.345491502812526 -0.075029742058558
0.360504446980386 -0.074959815241092
0.375655056417573 -0.074695206724482
0.390928379301729 -0.074181378078430
0.406309342707138 -0.073519622524662
0.421782767479884 -0.072786538160229
0.437333383217848 -0.071862544320776
0.452945843340743 -0.070715030835125
0.468604740235343 -0.069394721383739
0.484294620460936 -0.067927750719410
0.500000000000000 -0.066296570859883
0.515705379539064 -0.064440033245474
0.531395259764657 -0.062422358112496
0.547054156659257 -0.060331057487739
0.562666616782152 -0.058091852949489
0.578217232520115 -0.055667070559397
0.593690657292863 -0.053100101145864
0.609071620698271 -0.050476798960573
0.624344943582427 -0.047845008406170
0.639495553019615 -0.045176090842802
0.654508497187474 -0.042488781908321
0.669368960122646 -0.039813184858927
0.684062276342339 -0.037150686401679
0.698573945317390 -0.034484976819527
0.712889645782536 -0.031841033334109
0.726995249869774 -0.029295061211324
0.740876837050858 -0.026855139502525
0.754520707875186 -0.024484012269452
0.767913397489498 -0.022167982511218
0.781041688926065 -0.019962734821208
0.793892626146237 -0.017931455450530
0.806453526826489 -0.016156149196245
0.818711994874345 -0.014653662045952
0.830655932661826 -0.013357035314038
0.842273552964344 -0.012198232798676
0.853553390593274 -0.011159837525728
0.864484313710706 -0.010229417616462
0.875055534815230 -0.009378177239536
0.885256621387895 -0.008580133612728
0.895077506187845 -0.007824782228976
0.904508497187474 -0.007107741970095
0.913540287137281 -0.006425223553633
0.922163962751008 -0.005774934522575
0.930371013501972 -0.005159659072818
0.938153340021932 -0.004583650431876
0.945503262094184 -0.004049792831033
0.952413526233010 -0.003559573496921
0.958877312841991 -0.003109636875214
0.964888242944126 -0.002694576153022
0.970440384477113 -0.002310728533815
0.975528258147577 -0.001955897567534
0.980146842838472 -0.001626358163812
0.984291580564316 -0.001318005475003
0.987958380969374 -0.001030425574533
0.991143625364344 -0.000766113513179
0.993844170297569 -0.000532226354487
0.996057350657239 -0.000338281652853
0.997780982301540 -0.000188396137083
0.999013364214136 -0.000082926052840
0.999753280182866 -0.000020589706338
1.000000000000000 0.000000000000000
