1.000000000000000 0.000000000000000
0.999753280182866 0.000023014854863
0.999013364214136 0.000092193933561
0.997780982301540 0.000207752131520
0.996057350657239 0.000369462096432
0.993844170297569 0.000575767410568
0.991143625364344 0.000822574557283
0.987958380969374 0.001102426166639
0.984291580564316 0.001410122057890
0.980146842838472 0.001744683113681
0.975528258147577 0.002108585308361
0.970440384477113 0.002508689959252
0.964888242944126 0.002952141196493
0.958877312841991 0.003445310318956
0.952413526233010 0.003996971774269
0.945503262094184 0.004618614394061
0.938153340021932 0.005316106225566
0.930371013501972 0.006083454381631
0.922163962751008 0.006910001649799
0.913540287137281 0.007780208321345
0.904508497187474 0.008687395236908
0.895077506187845 0.009651603525773
0.885256621387895 0.010701163367825
0.875055534815230 0.011874287769197
0.864484313710706 0.013172600044640
0.853553390593274 0.014478023056381
0.842273552964344 0.015692616324181
0.830655932661826 0.016975155667313
0.818711994874345 0.018510275783188
0.806453526826488 0.020133468647869
0.793892626146236 0.021608812272193
0.781041688926065 0.023071775240965
0.767913397489498 0.024829282606593
0.754520707875186 0.026789218666544
0.740876837050858 0.028600998669361
0.726995249869773 0.030496972972152
0.712889645782536 0.032911332059989
0.698573945317390 0.035843262085688
0.684062276342339 0.038618654898642
0.669368960122646 0.041154234165057
0.654508497187474 0.043790558659282
0.639495553019615 0.046621900362128
0.624344943582427 0.049385170150397
0.609071620698271 0.051855419108817
0.593690657292862 0.054232360457378
0.578217232520115 0.056568353973773
0.562666616782152 0.058800300349083
0.547054156659257 0.060886650703443
0.531395259764657 0.062876811900418
0.515705379539064 0.064854304039229
0.500000000000000 0.066663541101545
0.484294620460936 0.068204632529679
0.468604740235343 0.069597874410025
0.452945843340743 0.070881760414432
0.437333383217848 0.072011758214514
0.421782767479884 0.072890385227689
0.406309342707138 0.073558781493866
0.390928379301729 0.074209714323481
0.375655056417573 0.074733958482291
0.360504446980385 0.074979737700432
0.345491502812526 0.075026892886365
0.330631039877354 0.074984708394996
0.315937723657661 0.074891258467321
0.301426054682610 0.074572850082145
0.287110354217464 0.074039583974426
0.273004750130227 0.073449969457601
0.259123162949142 0.072803029709400
0.245479292124814 0.071989778284919
0.232086602510502 0.070960300728993
0.218958311073935 0.069874434308208
0.206107373853763 0.068761314012992
0.193546473173512 0.067516583619180
0.181288005125655 0.066072120894950
0.169344067338174 0.064543454995924
0.157726447035656 0.063000300662216
0.146446609406726 0.061356746162567
0.135515686289294 0.059557117994600
0.124944465184770 0.057688106909742
0.114743378612105 0.055824359968690
0.104922493812155 0.053879289512150
0.095491502812526 0.051761847097997
0.086459712862719 0.049563670643601
0.077836037248992 0.047412991714675
0.069628986498028 0.045248446854912
0.061846659978068 0.042949630457454
0.054496737905816 0.040568140387573
0.047586473766990 0.038217924783013
0.041122687158009 0.035865555363721
0.035111757055874 0.033400387584808
0.029559615522887 0.030878388267884
0.024471741852423 0.028466372415488
0.019853157161528 0.026099648944822
0.015708419435684 0.023527247994196
0.012041619030626 0.020816437787699
0.008856374635656 0.018396668033245
0.006155829702431 0.016260560555561
0.003942649342761 0.013949340011178
0.002219017698460 0.011126416148601
0.000986635785864 0.007843094202050
0.000246719817134 0.004158236305668
0.000000000000000 0.000000000000000
0.000246719817134 -0.004158267365072
0.000986635785864 -0.007843093450451
0.002219017698460 -0.011126391327459
0.003942649342761 -0.013949319409004
0.006155829702431 -0.016260569222314
0.008856374635656 -0.018396666938092
0.012041619030626 -0.020816439904581
0.015708419435684 -0.023527244437461
0.019853157161528 -0.026099651422414
0.024471741852423 -0.028466377989057
0.029559615522887 -0.030878390334580
0.035111757055874 -0.033400388216029
0.041122687158009 -0.035865561102852
0.047586473766990 -0.038217927390105
0.054496737905816 -0.040568140880726
0.061846659978068 -0.042949629876352
0.069628986498028 -0.045248452128974
0.077836037248993 -0.047412994081957
0.086459712862719 -0.049563675434826
0.095491502812526 -0.051761851170570
0.104922493812155 -0.053879293619025
0.114743378612105 -0.055824366077074
0.124944465184770 -0.057688109882515
0.135515686289294 -0.059557122045875
0.146446609406726 -0.061356749947322
0.157726447035656 -0.063000304354680
0.169344067338174 -0.064543457924996
0.181288005125655 -0.066072124926942
0.193546473173512 -0.067516586717286
0.206107373853763 -0.068761316844580
0.218958311073935 -0.069874437437750
0.232086602510502 -0.070960303990896
0.245479292124814 -0.071989781750322
0.259123162949142 -0.072803032643416
0.273004750130227 -0.073449972729719
0.287110354217464 -0.074039587007876
0.301426054682610 -0.074572852789310
0.315937723657661 -0.074891261165000
0.330631039877354 -0.074984711042799
0.345491502812526 -0.075026895497304
0.360504446980386 -0.074979740237034
0.375655056417573 -0.074733960883590
0.390928379301729 -0.074209716851306
0.406309342707138 -0.073558783809942
0.421782767479884 -0.072890386709319
0.437333383217848 -0.072011761096683
0.452945843340743 -0.070881761212038
0.468604740235343 -0.069597877916294
0.484294620460936 -0.068204634221483
0.500000000000000 -0.066663542895862
0.515705379539064 -0.064854306313064
0.531395259764657 -0.062876813824848
0.547054156659257 -0.060886651509411
0.562666616782152 -0.058800301514677
0.578217232520115 -0.056568355055570
0.593690657292863 -0.054232360796506
0.609071620698271 -0.051855422491909
0.624344943582427 -0.049385169311827
0.639495553019615 -0.046621899156384
0.654508497187474 -0.043790558810769
0.669368960122646 -0.041154234067248
0.684062276342339 -0.038618656215626
0.698573945317390 -0.035843263561252
0.712889645782536 -0.032911335172644
0.726995249869774 -0.030496975751216
0.740876837050858 -0.028600999837194
0.754520707875186 -0.026789218211924
0.767913397489498 -0.024829282565251
0.781041688926065 -0.023071777517124
0.793892626146237 -0.021608812313778
0.806453526826489 -0.020133470230464
0.818711994874345 -0.018510276136615
0.830655932661826 -0.016975157333782
0.842273552964344 -0.015692616387299
0.853553390593274 -0.014478022653634
0.864484313710706 -0.013172601851876
0.875055534815230 -0.011874287698360
0.885256621387895 -0.010701163912037
0.895077506187845 -0.009651603953661
0.904508497187474 -0.008687395672784
0.913540287137281 -0.007780209924971
0.922163962751008 -0.006910001799614
0.930371013501972 -0.006083453486099
0.938153340021932 -0.005316105588074
0.945503262094184 -0.004618614533722
0.952413526233010 -0.003996971520694
0.958877312841991 -0.003445310302453
0.964888242944126 -0.002952142233371
0.970440384477113 -0.002508689547678
0.975528258147577 -0.002108585962223
0.980146842838472 -0.001744683442786
0.984291580564316 -0.001410123224783
0.987958380969374 -0.001102426854216
0.991143625364344 -0.000822573887009
0.993844170297569 -0.000575767428002
0.996057350657239 -0.000369461594226
0.997780982301540 -0.000207752557886
0.999013364214136 -0.000092193552490
0.999753280182866 -0.000023015692025
1.000000000000000 0.000000000000000
