1.000000000000000 0.000000000000000
0.999753280182866 0.000085263605048
0.999013364214136 0.000340773913924
0.997780982301540 0.000765728098295
0.996057350657239 0.001359031486289
0.993844170297569 0.002119637729366
0.991143625364344 0.003047036588359
0.987958380969374 0.004141624051041
0.984291580564316 0.005403102255842
0.980146842838472 0.006830036970802
0.975528258147577 0.008420260989789
0.970440384477113 0.010170808637953
0.964888242944126 0.012079175055536
0.958877312841991 0.014143790792487
0.952413526233010 0.016363340423769
0.945503262094184 0.018736781811162
0.938153340021932 0.021262603473081
0.930371013501972 0.023938245225457
0.922163962751008 0.026760835149264
0.913540287137281 0.029727214419119
0.904508497187474 0.032834074820725
0.895077506187845 0.036078165290036
0.885256621387895 0.039456079421872
0.875055534815230 0.042964216015108
0.864484313710706 0.046598859535178
0.853553390593274 0.050356228303065
0.842273552964344 0.054232977814400
0.830655932661826 0.058227950482998
0.818711994874345 0.062339090927520
0.806453526826488 0.066554378628891
0.793892626146236 0.070862230932524
0.781041688926065 0.075290460232817
0.767913397489498 0.079854092188865
0.754520707875186 0.084456069660316
0.740876837050858 0.088910970491676
0.726995249869773 0.093253005262821
0.712889645782536 0.097593831008610
0.698573945317390 0.101964366023576
0.684062276342339 0.106236266444369
0.669368960122646 0.110402638689735
0.654508497187474 0.114510985491364
0.639495553019615 0.118571939168198
0.624344943582427 0.122507507995350
0.609071620698271 0.126265461016064
0.593690657292862 0.129898084069200
0.578217232520115 0.133380915666307
0.562666616782152 0.136650766119895
0.547054156659257 0.139685862865438
0.531395259764657 0.142515277621872
0.515705379539064 0.145194427072672
0.500000000000000 0.147609385294861
0.484294620460936 0.149647114762074
0.468604740235343 0.151419017480385
0.452945843340743 0.152937322651596
0.437333383217848 0.154051308829782
0.421782767479884 0.154696418613484
0.406309342707138 0.154892472944192
0.390928379301729 0.154772892333173
0.375655056417573 0.154348620245992
0.360504446980385 0.153423028499006
0.345491502812526 0.152087586234367
0.330631039877354 0.150567433845620
0.315937723657661 0.148831428997365
0.301426054682610 0.146806209990037
0.287110354217464 0.144462018892221
0.273004750130227 0.141898838572432
0.259123162949142 0.139183968511280
0.245479292124814 0.136244572282932
0.232086602510502 0.133071043180217
0.218958311073935 0.129697099518807
0.206107373853763 0.126160940285243
0.193546473173512 0.122469376255824
0.181288005125655 0.118625616095114
0.169344067338174 0.114638103935118
0.157726447035656 0.110514216215190
0.146446609406726 0.106256617290607
0.135515686289294 0.101873772449399
0.124944465184770 0.097387964874826
0.114743378612105 0.092821499157229
0.104922493812155 0.088183410668458
0.095491502812526 0.083477892388561
0.086459712862719 0.078711761219734
0.077836037248992 0.073895045197735
0.069628986498028 0.069045490057219
0.061846659978068 0.064185876950714
0.054496737905816 0.059336155254141
0.047586473766990 0.054515052029539
0.041122687158009 0.049723060837874
0.035111757055874 0.044951947512874
0.029559615522887 0.040241179307414
0.024471741852423 0.035667013937617
0.019853157161528 0.031226152518965
0.015708419435684 0.026840972723964
0.012041619030626 0.022542195352593
0.008856374635656 0.018493848500888
0.006155829702431 0.014831279651448
0.003942649342761 0.011643573245329
0.002219017698460 0.008871401966431
0.000986635785864 0.006176568645951
0.000246719817134 0.003223551403091
0.000000000000000 0.000000000000000
0.000246719817134 -0.003216704661883
0.000986635785864 -0.006101641363370
0.002219017698460 -0.008663305547911
0.003942649342761 -0.010671009057112
0.006155829702431 -0.011920713204032
0.008856374635656 -0.012676490870597
0.012041619030626 -0.013342337534288
0.015708419435684 -0.013996389313340
0.019853157161528 -0.014426826775250
0.024471741852423 -0.014622984155772
0.029559615522887 -0.014826025674306
0.035111757055874 -0.015111943137555
0.041122687158009 -0.015289357292499
0.047586473766990 -0.015269859393626
0.054496737905816 -0.015170185693300
0.061846659978068 -0.015063974493647
0.069628986498028 -0.014903627189174
0.077836037248993 -0.014655294296395
0.086459712862719 -0.014335267622412
0.095491502812526 -0.013964768755898
0.104922493812155 -0.013551388624690
0.114743378612105 -0.013098612333229
0.124944465184770 -0.012601841613960
0.135515686289294 -0.012055416125818
0.146446609406726 -0.011456648962063
0.157726447035656 -0.010808125126534
0.169344067338174 -0.010125991860351
0.181288005125655 -0.009424796564657
0.193546473173512 -0.008693882178812
0.206107373853763 -0.007913648531392
0.218958311073935 -0.007094720714280
0.232086602510502 -0.006261292889393
0.245479292124814 -0.005390009937584
0.259123162949142 -0.004449229058567
0.273004750130227 -0.003455967476535
0.287110354217464 -0.002486739355105
0.301426054682610 -0.001502414522395
0.315937723657661 -0.000424895864662
0.330631039877354 0.000758624101538
0.345491502812526 0.001943044788826
0.360504446980386 0.003127124293800
0.375655056417573 0.004469385653993
0.390928379301729 0.005975137863648
0.406309342707138 0.007577060101924
0.421782767479884 0.009210649945133
0.437333383217848 0.011002526128534
0.452945843340743 0.013019946406435
0.468604740235343 0.014996799368680
0.484294620460936 0.016841785025849
0.500000000000000 0.018637842389808
0.515705379539064 0.020475859983693
0.531395259764657 0.022330860282503
0.547054156659257 0.024046335725687
0.562666616782152 0.025661533779394
0.578217232520115 0.027248137839114
0.593690657292863 0.028731007415355
0.609071620698271 0.030051805347265
0.624344943582427 0.031202975396159
0.639495553019615 0.032249971205302
0.654508497187474 0.033174322129169
0.669368960122646 0.033885942759291
0.684062276342339 0.034409351605924
0.698573945317390 0.034793628798273
0.712889645782536 0.035052021677088
0.726995249869774 0.035107342241177
0.740876837050858 0.034959328863729
0.754520707875186 0.034663780340909
0.767913397489498 0.034246024151934
0.781041688926065 0.033658652283718
0.793892626146237 0.032894356466009
0.806453526826489 0.031998187233681
0.818711994874345 0.031002613586579
0.830655932661826 0.029884934699369
0.842273552964344 0.028635032218060
0.853553390593274 0.027292339807094
0.864484313710706 0.025893487026952
0.875055534815230 0.024444291617354
0.885256621387895 0.022946474567593
0.895077506187845 0.021411745585085
0.904508497187474 0.019854203029559
0.913540287137281 0.018287337853503
0.922163962751008 0.016724086864883
0.930371013501972 0.015177311414342
0.938153340021932 0.013659318629984
0.945503262094184 0.012181498440102
0.952413526233010 0.010754211142609
0.958877312841991 0.009384991739205
0.964888242944126 0.008079886533379
0.970440384477113 0.006845341172012
0.975528258147577 0.005688455570225
0.980146842838472 0.004627474230951
0.984291580564316 0.003686001171689
0.987958380969374 0.002875736640045
0.991143625364344 0.002198331133547
0.993844170297569 0.001626543965890
0.996057350657239 0.001117653303531
0.997780982301540 0.000671325537518
0.999013364214136 0.000314224043623
0.999753280182866 0.000081177849308
1.000000000000000 0.000000000000000
