1.000000000000000 0.000000000000000
0.999753280182866 0.000193821859307
0.999013364214136 0.000754904907848
0.997780982301540 0.001630152737246
0.996057350657239 0.002753368677256
0.993844170297569 0.004067563966385
0.991143625364344 0.005544860468118
0.987958380969374 0.007197767604076
0.984291580564316 0.009023317903309
0.980146842838472 0.010996544702056
0.975528258147577 0.013094358906519
0.970440384477113 0.015297224063018
0.964888242944126 0.017591404870913
0.958877312841991 0.019970496812871
0.952413526233010 0.022436151395139
0.945503262094184 0.024999207438737
0.938153340021932 0.027666257108702
0.930371013501972 0.030430936667696
0.922163962751008 0.033287155832392
0.913540287137281 0.036230377485953
0.904508497187474 0.039256383954579
0.895077506187845 0.042359370075594
0.885256621387895 0.045534131173281
0.875055534815230 0.048776341361296
0.864484313710706 0.052085233990272
0.853553390593274 0.055469599649825
0.842273552964344 0.058935484602987
0.830655932661826 0.062458369906344
0.818711994874345 0.066010802318540
0.806453526826488 0.069609447276219
0.793892626146236 0.073278502911354
0.781041688926065 0.076993507718941
0.767913397489498 0.080709518945120
0.754520707875186 0.084435639299560
0.740876837050858 0.088218280515594
0.726995249869773 0.092032805006337
0.712889645782536 0.095826290500166
0.698573945317390 0.099596457639050
0.684062276342339 0.103408136547050
0.669368960122646 0.107246722399940
0.654508497187474 0.111017545378059
0.639495553019615 0.114729765346962
0.624344943582427 0.118439482294546
0.609071620698271 0.122196544803238
0.593690657292862 0.125907120472921
0.578217232520115 0.129518845505038
0.562666616782152 0.133115768517450
0.547054156659257 0.136692805452700
0.531395259764657 0.140189195368990
0.515705379539064 0.143568997097438
0.500000000000000 0.146848359176996
0.484294620460936 0.150094594686268
0.468604740235343 0.153223315156534
0.452945843340743 0.156101410137135
0.437333383217848 0.158788415727410
0.421782767479884 0.161283506671207
0.406309342707138 0.163398709480039
0.390928379301729 0.165021566922486
0.375655056417573 0.166132188678951
0.360504446980385 0.166813058028975
0.345491502812526 0.167107570951490
0.330631039877354 0.166892004398002
0.315937723657661 0.166180795341714
0.301426054682610 0.165122487802264
0.287110354217464 0.163705846689827
0.273004750130227 0.161880290007363
0.259123162949142 0.159652180090363
0.245479292124814 0.157100249453740
0.232086602510502 0.154288466446254
0.218958311073935 0.151113589205699
0.206107373853763 0.147567715555363
0.193546473173512 0.143738169425660
0.181288005125655 0.139698547730147
0.169344067338174 0.135407699700180
0.157726447035656 0.130846935323392
0.146446609406726 0.126098357636112
0.135515686289294 0.121239011999106
0.124944465184770 0.116198854292596
0.114743378612105 0.110922595266323
0.104922493812155 0.105502549560687
0.095491502812526 0.100056934445006
0.086459712862719 0.094553833320033
0.077836037248992 0.088913910903661
0.069628986498028 0.083187516564073
0.061846659978068 0.077485177132723
0.054496737905816 0.071793879664777
0.047586473766990 0.066042362284102
0.041122687158009 0.060277398439328
0.035111757055874 0.054629489268988
0.029559615522887 0.049088629665346
0.024471741852423 0.043536008907355
0.019853157161528 0.037992208137832
0.015708419435684 0.032634488291321
0.012041619030626 0.027576668074442
0.008856374635656 0.022850225950250
0.006155829702431 0.018440253155941
0.003942649342761 0.014258151112955
0.002219017698460 0.010263392394597
0.000986635785864 0.006494381532946
0.000246719817134 0.003057166029261
0.000000000000000 0.000000000000000
0.000246719817134 -0.002942777414773
0.000986635785864 -0.005384468884930
0.002219017698460 -0.007384297302092
0.003942649342761 -0.008848549862705
0.006155829702431 -0.009393622582385
0.008856374635656 -0.009143547551379
0.012041619030626 -0.008740522144455
0.015708419435684 -0.008524685945866
0.019853157161528 -0.008361321225511
0.024471741852423 -0.008130755085688
0.029559615522887 -0.007799740771039
0.035111757055874 -0.007347545808187
0.041122687158009 -0.006775720180395
0.047586473766990 -0.006070701255215
0.054496737905816 -0.005188483823135
0.061846659978068 -0.004127114488571
0.069628986498028 -0.002969247168755
0.077836037248993 -0.001771095412576
0.086459712862719 -0.000490060197181
0.095491502812526 0.000896648297085
0.104922493812155 0.002317633318828
0.114743378612105 0.003716965897839
0.124944465184770 0.005142073231365
0.135515686289294 0.006634490272660
0.146446609406726 0.008137791598782
0.157726447035656 0.009589157533704
0.169344067338174 0.011024051114220
0.181288005125655 0.012498087295968
0.193546473173512 0.013978119569854
0.206107373853763 0.015397447846018
0.218958311073935 0.016781751232606
0.232086602510502 0.018193760607663
0.245479292124814 0.019596796453734
0.259123162949142 0.020918561521433
0.273004750130227 0.022159106557494
0.287110354217464 0.023400701872315
0.301426054682610 0.024624124328574
0.315937723657661 0.025764314020398
0.330631039877354 0.026814555278313
0.345491502812526 0.027852126158480
0.360504446980386 0.028892307613103
0.375655056417573 0.029830066315451
0.390928379301729 0.030676097139544
0.406309342707138 0.031491651858180
0.421782767479884 0.032323934013027
0.437333383217848 0.033097961687100
0.452945843340743 0.033743043037454
0.468604740235343 0.034384289541535
0.484294620460936 0.035062075424582
0.500000000000000 0.035709436096810
0.515705379539064 0.036293095793845
0.531395259764657 0.036839761307830
0.547054156659257 0.037445678472872
0.562666616782152 0.038051627177316
0.578217232520115 0.038561959438046
0.593690657292863 0.039105566187191
0.609071620698271 0.039771945669081
0.624344943582427 0.040540555377395
0.639495553019615 0.041301398107493
0.654508497187474 0.042012646318238
0.669368960122646 0.042749529079389
0.684062276342339 0.043431636015445
0.698573945317390 0.043946663865187
0.712889645782536 0.044254619266413
0.726995249869774 0.044423499569961
0.740876837050858 0.044460154968247
0.754520707875186 0.044292732357771
0.767913397489498 0.043905724068337
0.781041688926065 0.043357474750222
0.793892626146237 0.042675393232348
0.806453526826489 0.041826958165026
0.818711994874345 0.040797241399621
0.830655932661826 0.039635028125865
0.842273552964344 0.038373144814601
0.853553390593274 0.036995916380320
0.864484313710706 0.035490071766010
0.875055534815230 0.033873699217490
0.885256621387895 0.032170969359226
0.895077506187845 0.030395970756299
0.904508497187474 0.028560546446152
0.913540287137281 0.026677568949946
0.922163962751008 0.024760349863862
0.930371013501972 0.022820737042891
0.938153340021932 0.020870676845727
0.945503262094184 0.018923590877461
0.952413526233010 0.016994080334540
0.958877312841991 0.015096969014053
0.964888242944126 0.013247444620904
0.970440384477113 0.011461524493861
0.975528258147577 0.009755876550130
0.980146842838472 0.008150344731204
0.984291580564316 0.006666336727245
0.987958380969374 0.005321945794799
0.991143625364344 0.004131579865379
0.993844170297569 0.003077060096908
0.996057350657239 0.002120026811866
0.997780982301540 0.001276070644728
0.999013364214136 0.000598709021354
0.999753280182866 0.000155001897626
1.000000000000000 0.000000000000000
