1.000000000000000 0.000000000000000
0.999753280182866 0.000477804554152
0.999013364214136 0.001322379006237
0.997780982301540 0.002052025500191
0.996057350657239 0.002646262349912
0.993844170297569 0.003362176934583
0.991143625364344 0.004314593153444
0.987958380969374 0.005382357564398
0.984291580564316 0.006508986979029
0.980146842838472 0.007741005502607
0.975528258147577 0.009093504509350
0.970440384477113 0.010535285701314
0.964888242944126 0.012055531967412
0.958877312841991 0.013675427449499
0.952413526233010 0.015408328726935
0.945503262094184 0.017248873083346
0.938153340021932 0.019197941356512
0.930371013501972 0.021269074029905
0.922163962751008 0.023469892364533
0.913540287137281 0.025790295942990
0.904508497187474 0.028229992548816
0.895077506187845 0.030822147949719
0.885256621387895 0.033589622488803
0.875055534815230 0.036510015325713
0.864484313710706 0.039564677452139
0.853553390593274 0.042795674947677
0.842273552964344 0.046250421780528
0.830655932661826 0.049907553786467
0.818711994874345 0.053736922740049
0.806453526826488 0.057799469908345
0.793892626146236 0.062172694736759
0.781041688926065 0.066802775063979
0.767913397489498 0.071590086453051
0.754520707875186 0.076589222335896
0.740876837050858 0.081942056310422
0.726995249869773 0.087328036567832
0.712889645782536 0.092230794020572
0.698573945317390 0.096528504734106
0.684062276342339 0.100565613081802
0.669368960122646 0.104401095861714
0.654508497187474 0.107958331409786
0.639495553019615 0.111150134842438
0.624344943582427 0.114024756382991
0.609071620698271 0.116653235802239
0.593690657292862 0.119090836325762
0.578217232520115 0.121342901810557
0.562666616782152 0.123386453101642
0.547054156659257 0.125180509898510
0.531395259764657 0.126718578279606
0.515705379539064 0.128017630164616
0.500000000000000 0.129095254658098
0.484294620460936 0.129951815705770
0.468604740235343 0.130563153829536
0.452945843340743 0.130930010129239
0.437333383217848 0.131072283182182
0.421782767479884 0.131014623534137
0.406309342707138 0.130756487085488
0.390928379301729 0.130256864376104
0.375655056417573 0.129527335845130
0.360504446980385 0.128605509136535
0.345491502812526 0.127476090086932
0.330631039877354 0.126126081078516
0.315937723657661 0.124566936126870
0.301426054682610 0.122833739407254
0.287110354217464 0.120939444292196
0.273004750130227 0.118839817053656
0.259123162949142 0.116550346535007
0.245479292124814 0.114113237630567
0.232086602510502 0.111541529211171
0.218958311073935 0.108781547737837
0.206107373853763 0.105829107609017
0.193546473173512 0.102762870341277
0.181288005125655 0.099621858317437
0.169344067338174 0.096337881826778
0.157726447035656 0.092878987064868
0.146446609406726 0.089316601092595
0.135515686289294 0.085717358412866
0.124944465184770 0.082026884354816
0.114743378612105 0.078195854569908
0.104922493812155 0.074305736224228
0.095491502812526 0.070446497966395
0.086459712862719 0.066566243518841
0.077836037248992 0.062591697077834
0.069628986498028 0.058594935443992
0.061846659978068 0.054686845281550
0.054496737905816 0.050820387759496
0.047586473766990 0.046876783202999
0.041122687158009 0.042924701678675
0.035111757055874 0.039136800609446
0.029559615522887 0.035482499199092
0.024471741852423 0.031800620429405
0.019853157161528 0.028112173205204
0.015708419435684 0.024607138212656
0.012041619030626 0.021292784839907
0.008856374635656 0.017976027430743
0.006155829702431 0.014675932806616
0.003942649342761 0.011752775293424
0.002219017698460 0.009270344371100
0.000986635785864 0.006829580392841
0.000246719817134 0.003905422728647
0.000000000000000 0.000000000000000
0.000246719817134 -0.003706794025489
0.000986635785864 -0.006163158786884
0.002219017698460 -0.008062414243883
0.003942649342761 -0.009812119640523
0.006155829702431 -0.011597609684321
0.008856374635656 -0.013495230633587
0.012041619030626 -0.015645556268350
0.015708419435684 -0.017978002378838
0.019853157161528 -0.020183804369982
0.024471741852423 -0.022158010358285
0.029559615522887 -0.023995539725647
0.035111757055874 -0.025796967568687
0.041122687158009 -0.027676061255265
0.047586473766990 -0.029639485775821
0.054496737905816 -0.031518774974378
0.061846659978068 -0.033254458916560
0.069628986498028 -0.034994708834551
0.077836037248993 -0.036819417639376
0.086459712862719 -0.038584618732623
0.095491502812526 -0.040206905208476
0.104922493812155 -0.041796264957236
0.114743378612105 -0.043444876939843
0.124944465184770 -0.045050326934267
0.135515686289294 -0.046513689420371
0.146446609406726 -0.047916920871207
0.157726447035656 -0.049355334609131
0.169344067338174 -0.050750423497653
0.181288005125655 -0.052000778187589
0.193546473173512 -0.053166871455295
0.206107373853763 -0.054342936168687
0.218958311073935 -0.055493647649058
0.232086602510502 -0.056501130646991
0.245479292124814 -0.057398962298958
0.259123162949142 -0.058270339298443
0.273004750130227 -0.059107762859831
0.287110354217464 -0.059801426688723
0.301426054682610 -0.060375404329036
0.315937723657661 -0.060899019945561
0.330631039877354 -0.061397094714691
0.345491502812526 -0.061749016420337
0.360504446980386 -0.061944988876454
0.375655056417573 -0.062062821512504
0.390928379301729 -0.062109695736242
0.406309342707138 -0.062037292775673
0.421782767479884 -0.061784103621423
0.437333383217848 -0.061428019692235
0.452945843340743 -0.060990572639556
0.468604740235343 -0.060334530129137
0.484294620460936 -0.059422281954749
0.500000000000000 -0.058295264922162
0.515705379539064 -0.057022493968653
0.531395259764657 -0.055605309734359
0.547054156659257 -0.053971454659536
0.562666616782152 -0.052133843720764
0.578217232520115 -0.050132611895423
0.593690657292863 -0.047977402100216
0.609071620698271 -0.045590354484139
0.624344943582427 -0.042810858353577
0.639495553019615 -0.039413925311048
0.654508497187474 -0.035470136259565
0.669368960122646 -0.031336187949465
0.684062276342339 -0.027320444332399
0.698573945317390 -0.023646858267989
0.712889645782536 -0.020344529965535
0.726995249869774 -0.017188471343560
0.740876837050858 -0.014187402103038
0.754520707875186 -0.011489105598579
0.767913397489498 -0.009145804571116
0.781041688926065 -0.006966763179992
0.793892626146237 -0.004893705703022
0.806453526826489 -0.003046803865200
0.818711994874345 -0.001483610857712
0.830655932661826 -0.000103444413904
0.842273552964344 0.001164963826196
0.853553390593274 0.002249082628206
0.864484313710706 0.003098689133729
0.875055534815230 0.003800189754474
0.885256621387895 0.004426403599379
0.895077506187845 0.004915642800578
0.904508497187474 0.005198699948828
0.913540287137281 0.005324845552251
0.922163962751008 0.005372228357084
0.930371013501972 0.005345310341197
0.938153340021932 0.005224581825676
0.945503262094184 0.005011997833870
0.952413526233010 0.004720280258886
0.958877312841991 0.004362053565722
0.964888242944126 0.003949892478420
0.970440384477113 0.003491482842258
0.975528258147577 0.002992369354817
0.980146842838472 0.002451668776954
0.984291580564316 0.001867213346257
0.987958380969374 0.001293904374004
0.991143625364344 0.000821975513055
0.993844170297569 0.000492446547764
0.996057350657239 0.000306794084055
0.997780982301540 0.000205551057281
0.999013364214136 0.000112117837994
0.999753280182866 0.000032198864385
1.000000000000000 0.000000000000000
