1.000000000000000 0.000000000000000
0.999753280182866 0.000114709803147
0.999013364214136 0.000510829759307
0.997780982301540 0.001307024808027
0.996057350657239 0.002502958672729
0.993844170297569 0.003743796153870
0.991143625364344 0.004908714451598
0.987958380969374 0.006183714687465
0.984291580564316 0.007637222226139
0.980146842838472 0.009191797722674
0.975528258147577 0.010824832843649
0.970440384477113 0.012590421080185
0.964888242944126 0.014514313934383
0.958877312841991 0.016573263405871
0.952413526233010 0.018751972875827
0.945503262094184 0.021053464668309
0.938153340021932 0.023480202760638
0.930371013501972 0.026030082370326
0.922163962751008 0.028701703643438
0.913540287137281 0.031495025178267
0.904508497187474 0.034411260047489
0.895077506187845 0.037452981604449
0.885256621387895 0.040621729660438
0.875055534815230 0.043914336401987
0.864484313710706 0.047327717760082
0.853553390593274 0.050863360816077
0.842273552964344 0.054522931738769
0.830655932661826 0.058302421311664
0.818711994874345 0.062195693952562
0.806453526826488 0.066195863815894
0.793892626146236 0.070293073347750
0.781041688926065 0.074463048115885
0.767913397489498 0.078673218996288
0.754520707875186 0.082889660110189
0.740876837050858 0.087077791213948
0.726995249869773 0.091204515373430
0.712889645782536 0.095238167863187
0.698573945317390 0.099148248192408
0.684062276342339 0.102906587162564
0.669368960122646 0.106492301402051
0.654508497187474 0.109889347471227
0.639495553019615 0.113084709698896
0.624344943582427 0.116065968876780
0.609071620698271 0.118824938610497
0.593690657292862 0.121358642487162
0.578217232520115 0.123665400996411
0.562666616782152 0.125744945961109
0.547054156659257 0.127598967437655
0.531395259764657 0.129231226594937
0.515705379539064 0.130646058795887
0.500000000000000 0.131842572032150
0.484294620460936 0.132821084700992
0.468604740235343 0.133587590868345
0.452945843340743 0.134146871227070
0.437333383217848 0.134501574576090
0.421782767479884 0.134651560906219
0.406309342707138 0.134595872224446
0.390928379301729 0.134333860389048
0.375655056417573 0.133868231002984
0.360504446980385 0.133204399803852
0.345491502812526 0.132344167330567
0.330631039877354 0.131287914424905
0.315937723657661 0.130035860903700
0.301426054682610 0.128588980907524
0.287110354217464 0.126949385616219
0.273004750130227 0.125120863371362
0.259123162949142 0.123107708521040
0.245479292124814 0.120914323611314
0.232086602510502 0.118545022956809
0.218958311073935 0.116004232414056
0.206107373853763 0.113295943234701
0.193546473173512 0.110423247613537
0.181288005125655 0.107391963016297
0.169344067338174 0.104211487979639
0.157726447035656 0.100890286928111
0.146446609406726 0.097430886406070
0.135515686289294 0.093837017448389
0.124944465184770 0.090116829468769
0.114743378612105 0.086279343457169
0.104922493812155 0.082330580294440
0.095491502812526 0.078276985854032
0.086459712862719 0.074128306641995
0.077836037248992 0.069896837104065
0.069628986498028 0.065595060254655
0.061846659978068 0.061237405821654
0.054496737905816 0.056840390980921
0.047586473766990 0.052423224525315
0.041122687158009 0.048003640870350
0.035111757055874 0.043599988612668
0.029559615522887 0.039229469519938
0.024471741852423 0.034909958950839
0.019853157161528 0.030659982937901
0.015708419435684 0.026499228631972
0.012041619030626 0.022453635376015
0.008856374635656 0.018555612096680
0.006155829702431 0.014833794684531
0.003942649342761 0.011298041327559
0.002219017698460 0.007984389788981
0.000986635785864 0.004961690270516
0.000246719817134 0.002342335128580
0.000000000000000 0.000000000000000
0.000246719817134 -0.002220921573642
0.000986635785864 -0.004310852829568
0.002219017698460 -0.006163782563791
0.003942649342761 -0.007837816798504
0.006155829702431 -0.009352954388081
0.008856374635656 -0.010692311687186
0.012041619030626 -0.011884534076038
0.015708419435684 -0.012919082982486
0.019853157161528 -0.013764182419365
0.024471741852423 -0.014405329947083
0.029559615522887 -0.014851399983583
0.035111757055874 -0.015111564607368
0.041122687158009 -0.015190512232982
0.047586473766990 -0.015099160866990
0.054496737905816 -0.014851228118683
0.061846659978068 -0.014460196316510
0.069628986498028 -0.013930603700195
0.077836037248993 -0.013274269803501
0.086459712862719 -0.012513031477238
0.095491502812526 -0.011669260906512
0.104922493812155 -0.010752948678352
0.114743378612105 -0.009772376638323
0.124944465184770 -0.008730737239375
0.135515686289294 -0.007632801707679
0.146446609406726 -0.006489573697581
0.157726447035656 -0.005312978172905
0.169344067338174 -0.004109884331519
0.181288005125655 -0.002885120982254
0.193546473173512 -0.001645123223596
0.206107373853763 -0.000396983091222
0.218958311073935 0.000852306855354
0.232086602510502 0.002095780820102
0.245479292124814 0.003327428885500
0.259123162949142 0.004542068411955
0.273004750130227 0.005735180494607
0.287110354217464 0.006903110402778
0.301426054682610 0.008040577983233
0.315937723657661 0.009142339712276
0.330631039877354 0.010205342829045
0.345491502812526 0.011229771159121
0.360504446980386 0.012215027339549
0.375655056417573 0.013158152113645
0.390928379301729 0.014056519026709
0.406309342707138 0.014908419073165
0.421782767479884 0.015713587368266
0.437333383217848 0.016474547515386
0.452945843340743 0.017192973840695
0.468604740235343 0.017865918854873
0.484294620460936 0.018492295575584
0.500000000000000 0.019073141524292
0.515705379539064 0.019610228982710
0.531395259764657 0.020104830282523
0.547054156659257 0.020557455037568
0.562666616782152 0.020970189791343
0.578217232520115 0.021345728790599
0.593690657292863 0.021686270305768
0.609071620698271 0.021994040064532
0.624344943582427 0.022271341085838
0.639495553019615 0.022520448620544
0.654508497187474 0.022743174148744
0.669368960122646 0.022940625456653
0.684062276342339 0.023112913647198
0.698573945317390 0.023259685970235
0.712889645782536 0.023380971681261
0.726995249869774 0.023478001040035
0.740876837050858 0.023542836909424
0.754520707875186 0.023561734803154
0.767913397489498 0.023523008236040
0.781041688926065 0.023420678965608
0.793892626146237 0.023250188686005
0.806453526826489 0.023007800991815
0.818711994874345 0.022689096750499
0.830655932661826 0.022287255991633
0.842273552964344 0.021798348850961
0.853553390593274 0.021224786671336
0.864484313710706 0.020570659412954
0.875055534815230 0.019839937281773
0.885256621387895 0.019036419153852
0.895077506187845 0.018159870016429
0.904508497187474 0.017212351076925
0.913540287137281 0.016205629925158
0.922163962751008 0.015153731814217
0.930371013501972 0.014060596411093
0.938153340021932 0.012928413982581
0.945503262094184 0.011767512657569
0.952413526233010 0.010591838878105
0.958877312841991 0.009405697133559
0.964888242944126 0.008210107063645
0.970440384477113 0.007017158249596
0.975528258147577 0.005845862225231
0.980146842838472 0.004703775260918
0.984291580564316 0.003592376944234
0.987958380969374 0.002554961964667
0.991143625364344 0.001661485738831
0.993844170297569 0.000956720229753
0.996057350657239 0.000460493678439
0.997780982301540 0.000162693582851
0.999013364214136 0.000034065541941
0.999753280182866 0.000002030822642
1.000000000000000 0.000000000000000
