1.000000000000000 0.000000000000000
0.999753280182866 0.000025432656071
0.999013364214136 0.000101688700248
0.997780982301540 0.000228641521005
0.996057350657239 0.000406077300016
0.993844170297569 0.000633711163557
0.991143625364344 0.000911184858516
0.987958380969374 0.001238084775815
0.984291580564316 0.001613941339042
0.980146842838472 0.002038252151869
0.975528258147577 0.002510489925465
0.970440384477113 0.003030119033277
0.964888242944126 0.003596613092253
0.958877312841991 0.004209473360291
0.952413526233010 0.004868240392361
0.945503262094184 0.005572520738697
0.938153340021932 0.006321999072411
0.930371013501972 0.007116459381337
0.922163962751008 0.007955801769702
0.913540287137281 0.008840060932223
0.904508497187474 0.009769434854725
0.895077506187845 0.010744257092798
0.885256621387895 0.011767492738262
0.875055534815230 0.012846646480417
0.864484313710706 0.013991472608324
0.853553390593274 0.015213495620178
0.842273552964344 0.016526033209312
0.830655932661826 0.017934619249389
0.818711994874345 0.019435813293743
0.806453526826488 0.021023955713369
0.793892626146236 0.022692356992388
0.781041688926065 0.024429956891956
0.767913397489498 0.026220952657618
0.754520707875186 0.028046265048634
0.740876837050858 0.029885039346906
0.726995249869773 0.031720283258618
0.712889645782536 0.033537781373799
0.698573945317390 0.035323971521151
0.684062276342339 0.037065879897238
0.669368960122646 0.038758982547393
0.654508497187474 0.040402448973013
0.639495553019615 0.041995264177519
0.624344943582427 0.043532833094730
0.609071620698271 0.045007927252517
0.593690657292862 0.046412406011180
0.578217232520115 0.047743145770996
0.562666616782152 0.049001477558952
0.547054156659257 0.050192380032799
0.531395259764657 0.051316680497315
0.515705379539064 0.052371853726627
0.500000000000000 0.053352526040975
0.484294620460936 0.054252097435677
0.468604740235343 0.055062985645869
0.452945843340743 0.055776031899840
0.437333383217848 0.056382328180096
0.421782767479884 0.056874022460652
0.406309342707138 0.057242264549175
0.390928379301729 0.057480781318658
0.375655056417573 0.057592868793403
0.360504446980385 0.057588656441022
0.345491502812526 0.057482469407465
0.330631039877354 0.057286469319325
0.315937723657661 0.057012108643562
0.301426054682610 0.056670348852263
0.287110354217464 0.056269920968153
0.273004750130227 0.055812080845028
0.259123162949142 0.055291819197647
0.245479292124814 0.054705855670975
0.232086602510502 0.054051016091871
0.218958311073935 0.053324109167348
0.206107373853763 0.052522733834415
0.193546473173512 0.051645988588921
0.181288005125655 0.050690598245838
0.169344067338174 0.049651661392589
0.157726447035656 0.048525359276112
0.146446609406726 0.047310478007566
0.135515686289294 0.046005221135136
0.124944465184770 0.044603909194263
0.114743378612105 0.043103263602145
0.104922493812155 0.041503564393862
0.095491502812526 0.039808380061975
0.086459712862719 0.038021358513582
0.077836037248992 0.036144801353793
0.069628986498028 0.034184939881366
0.061846659978068 0.032155013746225
0.054496737905816 0.030073931812273
0.047586473766990 0.027962814671960
0.041122687158009 0.025835607006648
0.035111757055874 0.023691666394912
0.029559615522887 0.021537588311310
0.024471741852423 0.019389253740651
0.019853157161528 0.017261588182410
0.015708419435684 0.015145326576369
0.012041619030626 0.013047583113343
0.008856374635656 0.010994881647790
0.006155829702431 0.009002784673331
0.003942649342761 0.007046211361607
0.002219017698460 0.005143435259500
0.000986635785864 0.003325178011976
0.000246719817134 0.001607303333526
0.000000000000000 0.000000000000000
0.000246719817134 -0.001536196431072
0.000986635785864 -0.003122024929948
0.002219017698460 -0.004752115291435
0.003942649342761 -0.006401063647784
0.006155829702431 -0.008019538732655
0.008856374635656 -0.009571845909181
0.012041619030626 -0.011122526019181
0.015708419435684 -0.012667489294389
0.019853157161528 -0.014185095541910
0.024471741852423 -0.015663950652350
0.029559615522887 -0.017116748080074
0.035111757055874 -0.018537659444596
0.041122687158009 -0.019909938934562
0.047586473766990 -0.021224666744220
0.054496737905816 -0.022481555569006
0.061846659978068 -0.023678626362386
0.069628986498028 -0.024810372793886
0.077836037248993 -0.025876728127059
0.086459712862719 -0.026880574189059
0.095491502812526 -0.027824073865637
0.104922493812155 -0.028713117548084
0.114743378612105 -0.029552306729194
0.124944465184770 -0.030341737638443
0.135515686289294 -0.031083474700596
0.146446609406726 -0.031782081650817
0.157726447035656 -0.032444208418646
0.169344067338174 -0.033073392970931
0.181288005125655 -0.033669778914069
0.193546473173512 -0.034234557400659
0.206107373853763 -0.034769648749089
0.218958311073935 -0.035276483408525
0.232086602510502 -0.035755158108776
0.245479292124814 -0.036206011761288
0.259123162949142 -0.036630017556103
0.273004750130227 -0.037028635857955
0.287110354217464 -0.037403860442386
0.301426054682610 -0.037758438768717
0.315937723657661 -0.038094046636318
0.330631039877354 -0.038409749688024
0.345491502812526 -0.038703092458483
0.360504446980386 -0.038973380501490
0.375655056417573 -0.039224242370846
0.390928379301729 -0.039466820523850
0.406309342707138 -0.039707761866396
0.421782767479884 -0.039939516719034
0.437333383217848 -0.040128991532241
0.452945843340743 -0.040236991387705
0.468604740235343 -0.040239481868184
0.484294620460936 -0.040131449584504
0.500000000000000 -0.039921067742658
0.515705379539064 -0.039614250048742
0.531395259764657 -0.039217847409101
0.547054156659257 -0.038740790235174
0.562666616782152 -0.038190299552727
0.578217232520115 -0.037571566762453
0.593690657292863 -0.036887077425144
0.609071620698271 -0.036140003769927
0.624344943582427 -0.035334821912065
0.639495553019615 -0.034477491851268
0.654508497187474 -0.033573632282954
0.669368960122646 -0.032627416551899
0.684062276342339 -0.031639897177569
0.698573945317390 -0.030611815777784
0.712889645782536 -0.029544307379290
0.726995249869774 -0.028438001681180
0.740876837050858 -0.027293247063983
0.754520707875186 -0.026111699085758
0.767913397489498 -0.024898823121970
0.781041688926065 -0.023666166926278
0.793892626146237 -0.022425348695653
0.806453526826489 -0.021186385663839
0.818711994874345 -0.019956729506561
0.830655932661826 -0.018741009267163
0.842273552964344 -0.017543676018013
0.853553390593274 -0.016368798466348
0.864484313710706 -0.015219536096492
0.875055534815230 -0.014098077763117
0.885256621387895 -0.013006519936777
0.895077506187845 -0.011946930890192
0.904508497187474 -0.010921321791235
0.913540287137281 -0.009931462659152
0.922163962751008 -0.008978975073766
0.930371013501972 -0.008065511669560
0.938153340021932 -0.007192758015446
0.945503262094184 -0.006362394052092
0.952413526233010 -0.005576108239552
0.958877312841991 -0.004835556698884
0.964888242944126 -0.004142364765464
0.970440384477113 -0.003498106191118
0.975528258147577 -0.002904287941992
0.980146842838472 -0.002362335090950
0.984291580564316 -0.001873590540022
0.987958380969374 -0.001439281297298
0.991143625364344 -0.001060522846191
0.993844170297569 -0.000738305387530
0.996057350657239 -0.000473478606500
0.997780982301540 -0.000266757563961
0.999013364214136 -0.000118692474206
0.999753280182866 -0.000029693180176
1.000000000000000 0.000000000000000
