1.000000000000000 0.000000000000000
0.999753280182866 0.000061927894561
0.999013364214136 0.000247449951744
0.997780982301540 0.000555789932533
0.996057350657239 0.000985678345971
0.993844170297569 0.001535364309356
0.991143625364344 0.002202652933408
0.987958380969374 0.002984928431383
0.984291580564316 0.003879236374363
0.980146842838472 0.004882302792441
0.975528258147577 0.005990602754951
0.970440384477113 0.007200442034163
0.964888242944126 0.008508008957393
0.958877312841991 0.009909447029675
0.952413526233010 0.011400950488591
0.945503262094184 0.012978816054558
0.938153340021932 0.014639540765750
0.930371013501972 0.016379882982500
0.922163962751008 0.018196962366122
0.913540287137281 0.020088302300076
0.904508497187474 0.022051936848012
0.895077506187845 0.024086440393216
0.885256621387895 0.026191021806682
0.875055534815230 0.028363399230069
0.864484313710706 0.030598858439222
0.853553390593274 0.032892130304765
0.842273552964344 0.035237619211315
0.830655932661826 0.037629400830694
0.818711994874345 0.040061217729499
0.806453526826488 0.042526516102447
0.793892626146236 0.045018357218097
0.781041688926065 0.047530031662779
0.767913397489498 0.050057026544817
0.754520707875186 0.052596940765406
0.740876837050858 0.055147538274768
0.726995249869773 0.057707027658485
0.712889645782536 0.060273677971236
0.698573945317390 0.062846548992173
0.684062276342339 0.065424655028784
0.669368960122646 0.067999288772392
0.654508497187474 0.070556649589706
0.639495553019615 0.073080286618314
0.624344943582427 0.075554030744165
0.609071620698271 0.077961080758384
0.593690657292862 0.080284334692548
0.578217232520115 0.082509179655709
0.562666616782152 0.084624657604601
0.547054156659257 0.086624091054492
0.531395259764657 0.088500636120670
0.515705379539064 0.090247746593855
0.500000000000000 0.091860190282958
0.484294620460936 0.093331069672440
0.468604740235343 0.094651009562678
0.452945843340743 0.095806936219523
0.437333383217848 0.096785457576224
0.421782767479884 0.097575022349431
0.406309342707138 0.098164191427579
0.390928379301729 0.098543007765440
0.375655056417573 0.098707691024655
0.360504446980385 0.098659443701020
0.345491502812526 0.098403793427918
0.330631039877354 0.097946025852428
0.315937723657661 0.097292416370662
0.301426054682610 0.096450916108132
0.287110354217464 0.095425018945268
0.273004750130227 0.094206418761392
0.259123162949142 0.092770032417644
0.245479292124814 0.091094356430519
0.232086602510502 0.089161141411547
0.218958311073935 0.086954739734313
0.206107373853763 0.084463927983265
0.193546473173512 0.081675395391109
0.181288005125655 0.078632827092255
0.169344067338174 0.075442847625829
0.157726447035656 0.072219153958182
0.146446609406726 0.069058934453509
0.135515686289294 0.065995023731394
0.124944465184770 0.062918734839135
0.114743378612105 0.059713916162362
0.104922493812155 0.056284643556658
0.095491502812526 0.052553005695024
0.086459712862719 0.048604997326659
0.077836037248992 0.044759921486113
0.069628986498028 0.041280404080108
0.061846659978068 0.038091551757419
0.054496737905816 0.034916272648292
0.047586473766990 0.031550939141146
0.041122687158009 0.027977599083159
0.035111757055874 0.024420208184890
0.029559615522887 0.021074342970919
0.024471741852423 0.018087263359182
0.019853157161528 0.015497776399611
0.015708419435684 0.013139655281986
0.012041619030626 0.010943354378675
0.008856374635656 0.008918513485367
0.006155829702431 0.007053191071477
0.003942649342761 0.005340683419686
0.002219017698460 0.003779110895685
0.000986635785864 0.002368198310694
0.000246719817134 0.001108334587320
0.000000000000000 0.000000000000000
0.000246719817134 -0.000956907492745
0.000986635785864 -0.001802273227289
0.002219017698460 -0.002577243510558
0.003942649342761 -0.003287750467935
0.006155829702431 -0.003937522998588
0.008856374635656 -0.004532329278445
0.012041619030626 -0.005085052165435
0.015708419435684 -0.005620638525814
0.019853157161528 -0.006136196008086
0.024471741852423 -0.006659784464864
0.029559615522887 -0.007278873521644
0.035111757055874 -0.007967507520159
0.041122687158009 -0.008628627896505
0.047586473766990 -0.009126620198342
0.054496737905816 -0.009281516825400
0.061846659978068 -0.009027518120576
0.069628986498028 -0.008428465270562
0.077836037248993 -0.007607657143743
0.086459712862719 -0.006667502374843
0.095491502812526 -0.005636918312729
0.104922493812155 -0.004549199753971
0.114743378612105 -0.003428551939815
0.124944465184770 -0.002292105121002
0.135515686289294 -0.001159813878066
0.146446609406726 -0.000055508520942
0.157726447035656 0.000998679412718
0.169344067338174 0.002000529946451
0.181288005125655 0.002961757471494
0.193546473173512 0.003896437566381
0.206107373853763 0.004821136325185
0.218958311073935 0.005740408132852
0.232086602510502 0.006651539173866
0.245479292124814 0.007550676616098
0.259123162949142 0.008434433434585
0.273004750130227 0.009299235450977
0.287110354217464 0.010141529436045
0.301426054682610 0.010957794068050
0.315937723657661 0.011744603015938
0.330631039877354 0.012498726340236
0.345491502812526 0.013217026270963
0.360504446980386 0.013896441623218
0.375655056417573 0.014534005231423
0.390928379301729 0.015126937074451
0.406309342707138 0.015672420994922
0.421782767479884 0.016167322691882
0.437333383217848 0.016608373211884
0.452945843340743 0.016992380622406
0.468604740235343 0.017316524808009
0.484294620460936 0.017577788066266
0.500000000000000 0.017773572290977
0.515705379539064 0.017905158561079
0.531395259764657 0.017976202832217
0.547054156659257 0.017992040528491
0.562666616782152 0.017957729054698
0.578217232520115 0.017878446393135
0.593690657292863 0.017760334159386
0.609071620698271 0.017604772407459
0.624344943582427 0.017407892362503
0.639495553019615 0.017163340374224
0.654508497187474 0.016865148647398
0.669368960122646 0.016508438365121
0.684062276342339 0.016087849193869
0.698573945317390 0.015601476647560
0.712889645782536 0.015054197227418
0.726995249869774 0.014461186859231
0.740876837050858 0.013837696517555
0.754520707875186 0.013197192758982
0.767913397489498 0.012552456986951
0.781041688926065 0.011914889550483
0.793892626146237 0.011295226938594
0.806453526826489 0.010697291702165
0.818711994874345 0.010117142133950
0.830655932661826 0.009549816847737
0.842273552964344 0.008991402043152
0.853553390593274 0.008438705758219
0.864484313710706 0.007889297621547
0.875055534815230 0.007341480498073
0.885256621387895 0.006794241938472
0.895077506187845 0.006247527610931
0.904508497187474 0.005704840839719
0.913540287137281 0.005172029582668
0.922163962751008 0.004654061324021
0.930371013501972 0.004155128552097
0.938153340021932 0.003678665163251
0.945503262094184 0.003227413739944
0.952413526233010 0.002803487575308
0.958877312841991 0.002408440370405
0.964888242944126 0.002043330205633
0.970440384477113 0.001708797538349
0.975528258147577 0.001405123268941
0.980146842838472 0.001132304504056
0.984291580564316 0.000890116418069
0.987958380969374 0.000678176345515
0.991143625364344 0.000495998641529
0.993844170297569 0.000343047828999
0.996057350657239 0.000218788043865
0.997780982301540 0.000122724235010
0.999013364214136 0.000054432319024
0.999753280182866 0.000013591037089
1.000000000000000 0.000000000000000
