1.000000000000000 0.000000000000000
0.999753280182866 0.000158542591973
0.999013364214136 0.000630747295798
0.997780982301540 0.001406562754464
0.996057350657239 0.002469779372571
0.993844170297569 0.003798833968626
0.991143625364344 0.005367835137748
0.987958380969374 0.007147767649030
0.984291580564316 0.009107758139970
0.980146842838472 0.011216379688566
0.975528258147577 0.013442928066664
0.970440384477113 0.015758611820390
0.964888242944126 0.018137655518046
0.958877312841991 0.020558309641372
0.952413526233010 0.023003696947884
0.945503262094184 0.025462692686860
0.938153340021932 0.027930633101883
0.930371013501972 0.030410097810828
0.922163962751008 0.032911649842499
0.913540287137281 0.035454786530501
0.904508497187474 0.038068828176289
0.895077506187845 0.040792419622622
0.885256621387895 0.043641813351504
0.875055534815230 0.046599747627598
0.864484313710706 0.049644889294534
0.853553390593274 0.052751398858590
0.842273552964344 0.055889571116675
0.830655932661826 0.059025600879246
0.818711994874345 0.062122308368983
0.806453526826488 0.065137964152015
0.793892626146236 0.068030271699699
0.781041688926065 0.070775211934889
0.767913397489498 0.073372234031646
0.754520707875186 0.075825520230022
0.740876837050858 0.078139892855253
0.726995249869773 0.080322817413740
0.712889645782536 0.082383159987169
0.698573945317390 0.084332851465288
0.684062276342339 0.086176547817874
0.669368960122646 0.087900240966384
0.654508497187474 0.089485299227112
0.639495553019615 0.090912499229734
0.624344943582427 0.092163475800617
0.609071620698271 0.093217156757502
0.593690657292862 0.094056733454094
0.578217232520115 0.094680503001632
0.562666616782152 0.095100014520890
0.547054156659257 0.095335963532926
0.531395259764657 0.095407391294310
0.515705379539064 0.095334118458296
0.500000000000000 0.095137702005422
0.484294620460936 0.094836761338725
0.468604740235343 0.094447343109610
0.452945843340743 0.093983485640855
0.437333383217848 0.093458652956047
0.421782767479884 0.092886385672054
0.406309342707138 0.092282997468874
0.390928379301729 0.091659311053303
0.375655056417573 0.091005301403355
0.360504446980385 0.090301291245713
0.345491502812526 0.089522711913443
0.330631039877354 0.088648893231586
0.315937723657661 0.087660411702727
0.301426054682610 0.086538912305559
0.287110354217464 0.085274886998547
0.273004750130227 0.083870401884429
0.259123162949142 0.082338348734664
0.245479292124814 0.080690310165941
0.232086602510502 0.078937765065733
0.218958311073935 0.077092656287001
0.206107373853763 0.075166794031847
0.193546473173512 0.073171879144189
0.181288005125655 0.071114084261199
0.169344067338174 0.068995372747882
0.157726447035656 0.066818455492652
0.146446609406726 0.064587020737930
0.135515686289294 0.062303224437775
0.124944465184770 0.059967645701433
0.114743378612105 0.057583793886151
0.104922493812155 0.055158463160630
0.095491502812526 0.052701306475614
0.086459712862719 0.050220901393918
0.077836037248992 0.047723222525826
0.069628986498028 0.045214101512179
0.061846659978068 0.042699650541307
0.054496737905816 0.040186371325351
0.047586473766990 0.037680095626161
0.041122687158009 0.035131618534555
0.035111757055874 0.032454381583338
0.029559615522887 0.029635786575966
0.024471741852423 0.026725570019876
0.019853157161528 0.023794184355254
0.015708419435684 0.020882429739241
0.012041619030626 0.018012601938183
0.008856374635656 0.015199788369210
0.006155829702431 0.012455051671418
0.003942649342761 0.009786866884722
0.002219017698460 0.007202094392665
0.000986635785864 0.004706322355009
0.000246719817134 0.002304295932845
0.000000000000000 0.000000000000000
0.000246719817134 -0.002203954660636
0.000986635785864 -0.004361530182100
0.002219017698460 -0.006524293002191
0.003942649342761 -0.008688734253353
0.006155829702431 -0.010843345231033
0.008856374635656 -0.012972438761506
0.012041619030626 -0.015055215336353
0.015708419435684 -0.017063293343841
0.019853157161528 -0.018955882833713
0.024471741852423 -0.020669149409669
0.029559615522887 -0.022100305413626
0.035111757055874 -0.023159687983516
0.041122687158009 -0.023828580005459
0.047586473766990 -0.024192295750175
0.054496737905816 -0.024451645109183
0.061846659978068 -0.024715823988135
0.069628986498028 -0.024971515989734
0.077836037248993 -0.025200542592062
0.086459712862719 -0.025379190789428
0.095491502812526 -0.025478296988492
0.104922493812155 -0.025462408856419
0.114743378612105 -0.025319716913798
0.124944465184770 -0.025071173121979
0.135515686289294 -0.024749407651875
0.146446609406726 -0.024397095729363
0.157726447035656 -0.024063734465710
0.169344067338174 -0.023764609369349
0.181288005125655 -0.023488556862278
0.193546473173512 -0.023220705882719
0.206107373853763 -0.022945245032974
0.218958311073935 -0.022652381783882
0.232086602510502 -0.022343441201717
0.245479292124814 -0.022020484224314
0.259123162949142 -0.021685549331414
0.273004750130227 -0.021341201502077
0.287110354217464 -0.020990149382636
0.301426054682610 -0.020635620304337
0.315937723657661 -0.020279754317571
0.330631039877354 -0.019922943329022
0.345491502812526 -0.019564801279358
0.360504446980386 -0.019204845013088
0.375655056417573 -0.018842634466879
0.390928379301729 -0.018477572504836
0.406309342707138 -0.018109210484960
0.421782767479884 -0.017737439563244
0.437333383217848 -0.017362827113463
0.452945843340743 -0.016986128025761
0.468604740235343 -0.016608006663332
0.484294620460936 -0.016229184119820
0.500000000000000 -0.015850371665179
0.515705379539064 -0.015472100497097
0.531395259764657 -0.015094621412266
0.547054156659257 -0.014717925192596
0.562666616782152 -0.014342068363876
0.578217232520115 -0.013967099806167
0.593690657292863 -0.013593022229265
0.609071620698271 -0.013220090426168
0.624344943582427 -0.012848948760372
0.639495553019615 -0.012480884326788
0.654508497187474 -0.012117183005581
0.669368960122646 -0.011759003944313
0.684062276342339 -0.011407423272561
0.698573945317390 -0.011063616231390
0.712889645782536 -0.010728010617492
0.726995249869774 -0.010398892557847
0.740876837050858 -0.010074015183036
0.754520707875186 -0.009751241298948
0.767913397489498 -0.009428774912703
0.781041688926065 -0.009105086929555
0.793892626146237 -0.008778810069310
0.806453526826489 -0.008449354025207
0.818711994874345 -0.008119995660151
0.830655932661826 -0.007797832122394
0.842273552964344 -0.007488953422632
0.853553390593274 -0.007198544344317
0.864484313710706 -0.006930824910965
0.875055534815230 -0.006689090137022
0.885256621387895 -0.006475738479647
0.895077506187845 -0.006292330044609
0.904508497187474 -0.006138998109737
0.913540287137281 -0.006001473659591
0.922163962751008 -0.005854867138262
0.930371013501972 -0.005680256017001
0.938153340021932 -0.005464834782465
0.945503262094184 -0.005201311888880
0.952413526233010 -0.004887279236617
0.958877312841991 -0.004524571178679
0.964888242944126 -0.004118611696152
0.970440384477113 -0.003677761243360
0.975528258147577 -0.003212664104971
0.980146842838472 -0.002735609957271
0.984291580564316 -0.002259906059021
0.987958380969374 -0.001799278318725
0.991143625364344 -0.001367312127976
0.993844170297569 -0.000976928301342
0.996057350657239 -0.000639909053884
0.997780982301540 -0.000366481617207
0.999013364214136 -0.000164983535829
0.999753280182866 -0.000041562909087
1.000000000000000 0.000000000000000
