1.000000000000000 0.000000000000000
0.999753280182866 0.000080882787657
0.999013364214136 0.000322444500422
0.997780982301540 0.000721474230196
0.996057350657239 0.001272715268556
0.993844170297569 0.001969033287432
0.991143625364344 0.002801599059963
0.987958380969374 0.003760170350743
0.984291580564316 0.004833380031741
0.980146842838472 0.006009050406734
0.975528258147577 0.007274602220066
0.970440384477113 0.008617395780409
0.964888242944126 0.010025159069992
0.958877312841991 0.011486365795366
0.952413526233010 0.012990665604157
0.945503262094184 0.014529282268917
0.938153340021932 0.016095387188784
0.930371013501972 0.017684520933970
0.922163962751008 0.019294942744428
0.913540287137281 0.020927997465693
0.904508497187474 0.022588490299158
0.895077506187845 0.024284930745651
0.885256621387895 0.026030227021230
0.875055534815230 0.027834188507412
0.864484313710706 0.029697511513280
0.853553390593274 0.031619647745824
0.842273552964344 0.033600533621512
0.830655932661826 0.035640452271392
0.818711994874345 0.037740091131866
0.806453526826488 0.039900430029362
0.793892626146236 0.042123269060075
0.781041688926065 0.044408868198529
0.767913397489498 0.046748438004718
0.754520707875186 0.049122550056724
0.740876837050858 0.051510337915580
0.726995249869773 0.053888713263319
0.712889645782536 0.056233445065504
0.698573945317390 0.058518041540673
0.684062276342339 0.060714106860308
0.669368960122646 0.062817560765694
0.654508497187474 0.064841994061030
0.639495553019615 0.066809167787442
0.624344943582427 0.068740284702032
0.609071620698271 0.070659213193094
0.593690657292862 0.072593586582719
0.578217232520115 0.074555030680353
0.562666616782152 0.076537021928426
0.547054156659257 0.078509558003182
0.531395259764657 0.080442314100336
0.515705379539064 0.082307695324783
0.500000000000000 0.084075031904048
0.484294620460936 0.085718527648277
0.468604740235343 0.087223444206250
0.452945843340743 0.088583781256596
0.437333383217848 0.089798561883930
0.421782767479884 0.090865688870085
0.406309342707138 0.091783254792169
0.390928379301729 0.092550247895701
0.375655056417573 0.093168320865559
0.360504446980385 0.093641227694823
0.345491502812526 0.093974477614883
0.330631039877354 0.094173405411545
0.315937723657661 0.094243688804988
0.301426054682610 0.094193783386661
0.287110354217464 0.094025000031246
0.273004750130227 0.093726699940890
0.259123162949142 0.093273012940590
0.245479292124814 0.092639065854427
0.232086602510502 0.091805609414327
0.218958311073935 0.090756142069044
0.206107373853763 0.089477757397205
0.193546473173512 0.087961428995509
0.181288005125655 0.086202035495794
0.169344067338174 0.084198240540665
0.157726447035656 0.081952047673830
0.146446609406726 0.079464769517996
0.135515686289294 0.076759471445181
0.124944465184770 0.073891489133861
0.114743378612105 0.070924222857497
0.104922493812155 0.067913539288037
0.095491502812526 0.064908020229190
0.086459712862719 0.061849031362065
0.077836037248992 0.058530171903725
0.069628986498028 0.054757751709815
0.061846659978068 0.050618507539164
0.054496737905816 0.046439880593588
0.047586473766990 0.042507112811840
0.041122687158009 0.038892876436420
0.035111757055874 0.035443626543747
0.029559615522887 0.032028537238156
0.024471741852423 0.028538775207589
0.019853157161528 0.024913081271457
0.015708419435684 0.021280675370876
0.012041619030626 0.017845655642167
0.008856374635656 0.014701950063769
0.006155829702431 0.011792332628639
0.003942649342761 0.009082284604038
0.002219017698460 0.006555290824017
0.000986635785864 0.004202459858638
0.000246719817134 0.002018455845939
0.000000000000000 0.000000000000000
0.000246719817134 -0.001855018498833
0.000986635785864 -0.003553899748727
0.002219017698460 -0.005160244144297
0.003942649342761 -0.006694587543378
0.006155829702431 -0.008126637401283
0.008856374635656 -0.009398259190112
0.012041619030626 -0.010407074431461
0.015708419435684 -0.010965664126032
0.019853157161528 -0.010956259397406
0.024471741852423 -0.010535381479989
0.029559615522887 -0.010128356176186
0.035111757055874 -0.009884947410170
0.041122687158009 -0.009753444384819
0.047586473766990 -0.009640925990048
0.054496737905816 -0.009414188976472
0.061846659978068 -0.009017269344622
0.069628986498028 -0.008483784160939
0.077836037248993 -0.007869998342823
0.086459712862719 -0.007218536043524
0.095491502812526 -0.006535296214061
0.104922493812155 -0.005822143291750
0.114743378612105 -0.005067771828019
0.124944465184770 -0.004245529764938
0.135515686289294 -0.003323567175775
0.146446609406726 -0.002260943679391
0.157726447035656 -0.001026071024518
0.169344067338174 0.000356629342348
0.181288005125655 0.001816477538712
0.193546473173512 0.003271298711654
0.206107373853763 0.004634152613641
0.218958311073935 0.005872264079345
0.232086602510502 0.006994218939775
0.245479292124814 0.008015766716281
0.259123162949142 0.008952747647371
0.273004750130227 0.009825207226452
0.287110354217464 0.010655756097002
0.301426054682610 0.011468877973719
0.315937723657661 0.012276154555865
0.330631039877354 0.013065201787319
0.345491502812526 0.013821071142581
0.360504446980386 0.014528454935889
0.375655056417573 0.015171404861190
0.390928379301729 0.015731971291451
0.406309342707138 0.016196441030537
0.421782767479884 0.016559574921192
0.437333383217848 0.016822218799368
0.452945843340743 0.016987686443258
0.468604740235343 0.017058764415281
0.484294620460936 0.017038041921421
0.500000000000000 0.016929374593655
0.515705379539064 0.016742203729607
0.531395259764657 0.016489398581361
0.547054156659257 0.016186335560509
0.562666616782152 0.015847632208424
0.578217232520115 0.015487959310897
0.593690657292863 0.015122764638380
0.609071620698271 0.014760584783967
0.624344943582427 0.014403471870752
0.639495553019615 0.014049690864582
0.654508497187474 0.013697387803275
0.669368960122646 0.013345419988503
0.684062276342339 0.012992763830300
0.698573945317390 0.012637745725061
0.712889645782536 0.012277318992655
0.726995249869774 0.011906215545991
0.740876837050858 0.011519645872163
0.754520707875186 0.011113592047967
0.767913397489498 0.010684588527659
0.781041688926065 0.010229919024443
0.793892626146237 0.009747329515795
0.806453526826489 0.009238441116306
0.818711994874345 0.008708608487374
0.830655932661826 0.008163557683719
0.842273552964344 0.007608523402036
0.853553390593274 0.007048390640059
0.864484313710706 0.006487658382183
0.875055534815230 0.005930448389217
0.885256621387895 0.005380474398126
0.895077506187845 0.004841432815885
0.904508497187474 0.004318990438472
0.913540287137281 0.003819356941583
0.922163962751008 0.003347350378785
0.930371013501972 0.002906572183953
0.938153340021932 0.002499484369519
0.945503262094184 0.002127525975513
0.952413526233010 0.001791232574426
0.958877312841991 0.001490355066385
0.964888242944126 0.001223986140346
0.970440384477113 0.000990684470767
0.975528258147577 0.000788592318882
0.980146842838472 0.000615561081273
0.984291580564316 0.000469261019338
0.987958380969374 0.000347291069943
0.991143625364344 0.000247278307280
0.993844170297569 0.000166971234159
0.996057350657239 0.000104321025328
0.997780982301540 0.000057549578177
0.999013364214136 0.000025214293867
0.999753280182866 0.000006248618066
1.000000000000000 0.000000000000000
