1.000000000000000 0.000000000000000
0.999753280182866 0.000047066985151
0.999013364214136 0.000188296740798
0.997780982301540 0.000423765096388
0.996057350657239 0.000753576862402
0.993844170297569 0.001177864423375
0.991143625364344 0.001696741581879
0.987958380969374 0.002310291785285
0.984291580564316 0.003018508775909
0.980146842838472 0.003821258821989
0.975528258147577 0.004718234294333
0.970440384477113 0.005708892215797
0.964888242944126 0.006792395812093
0.958877312841991 0.007967549488947
0.952413526233010 0.009232738587501
0.945503262094184 0.010585857384938
0.938153340021932 0.012024243810191
0.930371013501972 0.013544621928356
0.922163962751008 0.015143025316760
0.913540287137281 0.016814751249640
0.904508497187474 0.018554285841049
0.895077506187845 0.020355287368140
0.885256621387895 0.022210461067020
0.875055534815230 0.024112753617669
0.864484313710706 0.026057437459330
0.853553390593274 0.028040473876460
0.842273552964344 0.030057863883210
0.830655932661826 0.032105710587672
0.818711994874345 0.034180224372101
0.806453526826488 0.036277755358432
0.793892626146236 0.038394754214985
0.781041688926065 0.040528004960859
0.767913397489498 0.042676078885014
0.754520707875186 0.044839943506069
0.740876837050858 0.047021170470457
0.726995249869773 0.049222107655583
0.712889645782536 0.051445249246001
0.698573945317390 0.053694150036143
0.684062276342339 0.055973679525705
0.669368960122646 0.058275071921087
0.654508497187474 0.060578094554805
0.639495553019615 0.062855671132016
0.624344943582427 0.065081324611744
0.609071620698271 0.067226708276773
0.593690657292862 0.069261039859228
0.578217232520115 0.071165812595815
0.562666616782152 0.072939519622480
0.547054156659257 0.074605598973399
0.531395259764657 0.076187408489779
0.515705379539064 0.077706523303640
0.500000000000000 0.079190604902166
0.484294620460936 0.080657338914680
0.468604740235343 0.082103134192760
0.452945843340743 0.083500631818792
0.437333383217848 0.084810944363494
0.421782767479884 0.086002081808204
0.406309342707138 0.087041392982634
0.390928379301729 0.087896228239305
0.375655056417573 0.088554952070987
0.360504446980385 0.089022037328363
0.345491502812526 0.089316126818937
0.330631039877354 0.089454256670483
0.315937723657661 0.089451945586141
0.301426054682610 0.089327865695526
0.287110354217464 0.089091095237668
0.273004750130227 0.088732848126371
0.259123162949142 0.088214527538217
0.245479292124814 0.087499028701828
0.232086602510502 0.086556337668542
0.218958311073935 0.085359541619444
0.206107373853763 0.083886636180415
0.193546473173512 0.082119596844021
0.181288005125655 0.080077253672496
0.169344067338174 0.077851537585786
0.157726447035656 0.075534895036733
0.146446609406726 0.073216983795679
0.135515686289294 0.070927365186664
0.124944465184770 0.068603799719679
0.114743378612105 0.066154829516676
0.104922493812155 0.063514531098396
0.095491502812526 0.060624946163652
0.086459712862719 0.057516731785789
0.077836037248992 0.054337064589646
0.069628986498028 0.051230942366417
0.061846659978068 0.048170681337152
0.054496737905816 0.044991998340447
0.047586473766990 0.041562927714456
0.041122687158009 0.037867592313352
0.035111757055874 0.034081603720337
0.029559615522887 0.030376641592350
0.024471741852423 0.026889907524439
0.019853157161528 0.023669721898669
0.015708419435684 0.020579147792497
0.012041619030626 0.017561713741381
0.008856374635656 0.014654225644158
0.006155829702431 0.011871589303496
0.003942649342761 0.009219170182971
0.002219017698460 0.006701897653317
0.000986635785864 0.004323982306947
0.000246719817134 0.002088985717527
0.000000000000000 0.000000000000000
0.000246719817134 -0.001940359327987
0.000986635785864 -0.003751276834505
0.002219017698460 -0.005511097745509
0.003942649342761 -0.007225681233027
0.006155829702431 -0.008868218074748
0.008856374635656 -0.010392293171561
0.012041619030626 -0.011719275839226
0.015708419435684 -0.012713047895757
0.019853157161528 -0.013308906777804
0.024471741852423 -0.013660829252810
0.029559615522887 -0.014111950819335
0.035111757055874 -0.014715627166269
0.041122687158009 -0.015320416224149
0.047586473766990 -0.015694525854709
0.054496737905816 -0.015534537111335
0.061846659978068 -0.014784430744256
0.069628986498028 -0.013670354472456
0.077836037248993 -0.012539264152657
0.086459712862719 -0.011584834309685
0.095491502812526 -0.010703882890435
0.104922493812155 -0.009739451837033
0.114743378612105 -0.008622729135338
0.124944465184770 -0.007385370054934
0.135515686289294 -0.006065546346735
0.146446609406726 -0.004715611517812
0.157726447035656 -0.003385225625701
0.169344067338174 -0.002087823712049
0.181288005125655 -0.000810568743220
0.193546473173512 0.000460305354504
0.206107373853763 0.001739447797107
0.218958311073935 0.003027591054065
0.232086602510502 0.004314733651259
0.245479292124814 0.005589318632265
0.259123162949142 0.006839547057180
0.273004750130227 0.008052474730539
0.287110354217464 0.009214510520055
0.301426054682610 0.010311524179965
0.315937723657661 0.011331491806158
0.330631039877354 0.012265836156946
0.345491502812526 0.013106077514582
0.360504446980386 0.013844084718565
0.375655056417573 0.014471892380167
0.390928379301729 0.014980093394102
0.406309342707138 0.015364901245567
0.421782767479884 0.015631708544442
0.437333383217848 0.015792715612695
0.452945843340743 0.015862476007659
0.468604740235343 0.015854851621897
0.484294620460936 0.015785380522662
0.500000000000000 0.015668984008241
0.515705379539064 0.015513731427063
0.531395259764657 0.015324094302701
0.547054156659257 0.015102109934802
0.562666616782152 0.014850413500309
0.578217232520115 0.014572114510603
0.593690657292863 0.014270417849044
0.609071620698271 0.013946041062598
0.624344943582427 0.013597622848293
0.639495553019615 0.013222737992659
0.654508497187474 0.012819377102352
0.669368960122646 0.012385914455065
0.684062276342339 0.011920239518343
0.698573945317390 0.011423292110316
0.712889645782536 0.010901113259597
0.726995249869774 0.010366245429393
0.740876837050858 0.009830403887969
0.754520707875186 0.009303942087005
0.767913397489498 0.008796471141585
0.781041688926065 0.008316418393108
0.793892626146237 0.007871164064839
0.806453526826489 0.007460228118606
0.818711994874345 0.007076692800489
0.830655932661826 0.006713805005237
0.842273552964344 0.006365784764577
0.853553390593274 0.006027693189710
0.864484313710706 0.005695443895450
0.875055534815230 0.005365783346553
0.885256621387895 0.005036241713826
0.895077506187845 0.004705372796559
0.904508497187474 0.004373496849521
0.913540287137281 0.004041743985714
0.922163962751008 0.003711423885596
0.930371013501972 0.003384037097046
0.938153340021932 0.003061237438106
0.945503262094184 0.002744800330302
0.952413526233010 0.002436597124484
0.958877312841991 0.002138559234776
0.964888242944126 0.001852650197885
0.970440384477113 0.001580833666101
0.975528258147577 0.001325045049722
0.980146842838472 0.001087160087103
0.984291580564316 0.000868967811290
0.987958380969374 0.000672146524710
0.991143625364344 0.000498237062699
0.993844170297569 0.000348621370926
0.996057350657239 0.000224503914086
0.997780982301540 0.000126894704768
0.999013364214136 0.000056592998811
0.999753280182866 0.000014177504924
1.000000000000000 0.000000000000000
