1.000000000000000 0.000000000000000
0.999753280182866 0.000049041912025
0.999013364214136 0.000196109613196
0.997780982301540 0.000440999047183
0.996057350657239 0.000783391221409
0.993844170297569 0.001222809258905
0.991143625364344 0.001758625992951
0.987958380969374 0.002390058213119
0.984291580564316 0.003116137143713
0.980146842838472 0.003935687387200
0.975528258147577 0.004847325136930
0.970440384477113 0.005849429881299
0.964888242944126 0.006940107809877
0.958877312841991 0.008117193004905
0.952413526233010 0.009378205735446
0.945503262094184 0.010720328291092
0.938153340021932 0.012140398371099
0.930371013501972 0.013634864859742
0.922163962751008 0.015199782941868
0.913540287137281 0.016830786472461
0.904508497187474 0.018523069254412
0.895077506187845 0.020271383608187
0.885256621387895 0.022070002255670
0.875055534815230 0.023912762669087
0.864484313710706 0.025792946142711
0.853553390593274 0.027705244367296
0.842273552964344 0.029648201752500
0.830655932661826 0.031621762776607
0.818711994874345 0.033626596989797
0.806453526826488 0.035664196997384
0.793892626146236 0.037736842296826
0.781041688926065 0.039847712255857
0.767913397489498 0.042000638890582
0.754520707875186 0.044196881740693
0.740876837050858 0.046428504630461
0.726995249869773 0.048685345366714
0.712889645782536 0.050956580038124
0.698573945317390 0.053230599190951
0.684062276342339 0.055495138931157
0.669368960122646 0.057737544974350
0.654508497187474 0.059948402567167
0.639495553019615 0.062125518929811
0.624344943582427 0.064267781575660
0.609071620698271 0.066374297223223
0.593690657292862 0.068444405016389
0.578217232520115 0.070478118846380
0.562666616782152 0.072473890251667
0.547054156659257 0.074423703864890
0.531395259764657 0.076317908608826
0.515705379539064 0.078146530587161
0.500000000000000 0.079899831270931
0.484294620460936 0.081568566823418
0.468604740235343 0.083144477647957
0.452945843340743 0.084623357227769
0.437333383217848 0.086004253762625
0.421782767479884 0.087286102201773
0.406309342707138 0.088468551464151
0.390928379301729 0.089552222405221
0.375655056417573 0.090534981847300
0.360504446980385 0.091410518982327
0.345491502812526 0.092164553346136
0.330631039877354 0.092783271899560
0.315937723657661 0.093255315891239
0.301426054682610 0.093570723232793
0.287110354217464 0.093720720577055
0.273004750130227 0.093696415603699
0.259123162949142 0.093483442400533
0.245479292124814 0.093067775710932
0.232086602510502 0.092438539931654
0.218958311073935 0.091587704973044
0.206107373853763 0.090509428227701
0.193546473173512 0.089201932314139
0.181288005125655 0.087659906504801
0.169344067338174 0.085844602054412
0.157726447035656 0.083712426278312
0.146446609406726 0.081218326958203
0.135515686289294 0.078349347665333
0.124944465184770 0.075178934144272
0.114743378612105 0.071844075824440
0.104922493812155 0.068461836792823
0.095491502812526 0.065137640498822
0.086459712862719 0.061912228038233
0.077836037248992 0.058679477994222
0.069628986498028 0.055311002906695
0.061846659978068 0.051755646318541
0.054496737905816 0.048062300212747
0.047586473766990 0.044299818788947
0.041122687158009 0.040511112368586
0.035111757055874 0.036651661901991
0.029559615522887 0.032653188434938
0.024471741852423 0.028432953521658
0.019853157161528 0.023950796065479
0.015708419435684 0.019656843008469
0.012041619030626 0.016000370489863
0.008856374635656 0.013000814906900
0.006155829702431 0.010391154423774
0.003942649342761 0.008024289953264
0.002219017698460 0.005832815525070
0.000986635785864 0.003779224836710
0.000246719817134 0.001840135714001
0.000000000000000 0.000000000000000
0.000246719817134 -0.001755090273361
0.000986635785864 -0.003501947881222
0.002219017698460 -0.005269582017933
0.003942649342761 -0.007024613277747
0.006155829702431 -0.008713623282781
0.008856374635656 -0.010254027399119
0.012041619030626 -0.011504593050760
0.015708419435684 -0.012233570273433
0.019853157161528 -0.012333945549258
0.024471741852423 -0.011968549476049
0.029559615522887 -0.011484016810843
0.035111757055874 -0.010933819753211
0.041122687158009 -0.010253759305226
0.047586473766990 -0.009349218954460
0.054496737905816 -0.008118693055827
0.061846659978068 -0.006624125271587
0.069628986498028 -0.005055248314082
0.077836037248993 -0.003654841848016
0.086459712862719 -0.002480268815941
0.095491502812526 -0.001413609183571
0.104922493812155 -0.000326985371337
0.114743378612105 0.000793318200498
0.124944465184770 0.001901723733203
0.135515686289294 0.002947641981603
0.146446609406726 0.003866993983714
0.157726447035656 0.004621985532015
0.169344067338174 0.005230819224136
0.181288005125655 0.005735902889600
0.193546473173512 0.006185960553950
0.206107373853763 0.006625218222186
0.218958311073935 0.007060651837531
0.232086602510502 0.007490963949197
0.245479292124814 0.007914765743557
0.259123162949142 0.008330853173449
0.273004750130227 0.008738009133089
0.287110354217464 0.009135328839093
0.301426054682610 0.009520477319866
0.315937723657661 0.009888673078745
0.330631039877354 0.010232545536546
0.345491502812526 0.010544655713099
0.360504446980386 0.010817351061265
0.375655056417573 0.011042645701339
0.390928379301729 0.011212680598411
0.406309342707138 0.011327246743090
0.421782767479884 0.011397606491073
0.437333383217848 0.011436303451830
0.452945843340743 0.011456493807756
0.468604740235343 0.011472065240533
0.484294620460936 0.011495939143583
0.500000000000000 0.011536556724135
0.515705379539064 0.011587873341096
0.531395259764657 0.011640893602720
0.547054156659257 0.011687527843618
0.562666616782152 0.011719476013320
0.578217232520115 0.011728709185584
0.593690657292863 0.011708135726532
0.609071620698271 0.011652284616611
0.624344943582427 0.011556899269967
0.639495553019615 0.011417955127531
0.654508497187474 0.011231634070379
0.669368960122646 0.010994685674421
0.684062276342339 0.010705831438338
0.698573945317390 0.010372727381983
0.712889645782536 0.010010040926464
0.726995249869774 0.009631064525535
0.740876837050858 0.009248159276527
0.754520707875186 0.008872791767046
0.767913397489498 0.008515249595926
0.781041688926065 0.008182733532314
0.793892626146237 0.007869299712532
0.806453526826489 0.007564067546060
0.818711994874345 0.007257744645894
0.830655932661826 0.006942369755585
0.842273552964344 0.006611399983008
0.853553390593274 0.006259686324054
0.864484313710706 0.005883411627817
0.875055534815230 0.005481183217170
0.885256621387895 0.005060098127845
0.895077506187845 0.004630063918144
0.904508497187474 0.004199558193952
0.913540287137281 0.003775794246116
0.922163962751008 0.003364736255775
0.930371013501972 0.002971198051676
0.938153340021932 0.002598920653478
0.945503262094184 0.002250674959340
0.952413526233010 0.001928356061855
0.958877312841991 0.001633089354284
0.964888242944126 0.001365334800307
0.970440384477113 0.001124994158543
0.975528258147577 0.000911517133650
0.980146842838472 0.000724004140223
0.984291580564316 0.000561303194644
0.987958380969374 0.000422108324858
0.991143625364344 0.000305043457672
0.993844170297569 0.000208744689137
0.996057350657239 0.000131930608726
0.997780982301540 0.000073465250749
0.999013364214136 0.000032410693761
0.999753280182866 0.000008066186680
1.000000000000000 0.000000000000000
