1.000000000000000 0.000000000000000
0.999753280182866 0.000175836157470
0.999013364214136 0.000700325054279
0.997780982301540 0.001564566047890
0.996057350657239 0.002754140695700
0.993844170297569 0.004249732884507
0.991143625364344 0.006028002719523
0.987958380969374 0.008062401821385
0.984291580564316 0.010324300911924
0.980146842838472 0.012783878620393
0.975528258147577 0.015411204443039
0.970440384477113 0.018177059923212
0.964888242944126 0.021053825297241
0.958877312841991 0.024016170834892
0.952413526233010 0.027041672629439
0.945503262094184 0.030111362891687
0.938153340021932 0.033210174557877
0.930371013501972 0.036327349345408
0.922163962751008 0.039456774205690
0.913540287137281 0.042597393800331
0.904508497187474 0.045753542368696
0.895077506187845 0.048934659459584
0.885256621387895 0.052142046464651
0.875055534815230 0.055365581043582
0.864484313710706 0.058595625262901
0.853553390593274 0.061823458580933
0.842273552964344 0.065041361629452
0.830655932661826 0.068242746406176
0.818711994874345 0.071421918551180
0.806453526826488 0.074575003797572
0.793892626146236 0.077697444473427
0.781041688926065 0.080776132667118
0.767913397489498 0.083784194398777
0.754520707875186 0.086692768539643
0.740876837050858 0.089471819913599
0.726995249869773 0.092090056034495
0.712889645782536 0.094515764840789
0.698573945317390 0.096713474676612
0.684062276342339 0.098663915466850
0.669368960122646 0.100374889568009
0.654508497187474 0.101864669492189
0.639495553019615 0.103154315753585
0.624344943582427 0.104265246095652
0.609071620698271 0.105224241336659
0.593690657292862 0.106053872146474
0.578217232520115 0.106761849354238
0.562666616782152 0.107339967767193
0.547054156659257 0.107770740341255
0.531395259764657 0.108041139141888
0.515705379539064 0.108137242658909
0.500000000000000 0.108043316224667
0.484294620460936 0.107759552023059
0.468604740235343 0.107299760735958
0.452945843340743 0.106690823855945
0.437333383217848 0.105960607481014
0.421782767479884 0.105134253973291
0.406309342707138 0.104240669136143
0.390928379301729 0.103302836813981
0.375655056417573 0.102318204960161
0.360504446980385 0.101272808913191
0.345491502812526 0.100146534578138
0.330631039877354 0.098923062093268
0.315937723657661 0.097587440348303
0.301426054682610 0.096125262959311
0.287110354217464 0.094529800603493
0.273004750130227 0.092803354172117
0.259123162949142 0.090957046424581
0.245479292124814 0.089001325218643
0.232086602510502 0.086946533628227
0.218958311073935 0.084803589627445
0.206107373853763 0.082583498963373
0.193546473173512 0.080297206767148
0.181288005125655 0.077953428245048
0.169344067338174 0.075558509584718
0.157726447035656 0.073119326297355
0.146446609406726 0.070643476077081
0.135515686289294 0.068127605962132
0.124944465184770 0.065557452487600
0.114743378612105 0.062921903107031
0.104922493812155 0.060216856655766
0.095491502812526 0.057443908536527
0.086459712862719 0.054613896801713
0.077836037248992 0.051741829392258
0.069628986498028 0.048841471557776
0.061846659978068 0.045925626424476
0.054496737905816 0.043006351181878
0.047586473766990 0.040095156430260
0.041122687158009 0.037160554270196
0.035111757055874 0.034143155949242
0.029559615522887 0.031043729047366
0.024471741852423 0.027912520054620
0.019853157161528 0.024809396956376
0.015708419435684 0.021756395383731
0.012041619030626 0.018763648955375
0.008856374635656 0.015838932278511
0.006155829702431 0.012988350463669
0.003942649342761 0.010216943089678
0.002219017698460 0.007529028430366
0.000986635785864 0.004928174804272
0.000246719817134 0.002417552357955
0.000000000000000 0.000000000000000
0.000246719817134 -0.002326724566704
0.000986635785864 -0.004639679201216
0.002219017698460 -0.006978227181482
0.003942649342761 -0.009338331109574
0.006155829702431 -0.011711667477770
0.008856374635656 -0.014087362295122
0.012041619030626 -0.016451347110305
0.015708419435684 -0.018784781196295
0.019853157161528 -0.021061080272798
0.024471741852423 -0.023239768102629
0.029559615522887 -0.025255775160773
0.035111757055874 -0.027043494709505
0.041122687158009 -0.028586879292348
0.047586473766990 -0.029948943805160
0.054496737905816 -0.031275431937616
0.061846659978068 -0.032641843082688
0.069628986498028 -0.034030589740405
0.077836037248993 -0.035419524442361
0.086459712862719 -0.036781950492689
0.095491502812526 -0.038086102547594
0.104922493812155 -0.039293763955054
0.114743378612105 -0.040381860233427
0.124944465184770 -0.041347953183680
0.135515686289294 -0.042196419409900
0.146446609406726 -0.042937211051134
0.157726447035656 -0.043585600589634
0.169344067338174 -0.044148779815769
0.181288005125655 -0.044629035502226
0.193546473173512 -0.045029925580429
0.206107373853763 -0.045356470227654
0.218958311073935 -0.045612027103895
0.232086602510502 -0.045796427138752
0.245479292124814 -0.045910363606184
0.259123162949142 -0.045955438480845
0.273004750130227 -0.045934092783490
0.287110354217464 -0.045849675263303
0.301426054682610 -0.045706235366500
0.315937723657661 -0.045509455065564
0.330631039877354 -0.045266851796657
0.345491502812526 -0.044987348609005
0.360504446980386 -0.044680534192038
0.375655056417573 -0.044356741254902
0.390928379301729 -0.044027689913252
0.406309342707138 -0.043703542983050
0.421782767479884 -0.043391013486749
0.437333383217848 -0.043089334785616
0.452945843340743 -0.042795785583009
0.468604740235343 -0.042508590192077
0.484294620460936 -0.042225720488162
0.500000000000000 -0.041944957398272
0.515705379539064 -0.041664155082525
0.531395259764657 -0.041381197999066
0.547054156659257 -0.041094001370604
0.562666616782152 -0.040800502352732
0.578217232520115 -0.040498742207984
0.593690657292863 -0.040186926853329
0.609071620698271 -0.039863012267915
0.624344943582427 -0.039524571201449
0.639495553019615 -0.039168467322385
0.654508497187474 -0.038791747896742
0.669368960122646 -0.038391853528555
0.684062276342339 -0.037966475150598
0.698573945317390 -0.037513730775678
0.712889645782536 -0.037031627582638
0.726995249869774 -0.036516555277325
0.740876837050858 -0.035964906691826
0.754520707875186 -0.035373681984797
0.767913397489498 -0.034740639115682
0.781041688926065 -0.034064249152272
0.793892626146237 -0.033343748878607
0.806453526826489 -0.032579036418326
0.818711994874345 -0.031770439360899
0.830655932661826 -0.030918665290394
0.842273552964344 -0.030025267881423
0.853553390593274 -0.029092602377941
0.864484313710706 -0.028123797580541
0.875055534815230 -0.027122701158364
0.885256621387895 -0.026093862080214
0.895077506187845 -0.025042428912119
0.904508497187474 -0.023973157257341
0.913540287137281 -0.022874015681873
0.922163962751008 -0.021719272058552
0.930371013501972 -0.020491901469542
0.938153340021932 -0.019182993092938
0.945503262094184 -0.017791193587005
0.952413526233010 -0.016321953822006
0.958877312841991 -0.014786797923701
0.964888242944126 -0.013202614603622
0.970440384477113 -0.011590850869113
0.975528258147577 -0.009976722944419
0.980146842838472 -0.008388294365612
0.984291580564316 -0.006855541669390
0.987958380969374 -0.005409327644914
0.991143625364344 -0.004080319805958
0.993844170297569 -0.002897951126429
0.996057350657239 -0.001889331769841
0.997780982301540 -0.001078236263876
0.999013364214136 -0.000484215723837
0.999753280182866 -0.000121810322552
1.000000000000000 0.000000000000000
