1.000000000000000 0.000000000000000
0.999753280182866 0.000075793926612
0.999013364214136 0.000302124863977
0.997780982301540 0.000675906793388
0.996057350657239 0.001192084137158
0.993844170297569 0.001843822413820
0.991143625364344 0.002622724817786
0.987958380969374 0.003519093539348
0.984291580564316 0.004522285106199
0.980146842838472 0.005621039457788
0.975528258147577 0.006803904787429
0.970440384477113 0.008059631098671
0.964888242944126 0.009377616707360
0.958877312841991 0.010748349580078
0.952413526233010 0.012163860336588
0.945503262094184 0.013618154301832
0.938153340021932 0.015107666711249
0.930371013501972 0.016631696801130
0.922163962751008 0.018192834143912
0.913540287137281 0.019797386194779
0.904508497187474 0.021455778811673
0.895077506187845 0.023182623371069
0.885256621387895 0.024984239118099
0.875055534815230 0.026855552583872
0.864484313710706 0.028789772052799
0.853553390593274 0.030779035876547
0.842273552964344 0.032814334594410
0.830655932661826 0.034885513337071
0.818711994874345 0.036981239333999
0.806453526826488 0.039089111436036
0.793892626146236 0.041195519847675
0.781041688926065 0.043289726637574
0.767913397489498 0.045364009498813
0.754520707875186 0.047411119461086
0.740876837050858 0.049423681872952
0.726995249869773 0.051394444315408
0.712889645782536 0.053315974378497
0.698573945317390 0.055181255457882
0.684062276342339 0.056985497434599
0.669368960122646 0.058730436101213
0.654508497187474 0.060420931309535
0.639495553019615 0.062062131242607
0.624344943582427 0.063659704338861
0.609071620698271 0.065220645039691
0.593690657292862 0.066752610713614
0.578217232520115 0.068254844856459
0.562666616782152 0.069721142672185
0.547054156659257 0.071142554858206
0.531395259764657 0.072510391847957
0.515705379539064 0.073816502048006
0.500000000000000 0.075052639652575
0.484294620460936 0.076211331629210
0.468604740235343 0.077286432489341
0.452945843340743 0.078272396598046
0.437333383217848 0.079164216402210
0.421782767479884 0.079957429975752
0.406309342707138 0.080647628044792
0.390928379301729 0.081231340721089
0.375655056417573 0.081713322135531
0.360504446980385 0.082102774098098
0.345491502812526 0.082410302572183
0.330631039877354 0.082645171651006
0.315937723657661 0.082816959274107
0.301426054682610 0.082939179800891
0.287110354217464 0.083006104873650
0.273004750130227 0.082989154743476
0.259123162949142 0.082842431160824
0.245479292124814 0.082523927190983
0.232086602510502 0.081999291557612
0.218958311073935 0.081238503966691
0.206107373853763 0.080213171369360
0.193546473173512 0.078910893182936
0.181288005125655 0.077362841889203
0.169344067338174 0.075657165228771
0.157726447035656 0.073870811041437
0.146446609406726 0.072077843392095
0.135515686289294 0.070267251963047
0.124944465184770 0.068347531357992
0.114743378612105 0.066224698446638
0.104922493812155 0.063824920471819
0.095491502812526 0.061097755622485
0.086459712862719 0.058127773416418
0.077836037248992 0.055125446181761
0.069628986498028 0.052252514987346
0.061846659978068 0.049469967334076
0.054496737905816 0.046655545423827
0.047586473766990 0.043726868773332
0.041122687158009 0.040653200533009
0.035111757055874 0.037434767596955
0.029559615522887 0.034066427596122
0.024471741852423 0.030533206055252
0.019853157161528 0.026835709735866
0.015708419435684 0.023090584043610
0.012041619030626 0.019489905592878
0.008856374635656 0.016132594698407
0.006155829702431 0.012986436562456
0.003942649342761 0.010031655474607
0.002219017698460 0.007259206278988
0.000986635785864 0.004664511915818
0.000246719817134 0.002245212649390
0.000000000000000 0.000000000000000
0.000246719817134 -0.002071629459582
0.000986635785864 -0.003970460527030
0.002219017698460 -0.005736204719574
0.003942649342761 -0.007406893660833
0.006155829702431 -0.008947993334306
0.008856374635656 -0.010283727898649
0.012041619030626 -0.011281023503338
0.015708419435684 -0.011695130746850
0.019853157161528 -0.011344420227348
0.024471741852423 -0.010386528615570
0.029559615522887 -0.009327704340378
0.035111757055874 -0.008433431923041
0.041122687158009 -0.007692285121809
0.047586473766990 -0.007061521306676
0.054496737905816 -0.006465763692004
0.061846659978068 -0.005867854505759
0.069628986498028 -0.005291504855528
0.077836037248993 -0.004770427372923
0.086459712862719 -0.004314348112637
0.095491502812526 -0.003872775599176
0.104922493812155 -0.003371578395004
0.114743378612105 -0.002769455101618
0.124944465184770 -0.002086614705862
0.135515686289294 -0.001352296954107
0.146446609406726 -0.000604535195095
0.157726447035656 0.000114641026677
0.169344067338174 0.000787342762782
0.181288005125655 0.001421244808366
0.193546473173512 0.002026034355055
0.206107373853763 0.002613332864613
0.218958311073935 0.003189383247597
0.232086602510502 0.003751936411579
0.245479292124814 0.004297613721621
0.259123162949142 0.004823527524650
0.273004750130227 0.005326501725440
0.287110354217464 0.005803483314767
0.301426054682610 0.006251183015435
0.315937723657661 0.006667618053556
0.330631039877354 0.007053305283106
0.345491502812526 0.007409809311404
0.360504446980386 0.007739064097720
0.375655056417573 0.008043197672812
0.390928379301729 0.008325032222778
0.406309342707138 0.008586791708419
0.421782767479884 0.008829046130319
0.437333383217848 0.009049487469770
0.452945843340743 0.009244833497596
0.468604740235343 0.009412439398686
0.484294620460936 0.009549247194865
0.500000000000000 0.009652465898460
0.515705379539064 0.009721836911123
0.531395259764657 0.009760454454457
0.547054156659257 0.009774859961257
0.562666616782152 0.009770957174631
0.578217232520115 0.009754603494028
0.593690657292863 0.009732282495888
0.609071620698271 0.009707854384097
0.624344943582427 0.009681305990329
0.639495553019615 0.009646360421529
0.654508497187474 0.009596526397546
0.669368960122646 0.009526424573627
0.684062276342339 0.009430891753576
0.698573945317390 0.009305125748770
0.712889645782536 0.009145435012976
0.726995249869774 0.008950541041535
0.740876837050858 0.008720145696028
0.754520707875186 0.008454376660891
0.767913397489498 0.008153631584620
0.781041688926065 0.007818685393812
0.793892626146237 0.007450450925533
0.806453526826489 0.007050870317620
0.818711994874345 0.006626753063032
0.830655932661826 0.006189902490344
0.842273552964344 0.005750709427140
0.853553390593274 0.005318315638356
0.864484313710706 0.004900517149006
0.875055534815230 0.004503811497930
0.885256621387895 0.004133431295730
0.895077506187845 0.003793403694464
0.904508497187474 0.003486367720343
0.913540287137281 0.003208816062276
0.922163962751008 0.002952529758030
0.930371013501972 0.002710846788879
0.938153340021932 0.002478791199253
0.945503262094184 0.002252916197078
0.952413526233010 0.002031140173760
0.958877312841991 0.001812578245952
0.964888242944126 0.001597366342295
0.970440384477113 0.001386488935203
0.975528258147577 0.001181609309071
0.980146842838472 0.000984896036576
0.984291580564316 0.000798863977582
0.987958380969374 0.000626221223685
0.991143625364344 0.000469723086546
0.993844170297569 0.000332041223853
0.996057350657239 0.000215645078246
0.997780982301540 0.000122701548913
0.999013364214136 0.000054985798845
0.999753280182866 0.000013814585052
1.000000000000000 0.000000000000000
