1.000000000000000 0.000000000000000
0.999753280182866 0.000056212384376
0.999013364214136 0.000224506358726
0.997780982301540 0.000503835924532
0.996057350657239 0.000892507447271
0.993844170297569 0.001388193460023
0.991143625364344 0.001988001098544
0.987958380969374 0.002688542036588
0.984291580564316 0.003486011280771
0.980146842838472 0.004376296839181
0.975528258147577 0.005355065000429
0.970440384477113 0.006417896708682
0.964888242944126 0.007560393334897
0.958877312841991 0.008778325516367
0.952413526233010 0.010067745678909
0.945503262094184 0.011425132701555
0.938153340021932 0.012847533354055
0.930371013501972 0.014332689158702
0.922163962751008 0.015879175138439
0.913540287137281 0.017486521298799
0.904508497187474 0.019155355078148
0.895077506187845 0.020887469647893
0.885256621387895 0.022685769520575
0.875055534815230 0.024548875428582
0.864484313710706 0.026471023289272
0.853553390593274 0.028445434109020
0.842273552964344 0.030464504797089
0.830655932661826 0.032519767578518
0.818711994874345 0.034601914497642
0.806453526826488 0.036700808862376
0.793892626146236 0.038805412892451
0.781041688926065 0.040904347004361
0.767913397489498 0.042986756117336
0.754520707875186 0.045042208403854
0.740876837050858 0.047059781694995
0.726995249869773 0.049028157752272
0.712889645782536 0.050936060621257
0.698573945317390 0.052771483027153
0.684062276342339 0.054522960590376
0.669368960122646 0.056191734731583
0.654508497187474 0.057786551345064
0.639495553019615 0.059319434574954
0.624344943582427 0.060802387775033
0.609071620698271 0.062249715068411
0.593690657292862 0.063677084125689
0.578217232520115 0.065090002293810
0.562666616782152 0.066483097589232
0.547054156659257 0.067838616010868
0.531395259764657 0.069140021078082
0.515705379539064 0.070371849494629
0.500000000000000 0.071516847812536
0.484294620460936 0.072562178190561
0.468604740235343 0.073501610949558
0.452945843340743 0.074335371790273
0.437333383217848 0.075066106161001
0.421782767479884 0.075695573707674
0.406309342707138 0.076225857964156
0.390928379301729 0.076659605021733
0.375655056417573 0.077000187562185
0.360504446980385 0.077251684726963
0.345491502812526 0.077418797076787
0.330631039877354 0.077505802316264
0.315937723657661 0.077517869677251
0.301426054682610 0.077461538208438
0.287110354217464 0.077335279387159
0.273004750130227 0.077122344725439
0.259123162949142 0.076786199489227
0.245479292124814 0.076295287812038
0.232086602510502 0.075622952309178
0.218958311073935 0.074745897086824
0.206107373853763 0.073645650550639
0.193546473173512 0.072306521315061
0.181288005125655 0.070743040595856
0.169344067338174 0.069002013385826
0.157726447035656 0.067131893998022
0.146446609406726 0.065177284283414
0.135515686289294 0.063152716693603
0.124944465184770 0.061024075631108
0.114743378612105 0.058753389147198
0.104922493812155 0.056314612765987
0.095491502812526 0.053689222094480
0.086459712862719 0.050891378947795
0.077836037248992 0.047966720095560
0.069628986498028 0.044959972014130
0.061846659978068 0.041908388947599
0.054496737905816 0.038845981045548
0.047586473766990 0.035808240242498
0.041122687158009 0.032835766384705
0.035111757055874 0.029971662550906
0.029559615522887 0.027250221575288
0.024471741852423 0.024698943877927
0.019853157161528 0.022265978502405
0.015708419435684 0.019754835898273
0.012041619030626 0.017108395555411
0.008856374635656 0.014404777242927
0.006155829702431 0.011730934396011
0.003942649342761 0.009135007259441
0.002219017698460 0.006646464999982
0.000986635785864 0.004285354894672
0.000246719817134 0.002066169103968
0.000000000000000 0.000000000000000
0.000246719817134 -0.001904473249339
0.000986635785864 -0.003647652856917
0.002219017698460 -0.005292349941317
0.003942649342761 -0.006854432407973
0.006155829702431 -0.008300064662512
0.008856374635656 -0.009566548102725
0.012041619030626 -0.010544072366110
0.015708419435684 -0.011030773136123
0.019853157161528 -0.010885001808252
0.024471741852423 -0.010233975217528
0.029559615522887 -0.009482184416848
0.035111757055874 -0.008790638409009
0.041122687158009 -0.008135793541732
0.047586473766990 -0.007470716305503
0.054496737905816 -0.006726445725016
0.061846659978068 -0.005882887281878
0.069628986498028 -0.004977904461378
0.077836037248993 -0.004066316061713
0.086459712862719 -0.003193420630992
0.095491502812526 -0.002377689374109
0.104922493812155 -0.001635062725412
0.114743378612105 -0.000975612530892
0.124944465184770 -0.000401959294337
0.135515686289294 0.000085747323620
0.146446609406726 0.000489896346623
0.157726447035656 0.000816979541128
0.169344067338174 0.001082387990190
0.181288005125655 0.001309416457405
0.193546473173512 0.001526987776682
0.206107373853763 0.001765981040072
0.218958311073935 0.002037646302436
0.232086602510502 0.002335756444024
0.245479292124814 0.002650885397087
0.259123162949142 0.002973688459240
0.273004750130227 0.003293097414091
0.287110354217464 0.003597141239341
0.301426054682610 0.003872817197379
0.315937723657661 0.004112045763738
0.330631039877354 0.004316589360627
0.345491502812526 0.004489722422068
0.360504446980386 0.004635149808007
0.375655056417573 0.004756947062966
0.390928379301729 0.004859789473606
0.406309342707138 0.004948096246502
0.421782767479884 0.005025386650762
0.437333383217848 0.005094483254168
0.452945843340743 0.005157922561689
0.468604740235343 0.005218315436845
0.484294620460936 0.005279065273173
0.500000000000000 0.005343012924399
0.515705379539064 0.005407940055767
0.531395259764657 0.005468094638671
0.547054156659257 0.005514843308947
0.562666616782152 0.005540552996923
0.578217232520115 0.005537739747382
0.593690657292863 0.005498150566943
0.609071620698271 0.005419202344855
0.624344943582427 0.005304059143863
0.639495553019615 0.005160361598157
0.654508497187474 0.004995729203210
0.669368960122646 0.004816859542298
0.684062276342339 0.004630651484979
0.698573945317390 0.004442785062667
0.712889645782536 0.004255878941116
0.726995249869774 0.004066985379580
0.740876837050858 0.003873024894205
0.754520707875186 0.003671495825393
0.767913397489498 0.003460122969551
0.781041688926065 0.003237149296193
0.793892626146237 0.003000720041592
0.806453526826489 0.002752435491009
0.818711994874345 0.002498094212680
0.830655932661826 0.002244489256992
0.842273552964344 0.001997256369089
0.853553390593274 0.001761266894594
0.864484313710706 0.001540560486325
0.875055534815230 0.001338375250838
0.885256621387895 0.001157182169018
0.895077506187845 0.000998638916718
0.904508497187474 0.000862029255330
0.913540287137281 0.000744253680764
0.922163962751008 0.000642471556965
0.930371013501972 0.000554200352736
0.938153340021932 0.000477307169946
0.945503262094184 0.000409983876929
0.952413526233010 0.000350721046249
0.958877312841991 0.000298280719157
0.964888242944126 0.000251669160639
0.970440384477113 0.000210108291958
0.975528258147577 0.000173007509653
0.980146842838472 0.000139936589600
0.984291580564316 0.000110597971255
0.987958380969374 0.000084801896116
0.991143625364344 0.000062442103517
0.993844170297569 0.000043474048728
0.996057350657239 0.000027894839525
0.997780982301540 0.000015726784930
0.999013364214136 0.000007002177182
0.999753280182866 0.000001752528725
1.000000000000000 0.000000000000000
