1.000000000000000 0.000000000000000
0.999753280182866 0.000071949495741
0.999013364214136 0.000286928805654
0.997780982301540 0.000642328533397
0.996057350657239 0.001133869512304
0.993844170297569 0.001755718662339
0.991143625364344 0.002500609280672
0.987958380969374 0.003360047306391
0.984291580564316 0.004324484255657
0.980146842838472 0.005383597089357
0.975528258147577 0.006526506847539
0.970440384477113 0.007742089754311
0.964888242944126 0.009019245263781
0.958877312841991 0.010347221946842
0.952413526233010 0.011715889272390
0.945503262094184 0.013116069093864
0.938153340021932 0.014539833464728
0.930371013501972 0.015980788906379
0.922163962751008 0.017434372007203
0.913540287137281 0.018898120846786
0.904508497187474 0.020371941606950
0.895077506187845 0.021858354336964
0.885256621387895 0.023362733682154
0.875055534815230 0.024893545216900
0.864484313710706 0.026462518672347
0.853553390593274 0.028082701329977
0.842273552964344 0.029755980131349
0.830655932661826 0.031479143173669
0.818711994874345 0.033248599958596
0.806453526826488 0.035060417399748
0.793892626146236 0.036910337910474
0.781041688926065 0.038793616373338
0.767913397489498 0.040705595920439
0.754520707875186 0.042639195222420
0.740876837050858 0.044580578343452
0.726995249869773 0.046512241437097
0.712889645782536 0.048415081040451
0.698573945317390 0.050269231574573
0.684062276342339 0.052053916066854
0.669368960122646 0.053745477765254
0.654508497187474 0.055330877423069
0.639495553019615 0.056813457768839
0.624344943582427 0.058203346540970
0.609071620698271 0.059512124827657
0.593690657292862 0.060751312970970
0.578217232520115 0.061935561980835
0.562666616782152 0.063074435169044
0.547054156659257 0.064165257078100
0.531395259764657 0.065199190509609
0.515705379539064 0.066164860384882
0.500000000000000 0.067052711701233
0.484294620460936 0.067852719165025
0.468604740235343 0.068556594680992
0.452945843340743 0.069176345583319
0.437333383217848 0.069733635210264
0.421782767479884 0.070251423402216
0.406309342707138 0.070752785988572
0.390928379301729 0.071259788496798
0.375655056417573 0.071790076479173
0.360504446980385 0.072336097119531
0.345491502812526 0.072855614816119
0.330631039877354 0.073307973778983
0.315937723657661 0.073656286225182
0.301426054682610 0.073866413504633
0.287110354217464 0.073905497448114
0.273004750130227 0.073754139094482
0.259123162949142 0.073417342831716
0.245479292124814 0.072907436253226
0.232086602510502 0.072238103406380
0.218958311073935 0.071422127154703
0.206107373853763 0.070471974816384
0.193546473173512 0.069403125256494
0.181288005125655 0.068219601056345
0.169344067338174 0.066902738105215
0.157726447035656 0.065419106988590
0.146446609406726 0.063744190884810
0.135515686289294 0.061863327806129
0.124944465184770 0.059811018639731
0.114743378612105 0.057642676052770
0.104922493812155 0.055408667871820
0.095491502812526 0.053154789373881
0.086459712862719 0.050886820541892
0.077836037248992 0.048494813194619
0.069628986498028 0.045861134494205
0.061846659978068 0.042956771199709
0.054496737905816 0.039890398983358
0.047586473766990 0.036779030947429
0.041122687158009 0.033698746031649
0.035111757055874 0.030635963736103
0.029559615522887 0.027561760644536
0.024471741852423 0.024451755468635
0.019853157161528 0.021293486316325
0.015708419435684 0.018171117697780
0.012041619030626 0.015233746336082
0.008856374635656 0.012564104687797
0.006155829702431 0.010102923902053
0.003942649342761 0.007807450539134
0.002219017698460 0.005657991572772
0.000986635785864 0.003644035995257
0.000246719817134 0.001759366563356
0.000000000000000 0.000000000000000
0.000246719817134 -0.001636683414738
0.000986635785864 -0.003190467565951
0.002219017698460 -0.004719224176252
0.003942649342761 -0.006206253419756
0.006155829702431 -0.007611314499154
0.008856374635656 -0.008868513829169
0.012041619030626 -0.009860233562127
0.015708419435684 -0.010376915739739
0.019853157161528 -0.010292045903775
0.024471741852423 -0.009748892938516
0.029559615522887 -0.009104484642871
0.035111757055874 -0.008455103623737
0.041122687158009 -0.007802913776330
0.047586473766990 -0.007147662870940
0.054496737905816 -0.006487007706190
0.061846659978068 -0.005823819288634
0.069628986498028 -0.005162440298451
0.077836037248993 -0.004506956003834
0.086459712862719 -0.003870489181746
0.095491502812526 -0.003275260987102
0.104922493812155 -0.002742329624744
0.114743378612105 -0.002268850780861
0.124944465184770 -0.001839440481960
0.135515686289294 -0.001433389060111
0.146446609406726 -0.001023173014997
0.157726447035656 -0.000588810289452
0.169344067338174 -0.000130873430157
0.181288005125655 0.000344481594823
0.193546473173512 0.000830777161180
0.206107373853763 0.001321903903302
0.218958311073935 0.001815686414185
0.232086602510502 0.002310625726115
0.245479292124814 0.002805150528195
0.259123162949142 0.003297653284901
0.273004750130227 0.003786484013262
0.287110354217464 0.004270169857149
0.301426054682610 0.004746117834031
0.315937723657661 0.005210161349099
0.330631039877354 0.005656644751580
0.345491502812526 0.006079825355393
0.360504446980386 0.006473764025806
0.375655056417573 0.006832245759526
0.390928379301729 0.007149529105939
0.406309342707138 0.007422774670054
0.421782767479884 0.007653868758103
0.437333383217848 0.007845085266830
0.452945843340743 0.007998784643618
0.468604740235343 0.008117593080982
0.484294620460936 0.008204502739965
0.500000000000000 0.008263052778422
0.515705379539064 0.008298018558473
0.531395259764657 0.008314378286928
0.547054156659257 0.008316938293486
0.562666616782152 0.008311290314457
0.578217232520115 0.008301999150427
0.593690657292863 0.008289686912490
0.609071620698271 0.008269620965164
0.624344943582427 0.008233639285647
0.639495553019615 0.008175151093456
0.654508497187474 0.008087595766677
0.669368960122646 0.007964845398262
0.684062276342339 0.007804502739096
0.698573945317390 0.007612015166435
0.712889645782536 0.007398833859964
0.726995249869774 0.007174741123886
0.740876837050858 0.006948660163433
0.754520707875186 0.006729256475419
0.767913397489498 0.006524103589176
0.781041688926065 0.006335171394695
0.793892626146237 0.006152463346813
0.806453526826489 0.005962784906740
0.818711994874345 0.005755632434720
0.830655932661826 0.005521923843595
0.842273552964344 0.005254407287078
0.853553390593274 0.004947519940123
0.864484313710706 0.004597399402070
0.875055534815230 0.004206480121466
0.885256621387895 0.003790370617541
0.895077506187845 0.003364572211355
0.904508497187474 0.002942118755094
0.913540287137281 0.002533646938990
0.922163962751008 0.002147554636480
0.930371013501972 0.001790154107558
0.938153340021932 0.001465847199847
0.945503262094184 0.001177310369569
0.952413526233010 0.000925694158657
0.958877312841991 0.000710823885345
0.964888242944126 0.000531406225732
0.970440384477113 0.000385236718498
0.975528258147577 0.000269403690275
0.980146842838472 0.000180487187689
0.984291580564316 0.000114749478719
0.987958380969374 0.000068317077126
0.991143625364344 0.000037347389392
0.993844170297569 0.000018182724063
0.996057350657239 0.000007487083109
0.997780982301540 0.000002364187858
0.999013364214136 0.000000456710621
0.999753280182866 0.000000024311261
1.000000000000000 0.000000000000000
