1.000000000000000 0.000000000000000
0.999753280182866 0.000078550859278
0.999013364214136 0.000314091347188
0.997780982301540 0.000706296037748
0.996057350657239 0.001254630455523
0.993844170297569 0.001958331901390
0.991143625364344 0.002816417674391
0.987958380969374 0.003827681209972
0.984291580564316 0.004990687500534
0.980146842838472 0.006303767882119
0.975528258147577 0.007765008671907
0.970440384477113 0.009372256241511
0.964888242944126 0.011123110498617
0.958877312841991 0.013014895842991
0.952413526233010 0.015044699223966
0.945503262094184 0.017209324355911
0.938153340021932 0.019505307708122
0.930371013501972 0.021928918002334
0.922163962751008 0.024476128605726
0.913540287137281 0.027142640505723
0.904508497187474 0.029923861851519
0.895077506187845 0.032814932490935
0.885256621387895 0.035810694696615
0.875055534815230 0.038905714949039
0.864484313710706 0.042094288744282
0.853553390593274 0.045370431795098
0.842273552964344 0.048727897210368
0.830655932661826 0.052160479343986
0.818711994874345 0.055662229245832
0.806453526826488 0.059227165888254
0.793892626146236 0.062849230873058
0.781041688926065 0.066522313216219
0.767913397489498 0.070240205031862
0.754520707875186 0.073996688665859
0.740876837050858 0.077784917154360
0.726995249869773 0.081587844245254
0.712889645782536 0.085381829475254
0.698573945317390 0.089141381325625
0.684062276342339 0.092840393599302
0.669368960122646 0.096450588272937
0.654508497187474 0.099944607885839
0.639495553019615 0.103302657328935
0.624344943582427 0.106526814960033
0.609071620698271 0.109631967528142
0.593690657292862 0.112630909238722
0.578217232520115 0.115539055203816
0.562666616782152 0.118372846339622
0.547054156659257 0.121140136392619
0.531395259764657 0.123835966573802
0.515705379539064 0.126437723541253
0.500000000000000 0.128923606998118
0.484294620460936 0.131274279934804
0.468604740235343 0.133472426463797
0.452945843340743 0.135495632035179
0.437333383217848 0.137311093579122
0.421782767479884 0.138882206893734
0.406309342707138 0.140171269305535
0.390928379301729 0.141143522017439
0.375655056417573 0.141767732270633
0.360504446980385 0.142018586077013
0.345491502812526 0.141905096780643
0.330631039877354 0.141462763871537
0.315937723657661 0.140725520279464
0.301426054682610 0.139726358681849
0.287110354217464 0.138497813865985
0.273004750130227 0.137070328938975
0.259123162949142 0.135462388874373
0.245479292124814 0.133668215539966
0.232086602510502 0.131681240561206
0.218958311073935 0.129497362404527
0.206107373853763 0.127114356152969
0.193546473173512 0.124532715934456
0.181288005125655 0.121754165354349
0.169344067338174 0.118771539657984
0.157726447035656 0.115549094557880
0.146446609406726 0.112052063599594
0.135515686289294 0.108250678190142
0.124944465184770 0.104130150747025
0.114743378612105 0.099698836510983
0.104922493812155 0.094971614177396
0.095491502812526 0.089963142234023
0.086459712862719 0.084693941502050
0.077836037248992 0.079265682655357
0.069628986498028 0.073866318252218
0.061846659978068 0.068640477711825
0.054496737905816 0.063591627681957
0.047586473766990 0.058668755300437
0.041122687158009 0.053841996582016
0.035111757055874 0.049045349689679
0.029559615522887 0.044180199457044
0.024471741852423 0.039135352912907
0.019853157161528 0.033768261140574
0.015708419435684 0.028263749184502
0.012041619030626 0.023168592347882
0.008856374635656 0.018770977901780
0.006155829702431 0.014895616311270
0.003942649342761 0.011386851103555
0.002219017698460 0.008174463596126
0.000986635785864 0.005220185900638
0.000246719817134 0.002500550807569
0.000000000000000 0.000000000000000
0.000246719817134 -0.002292216708316
0.000986635785864 -0.004384164541405
0.002219017698460 -0.006321683830426
0.003942649342761 -0.008174800775007
0.006155829702431 -0.009941170232826
0.008856374635656 -0.011587025773115
0.012041619030626 -0.013049033608086
0.015708419435684 -0.014217963082794
0.019853157161528 -0.015039039435141
0.024471741852423 -0.015634492628169
0.029559615522887 -0.016266285536428
0.035111757055874 -0.017010419113824
0.041122687158009 -0.017831129280794
0.047586473766990 -0.018672006984016
0.054496737905816 -0.019461509329808
0.061846659978068 -0.020168222677630
0.069628986498028 -0.020786772050806
0.077836037248993 -0.021318480077376
0.086459712862719 -0.021777906280913
0.095491502812526 -0.022193535825162
0.104922493812155 -0.022590388377512
0.114743378612105 -0.022944041555727
0.124944465184770 -0.023203581920629
0.135515686289294 -0.023310702842137
0.146446609406726 -0.023194089593128
0.157726447035656 -0.022827057954755
0.169344067338174 -0.022256428406354
0.181288005125655 -0.021557057566815
0.193546473173512 -0.020812556965961
0.206107373853763 -0.020078929551679
0.218958311073935 -0.019332915874092
0.232086602510502 -0.018539201925985
0.245479292124814 -0.017659050334797
0.259123162949142 -0.016648590276300
0.273004750130227 -0.015459951940326
0.287110354217464 -0.014037288699332
0.301426054682610 -0.012350452210941
0.315937723657661 -0.010397379968318
0.330631039877354 -0.008190051847738
0.345491502812526 -0.005741859204868
0.360504446980386 -0.003066887038392
0.375655056417573 -0.000181521886520
0.390928379301729 0.002890697911805
0.406309342707138 0.006117565578141
0.421782767479884 0.009456923668461
0.437333383217848 0.012865112169017
0.452945843340743 0.016296957348512
0.468604740235343 0.019704459304122
0.484294620460936 0.023045854348461
0.500000000000000 0.026287071740847
0.515705379539064 0.029400929241076
0.531395259764657 0.032362015635874
0.547054156659257 0.035144941151489
0.562666616782152 0.037725546582339
0.578217232520115 0.040083040188301
0.593690657292863 0.042202622590333
0.609071620698271 0.044072089992599
0.624344943582427 0.045681086299418
0.639495553019615 0.047020643235716
0.654508497187474 0.048083207563511
0.669368960122646 0.048863679170259
0.684062276342339 0.049362955647154
0.698573945317390 0.049584488801122
0.712889645782536 0.049532943092742
0.726995249869774 0.049214036457382
0.740876837050858 0.048633834309467
0.754520707875186 0.047800492427166
0.767913397489498 0.046728231771823
0.781041688926065 0.045442476767751
0.793892626146237 0.043970266912411
0.806453526826489 0.042337019040912
0.818711994874345 0.040567485265974
0.830655932661826 0.038685309912722
0.842273552964344 0.036713051299250
0.853553390593274 0.034672088359053
0.864484313710706 0.032582186946673
0.875055534815230 0.030461788005963
0.885256621387895 0.028328271359770
0.895077506187845 0.026197932907445
0.904508497187474 0.024085934367054
0.913540287137281 0.022006320200174
0.922163962751008 0.019971979810109
0.930371013501972 0.017994707953248
0.938153340021932 0.016085191206491
0.945503262094184 0.014253057648019
0.952413526233010 0.012506928687665
0.958877312841991 0.010854449557631
0.964888242944126 0.009302368371564
0.970440384477113 0.007856595420043
0.975528258147577 0.006522247038733
0.980146842838472 0.005303729720207
0.984291580564316 0.004204801300681
0.987958380969374 0.003228622149780
0.991143625364344 0.002377832122107
0.993844170297569 0.001654589177157
0.996057350657239 0.001060639493500
0.997780982301540 0.000597345378798
0.999013364214136 0.000265716865678
0.999753280182866 0.000066462033082
1.000000000000000 0.000000000000000
