1.000000000000000 0.000000000000000
0.999753280182866 0.000043647402134
0.999013364214136 0.000174865937304
0.997780982301540 0.000394466940188
0.996057350657239 0.000703769275635
0.993844170297569 0.001104527197842
0.991143625364344 0.001598875070949
0.987958380969374 0.002189202784770
0.984291580564316 0.002878046628479
0.980146842838472 0.003667948682613
0.975528258147577 0.004561295576524
0.970440384477113 0.005560134560439
0.964888242944126 0.006665993343509
0.958877312841991 0.007879675291142
0.952413526233010 0.009201053359044
0.945503262094184 0.010628836783385
0.938153340021932 0.012160375745009
0.930371013501972 0.013791419974299
0.922163962751008 0.015515926885006
0.913540287137281 0.017325849538712
0.904508497187474 0.019210965062157
0.895077506187845 0.021158699731786
0.885256621387895 0.023154024375556
0.875055534815230 0.025179251071669
0.864484313710706 0.027217466717996
0.853553390593274 0.029262547551379
0.842273552964344 0.031312117794383
0.830655932661826 0.033364793974671
0.818711994874345 0.035420245474115
0.806453526826488 0.037479281995465
0.793892626146236 0.039543640781428
0.781041688926065 0.041616877170940
0.767913397489498 0.043701128000052
0.754520707875186 0.045792692361851
0.740876837050858 0.047881805766666
0.726995249869773 0.049958505601994
0.712889645782536 0.052012699803591
0.698573945317390 0.054033501795780
0.684062276342339 0.056009422756372
0.669368960122646 0.057932069014386
0.654508497187474 0.059801149671140
0.639495553019615 0.061625872499327
0.624344943582427 0.063415499000708
0.609071620698271 0.065179986724365
0.593690657292862 0.066930439948955
0.578217232520115 0.068677334297144
0.562666616782152 0.070416957167210
0.547054156659257 0.072117190955298
0.531395259764657 0.073743401252250
0.515705379539064 0.075261073913572
0.500000000000000 0.076633477213144
0.484294620460936 0.077829356694463
0.468604740235343 0.078829786145871
0.452945843340743 0.079652947786057
0.437333383217848 0.080333430923036
0.421782767479884 0.080900313712354
0.406309342707138 0.081385055355984
0.390928379301729 0.081819380565839
0.375655056417573 0.082217254115743
0.360504446980385 0.082570058340793
0.345491502812526 0.082841165947897
0.330631039877354 0.082998279036726
0.315937723657661 0.083013788850871
0.301426054682610 0.082860815732895
0.287110354217464 0.082517231585493
0.273004750130227 0.081975185832796
0.259123162949142 0.081253667650111
0.245479292124814 0.080373693050327
0.232086602510502 0.079355193496728
0.218958311073935 0.078217776513083
0.206107373853763 0.076979172481520
0.193546473173512 0.075659790081486
0.181288005125655 0.074261036005771
0.169344067338174 0.072751732233730
0.157726447035656 0.071094005454913
0.146446609406726 0.069257106557548
0.135515686289294 0.067227664989884
0.124944465184770 0.065029805439684
0.114743378612105 0.062703177647549
0.104922493812155 0.060282230274986
0.095491502812526 0.057803011722337
0.086459712862719 0.055262244665407
0.077836037248992 0.052594224556054
0.069628986498028 0.049733082017894
0.061846659978068 0.046645510451409
0.054496737905816 0.043334533912827
0.047586473766990 0.039818824702529
0.041122687158009 0.036142284579455
0.035111757055874 0.032379135022360
0.029559615522887 0.028590949773287
0.024471741852423 0.024824913675244
0.019853157161528 0.021141968493129
0.015708419435684 0.017710669815850
0.012041619030626 0.014671689725525
0.008856374635656 0.012025338187042
0.006155829702431 0.009637446719822
0.003942649342761 0.007436025628920
0.002219017698460 0.005387173912899
0.000986635785864 0.003471983085886
0.000246719817134 0.001678812847932
0.000000000000000 0.000000000000000
0.000246719817134 -0.001570030984701
0.000986635785864 -0.003076625112625
0.002219017698460 -0.004567462710201
0.003942649342761 -0.006018000706287
0.006155829702431 -0.007379769318078
0.008856374635656 -0.008573871572771
0.012041619030626 -0.009458538299377
0.015708419435684 -0.009774648965506
0.019853157161528 -0.009386732667148
0.024471741852423 -0.008541732144979
0.029559615522887 -0.007797481377556
0.035111757055874 -0.007290542666493
0.041122687158009 -0.006954965112376
0.047586473766990 -0.006675819826550
0.054496737905816 -0.006298249014302
0.061846659978068 -0.005797861607322
0.069628986498028 -0.005244670223614
0.077836037248993 -0.004733533016909
0.086459712862719 -0.004295589135305
0.095491502812526 -0.003878000662517
0.104922493812155 -0.003416668195468
0.114743378612105 -0.002898213460312
0.124944465184770 -0.002342012488707
0.135515686289294 -0.001771865288947
0.146446609406726 -0.001218782356157
0.157726447035656 -0.000706724880597
0.169344067338174 -0.000232058428657
0.181288005125655 0.000222531491761
0.193546473173512 0.000676626634792
0.206107373853763 0.001149862199414
0.218958311073935 0.001644495617186
0.232086602510502 0.002156437677525
0.245479292124814 0.002680670805945
0.259123162949142 0.003211801275317
0.273004750130227 0.003743789354613
0.287110354217464 0.004270019622122
0.301426054682610 0.004783633141178
0.315937723657661 0.005277909085596
0.330631039877354 0.005746543596808
0.345491502812526 0.006182900563873
0.360504446980386 0.006580190817826
0.375655056417573 0.006931577507763
0.390928379301729 0.007229402306158
0.406309342707138 0.007471264047003
0.421782767479884 0.007665180029097
0.437333383217848 0.007821814246893
0.452945843340743 0.007952749844004
0.468604740235343 0.008069528368370
0.484294620460936 0.008184444284168
0.500000000000000 0.008306486724904
0.515705379539064 0.008425828936262
0.531395259764657 0.008526679211525
0.547054156659257 0.008592818656826
0.562666616782152 0.008608253033475
0.578217232520115 0.008557777488402
0.593690657292863 0.008428498581109
0.609071620698271 0.008222571137652
0.624344943582427 0.007954293779624
0.639495553019615 0.007637299720942
0.654508497187474 0.007284740314754
0.669368960122646 0.006909430294235
0.684062276342339 0.006523752152889
0.698573945317390 0.006137565514380
0.712889645782536 0.005758020859785
0.726995249869774 0.005391073822449
0.740876837050858 0.005042229906705
0.754520707875186 0.004716356245139
0.767913397489498 0.004417734087033
0.781041688926065 0.004150562939380
0.793892626146237 0.003912781342682
0.806453526826489 0.003696189413334
0.818711994874345 0.003490991171179
0.830655932661826 0.003289292598351
0.842273552964344 0.003084230609293
0.853553390593274 0.002870175921493
0.864484313710706 0.002642674239639
0.875055534815230 0.002398395085319
0.885256621387895 0.002137177434601
0.895077506187845 0.001867847639629
0.904508497187474 0.001600239437408
0.913540287137281 0.001342293185267
0.922163962751008 0.001100246718964
0.930371013501972 0.000878733223524
0.938153340021932 0.000680923913836
0.945503262094184 0.000508669920169
0.952413526233010 0.000362654967004
0.958877312841991 0.000242552354458
0.964888242944126 0.000147183881900
0.970440384477113 0.000074679040535
0.975528258147577 0.000022633815370
0.980146842838472 -0.000011736958436
0.984291580564316 -0.000031451315497
0.987958380969374 -0.000039620165568
0.991143625364344 -0.000039317683199
0.993844170297569 -0.000033462275208
0.996057350657239 -0.000024710633437
0.997780982301540 -0.000015365909277
0.999013364214136 -0.000007300589753
0.999753280182866 -0.000001896430574
1.000000000000000 0.000000000000000
