1.000000000000000 0.000000000000000
0.999753280182866 0.000102151699091
0.999013364214136 0.000408699428326
0.997780982301540 0.000919910840424
0.996057350657239 0.001636183613782
0.993844170297569 0.002557987439673
0.991143625364344 0.003685800797931
0.987958380969374 0.005019978398699
0.984291580564316 0.006560665559470
0.980146842838472 0.008307601832625
0.975528258147577 0.010260010798708
0.970440384477113 0.012416382270200
0.964888242944126 0.014774301554691
0.958877312841991 0.017330241310672
0.952413526233010 0.020079355489579
0.945503262094184 0.023015279006903
0.938153340021932 0.026129900580935
0.930371013501972 0.029413208272735
0.922163962751008 0.032853095381749
0.913540287137281 0.036435198616273
0.904508497187474 0.040142808097258
0.895077506187845 0.043956779484349
0.885256621387895 0.047855490578486
0.875055534815230 0.051818603927879
0.864484313710706 0.055831042813537
0.853553390593274 0.059878091969583
0.842273552964344 0.063944809144801
0.830655932661826 0.068016053441326
0.818711994874345 0.072076552362721
0.806453526826488 0.076110918715394
0.793892626146236 0.080103863493373
0.781041688926065 0.084039918667436
0.767913397489498 0.087914341849691
0.754520707875186 0.091733548748490
0.740876837050858 0.095507383985351
0.726995249869773 0.099247967936677
0.712889645782536 0.102968204896272
0.698573945317390 0.106684983921693
0.684062276342339 0.110418630259898
0.669368960122646 0.114163556172308
0.654508497187474 0.117888347649291
0.639495553019615 0.121539977438474
0.624344943582427 0.125067794385252
0.609071620698271 0.128420219306534
0.593690657292862 0.131541922755602
0.578217232520115 0.134390287255936
0.562666616782152 0.136942816122006
0.547054156659257 0.139217339340418
0.531395259764657 0.141237180751425
0.515705379539064 0.143021390524550
0.500000000000000 0.144591979793873
0.484294620460936 0.145970902520310
0.468604740235343 0.147171669681262
0.452945843340743 0.148201910761950
0.437333383217848 0.149062587188152
0.421782767479884 0.149755213381413
0.406309342707138 0.150282954829213
0.390928379301729 0.150652543178107
0.375655056417573 0.150862509053196
0.360504446980385 0.150888369649562
0.345491502812526 0.150698188533499
0.330631039877354 0.150256955218033
0.315937723657661 0.149535293976087
0.301426054682610 0.148505468708218
0.287110354217464 0.147138783480892
0.273004750130227 0.145435241198653
0.259123162949142 0.143420944628225
0.245479292124814 0.141137223052412
0.232086602510502 0.138625326573914
0.218958311073935 0.135922549151394
0.206107373853763 0.133063758406341
0.193546473173512 0.130088679722756
0.181288005125655 0.127017909150441
0.169344067338174 0.123820174342071
0.157726447035656 0.120440324210547
0.146446609406726 0.116823360579076
0.135515686289294 0.112933637977751
0.124944465184770 0.108771374861177
0.114743378612105 0.104374890424310
0.104922493812155 0.099782473632262
0.095491502812526 0.095032751982096
0.086459712862719 0.090151328561460
0.077836037248992 0.085073776631797
0.069628986498028 0.079692886955888
0.061846659978068 0.073960997112667
0.054496737905816 0.068074736322053
0.047586473766990 0.062287898017836
0.041122687158009 0.056791942878516
0.035111757055874 0.051539081288226
0.029559615522887 0.046408505708315
0.024471741852423 0.041305281888272
0.019853157161528 0.036151428492002
0.015708419435684 0.031007220518148
0.012041619030626 0.026074523835322
0.008856374635656 0.021538291663875
0.006155829702431 0.017366568992891
0.003942649342761 0.013472483864168
0.002219017698460 0.009810812624918
0.000986635785864 0.006355103383977
0.000246719817134 0.003088576030320
0.000000000000000 0.000000000000000
0.000246719817134 -0.002918620260875
0.000986635785864 -0.005693630863983
0.002219017698460 -0.008435042043906
0.003942649342761 -0.011167772756241
0.006155829702431 -0.013870838645029
0.008856374635656 -0.016506458279254
0.012041619030626 -0.019018096050671
0.015708419435684 -0.021320800134146
0.019853157161528 -0.023353873160978
0.024471741852423 -0.025153574000914
0.029559615522887 -0.026837348217715
0.035111757055874 -0.028483123455172
0.041122687158009 -0.030106022024305
0.047586473766990 -0.031739822620606
0.054496737905816 -0.033441723868245
0.061846659978068 -0.035217140357827
0.069628986498028 -0.036966685395947
0.077836037248993 -0.038552568589606
0.086459712862719 -0.039871493517846
0.095491502812526 -0.040964053593145
0.104922493812155 -0.041921644930993
0.114743378612105 -0.042806315589367
0.124944465184770 -0.043603049865579
0.135515686289294 -0.044290684596709
0.146446609406726 -0.044845640100643
0.157726447035656 -0.045243356947384
0.169344067338174 -0.045460846315354
0.181288005125655 -0.045476689340531
0.193546473173512 -0.045268828155652
0.206107373853763 -0.044814827483504
0.218958311073935 -0.044102264313633
0.232086602510502 -0.043134173381312
0.245479292124814 -0.041917408727412
0.259123162949142 -0.040462058173853
0.273004750130227 -0.038781484002884
0.287110354217464 -0.036892226769997
0.301426054682610 -0.034813936912077
0.315937723657661 -0.032569908165133
0.330631039877354 -0.030187169188478
0.345491502812526 -0.027696297011250
0.360504446980386 -0.025130072317058
0.375655056417573 -0.022524435196338
0.390928379301729 -0.019919070205749
0.406309342707138 -0.017346646871681
0.421782767479884 -0.014826827338255
0.437333383217848 -0.012355504189040
0.452945843340743 -0.009927068597392
0.468604740235343 -0.007538107728590
0.484294620460936 -0.005181620418544
0.500000000000000 -0.002855069375033
0.515705379539064 -0.000567069373215
0.531395259764657 0.001657007786362
0.547054156659257 0.003783890489257
0.562666616782152 0.005784994205310
0.578217232520115 0.007631135322297
0.593690657292863 0.009294213936186
0.609071620698271 0.010760617788730
0.624344943582427 0.012030913910647
0.639495553019615 0.013119541516584
0.654508497187474 0.014039147651765
0.669368960122646 0.014801325246059
0.684062276342339 0.015418337944916
0.698573945317390 0.015902100446870
0.712889645782536 0.016263967852280
0.726995249869774 0.016514716216599
0.740876837050858 0.016664879318613
0.754520707875186 0.016724776926657
0.767913397489498 0.016704322963754
0.781041688926065 0.016613025492238
0.793892626146237 0.016460518488895
0.806453526826489 0.016250737812901
0.818711994874345 0.015982122975924
0.830655932661826 0.015652071154781
0.842273552964344 0.015259752699387
0.853553390593274 0.014805391816404
0.864484313710706 0.014290391571916
0.875055534815230 0.013717251370102
0.885256621387895 0.013089496992666
0.895077506187845 0.012411684713059
0.904508497187474 0.011689997852673
0.913540287137281 0.010931959889213
0.922163962751008 0.010145418936104
0.930371013501972 0.009338481627194
0.938153340021932 0.008519420534191
0.945503262094184 0.007696609095296
0.952413526233010 0.006878444575781
0.958877312841991 0.006073260019390
0.964888242944126 0.005289253707350
0.970440384477113 0.004534403099897
0.975528258147577 0.003816394027038
0.980146842838472 0.003142536302401
0.984291580564316 0.002519695316589
0.987958380969374 0.001954218857186
0.991143625364344 0.001451883596566
0.993844170297569 0.001017811334357
0.996057350657239 0.000656440001401
0.997780982301540 0.000371464348344
0.999013364214136 0.000165801511312
0.999753280182866 0.000041556538096
1.000000000000000 0.000000000000000
