1.000000000000000 0.000000000000000
0.999753280182866 0.000051712198578
0.999013364214136 0.000206628537939
0.997780982301540 0.000464068126032
0.996057350657239 0.000822911141460
0.993844170297569 0.001281609985641
0.991143625364344 0.001838193717137
0.987958380969374 0.002490313425613
0.984291580564316 0.003235236381324
0.980146842838472 0.004069902435376
0.975528258147577 0.004990939888594
0.970440384477113 0.005994713251711
0.964888242944126 0.007077352068805
0.958877312841991 0.008234799639697
0.952413526233010 0.009462849415723
0.945503262094184 0.010757186482510
0.938153340021932 0.012113449798058
0.930371013501972 0.013527254544286
0.922163962751008 0.014994254529238
0.913540287137281 0.016510177485069
0.904508497187474 0.018070869851099
0.895077506187845 0.019672363507069
0.885256621387895 0.021311409368149
0.875055534815230 0.022985654369121
0.864484313710706 0.024693317994305
0.853553390593274 0.026433193128816
0.842273552964344 0.028204683614782
0.830655932661826 0.030007852228770
0.818711994874345 0.031843440557924
0.806453526826488 0.033712839896507
0.793892626146236 0.035618195415538
0.781041688926065 0.037559144436632
0.767913397489498 0.039532516290620
0.754520707875186 0.041534625343251
0.740876837050858 0.043561742003730
0.726995249869773 0.045609916927617
0.712889645782536 0.047675325890237
0.698573945317390 0.049753731865446
0.684062276342339 0.051838632989387
0.669368960122646 0.053917040851390
0.654508497187474 0.055972753414563
0.639495553019615 0.057989425533604
0.624344943582427 0.059950665471813
0.609071620698271 0.061838562736628
0.593690657292862 0.063634825776799
0.578217232520115 0.065336491244678
0.562666616782152 0.066950839075246
0.547054156659257 0.068491062681417
0.531395259764657 0.069969904490964
0.515705379539064 0.071400014906544
0.500000000000000 0.072797602470950
0.484294620460936 0.074166798652931
0.468604740235343 0.075491669617625
0.452945843340743 0.076748848599368
0.437333383217848 0.077912796367943
0.421782767479884 0.078960955973010
0.406309342707138 0.079870494407891
0.390928379301729 0.080620732733581
0.375655056417573 0.081210621047395
0.360504446980385 0.081649004138230
0.345491502812526 0.081948637845118
0.330631039877354 0.082120975762950
0.315937723657661 0.082177718471835
0.301426054682610 0.082133255458185
0.287110354217464 0.081988274810049
0.273004750130227 0.081727347834430
0.259123162949142 0.081319868137080
0.245479292124814 0.080739069136921
0.232086602510502 0.079963515721777
0.218958311073935 0.078974613882934
0.206107373853763 0.077756647100142
0.193546473173512 0.076301817711250
0.181288005125655 0.074633118779739
0.169344067338174 0.072811192743828
0.157726447035656 0.070890834950937
0.146446609406726 0.068924900567997
0.135515686289294 0.066921136491803
0.124944465184770 0.064841490000292
0.114743378612105 0.062643764208447
0.104922493812155 0.060299190681825
0.095491502812526 0.057787690025300
0.086459712862719 0.055105781863626
0.077836037248992 0.052262835338263
0.069628986498028 0.049271694109881
0.061846659978068 0.046170322589271
0.054496737905816 0.043016156319275
0.047586473766990 0.039866693514261
0.041122687158009 0.036715627427551
0.035111757055874 0.033466994796036
0.029559615522887 0.030024297869671
0.024471741852423 0.026273586064557
0.019853157161528 0.022215368489440
0.015708419435684 0.018348686021103
0.012041619030626 0.015063440400960
0.008856374635656 0.012336990461008
0.006155829702431 0.009927935845412
0.003942649342761 0.007716575471809
0.002219017698460 0.005645432107317
0.000986635785864 0.003681641829840
0.000246719817134 0.001804538588535
0.000000000000000 0.000000000000000
0.000246719817134 -0.001743626659946
0.000986635785864 -0.003492553102488
0.002219017698460 -0.005267095066860
0.003942649342761 -0.007015250994168
0.006155829702431 -0.008654719564708
0.008856374635656 -0.010055821554472
0.012041619030626 -0.010989742855253
0.015708419435684 -0.011039197269188
0.019853157161528 -0.009984025972315
0.024471741852423 -0.008215650530112
0.029559615522887 -0.006666865192790
0.035111757055874 -0.005624383952580
0.041122687158009 -0.004949975427751
0.047586473766990 -0.004409492585311
0.054496737905816 -0.003667358185965
0.061846659978068 -0.002587947595962
0.069628986498028 -0.001291372788570
0.077836037248993 0.000031978758065
0.086459712862719 0.001245537726793
0.095491502812526 0.002363512572516
0.104922493812155 0.003429909453533
0.114743378612105 0.004475790742296
0.124944465184770 0.005510792660066
0.135515686289294 0.006548350794158
0.146446609406726 0.007606426000350
0.157726447035656 0.008702444179877
0.169344067338174 0.009826092458129
0.181288005125655 0.010940272038042
0.193546473173512 0.012002090920158
0.206107373853763 0.012966123453498
0.218958311073935 0.013810580698683
0.232086602510502 0.014544838738356
0.245479292124814 0.015184566934854
0.259123162949142 0.015746594625675
0.273004750130227 0.016251473807382
0.287110354217464 0.016721747012847
0.301426054682610 0.017184874967951
0.315937723657661 0.017656344537499
0.330631039877354 0.018126730628499
0.345491502812526 0.018578842484246
0.360504446980386 0.018993952326439
0.375655056417573 0.019353446373033
0.390928379301729 0.019635310058371
0.406309342707138 0.019822459635180
0.421782767479884 0.019909358522960
0.437333383217848 0.019908051682174
0.452945843340743 0.019837358883795
0.468604740235343 0.019713520362807
0.484294620460936 0.019554891366380
0.500000000000000 0.019379896546849
0.515705379539064 0.019199548372844
0.531395259764657 0.019015810116347
0.547054156659257 0.018821272941967
0.562666616782152 0.018610018986775
0.578217232520115 0.018377017418753
0.593690657292863 0.018116900758489
0.609071620698271 0.017824701346035
0.624344943582427 0.017495971290090
0.639495553019615 0.017126771864585
0.654508497187474 0.016713538694050
0.669368960122646 0.016253149745063
0.684062276342339 0.015743163642925
0.698573945317390 0.015181023087204
0.712889645782536 0.014567672222183
0.726995249869774 0.013915197222495
0.740876837050858 0.013238251256605
0.754520707875186 0.012550983733907
0.767913397489498 0.011866115851964
0.781041688926065 0.011195182570845
0.793892626146237 0.010548778759543
0.806453526826489 0.009935024523516
0.818711994874345 0.009353863767523
0.830655932661826 0.008796944378095
0.842273552964344 0.008257232947217
0.853553390593274 0.007728691949932
0.864484313710706 0.007206427845408
0.875055534815230 0.006686629559008
0.885256621387895 0.006166539790145
0.895077506187845 0.005644389671145
0.904508497187474 0.005119602496198
0.913540287137281 0.004597352421519
0.922163962751008 0.004087126742977
0.930371013501972 0.003596773892104
0.938153340021932 0.003132405225609
0.945503262094184 0.002698545502652
0.952413526233010 0.002298291850295
0.958877312841991 0.001933482707445
0.964888242944126 0.001604873293591
0.970440384477113 0.001312306972129
0.975528258147577 0.001054888498957
0.980146842838472 0.000831152170069
0.984291580564316 0.000639225615645
0.987958380969374 0.000476979928289
0.991143625364344 0.000342175927021
0.993844170297569 0.000232594926430
0.996057350657239 0.000146151250145
0.997780982301540 0.000080997622296
0.999013364214136 0.000035607333883
0.999753280182866 0.000008842527778
1.000000000000000 0.000000000000000
