1.000000000000000 0.000000000000000
0.999753280182866 0.000070218524373
0.999013364214136 0.000280988597553
0.997780982301540 0.000632601446624
0.996057350657239 0.001125550928066
0.993844170297569 0.001760460161112
0.991143625364344 0.002538061638008
0.987958380969374 0.003459103898676
0.984291580564316 0.004524318391312
0.980146842838472 0.005734303784686
0.975528258147577 0.007089425758992
0.970440384477113 0.008589744662225
0.964888242944126 0.010234868008920
0.958877312841991 0.012023838356801
0.952413526233010 0.013955032872726
0.945503262094184 0.016025986066140
0.938153340021932 0.018233306986000
0.930371013501972 0.020572528884490
0.922163962751008 0.023037983544766
0.913540287137281 0.025622697534544
0.904508497187474 0.028318291294699
0.895077506187845 0.031114857704162
0.885256621387895 0.034001240389563
0.875055534815230 0.036968707828241
0.864484313710706 0.040010598440636
0.853553390593274 0.043120128950084
0.842273552964344 0.046290408361141
0.830655932661826 0.049514396972411
0.818711994874345 0.052784988206313
0.806453526826488 0.056094986921287
0.793892626146236 0.059437165744334
0.781041688926065 0.062804148890248
0.767913397489498 0.066188231403465
0.754520707875186 0.069581450793634
0.740876837050858 0.072975812957878
0.726995249869773 0.076363379274187
0.712889645782536 0.079736114153784
0.698573945317390 0.083086153204040
0.684062276342339 0.086405633511115
0.669368960122646 0.089679541502131
0.654508497187474 0.092887831443653
0.639495553019615 0.096008973426438
0.624344943582427 0.099021820742260
0.609071620698271 0.101904482491999
0.593690657292862 0.104633615298461
0.578217232520115 0.107195158546429
0.562666616782152 0.109584636056466
0.547054156659257 0.111807792764186
0.531395259764657 0.113871600471691
0.515705379539064 0.115781857100319
0.500000000000000 0.117547120153016
0.484294620460936 0.119173795410674
0.468604740235343 0.120656539058915
0.452945843340743 0.121984713516871
0.437333383217848 0.123144069789007
0.421782767479884 0.124122263566364
0.406309342707138 0.124908407400500
0.390928379301729 0.125491973651817
0.375655056417573 0.125866429753641
0.360504446980385 0.126030403358264
0.345491502812526 0.125984688402509
0.330631039877354 0.125731125858440
0.315937723657661 0.125271652286843
0.301426054682610 0.124611558566383
0.287110354217464 0.123754791983890
0.273004750130227 0.122685630484245
0.259123162949142 0.121379453745296
0.245479292124814 0.119808343281651
0.232086602510502 0.117948577780115
0.218958311073935 0.115781624552465
0.206107373853763 0.113290522490994
0.193546473173512 0.110455885451659
0.181288005125655 0.107311655854600
0.169344067338174 0.103946639407482
0.157726447035656 0.100476102341041
0.146446609406726 0.096998989523829
0.135515686289294 0.093564905559657
0.124944465184770 0.090100119698374
0.114743378612105 0.086496253899753
0.104922493812155 0.082670321618913
0.095491502812526 0.078539223882140
0.086459712862719 0.074145916635094
0.077836037248992 0.069735215835699
0.069628986498028 0.065566991600932
0.061846659978068 0.061660931948366
0.054496737905816 0.057834075674662
0.047586473766990 0.053928881623639
0.041122687158009 0.049867773896695
0.035111757055874 0.045702368004627
0.029559615522887 0.041507418885996
0.024471741852423 0.037352016739924
0.019853157161528 0.033285534211670
0.015708419435684 0.029272475394378
0.012041619030626 0.025294294088897
0.008856374635656 0.021385075604055
0.006155829702431 0.017564888579163
0.003942649342761 0.013840210430473
0.002219017698460 0.010216651230847
0.000986635785864 0.006699270046214
0.000246719817134 0.003292406651394
0.000000000000000 0.000000000000000
0.000246719817134 -0.003185033122354
0.000986635785864 -0.006380537886811
0.002219017698460 -0.009614685214957
0.003942649342761 -0.012853326465067
0.006155829702431 -0.016049707821994
0.008856374635656 -0.019143070605966
0.012041619030626 -0.022052091049860
0.015708419435684 -0.024671652557245
0.019853157161528 -0.026950387464653
0.024471741852423 -0.028909610620025
0.029559615522887 -0.030605447711868
0.035111757055874 -0.032066388867671
0.041122687158009 -0.033317556680220
0.047586473766990 -0.034415551482487
0.054496737905816 -0.035448556754642
0.061846659978068 -0.036440667121734
0.069628986498028 -0.037322133900560
0.077836037248993 -0.038005580571720
0.086459712862719 -0.038438074364920
0.095491502812526 -0.038661768462668
0.104922493812155 -0.038745625265421
0.114743378612105 -0.038742774127621
0.124944465184770 -0.038672238986944
0.135515686289294 -0.038559331973550
0.146446609406726 -0.038436908056032
0.157726447035656 -0.038339450986402
0.169344067338174 -0.038276672249549
0.181288005125655 -0.038234870221877
0.193546473173512 -0.038197877224714
0.206107373853763 -0.038147532329022
0.218958311073935 -0.038074170920385
0.232086602510502 -0.037978252233103
0.245479292124814 -0.037860919549838
0.259123162949142 -0.037723701957699
0.273004750130227 -0.037568336544102
0.287110354217464 -0.037397046341230
0.301426054682610 -0.037212607761468
0.315937723657661 -0.037014843963560
0.330631039877354 -0.036800757154756
0.345491502812526 -0.036565197338852
0.360504446980386 -0.036303241810681
0.375655056417573 -0.036009645446619
0.390928379301729 -0.035678466083373
0.406309342707138 -0.035306257107824
0.421782767479884 -0.034894305632004
0.437333383217848 -0.034452794386562
0.452945843340743 -0.033992612261571
0.468604740235343 -0.033524132743483
0.484294620460936 -0.033059542035180
0.500000000000000 -0.032608836873217
0.515705379539064 -0.032176051299727
0.531395259764657 -0.031754583974987
0.547054156659257 -0.031331773242803
0.562666616782152 -0.030897287234733
0.578217232520115 -0.030440381373925
0.593690657292863 -0.029950018711942
0.609071620698271 -0.029421106276998
0.624344943582427 -0.028855590441735
0.639495553019615 -0.028263870402709
0.654508497187474 -0.027655493243069
0.669368960122646 -0.027038937837563
0.684062276342339 -0.026422703188865
0.698573945317390 -0.025814691117275
0.712889645782536 -0.025213353070317
0.726995249869774 -0.024600359050657
0.740876837050858 -0.023957196327002
0.754520707875186 -0.023267266544018
0.767913397489498 -0.022516180734118
0.781041688926065 -0.021691875035488
0.793892626146237 -0.020783161912900
0.806453526826489 -0.019788821564224
0.818711994874345 -0.018722164602994
0.830655932661826 -0.017603467223208
0.842273552964344 -0.016449987772728
0.853553390593274 -0.015277806630900
0.864484313710706 -0.014101334496978
0.875055534815230 -0.012933404943278
0.885256621387895 -0.011785290453746
0.895077506187845 -0.010666715035890
0.904508497187474 -0.009586603962805
0.913540287137281 -0.008553508559570
0.922163962751008 -0.007574367662314
0.930371013501972 -0.006654389751720
0.938153340021932 -0.005797207998386
0.945503262094184 -0.005005041497412
0.952413526233010 -0.004278846492702
0.958877312841991 -0.003618489396866
0.964888242944126 -0.003022927738264
0.970440384477113 -0.002490362440802
0.975528258147577 -0.002018424707650
0.980146842838472 -0.001604330079167
0.984291580564316 -0.001245038765177
0.987958380969374 -0.000937403034176
0.991143625364344 -0.000678299365772
0.993844170297569 -0.000464763491011
0.996057350657239 -0.000294089538898
0.997780982301540 -0.000163930292025
0.999013364214136 -0.000072377294136
0.999753280182866 -0.000018021982834
1.000000000000000 0.000000000000000
