1.000000000000000 0.000000000000000
0.999753280182866 0.000052799071697
0.999013364214136 0.000211152594646
0.997780982301540 0.000474925696766
0.996057350657239 0.000843865859018
0.993844170297569 0.001317576886275
0.991143625364344 0.001895433086925
0.987958380969374 0.002576552142256
0.984291580564316 0.003359690889039
0.980146842838472 0.004243148772367
0.975528258147577 0.005224676481503
0.970440384477113 0.006301375965733
0.964888242944126 0.007469548572158
0.958877312841991 0.008724606110456
0.952413526233010 0.010060926478192
0.945503262094184 0.011471742219235
0.938153340021932 0.012949008475549
0.930371013501972 0.014483289935068
0.922163962751008 0.016063657092817
0.913540287137281 0.017677584259292
0.904508497187474 0.019310883887122
0.895077506187845 0.020947951997679
0.885256621387895 0.022580398664318
0.875055534815230 0.024208865579047
0.864484313710706 0.025836733190114
0.853553390593274 0.027469860711186
0.842273552964344 0.029116732165453
0.830655932661826 0.030788558006683
0.818711994874345 0.032499416221944
0.806453526826488 0.034266042692664
0.793892626146236 0.036108339454977
0.781041688926065 0.038031290487165
0.767913397489498 0.040024834159729
0.754520707875186 0.042075186442029
0.740876837050858 0.044167334433986
0.726995249869773 0.046284675182142
0.712889645782536 0.048408683838535
0.698573945317390 0.050520069464311
0.684062276342339 0.052601721735328
0.669368960122646 0.054645914063496
0.654508497187474 0.056648224059145
0.639495553019615 0.058603591977195
0.624344943582427 0.060507173755937
0.609071620698271 0.062354737753946
0.593690657292862 0.064142077651438
0.578217232520115 0.065860809940528
0.562666616782152 0.067500053678223
0.547054156659257 0.069047477135041
0.531395259764657 0.070491603280181
0.515705379539064 0.071821130624754
0.500000000000000 0.073023305118821
0.484294620460936 0.074094574990575
0.468604740235343 0.075043284902305
0.452945843340743 0.075883258259420
0.437333383217848 0.076629809760004
0.421782767479884 0.077296752429381
0.406309342707138 0.077899387626240
0.390928379301729 0.078450970105532
0.375655056417573 0.078948102074831
0.360504446980385 0.079380659478242
0.345491502812526 0.079736112148405
0.330631039877354 0.080003177265979
0.315937723657661 0.080172741347134
0.301426054682610 0.080237640220110
0.287110354217464 0.080183909746429
0.273004750130227 0.079989636481019
0.259123162949142 0.079625510977426
0.245479292124814 0.079066737483618
0.232086602510502 0.078292714740507
0.218958311073935 0.077285934807112
0.206107373853763 0.076032423613360
0.193546473173512 0.074524389201625
0.181288005125655 0.072786254493813
0.169344067338174 0.070870817938542
0.157726447035656 0.068827664932565
0.146446609406726 0.066702676141095
0.135515686289294 0.064495950421252
0.124944465184770 0.062158785648354
0.114743378612105 0.059643392919095
0.104922493812155 0.056916210384061
0.095491502812526 0.053953525851900
0.086459712862719 0.050834964209113
0.077836037248992 0.047714527420541
0.069628986498028 0.044708170246191
0.061846659978068 0.041787403226036
0.054496737905816 0.038858986562847
0.047586473766990 0.035866426374568
0.041122687158009 0.032800317818014
0.035111757055874 0.029680065592145
0.029559615522887 0.026517687441303
0.024471741852423 0.023316431952886
0.019853157161528 0.020100089990159
0.015708419435684 0.016997241757023
0.012041619030626 0.014151468152825
0.008856374635656 0.011594041121239
0.006155829702431 0.009252734794857
0.003942649342761 0.007091440506803
0.002219017698460 0.005093113057372
0.000986635785864 0.003248450929406
0.000246719817134 0.001551918488634
0.000000000000000 0.000000000000000
0.000246719817134 -0.001409755420748
0.000986635785864 -0.002707474157485
0.002219017698460 -0.003954115570604
0.003942649342761 -0.005149068633855
0.006155829702431 -0.006273900154043
0.008856374635656 -0.007296713395068
0.012041619030626 -0.008160185169366
0.015708419435684 -0.008747830107416
0.019853157161528 -0.008933516729266
0.024471741852423 -0.008741543781745
0.029559615522887 -0.008412010168244
0.035111757055874 -0.008047294407892
0.041122687158009 -0.007639159452746
0.047586473766990 -0.007175999367921
0.054496737905816 -0.006641886259590
0.061846659978068 -0.006022360950803
0.069628986498028 -0.005306225533185
0.077836037248993 -0.004482262584873
0.086459712862719 -0.003553354780180
0.095491502812526 -0.002549992515303
0.104922493812155 -0.001514846203541
0.114743378612105 -0.000476878589655
0.124944465184770 0.000556501317129
0.135515686289294 0.001578228099373
0.146446609406726 0.002581168430158
0.157726447035656 0.003559048753260
0.169344067338174 0.004511966384992
0.181288005125655 0.005446674507432
0.193546473173512 0.006371865398791
0.206107373853763 0.007297927997891
0.218958311073935 0.008226615375126
0.232086602510502 0.009150205852304
0.245479292124814 0.010058339446796
0.259123162949142 0.010940658217211
0.273004750130227 0.011785751859084
0.287110354217464 0.012581697042544
0.301426054682610 0.013315639027760
0.315937723657661 0.013976764233560
0.330631039877354 0.014559953118651
0.345491502812526 0.015061520088320
0.360504446980386 0.015478351347312
0.375655056417573 0.015807601833725
0.390928379301729 0.016045984550045
0.406309342707138 0.016192090294055
0.421782767479884 0.016248813815303
0.437333383217848 0.016224530558214
0.452945843340743 0.016130370192598
0.468604740235343 0.015976897263144
0.484294620460936 0.015775785694820
0.500000000000000 0.015539009814857
0.515705379539064 0.015274774579460
0.531395259764657 0.014987057442552
0.547054156659257 0.014675109280678
0.562666616782152 0.014338872534814
0.578217232520115 0.013978800422222
0.593690657292863 0.013595084068774
0.609071620698271 0.013188396298776
0.624344943582427 0.012760086826828
0.639495553019615 0.012312397775457
0.654508497187474 0.011847685478409
0.669368960122646 0.011368209991104
0.684062276342339 0.010876297819612
0.698573945317390 0.010374143362725
0.712889645782536 0.009864475631471
0.726995249869774 0.009352260155577
0.740876837050858 0.008842841461039
0.754520707875186 0.008341260079426
0.767913397489498 0.007852055038203
0.781041688926065 0.007379293842493
0.793892626146237 0.006926659175389
0.806453526826489 0.006496997214923
0.818711994874345 0.006090735360462
0.830655932661826 0.005705767922818
0.842273552964344 0.005340239171607
0.853553390593274 0.004992464347818
0.864484313710706 0.004660970397446
0.875055534815230 0.004344490876594
0.885256621387895 0.004041959309507
0.895077506187845 0.003752505506712
0.904508497187474 0.003475385952411
0.913540287137281 0.003208877340807
0.922163962751008 0.002950563836964
0.930371013501972 0.002698746271436
0.938153340021932 0.002452431471583
0.945503262094184 0.002211259211689
0.952413526233010 0.001975426219970
0.958877312841991 0.001745606226379
0.964888242944126 0.001522868948284
0.970440384477113 0.001308600709813
0.975528258147577 0.001104423887879
0.980146842838472 0.000912120569366
0.984291580564316 0.000733554911152
0.987958380969374 0.000570606119056
0.991143625364344 0.000425098211539
0.993844170297569 0.000298742178417
0.996057350657239 0.000193081853768
0.997780982301540 0.000109446351604
0.999013364214136 0.000048911994746
0.999753280182866 0.000012268541522
1.000000000000000 0.000000000000000
