1.000000000000000 0.000000000000000
0.999753280182866 0.000057042204748
0.999013364214136 0.000227922125836
0.997780982301540 0.000511871071334
0.996057350657239 0.000907635823191
0.993844170297569 0.001413491544897
0.991143625364344 0.002027283142841
0.987958380969374 0.002746437850430
0.984291580564316 0.003568049747785
0.980146842838472 0.004488910085063
0.975528258147577 0.005505571960424
0.970440384477113 0.006614416128092
0.964888242944126 0.007811728856995
0.958877312841991 0.009093763898715
0.952413526233010 0.010456837810355
0.945503262094184 0.011897377608945
0.938153340021932 0.013412037195053
0.930371013501972 0.014997749580336
0.922163962751008 0.016651808480139
0.913540287137281 0.018371958409470
0.904508497187474 0.020156450399774
0.895077506187845 0.022004117279363
0.885256621387895 0.023914263725214
0.875055534815230 0.025883563721684
0.864484313710706 0.027905986464224
0.853553390593274 0.029974830556888
0.842273552964344 0.032082794892855
0.830655932661826 0.034221985049251
0.818711994874345 0.036383874222101
0.806453526826488 0.038559549609556
0.793892626146236 0.040738790121061
0.781041688926065 0.042914340848302
0.767913397489498 0.045087221250916
0.754520707875186 0.047265924410358
0.740876837050858 0.049459723461451
0.726995249869773 0.051679576845070
0.712889645782536 0.053937782307842
0.698573945317390 0.056248191586848
0.684062276342339 0.058625170866480
0.669368960122646 0.061061749488812
0.654508497187474 0.063536169514475
0.639495553019615 0.066023346109948
0.624344943582427 0.068497743839600
0.609071620698271 0.070932001502021
0.593690657292862 0.073296483098144
0.578217232520115 0.075572391328643
0.562666616782152 0.077751422055000
0.547054156659257 0.079835722476505
0.531395259764657 0.081827774227779
0.515705379539064 0.083728961246592
0.500000000000000 0.085542862278217
0.484294620460936 0.087270351941735
0.468604740235343 0.088905160087393
0.452945843340743 0.090437384234516
0.437333383217848 0.091855351783561
0.421782767479884 0.093148466602095
0.406309342707138 0.094308058157903
0.390928379301729 0.095326622496365
0.375655056417573 0.096184578178788
0.360504446980385 0.096854592228299
0.345491502812526 0.097306439854316
0.330631039877354 0.097513241905977
0.315937723657661 0.097451346680857
0.301426054682610 0.097094941443164
0.287110354217464 0.096434966619767
0.273004750130227 0.095488307987375
0.259123162949142 0.094297260886658
0.245479292124814 0.092906626959549
0.232086602510502 0.091355361112709
0.218958311073935 0.089680761589464
0.206107373853763 0.087920037160745
0.193546473173512 0.086102113411099
0.181288005125655 0.084228276557244
0.169344067338174 0.082250078812156
0.157726447035656 0.080123288263010
0.146446609406726 0.077809254796538
0.135515686289294 0.075303796160361
0.124944465184770 0.072651352487273
0.114743378612105 0.069906634990748
0.104922493812155 0.067118249149015
0.095491502812526 0.064326546074725
0.086459712862719 0.061491856569108
0.077836037248992 0.058464449294163
0.069628986498028 0.055118650770661
0.061846659978068 0.051528003402283
0.054496737905816 0.047928880734023
0.047586473766990 0.044518880421230
0.041122687158009 0.041303280505495
0.035111757055874 0.038064805453466
0.029559615522887 0.034592466894730
0.024471741852423 0.030642519788661
0.019853157161528 0.026052960446181
0.015708419435684 0.021436850340515
0.012041619030626 0.017456556671265
0.008856374635656 0.014179911604568
0.006155829702431 0.011317112591786
0.003942649342761 0.008722430962796
0.002219017698460 0.006326281623906
0.000986635785864 0.004089164804165
0.000246719817134 0.001985992618198
0.000000000000000 0.000000000000000
0.000246719817134 -0.001881334994231
0.000986635785864 -0.003719078121164
0.002219017698460 -0.005568845101707
0.003942649342761 -0.007407363709215
0.006155829702431 -0.009189504253281
0.008856374635656 -0.010845586495534
0.012041619030626 -0.012260357888233
0.015708419435684 -0.013242081251184
0.019853157161528 -0.013696048786290
0.024471741852423 -0.013759135764033
0.029559615522887 -0.013759635589477
0.035111757055874 -0.013784774509809
0.041122687158009 -0.013775398590899
0.047586473766990 -0.013642233925203
0.054496737905816 -0.013268028104164
0.061846659978068 -0.012609334685612
0.069628986498028 -0.011705164037450
0.077836037248993 -0.010626410784409
0.086459712862719 -0.009442453760458
0.095491502812526 -0.008202106097088
0.104922493812155 -0.006961582841680
0.114743378612105 -0.005751089787407
0.124944465184770 -0.004569023096996
0.135515686289294 -0.003411943308199
0.146446609406726 -0.002272679752505
0.157726447035656 -0.001144065532453
0.169344067338174 -0.000027653460592
0.181288005125655 0.001068079867266
0.193546473173512 0.002134980287666
0.206107373853763 0.003164165157821
0.218958311073935 0.004145866855237
0.232086602510502 0.005069402201723
0.245479292124814 0.005923601853488
0.259123162949142 0.006696912462650
0.273004750130227 0.007377411239004
0.287110354217464 0.007952924700006
0.301426054682610 0.008410873121762
0.315937723657661 0.008744466271772
0.330631039877354 0.008956458157329
0.345491502812526 0.009051712249517
0.360504446980386 0.009036138102206
0.375655056417573 0.008916544455452
0.390928379301729 0.008700908240399
0.406309342707138 0.008397367587105
0.421782767479884 0.008013560713842
0.437333383217848 0.007556649563513
0.452945843340743 0.007033990037188
0.468604740235343 0.006453634330335
0.484294620460936 0.005823853700134
0.500000000000000 0.005153302123859
0.515705379539064 0.004451724873797
0.531395259764657 0.003729690365092
0.547054156659257 0.002998351376924
0.562666616782152 0.002268285481780
0.578217232520115 0.001550343098076
0.593690657292863 0.000856146052034
0.609071620698271 0.000190239233125
0.624344943582427 -0.000449822593999
0.639495553019615 -0.001072306878021
0.654508497187474 -0.001685184466586
0.669368960122646 -0.002295234694496
0.684062276342339 -0.002909837398117
0.698573945317390 -0.003533392023898
0.712889645782536 -0.004161658292664
0.726995249869774 -0.004773974095903
0.740876837050858 -0.005350209802706
0.754520707875186 -0.005872842710846
0.767913397489498 -0.006326047762802
0.781041688926065 -0.006696554212203
0.793892626146237 -0.006971957688104
0.806453526826489 -0.007150509127013
0.818711994874345 -0.007243163280245
0.830655932661826 -0.007264983689402
0.842273552964344 -0.007228916672529
0.853553390593274 -0.007146927100427
0.864484313710706 -0.007029753167952
0.875055534815230 -0.006886953095123
0.885256621387895 -0.006726952770993
0.895077506187845 -0.006556738527733
0.904508497187474 -0.006374479808798
0.913540287137281 -0.006168942228199
0.922163962751008 -0.005931843737183
0.930371013501972 -0.005658199420775
0.938153340021932 -0.005346069182914
0.945503262094184 -0.004996220338708
0.952413526233010 -0.004611786142129
0.958877312841991 -0.004197916167009
0.964888242944126 -0.003761417880435
0.970440384477113 -0.003310394709084
0.975528258147577 -0.002853897817991
0.980146842838472 -0.002401568174785
0.984291580564316 -0.001963301184204
0.987958380969374 -0.001548922010209
0.991143625364344 -0.001167882646167
0.993844170297569 -0.000828985278924
0.996057350657239 -0.000540122356593
0.997780982301540 -0.000308065591129
0.999013364214136 -0.000138281446047
0.999753280182866 -0.000034776532835
1.000000000000000 0.000000000000000
