1.000000000000000 0.000000000000000
0.999753280182866 0.000058934830924
0.999013364214136 0.000235616367845
0.997780982301540 0.000529687977747
0.996057350657239 0.000940536829742
0.993844170297569 0.001467308591817
0.991143625364344 0.002108904343460
0.987958380969374 0.002863972509702
0.984291580564316 0.003730900168823
0.980146842838472 0.004707820568170
0.975528258147577 0.005792595003974
0.970440384477113 0.006982819496415
0.964888242944126 0.008275810388029
0.958877312841991 0.009668606556041
0.952413526233010 0.011157959301062
0.945503262094184 0.012740330808609
0.938153340021932 0.014411884927642
0.930371013501972 0.016168498819902
0.922163962751008 0.018005743051581
0.913540287137281 0.019918891038714
0.904508497187474 0.021902921373738
0.895077506187845 0.023952509811787
0.885256621387895 0.026062046219420
0.875055534815230 0.028225625970612
0.864484313710706 0.030437081223545
0.853553390593274 0.032689953726579
0.842273552964344 0.034977548200232
0.830655932661826 0.037292913383750
0.818711994874345 0.039628882502440
0.806453526826488 0.041978056039427
0.793892626146236 0.044332946103823
0.781041688926065 0.046685536928371
0.767913397489498 0.049029170613982
0.754520707875186 0.051360656552886
0.740876837050858 0.053680209563378
0.726995249869773 0.055988560795802
0.712889645782536 0.058286809541106
0.698573945317390 0.060577355715125
0.684062276342339 0.062863464543703
0.669368960122646 0.065143016009019
0.654508497187474 0.067398221882713
0.639495553019615 0.069595665709065
0.624344943582427 0.071702470372464
0.609071620698271 0.073684970340486
0.593690657292862 0.075508397789850
0.578217232520115 0.077138720058482
0.562666616782152 0.078560663265481
0.547054156659257 0.079788367704792
0.531395259764657 0.080838777898535
0.515705379539064 0.081729562044531
0.500000000000000 0.082479754089130
0.484294620460936 0.083107170597233
0.468604740235343 0.083626177064602
0.452945843340743 0.084039281594729
0.437333383217848 0.084344999806930
0.421782767479884 0.084543718951956
0.406309342707138 0.084635771093396
0.390928379301729 0.084621777775951
0.375655056417573 0.084504930621966
0.360504446980385 0.084291723536873
0.345491502812526 0.083992242620630
0.330631039877354 0.083616018806190
0.315937723657661 0.083172418436163
0.301426054682610 0.082671122379146
0.287110354217464 0.082119657265617
0.273004750130227 0.081510877886335
0.259123162949142 0.080811517894770
0.245479292124814 0.079990115550819
0.232086602510502 0.079019495282226
0.218958311073935 0.077876134854636
0.206107373853763 0.076540907438674
0.193546473173512 0.074997710506982
0.181288005125655 0.073240829555618
0.169344067338174 0.071277692934798
0.157726447035656 0.069120941365390
0.146446609406726 0.066783342558821
0.135515686289294 0.064287769234256
0.124944465184770 0.061687490788108
0.114743378612105 0.059041707202377
0.104922493812155 0.056400921354140
0.095491502812526 0.053811049263335
0.086459712862719 0.051267956778106
0.077836037248992 0.048695632234053
0.069628986498028 0.046026444110860
0.061846659978068 0.043250293420372
0.054496737905816 0.040414677350357
0.047586473766990 0.037569212355760
0.041122687158009 0.034736039334649
0.035111757055874 0.031884836338959
0.029559615522887 0.028985323822607
0.024471741852423 0.026011171881147
0.019853157161528 0.022941254347575
0.015708419435684 0.019819527447606
0.012041619030626 0.016778388420410
0.008856374635656 0.013918020827666
0.006155829702431 0.011224875173328
0.003942649342761 0.008685585888137
0.002219017698460 0.006294929000498
0.000986635785864 0.004050794549222
0.000246719817134 0.001952466105202
0.000000000000000 0.000000000000000
0.000246719817134 -0.001806486153989
0.000986635785864 -0.003474900737957
0.002219017698460 -0.005066259771961
0.003942649342761 -0.006582478768090
0.006155829702431 -0.007974471072511
0.008856374635656 -0.009155709675742
0.012041619030626 -0.009970555038441
0.015708419435684 -0.010131498181954
0.019853157161528 -0.009440246232077
0.024471741852423 -0.008059124976467
0.029559615522887 -0.006499379342975
0.035111757055874 -0.004959631060746
0.041122687158009 -0.003474091428943
0.047586473766990 -0.002076595760035
0.054496737905816 -0.000790283303171
0.061846659978068 0.000443180076033
0.069628986498028 0.001756659923884
0.077836037248993 0.003329148145111
0.086459712862719 0.005193106058762
0.095491502812526 0.007177889349349
0.104922493812155 0.009075581375386
0.114743378612105 0.010820974772121
0.124944465184770 0.012457999554946
0.135515686289294 0.014037414242297
0.146446609406726 0.015630517072119
0.157726447035656 0.017291417184793
0.169344067338174 0.019008642310794
0.181288005125655 0.020734481282141
0.193546473173512 0.022417512481869
0.206107373853763 0.024008696231091
0.218958311073935 0.025492404695535
0.232086602510502 0.026869404629731
0.245479292124814 0.028142421660036
0.259123162949142 0.029314960981840
0.273004750130227 0.030392636557808
0.287110354217464 0.031382689550941
0.301426054682610 0.032292211521392
0.315937723657661 0.033123620646578
0.330631039877354 0.033873152940397
0.345491502812526 0.034537775531420
0.360504446980386 0.035115071421344
0.375655056417573 0.035602850859165
0.390928379301729 0.035998732018638
0.406309342707138 0.036304479232888
0.421782767479884 0.036527862356201
0.437333383217848 0.036679066881126
0.452945843340743 0.036769176198541
0.468604740235343 0.036809245596835
0.484294620460936 0.036811744552219
0.500000000000000 0.036785800160341
0.515705379539064 0.036723850036048
0.531395259764657 0.036613405261106
0.547054156659257 0.036440916610061
0.562666616782152 0.036193525176917
0.578217232520115 0.035859084840944
0.593690657292863 0.035426767171591
0.609071620698271 0.034896133324917
0.624344943582427 0.034274544094390
0.639495553019615 0.033569543152228
0.654508497187474 0.032788757999905
0.669368960122646 0.031939884740030
0.684062276342339 0.031030626834037
0.698573945317390 0.030068440109582
0.712889645782536 0.029060492774958
0.726995249869774 0.028013762948036
0.740876837050858 0.026935103236089
0.754520707875186 0.025831175528111
0.767913397489498 0.024708431755482
0.781041688926065 0.023573194377314
0.793892626146237 0.022430526396773
0.806453526826489 0.021284157140013
0.818711994874345 0.020137280250942
0.830655932661826 0.018993244093235
0.842273552964344 0.017855368602873
0.853553390593274 0.016726974616583
0.864484313710706 0.015611371892266
0.875055534815230 0.014511842394398
0.885256621387895 0.013431628507923
0.895077506187845 0.012373925347346
0.904508497187474 0.011341873010348
0.913540287137281 0.010338535734945
0.922163962751008 0.009366903235346
0.930371013501972 0.008429874180580
0.938153340021932 0.007530250308410
0.945503262094184 0.006670723043511
0.952413526233010 0.005853868711853
0.958877312841991 0.005082137937525
0.964888242944126 0.004357846147189
0.970440384477113 0.003683173428288
0.975528258147577 0.003060148017562
0.980146842838472 0.002490644396154
0.984291580564316 0.001976378648066
0.987958380969374 0.001518901504142
0.991143625364344 0.001119591409348
0.993844170297569 0.000779651507587
0.996057350657239 0.000500110956934
0.997780982301540 0.000281809257737
0.999013364214136 0.000125406376786
0.999753280182866 0.000031374940797
1.000000000000000 0.000000000000000
