1.000000000000000 0.000000000000000
0.999753280182866 0.000035616456494
0.999013364214136 0.000142735177790
0.997780982301540 0.000322155617105
0.996057350657239 0.000575176289462
0.993844170297569 0.000903562610544
0.991143625364344 0.001309477179873
0.987958380969374 0.001795409957758
0.984291580564316 0.002364076869344
0.980146842838472 0.003018328840513
0.975528258147577 0.003761020079672
0.970440384477113 0.004594883922013
0.964888242944126 0.005522377937121
0.958877312841991 0.006545546686231
0.952413526233010 0.007665844770180
0.945503262094184 0.008883988284076
0.938153340021932 0.010199766555750
0.930371013501972 0.011611900987604
0.922163962751008 0.013117845711861
0.913540287137281 0.014713650849036
0.904508497187474 0.016393801341663
0.895077506187845 0.018151104324487
0.885256621387895 0.019976429707100
0.875055534815230 0.021861356959461
0.864484313710706 0.023800687581252
0.853553390593274 0.025789575727962
0.842273552964344 0.027822769659454
0.830655932661826 0.029894660034191
0.818711994874345 0.031999291124381
0.806453526826488 0.034130424019782
0.793892626146236 0.036281234278145
0.781041688926065 0.038445831832946
0.767913397489498 0.040625662712022
0.754520707875186 0.042830864464661
0.740876837050858 0.045072885371978
0.726995249869773 0.047365236415884
0.712889645782536 0.049721884245889
0.698573945317390 0.052159855958612
0.684062276342339 0.054698153726029
0.669368960122646 0.057320051621089
0.654508497187474 0.059981605829139
0.639495553019615 0.062623599333866
0.624344943582427 0.065187997937567
0.609071620698271 0.067612069557682
0.593690657292862 0.069829932839043
0.578217232520115 0.071798994215338
0.562666616782152 0.073510717238670
0.547054156659257 0.075000346578256
0.531395259764657 0.076300800188252
0.515705379539064 0.077442551063943
0.500000000000000 0.078461306657544
0.484294620460936 0.079385435690654
0.468604740235343 0.080230960867019
0.452945843340743 0.080997678269005
0.437333383217848 0.081679692417523
0.421782767479884 0.082274372350690
0.406309342707138 0.082780196794513
0.390928379301729 0.083195184819556
0.375655056417573 0.083512132861813
0.360504446980385 0.083719941092000
0.345491502812526 0.083804154424053
0.330631039877354 0.083752331414368
0.315937723657661 0.083553839351575
0.301426054682610 0.083199223044069
0.287110354217464 0.082680912472427
0.273004750130227 0.081993558706799
0.259123162949142 0.081134250471796
0.245479292124814 0.080101504199563
0.232086602510502 0.078895268985875
0.218958311073935 0.077517008847730
0.206107373853763 0.075969681132657
0.193546473173512 0.074257772787242
0.181288005125655 0.072387303501304
0.169344067338174 0.070365865027690
0.157726447035656 0.068202323354297
0.146446609406726 0.065906546626809
0.135515686289294 0.063495158715297
0.124944465184770 0.060998459168385
0.114743378612105 0.058449036256580
0.104922493812155 0.055875912378711
0.095491502812526 0.053307022528409
0.086459712862719 0.050740859305073
0.077836037248992 0.048139476752717
0.069628986498028 0.045470835786138
0.061846659978068 0.042713851551605
0.054496737905816 0.039860035883932
0.047586473766990 0.036915075910610
0.041122687158009 0.033903382583847
0.035111757055874 0.030863900398347
0.029559615522887 0.027829650501460
0.024471741852423 0.024828435870835
0.019853157161528 0.021868692744738
0.015708419435684 0.018933784296972
0.012041619030626 0.016081099940778
0.008856374635656 0.013381970865298
0.006155829702431 0.010827522644226
0.003942649342761 0.008406256514609
0.002219017698460 0.006113879640107
0.000986635785864 0.003948816028428
0.000246719817134 0.001910798327376
0.000000000000000 0.000000000000000
0.000246719817134 -0.001783101351616
0.000986635785864 -0.003481030039524
0.002219017698460 -0.005158311142095
0.003942649342761 -0.006804394861781
0.006155829702431 -0.008388379180567
0.008856374635656 -0.009860487599415
0.012041619030626 -0.011135807132929
0.015708419435684 -0.012063416893646
0.019853157161528 -0.012537050182218
0.024471741852423 -0.012639359544539
0.029559615522887 -0.012635559703645
0.035111757055874 -0.012592390878247
0.041122687158009 -0.012453408486983
0.047586473766990 -0.012138388486861
0.054496737905816 -0.011541916984073
0.061846659978068 -0.010590044318290
0.069628986498028 -0.009244017963342
0.077836037248993 -0.007472291126454
0.086459712862719 -0.005332340702103
0.095491502812526 -0.003022570152390
0.104922493812155 -0.000797958696044
0.114743378612105 0.001232915525076
0.124944465184770 0.003112729744838
0.135515686289294 0.004892830496165
0.146446609406726 0.006644735142679
0.157726447035656 0.008435123417391
0.169344067338174 0.010273570204727
0.181288005125655 0.012129252836310
0.193546473173512 0.013970746525812
0.206107373853763 0.015765026643744
0.218958311073935 0.017494634529842
0.232086602510502 0.019154421537080
0.245479292124814 0.020740434074163
0.259123162949142 0.022248723919773
0.273004750130227 0.023676384582628
0.287110354217464 0.025021056049366
0.301426054682610 0.026281038044454
0.315937723657661 0.027454891598932
0.330631039877354 0.028541234475705
0.345491502812526 0.029539199935164
0.360504446980386 0.030448580493959
0.375655056417573 0.031269721888647
0.390928379301729 0.032003025092662
0.406309342707138 0.032651024227569
0.421782767479884 0.033219417330658
0.437333383217848 0.033716875921861
0.452945843340743 0.034152634147412
0.468604740235343 0.034535007604364
0.484294620460936 0.034877379760729
0.500000000000000 0.035187904179789
0.515705379539064 0.035442311346385
0.531395259764657 0.035597771625090
0.547054156659257 0.035598707402831
0.562666616782152 0.035396114389028
0.578217232520115 0.034940313412018
0.593690657292863 0.034176273385437
0.609071620698271 0.033105191124739
0.624344943582427 0.031778230341694
0.639495553019615 0.030274048963580
0.654508497187474 0.028669012562557
0.669368960122646 0.027032505220116
0.684062276342339 0.025435441617403
0.698573945317390 0.023931051904867
0.712889645782536 0.022541719847972
0.726995249869774 0.021248416768336
0.740876837050858 0.020032516612633
0.754520707875186 0.018879052752880
0.767913397489498 0.017773011162135
0.781041688926065 0.016701283056228
0.793892626146237 0.015651980712941
0.806453526826489 0.014619489691625
0.818711994874345 0.013603908360890
0.830655932661826 0.012606311601356
0.842273552964344 0.011627702540620
0.853553390593274 0.010669202375067
0.864484313710706 0.009732008986674
0.875055534815230 0.008817400259789
0.885256621387895 0.007926637323461
0.895077506187845 0.007062068196584
0.904508497187474 0.006231774493533
0.913540287137281 0.005445641685878
0.922163962751008 0.004711048214814
0.930371013501972 0.004033249845273
0.938153340021932 0.003415513530283
0.945503262094184 0.002859332863609
0.952413526233010 0.002364637336302
0.958877312841991 0.001930020477910
0.964888242944126 0.001552960816979
0.970440384477113 0.001230046692374
0.975528258147577 0.000957201208216
0.980146842838472 0.000729891629683
0.984291580564316 0.000543336217585
0.987958380969374 0.000392695069127
0.991143625364344 0.000273253879379
0.993844170297569 0.000180579665599
0.996057350657239 0.000110669711659
0.997780982301540 0.000060074392343
0.999013364214136 0.000026000541650
0.999753280182866 0.000006394523152
1.000000000000000 0.000000000000000
