1.000000000000000 0.000000000000000
0.999753280182866 0.000050887175542
0.999013364214136 0.000203691412803
0.997780982301540 0.000458811791960
0.996057350657239 0.000816906154482
0.993844170297569 0.001278839363924
0.991143625364344 0.001845641154493
0.987958380969374 0.002518451841903
0.984291580564316 0.003298441243262
0.980146842838472 0.004186735771456
0.975528258147577 0.005184316535537
0.970440384477113 0.006291912181000
0.964888242944126 0.007509907741877
0.958877312841991 0.008838196246421
0.952413526233010 0.010276092675903
0.945503262094184 0.011822169585112
0.938153340021932 0.013474163263128
0.930371013501972 0.015228824661478
0.922163962751008 0.017081813321017
0.913540287137281 0.019027568266413
0.904508497187474 0.021059198171775
0.895077506187845 0.023168395050937
0.885256621387895 0.025345405351078
0.875055534815230 0.027578632299965
0.864484313710706 0.029859912120764
0.853553390593274 0.032189251862009
0.842273552964344 0.034569729022781
0.830655932661826 0.037005591780689
0.818711994874345 0.039502635857422
0.806453526826488 0.042068210618620
0.793892626146236 0.044711068741680
0.781041688926065 0.047441876863191
0.767913397489498 0.050270732340347
0.754520707875186 0.053199337473876
0.740876837050858 0.056225758693776
0.726995249869773 0.059347454789065
0.712889645782536 0.062561584037467
0.698573945317390 0.065864587424362
0.684062276342339 0.069254650774515
0.669368960122646 0.072722086266663
0.654508497187474 0.076244257535992
0.639495553019615 0.079786544082415
0.624344943582427 0.083312082407456
0.609071620698271 0.086783823927131
0.593690657292862 0.090161223308581
0.578217232520115 0.093408576786719
0.562666616782152 0.096500592137217
0.547054156659257 0.099433442564640
0.531395259764657 0.102210287307805
0.515705379539064 0.104831441863224
0.500000000000000 0.107299621208733
0.484294620460936 0.109617951408935
0.468604740235343 0.111780646305816
0.452945843340743 0.113775009515346
0.437333383217848 0.115580654677019
0.421782767479884 0.117179474349033
0.406309342707138 0.118555673137519
0.390928379301729 0.119692286169529
0.375655056417573 0.120580330216346
0.360504446980385 0.121225635128034
0.345491502812526 0.121640631082380
0.330631039877354 0.121840708584863
0.315937723657661 0.121839281046299
0.301426054682610 0.121651735534600
0.287110354217464 0.121293693221911
0.273004750130227 0.120762834538361
0.259123162949142 0.120044987729047
0.245479292124814 0.119118636829597
0.232086602510502 0.117966735242409
0.218958311073935 0.116576482328389
0.206107373853763 0.114937674750204
0.193546473173512 0.113040729008220
0.181288005125655 0.110891906616530
0.169344067338174 0.108516409731716
0.157726447035656 0.105951202413472
0.146446609406726 0.103234855545617
0.135515686289294 0.100381454275419
0.124944465184770 0.097346955343619
0.114743378612105 0.094051562534038
0.104922493812155 0.090431943937769
0.095491502812526 0.086430978511273
0.086459712862719 0.082031050172573
0.077836037248992 0.077324409003619
0.069628986498028 0.072420765004208
0.061846659978068 0.067405414952347
0.054496737905816 0.062332745522353
0.047586473766990 0.057258812629859
0.041122687158009 0.052220072196548
0.035111757055874 0.047177602803936
0.029559615522887 0.042076920429375
0.024471741852423 0.036856964314649
0.019853157161528 0.031498935272457
0.015708419435684 0.026330844951328
0.012041619030626 0.021734193827248
0.008856374635656 0.017797997363310
0.006155829702431 0.014293172895749
0.003942649342761 0.011074260578981
0.002219017698460 0.008069872449632
0.000986635785864 0.005238760009082
0.000246719817134 0.002554776252301
0.000000000000000 0.000000000000000
0.000246719817134 -0.002438166521753
0.000986635785864 -0.004806737136843
0.002219017698460 -0.007180305238848
0.003942649342761 -0.009529540589946
0.006155829702431 -0.011789533084026
0.008856374635656 -0.013864764505956
0.012041619030626 -0.015611470075398
0.015708419435684 -0.016828856441396
0.019853157161528 -0.017483782101465
0.024471741852423 -0.017768607553536
0.029559615522887 -0.018008433683130
0.035111757055874 -0.018275634049511
0.041122687158009 -0.018504407179050
0.047586473766990 -0.018595983798212
0.054496737905816 -0.018428294383224
0.061846659978068 -0.018001984488699
0.069628986498028 -0.017425811851542
0.077836037248993 -0.016856335687372
0.086459712862719 -0.016355526134220
0.095491502812526 -0.015838127170973
0.104922493812155 -0.015201953390146
0.114743378612105 -0.014425394923313
0.124944465184770 -0.013558279068544
0.135515686289294 -0.012661780480640
0.146446609406726 -0.011815139581143
0.157726447035656 -0.011085994402717
0.169344067338174 -0.010474057816953
0.181288005125655 -0.009944044881459
0.193546473173512 -0.009454545358683
0.206107373853763 -0.008966782521212
0.218958311073935 -0.008470171177951
0.232086602510502 -0.007973058982006
0.245479292124814 -0.007484129213301
0.259123162949142 -0.007012134834797
0.273004750130227 -0.006567239242163
0.287110354217464 -0.006160199576742
0.301426054682610 -0.005801362052185
0.315937723657661 -0.005494427985857
0.330631039877354 -0.005235399513912
0.345491502812526 -0.005019874503960
0.360504446980386 -0.004842895315232
0.375655056417573 -0.004698841464568
0.390928379301729 -0.004581603039834
0.406309342707138 -0.004484759131495
0.421782767479884 -0.004401652632693
0.437333383217848 -0.004325306319032
0.452945843340743 -0.004248645562703
0.468604740235343 -0.004164585582132
0.484294620460936 -0.004064953748539
0.500000000000000 -0.003944102473935
0.515705379539064 -0.003806238719755
0.531395259764657 -0.003659017763607
0.547054156659257 -0.003511584004793
0.562666616782152 -0.003372353046138
0.578217232520115 -0.003249695739811
0.593690657292863 -0.003151589401433
0.609071620698271 -0.003076137842840
0.624344943582427 -0.003015119297827
0.639495553019615 -0.002959573449331
0.654508497187474 -0.002901203107284
0.669368960122646 -0.002832148944523
0.684062276342339 -0.002744248224291
0.698573945317390 -0.002635096795885
0.712889645782536 -0.002508048599863
0.726995249869774 -0.002369634332519
0.740876837050858 -0.002225685777134
0.754520707875186 -0.002081313714851
0.767913397489498 -0.001941330746620
0.781041688926065 -0.001810044627178
0.793892626146237 -0.001690651861215
0.806453526826489 -0.001584878576459
0.818711994874345 -0.001493625259864
0.830655932661826 -0.001417641099517
0.842273552964344 -0.001357374144003
0.853553390593274 -0.001313026430947
0.864484313710706 -0.001284536578170
0.875055534815230 -0.001271662095497
0.885256621387895 -0.001273195765958
0.895077506187845 -0.001283093898119
0.904508497187474 -0.001293545820296
0.913540287137281 -0.001298500118487
0.922163962751008 -0.001293394694662
0.930371013501972 -0.001275097992803
0.938153340021932 -0.001241770701507
0.945503262094184 -0.001192732184894
0.952413526233010 -0.001128319404897
0.958877312841991 -0.001049741682261
0.964888242944126 -0.000958933151839
0.970440384477113 -0.000858406094684
0.975528258147577 -0.000751105137530
0.980146842838472 -0.000640264327544
0.984291580564316 -0.000529271336073
0.987958380969374 -0.000421538385654
0.991143625364344 -0.000320381897367
0.993844170297569 -0.000228911565388
0.996057350657239 -0.000149932687574
0.997780982301540 -0.000085859894223
0.999013364214136 -0.000038649450336
0.999753280182866 -0.000009736131383
1.000000000000000 0.000000000000000
