1.000000000000000 0.000000000000000
0.999753280182866 0.000045296501811
0.999013364214136 0.000180969648151
0.997780982301540 0.000406366021841
0.996057350657239 0.000720414815854
0.993844170297569 0.001121622403877
0.991143625364344 0.001608103722006
0.987958380969374 0.002177591636923
0.984291580564316 0.002827469518537
0.980146842838472 0.003554794441632
0.975528258147577 0.004356333154200
0.970440384477113 0.005228585393768
0.964888242944126 0.006167840676680
0.958877312841991 0.007170197135601
0.952413526233010 0.008231618827142
0.945503262094184 0.009347969954855
0.938153340021932 0.010515056347500
0.930371013501972 0.011728681452004
0.922163962751008 0.012984673838298
0.913540287137281 0.014278942603907
0.904508497187474 0.015607513613610
0.895077506187845 0.016966663107248
0.885256621387895 0.018354721537884
0.875055534815230 0.019772634210859
0.864484313710706 0.021222601640753
0.853553390593274 0.022708109895137
0.842273552964344 0.024233986827353
0.830655932661826 0.025806447477753
0.818711994874345 0.027433173294123
0.806453526826488 0.029123211681745
0.793892626146236 0.030886968169832
0.781041688926065 0.032724443219658
0.767913397489498 0.034623785029319
0.754520707875186 0.036570425537875
0.740876837050858 0.038548155220101
0.726995249869773 0.040539272853606
0.712889645782536 0.042523987617934
0.698573945317390 0.044481732687767
0.684062276342339 0.046395093558285
0.669368960122646 0.048256857958461
0.654508497187474 0.050064445863642
0.639495553019615 0.051814384695299
0.624344943582427 0.053503856933157
0.609071620698271 0.055130282865211
0.593690657292862 0.056691276521339
0.578217232520115 0.058187654437881
0.562666616782152 0.059622465962094
0.547054156659257 0.060999989126879
0.531395259764657 0.062324662456849
0.515705379539064 0.063601146299597
0.500000000000000 0.064835148131496
0.484294620460936 0.066029149924207
0.468604740235343 0.067179861255387
0.452945843340743 0.068282390515076
0.437333383217848 0.069331385568177
0.421782767479884 0.070322043520245
0.406309342707138 0.071250170761722
0.390928379301729 0.072111525621902
0.375655056417573 0.072897672601708
0.360504446980385 0.073598556927365
0.345491502812526 0.074204277243981
0.330631039877354 0.074706089881090
0.315937723657661 0.075096255714209
0.301426054682610 0.075367676962041
0.287110354217464 0.075516582446489
0.273004750130227 0.075542775607269
0.259123162949142 0.075449162466979
0.245479292124814 0.075239276130353
0.232086602510502 0.074916899582431
0.218958311073935 0.074486470133469
0.206107373853763 0.073954029363328
0.193546473173512 0.073322086749969
0.181288005125655 0.072576455358877
0.169344067338174 0.071683706869146
0.157726447035656 0.070617697904506
0.146446609406726 0.069357567328137
0.135515686289294 0.067899165794424
0.124944465184770 0.066253264173017
0.114743378612105 0.064435311722076
0.104922493812155 0.062462026532617
0.095491502812526 0.060349452903210
0.086459712862719 0.058071700694486
0.077836037248992 0.055569968966290
0.069628986498028 0.052800071660110
0.061846659978068 0.049772856739013
0.054496737905816 0.046535216587206
0.047586473766990 0.043143653004532
0.041122687158009 0.039642059592927
0.035111757055874 0.036045530284147
0.029559615522887 0.032352484093852
0.024471741852423 0.028542332870629
0.019853157161528 0.024624496498771
0.015708419435684 0.020781429453141
0.012041619030626 0.017229967649157
0.008856374635656 0.014020212479797
0.006155829702431 0.011089442670033
0.003942649342761 0.008408906666646
0.002219017698460 0.005965345035164
0.000986635785864 0.003751759901635
0.000246719817134 0.001764143782066
0.000000000000000 0.000000000000000
0.000246719817134 -0.001542200213167
0.000986635785864 -0.002863887454256
0.002219017698460 -0.003993377164505
0.003942649342761 -0.004971517247393
0.006155829702431 -0.005780707856451
0.008856374635656 -0.006368888859135
0.012041619030626 -0.006634203581151
0.015708419435684 -0.006353883427296
0.019853157161528 -0.005281824705924
0.024471741852423 -0.003543747455239
0.029559615522887 -0.001824500178225
0.035111757055874 -0.000466547918653
0.041122687158009 0.000567748179594
0.047586473766990 0.001343080102821
0.054496737905816 0.001953300809669
0.061846659978068 0.002473709103932
0.069628986498028 0.002953338046630
0.077836037248993 0.003467527152281
0.086459712862719 0.004060925684664
0.095491502812526 0.004680350036112
0.104922493812155 0.005241412998357
0.114743378612105 0.005698001624511
0.124944465184770 0.006073365815453
0.135515686289294 0.006401409845819
0.146446609406726 0.006728099148854
0.157726447035656 0.007102530773546
0.169344067338174 0.007538080708839
0.181288005125655 0.008006196984025
0.193546473173512 0.008474362536593
0.206107373853763 0.008905171482483
0.218958311073935 0.009277388814661
0.232086602510502 0.009590736565175
0.245479292124814 0.009849931928034
0.259123162949142 0.010059091322764
0.273004750130227 0.010224133683289
0.287110354217464 0.010351769560937
0.301426054682610 0.010450044701065
0.315937723657661 0.010525927821986
0.330631039877354 0.010582516537891
0.345491502812526 0.010622171897982
0.360504446980386 0.010647280202917
0.375655056417573 0.010660553768199
0.390928379301729 0.010665429106361
0.406309342707138 0.010664464549901
0.421782767479884 0.010657738043290
0.437333383217848 0.010641739599417
0.452945843340743 0.010611379185564
0.468604740235343 0.010562273993361
0.484294620460936 0.010489613656926
0.500000000000000 0.010388648004075
0.515705379539064 0.010257059582556
0.531395259764657 0.010095404753399
0.547054156659257 0.009907398858053
0.562666616782152 0.009696315035291
0.578217232520115 0.009465363249923
0.593690657292863 0.009218414615366
0.609071620698271 0.008957352748140
0.624344943582427 0.008681128372665
0.639495553019615 0.008384089457287
0.654508497187474 0.008060359707830
0.669368960122646 0.007705119745026
0.684062276342339 0.007314137784105
0.698573945317390 0.006882846727836
0.712889645782536 0.006411226905391
0.726995249869774 0.005915161686936
0.740876837050858 0.005414253160133
0.754520707875186 0.004927248502903
0.767913397489498 0.004470636382772
0.781041688926065 0.004058992528997
0.793892626146237 0.003705492077958
0.806453526826489 0.003419208831377
0.818711994874345 0.003194586165299
0.830655932661826 0.003010644467931
0.842273552964344 0.002849228811225
0.853553390593274 0.002694522220729
0.864484313710706 0.002533301208535
0.875055534815230 0.002354827050216
0.885256621387895 0.002150770751535
0.895077506187845 0.001915083102266
0.904508497187474 0.001644430893337
0.913540287137281 0.001348785702825
0.922163962751008 0.001048460554445
0.930371013501972 0.000759951482104
0.938153340021932 0.000495683263164
0.945503262094184 0.000264363311195
0.952413526233010 0.000071381306685
0.958877312841991 -0.000080782908722
0.964888242944126 -0.000192137923206
0.970440384477113 -0.000264760456066
0.975528258147577 -0.000302377491069
0.980146842838472 -0.000309957548248
0.984291580564316 -0.000293319468295
0.987958380969374 -0.000258760784296
0.991143625364344 -0.000212711816844
0.993844170297569 -0.000161420581982
0.996057350657239 -0.000110671063951
0.997780982301540 -0.000065538722200
0.999013364214136 -0.000030187208328
0.999753280182866 -0.000007707034324
1.000000000000000 0.000000000000000
