1.000000000000000 0.000000000000000
0.999753280182866 0.000062536628627
0.999013364214136 0.000249868511740
0.997780982301540 0.000561171050548
0.996057350657239 0.000995092172815
0.993844170297569 0.001549772028670
0.991143625364344 0.002222885301293
0.987958380969374 0.003011674539271
0.984291580564316 0.003913026968511
0.980146842838472 0.004923518970390
0.975528258147577 0.006039489433200
0.970440384477113 0.007257114530391
0.964888242944126 0.008572500035166
0.958877312841991 0.009981756068551
0.952413526233010 0.011481071163225
0.945503262094184 0.013066841910338
0.938153340021932 0.014735712305677
0.930371013501972 0.016484707600777
0.922163962751008 0.018311293185204
0.913540287137281 0.020213479856369
0.904508497187474 0.022189889989019
0.895077506187845 0.024239854584015
0.885256621387895 0.026363466000620
0.875055534815230 0.028561660383810
0.864484313710706 0.030835727952260
0.853553390593274 0.033183521609729
0.842273552964344 0.035600968834453
0.830655932661826 0.038083647461714
0.818711994874345 0.040626808501815
0.806453526826488 0.043225383607965
0.793892626146236 0.045873914257894
0.781041688926065 0.048566869643228
0.767913397489498 0.051297685233089
0.754520707875186 0.054056801670270
0.740876837050858 0.056830845586795
0.726995249869773 0.059605523195355
0.712889645782536 0.062365868792366
0.698573945317390 0.065096033028499
0.684062276342339 0.067779345203078
0.669368960122646 0.070400023889550
0.654508497187474 0.072946133975262
0.639495553019615 0.075411427457882
0.624344943582427 0.077789810206159
0.609071620698271 0.080075279043567
0.593690657292862 0.082262345851824
0.578217232520115 0.084345935449684
0.562666616782152 0.086322549471951
0.547054156659257 0.088192291677060
0.531395259764657 0.089956166705051
0.515705379539064 0.091615563223584
0.500000000000000 0.093172614656183
0.484294620460936 0.094629396139075
0.468604740235343 0.095986990939681
0.452945843340743 0.097243344685060
0.437333383217848 0.098394190679116
0.421782767479884 0.099435909483836
0.406309342707138 0.100365974585484
0.390928379301729 0.101182894781951
0.375655056417573 0.101881418548353
0.360504446980385 0.102452162446719
0.345491502812526 0.102879738394143
0.330631039877354 0.103149574033522
0.315937723657661 0.103249752758644
0.301426054682610 0.103170367672804
0.287110354217464 0.102902124170139
0.273004750130227 0.102434428528471
0.259123162949142 0.101749996231077
0.245479292124814 0.100831557759790
0.232086602510502 0.099665621387694
0.218958311073935 0.098241342530462
0.206107373853763 0.096550795567214
0.193546473173512 0.094589131751628
0.181288005125655 0.092356467567979
0.169344067338174 0.089864905393704
0.157726447035656 0.087130685493855
0.146446609406726 0.084171114874956
0.135515686289294 0.081004434421690
0.124944465184770 0.077649515860337
0.114743378612105 0.074126050143397
0.104922493812155 0.070455159588893
0.095491502812526 0.066658987174936
0.086459712862719 0.062774043010214
0.077836037248992 0.058871519266368
0.069628986498028 0.055024007895430
0.061846659978068 0.051240655799478
0.054496737905816 0.047460204897910
0.047586473766990 0.043634298642492
0.041122687158009 0.039754897789641
0.035111757055874 0.035874876450785
0.029559615522887 0.032050965434999
0.024471741852423 0.028332130032477
0.019853157161528 0.024754980401012
0.015708419435684 0.021331006929583
0.012041619030626 0.018106964124221
0.008856374635656 0.015124842800670
0.006155829702431 0.012324014373255
0.003942649342761 0.009658036703331
0.002219017698460 0.007103623359668
0.000986635785864 0.004647474509106
0.000246719817134 0.002281348392744
0.000000000000000 0.000000000000000
0.000246719817134 -0.002201063201585
0.000986635785864 -0.004384511198092
0.002219017698460 -0.006585121641903
0.003942649342761 -0.008746687281350
0.006155829702431 -0.010780338293318
0.008856374635656 -0.012554544780448
0.012041619030626 -0.013859918676958
0.015708419435684 -0.014394767531815
0.019853157161528 -0.014109690287953
0.024471741852423 -0.013315747284393
0.029559615522887 -0.012535965797195
0.035111757055874 -0.011910700686859
0.041122687158009 -0.011391761134843
0.047586473766990 -0.010882096686975
0.054496737905816 -0.010251515677629
0.061846659978068 -0.009491969655701
0.069628986498028 -0.008683656294212
0.077836037248993 -0.007934232266541
0.086459712862719 -0.007274158884871
0.095491502812526 -0.006644716053274
0.104922493812155 -0.005975484587578
0.114743378612105 -0.005243569482728
0.124944465184770 -0.004460313565709
0.135515686289294 -0.003637698938987
0.146446609406726 -0.002791907744226
0.157726447035656 -0.001939889423681
0.169344067338174 -0.001096904685854
0.181288005125655 -0.000278195294232
0.193546473173512 0.000498198893284
0.206107373853763 0.001216532385202
0.218958311073935 0.001872597352357
0.232086602510502 0.002467519065821
0.245479292124814 0.003003532191044
0.259123162949142 0.003483662762521
0.273004750130227 0.003912122515600
0.287110354217464 0.004294168898050
0.301426054682610 0.004635370955173
0.315937723657661 0.004940301055339
0.330631039877354 0.005212154520307
0.345491502812526 0.005454849919050
0.360504446980386 0.005672734079427
0.375655056417573 0.005870535125260
0.390928379301729 0.006053872076599
0.406309342707138 0.006224988897948
0.421782767479884 0.006381097456257
0.437333383217848 0.006518152838779
0.452945843340743 0.006631846730101
0.468604740235343 0.006718112370656
0.484294620460936 0.006772770734837
0.500000000000000 0.006792574363748
0.515705379539064 0.006777855187655
0.531395259764657 0.006729979822004
0.547054156659257 0.006650581772872
0.562666616782152 0.006541280030475
0.578217232520115 0.006403887720226
0.593690657292863 0.006240996283242
0.609071620698271 0.006060106789228
0.624344943582427 0.005871804353889
0.639495553019615 0.005686157139838
0.654508497187474 0.005512551782472
0.669368960122646 0.005359983123832
0.684062276342339 0.005237407212349
0.698573945317390 0.005144640288972
0.712889645782536 0.005073414425456
0.726995249869774 0.005013957794133
0.740876837050858 0.004957345164028
0.754520707875186 0.004895736465816
0.767913397489498 0.004821943986146
0.781041688926065 0.004729463136473
0.793892626146237 0.004617739318521
0.806453526826489 0.004490898681193
0.818711994874345 0.004354115061107
0.830655932661826 0.004211635054826
0.842273552964344 0.004067336823620
0.853553390593274 0.003924579991760
0.864484313710706 0.003786247948673
0.875055534815230 0.003654728831418
0.885256621387895 0.003529541044266
0.895077506187845 0.003404421482486
0.904508497187474 0.003273692330903
0.913540287137281 0.003133183923492
0.922163962751008 0.002980149044161
0.930371013501972 0.002813140260251
0.938153340021932 0.002631885741971
0.945503262094184 0.002437157321454
0.952413526233010 0.002230630656024
0.958877312841991 0.002014744204472
0.964888242944126 0.001792556975786
0.970440384477113 0.001567602616691
0.975528258147577 0.001343748373598
0.980146842838472 0.001125057755213
0.984291580564316 0.000915656258619
0.987958380969374 0.000719607417488
0.991143625364344 0.000540791817819
0.993844170297569 0.000382804600677
0.996057350657239 0.000248857334919
0.997780982301540 0.000141694729234
0.999013364214136 0.000063524194803
0.999753280182866 0.000015963554520
1.000000000000000 0.000000000000000
