1.000000000000000 0.000000000000000
0.999753280182866 0.000065925742185
0.999013364214136 0.000264227924459
0.997780982301540 0.000596448779315
0.996057350657239 0.001065102947749
0.993844170297569 0.001673630692159
0.991143625364344 0.002426290723295
0.987958380969374 0.003328031397615
0.984291580564316 0.004384340926330
0.980146842838472 0.005601083251138
0.975528258147577 0.006984278739323
0.970440384477113 0.008539871508008
0.964888242944126 0.010273481026000
0.958877312841991 0.012190106818013
0.952413526233010 0.014293844369806
0.945503262094184 0.016587548170905
0.938153340021932 0.019072526099573
0.930371013501972 0.021748145896908
0.922163962751008 0.024611568891845
0.913540287137281 0.027657357719513
0.904508497187474 0.030877183379260
0.895077506187845 0.034259572206944
0.885256621387895 0.037789526009223
0.875055534815230 0.041452708079878
0.864484313710706 0.045239836675092
0.853553390593274 0.049141835274040
0.842273552964344 0.053148461254578
0.830655932661826 0.057248518667145
0.818711994874345 0.061429815026896
0.806453526826488 0.065679146389328
0.793892626146236 0.069982479188706
0.781041688926065 0.074324658309056
0.767913397489498 0.078688341498913
0.754520707875186 0.083053290900050
0.740876837050858 0.087398269068528
0.726995249869773 0.091701000894872
0.712889645782536 0.095938759461786
0.698573945317390 0.100088480045047
0.684062276342339 0.104124222031839
0.669368960122646 0.108038881207920
0.654508497187474 0.111849853032897
0.639495553019615 0.115583766443732
0.624344943582427 0.119268054378542
0.609071620698271 0.122930521518454
0.593690657292862 0.126609772502379
0.578217232520115 0.130325044323953
0.562666616782152 0.134051448440357
0.547054156659257 0.137726522561481
0.531395259764657 0.141269035471493
0.515705379539064 0.144608233213530
0.500000000000000 0.147670921453051
0.484294620460936 0.150381268251967
0.468604740235343 0.152718521731229
0.452945843340743 0.154702261593156
0.437333383217848 0.156372850954386
0.421782767479884 0.157773511106484
0.406309342707138 0.158941887854868
0.390928379301729 0.159914636602281
0.375655056417573 0.160722002754302
0.360504446980385 0.161348503667967
0.345491502812526 0.161759717814692
0.330631039877354 0.161924474091151
0.315937723657661 0.161814664749403
0.301426054682610 0.161405281020963
0.287110354217464 0.160675143480644
0.273004750130227 0.159609074442413
0.259123162949142 0.158201938164564
0.245479292124814 0.156451112059455
0.232086602510502 0.154355082814704
0.218958311073935 0.151913890647655
0.206107373853763 0.149128477730237
0.193546473173512 0.146001458672175
0.181288005125655 0.142541645923937
0.169344067338174 0.138776463335754
0.157726447035656 0.134746285709983
0.146446609406726 0.130489459569688
0.135515686289294 0.126042116715429
0.124944465184770 0.121415395997254
0.114743378612105 0.116605258928215
0.104922493812155 0.111610622931511
0.095491502812526 0.106435128284422
0.086459712862719 0.101073085153876
0.077836037248992 0.095445497333277
0.069628986498028 0.089438116892415
0.061846659978068 0.083008588740319
0.054496737905816 0.076399610294798
0.047586473766990 0.069918297890887
0.041122687158009 0.063791044735738
0.035111757055874 0.057949587676640
0.029559615522887 0.052252625926080
0.024471741852423 0.046589370350191
0.019853157161528 0.040870133044733
0.015708419435684 0.035165234879825
0.012041619030626 0.029684908135238
0.008856374635656 0.024619966643875
0.006155829702431 0.019934168808092
0.003942649342761 0.015533991191678
0.002219017698460 0.011367426177402
0.000986635785864 0.007402498336994
0.000246719817134 0.003618236894704
0.000000000000000 0.000000000000000
0.000246719817134 -0.003462803935531
0.000986635785864 -0.006818933997891
0.002219017698460 -0.010173857552098
0.003942649342761 -0.013517585475115
0.006155829702431 -0.016804599726981
0.008856374635656 -0.019972000943788
0.012041619030626 -0.022936896799196
0.015708419435684 -0.025591309425549
0.019853157161528 -0.027870120839671
0.024471741852423 -0.029777039608850
0.029559615522887 -0.031340117021466
0.035111757055874 -0.032581039320675
0.041122687158009 -0.033528934929345
0.047586473766990 -0.034249520215132
0.054496737905816 -0.034849228541501
0.061846659978068 -0.035379629122144
0.069628986498028 -0.035794389362690
0.077836037248993 -0.036032223707576
0.086459712862719 -0.036069941787219
0.095491502812526 -0.035995485913095
0.104922493812155 -0.035935589493755
0.114743378612105 -0.035963285685286
0.124944465184770 -0.036052013717102
0.135515686289294 -0.036164032225176
0.146446609406726 -0.036248786896415
0.157726447035656 -0.036254337716684
0.169344067338174 -0.036160053531657
0.181288005125655 -0.035977995633011
0.193546473173512 -0.035722466769589
0.206107373853763 -0.035410704635618
0.218958311073935 -0.035052289040385
0.232086602510502 -0.034648386269645
0.245479292124814 -0.034200186827580
0.259123162949142 -0.033709413774141
0.273004750130227 -0.033178284107365
0.287110354217464 -0.032609482114258
0.301426054682610 -0.032006155323495
0.315937723657661 -0.031371997960506
0.330631039877354 -0.030711234671369
0.345491502812526 -0.030028563980703
0.360504446980386 -0.029328964824644
0.375655056417573 -0.028617906186793
0.390928379301729 -0.027901322249658
0.406309342707138 -0.027184100787509
0.421782767479884 -0.026469088987648
0.437333383217848 -0.025755526316456
0.452945843340743 -0.025042526411773
0.468604740235343 -0.024329494694835
0.484294620460936 -0.023615543156028
0.500000000000000 -0.022900003523948
0.515705379539064 -0.022182794665433
0.531395259764657 -0.021464728168162
0.547054156659257 -0.020747055036561
0.562666616782152 -0.020030853215684
0.578217232520115 -0.019317217881776
0.593690657292863 -0.018607262104776
0.609071620698271 -0.017901918598733
0.624344943582427 -0.017201939550390
0.639495553019615 -0.016507893435372
0.654508497187474 -0.015820370510382
0.669368960122646 -0.015139970094084
0.684062276342339 -0.014467278521465
0.698573945317390 -0.013802884632091
0.712889645782536 -0.013147392633056
0.726995249869774 -0.012501426147496
0.740876837050858 -0.011865603510570
0.754520707875186 -0.011240533484300
0.767913397489498 -0.010626820624948
0.781041688926065 -0.010025059024074
0.793892626146237 -0.009435828413886
0.806453526826489 -0.008859759343122
0.818711994874345 -0.008297531726070
0.830655932661826 -0.007749819457886
0.842273552964344 -0.007217259917348
0.853553390593274 -0.006700458120613
0.864484313710706 -0.006199987931120
0.875055534815230 -0.005716388871761
0.885256621387895 -0.005250169904200
0.895077506187845 -0.004801796651146
0.904508497187474 -0.004371597117450
0.913540287137281 -0.003959800929783
0.922163962751008 -0.003566659654939
0.930371013501972 -0.003192442661477
0.938153340021932 -0.002837431161380
0.945503262094184 -0.002501919396275
0.952413526233010 -0.002186210000444
0.958877312841991 -0.001890606381456
0.964888242944126 -0.001615414747640
0.970440384477113 -0.001360934492588
0.975528258147577 -0.001127458659882
0.980146842838472 -0.000915267990385
0.984291580564316 -0.000724628943478
0.987958380969374 -0.000555789804175
0.991143625364344 -0.000408976851958
0.993844170297569 -0.000284392435496
0.996057350657239 -0.000182212084249
0.997780982301540 -0.000102582798619
0.999013364214136 -0.000045620430356
0.999753280182866 -0.000011409324552
1.000000000000000 0.000000000000000
