1.000000000000000 0.000000000000000
0.999753280182866 0.000055095815626
0.999013364214136 0.000220361063499
0.997780982301540 0.000495724070139
0.996057350657239 0.000881032575272
0.993844170297569 0.001376060559053
0.991143625364344 0.001980433771650
0.987958380969374 0.002693613962195
0.984291580564316 0.003514834767379
0.980146842838472 0.004443025841701
0.975528258147577 0.005476766063761
0.970440384477113 0.006614202879176
0.964888242944126 0.007852954899879
0.958877312841991 0.009190046836242
0.952413526233010 0.010621822136684
0.945503262094184 0.012143839035889
0.938153340021932 0.013750818456095
0.930371013501972 0.015436519388214
0.922163962751008 0.017193696456791
0.913540287137281 0.019014019473824
0.904508497187474 0.020887993439226
0.895077506187845 0.022805139636155
0.885256621387895 0.024758690495257
0.875055534815230 0.026746758132426
0.864484313710706 0.028768737453685
0.853553390593274 0.030825171891109
0.842273552964344 0.032917847270151
0.830655932661826 0.035049823132859
0.818711994874345 0.037225505563588
0.806453526826488 0.039450538605474
0.793892626146236 0.041731909356339
0.781041688926065 0.044065878412328
0.767913397489498 0.046436988928025
0.754520707875186 0.048826930842403
0.740876837050858 0.051215825549192
0.726995249869773 0.053582519292793
0.712889645782536 0.055903411413928
0.698573945317390 0.058154853325826
0.684062276342339 0.060320208850665
0.669368960122646 0.062402578176970
0.654508497187474 0.064414582376253
0.639495553019615 0.066368040561581
0.624344943582427 0.068275672690108
0.609071620698271 0.070152547180451
0.593690657292862 0.072014923189807
0.578217232520115 0.073858870314548
0.562666616782152 0.075666546619166
0.547054156659257 0.077414507323400
0.531395259764657 0.079079693649380
0.515705379539064 0.080640019266027
0.500000000000000 0.082071223572433
0.484294620460936 0.083359781291283
0.468604740235343 0.084514124357885
0.452945843340743 0.085548572066821
0.437333383217848 0.086479679663960
0.421782767479884 0.087322800873122
0.406309342707138 0.088093587998062
0.390928379301729 0.088806726410819
0.375655056417573 0.089457172217327
0.360504446980385 0.090028512717382
0.345491502812526 0.090504096868803
0.330631039877354 0.090868423944815
0.315937723657661 0.091107779551936
0.301426054682610 0.091211157695783
0.287110354217464 0.091164728398284
0.273004750130227 0.090950052746020
0.259123162949142 0.090547175250519
0.245479292124814 0.089938449472941
0.232086602510502 0.089109883816313
0.218958311073935 0.088050592437033
0.206107373853763 0.086751531851375
0.193546473173512 0.085209821071200
0.181288005125655 0.083434573773665
0.169344067338174 0.081448421808529
0.157726447035656 0.079274356800067
0.146446609406726 0.076934774699619
0.135515686289294 0.074450579500398
0.124944465184770 0.071840933634834
0.114743378612105 0.069125078475782
0.104922493812155 0.066324179776635
0.095491502812526 0.063454533914960
0.086459712862719 0.060478615195399
0.077836037248992 0.057303154595615
0.069628986498028 0.053867847448203
0.061846659978068 0.050270160254423
0.054496737905816 0.046698683381454
0.047586473766990 0.043303256827179
0.041122687158009 0.040090300492936
0.035111757055874 0.036935594629831
0.029559615522887 0.033740198615478
0.024471741852423 0.030426556856320
0.019853157161528 0.026958897761926
0.015708419435684 0.023420009323714
0.012041619030626 0.019958970765029
0.008856374635656 0.016679339501803
0.006155829702431 0.013561669425914
0.003942649342761 0.010587583488686
0.002219017698460 0.007748130853003
0.000986635785864 0.005038548665224
0.000246719817134 0.002456331122301
0.000000000000000 0.000000000000000
0.000246719817134 -0.002332087560547
0.000986635785864 -0.004616753216951
0.002219017698460 -0.006925961750742
0.003942649342761 -0.009253445246859
0.006155829702431 -0.011579689769625
0.008856374635656 -0.013875083444730
0.012041619030626 -0.016093644448498
0.015708419435684 -0.018157125554470
0.019853157161528 -0.019963173125658
0.024471741852423 -0.021451354732221
0.029559615522887 -0.022622231481436
0.035111757055874 -0.023485862061288
0.041122687158009 -0.024061497120099
0.047586473766990 -0.024395243296289
0.054496737905816 -0.024562183342943
0.061846659978068 -0.024612538336271
0.069628986498028 -0.024570223573170
0.077836037248993 -0.024476594603353
0.086459712862719 -0.024362771216218
0.095491502812526 -0.024220346121737
0.104922493812155 -0.024034851710216
0.114743378612105 -0.023801277689993
0.124944465184770 -0.023526690199038
0.135515686289294 -0.023221902595864
0.146446609406726 -0.022900550219438
0.157726447035656 -0.022578599582694
0.169344067338174 -0.022260878750745
0.181288005125655 -0.021944296782601
0.193546473173512 -0.021624280514014
0.206107373853763 -0.021296071287779
0.218958311073935 -0.020956748835943
0.232086602510502 -0.020607027125585
0.245479292124814 -0.020247777231756
0.259123162949142 -0.019879912865979
0.273004750130227 -0.019504500048505
0.287110354217464 -0.019122662060471
0.301426054682610 -0.018735691626145
0.315937723657661 -0.018344523280031
0.330631039877354 -0.017949577549556
0.345491502812526 -0.017551007189131
0.360504446980386 -0.017148945326005
0.375655056417573 -0.016743542085514
0.390928379301729 -0.016334902797963
0.406309342707138 -0.015923177350069
0.421782767479884 -0.015508614229123
0.437333383217848 -0.015091671589379
0.452945843340743 -0.014672858220720
0.468604740235343 -0.014252659851418
0.484294620460936 -0.013831576617351
0.500000000000000 -0.013410107384285
0.515705379539064 -0.012988725520316
0.531395259764657 -0.012567856378923
0.547054156659257 -0.012147884759078
0.562666616782152 -0.011729203342301
0.578217232520115 -0.011312203796538
0.593690657292863 -0.010897274230569
0.609071620698271 -0.010484806841217
0.624344943582427 -0.010075199709390
0.639495553019615 -0.009668863456339
0.654508497187474 -0.009266205922288
0.669368960122646 -0.008867629276255
0.684062276342339 -0.008473532771437
0.698573945317390 -0.008084310084174
0.712889645782536 -0.007700349196676
0.726995249869774 -0.007322028673155
0.740876837050858 -0.006949720680779
0.754520707875186 -0.006583790981929
0.767913397489498 -0.006224599934914
0.781041688926065 -0.005872500854110
0.793892626146237 -0.005527840200173
0.806453526826489 -0.005190957366067
0.818711994874345 -0.004862184699732
0.830655932661826 -0.004541846701384
0.842273552964344 -0.004230259810869
0.853553390593274 -0.003927731730981
0.864484313710706 -0.003634561434040
0.875055534815230 -0.003351037846656
0.885256621387895 -0.003077442005242
0.895077506187845 -0.002814043097092
0.904508497187474 -0.002561101722841
0.913540287137281 -0.002318866838281
0.922163962751008 -0.002087577922390
0.930371013501972 -0.001867463428752
0.938153340021932 -0.001658739960947
0.945503262094184 -0.001461613495479
0.952413526233010 -0.001276278882330
0.958877312841991 -0.001102919136271
0.964888242944126 -0.000941704921744
0.970440384477113 -0.000792795348198
0.975528258147577 -0.000656337567051
0.980146842838472 -0.000532466291251
0.984291580564316 -0.000421303485315
0.987958380969374 -0.000322959106781
0.991143625364344 -0.000237530099807
0.993844170297569 -0.000165101038305
0.996057350657239 -0.000105742672416
0.997780982301540 -0.000059514545703
0.999013364214136 -0.000026461707518
0.999753280182866 -0.000006617042245
1.000000000000000 0.000000000000000
