1.000000000000000 0.000000000000000
0.999753280182866 0.000075585022501
0.999013364214136 0.000303239130518
0.997780982301540 0.000685594373047
0.996057350657239 0.001226935359460
0.993844170297569 0.001933043446794
0.991143625364344 0.002810906724932
0.987958380969374 0.003868464665088
0.984291580564316 0.005114164710302
0.980146842838472 0.006556538025145
0.975528258147577 0.008203607398958
0.970440384477113 0.010062271918970
0.964888242944126 0.012137616186221
0.958877312841991 0.014432104529344
0.952413526233010 0.016944781797763
0.945503262094184 0.019670407000916
0.938153340021932 0.022598613606130
0.930371013501972 0.025713116319976
0.922163962751008 0.028990939018197
0.913540287137281 0.032401906113645
0.904508497187474 0.035908259557423
0.895077506187845 0.039464311535055
0.885256621387895 0.043022537965063
0.875055534815230 0.046565510970791
0.864484313710706 0.050093036274844
0.853553390593274 0.053608086911372
0.842273552964344 0.057117104700302
0.830655932661826 0.060630031729513
0.818711994874345 0.064160552555109
0.806453526826488 0.067725548159216
0.793892626146236 0.071347982985683
0.781041688926065 0.075043868332639
0.767913397489498 0.078809222252864
0.754520707875186 0.082623542630247
0.740876837050858 0.086466929636410
0.726995249869773 0.090317746552111
0.712889645782536 0.094152854941590
0.698573945317390 0.097948109472396
0.684062276342339 0.101678593040661
0.669368960122646 0.105325326218147
0.654508497187474 0.108873878980964
0.639495553019615 0.112310361449114
0.624344943582427 0.115621274432124
0.609071620698271 0.118793182021012
0.593690657292862 0.121812288960397
0.578217232520115 0.124668580282487
0.562666616782152 0.127356608090884
0.547054156659257 0.129874590804699
0.531395259764657 0.132222036644177
0.515705379539064 0.134398245436026
0.500000000000000 0.136403956166569
0.484294620460936 0.138240068978439
0.468604740235343 0.139899861291255
0.452945843340743 0.141373299900090
0.437333383217848 0.142649177139419
0.421782767479884 0.143717184900074
0.406309342707138 0.144568367999713
0.390928379301729 0.145194872617774
0.375655056417573 0.145591825851976
0.360504446980385 0.145762149989447
0.345491502812526 0.145711064076609
0.330631039877354 0.145444491646353
0.315937723657661 0.144968979416370
0.301426054682610 0.144291944282688
0.287110354217464 0.143421634509472
0.273004750130227 0.142348762505964
0.259123162949142 0.141045339890967
0.245479292124814 0.139484567185273
0.232086602510502 0.137642825228962
0.218958311073935 0.135499941899521
0.206107373853763 0.133038900619257
0.193546473173512 0.130246381624665
0.181288005125655 0.127123455010164
0.169344067338174 0.123715411747357
0.157726447035656 0.120075183424683
0.146446609406726 0.116255555730057
0.135515686289294 0.112296783216971
0.124944465184770 0.108193656185446
0.114743378612105 0.103925909567485
0.104922493812155 0.099480462352136
0.095491502812526 0.094839667375139
0.086459712862719 0.090057222047987
0.077836037248992 0.085309696190584
0.069628986498028 0.080806450576163
0.061846659978068 0.076548118947923
0.054496737905816 0.072316044509568
0.047586473766990 0.067893609953337
0.041122687158009 0.063135700785822
0.035111757055874 0.058074794892064
0.029559615522887 0.052789837926527
0.024471741852423 0.047354680580298
0.019853157161528 0.041840941050168
0.015708419435684 0.036340784812241
0.012041619030626 0.030990380085769
0.008856374635656 0.025931180008133
0.006155829702431 0.021147207469769
0.003942649342761 0.016582303598725
0.002219017698460 0.012203200246605
0.000986635785864 0.007988621647530
0.000246719817134 0.003924273001638
0.000000000000000 0.000000000000000
0.000246719817134 -0.003791557493557
0.000986635785864 -0.007478795190694
0.002219017698460 -0.011134102496730
0.003942649342761 -0.014718653347691
0.006155829702431 -0.018149573211150
0.008856374635656 -0.021323616138936
0.012041619030626 -0.024117043027927
0.015708419435684 -0.026388923736629
0.019853157161528 -0.028140608061916
0.024471741852423 -0.029519214472627
0.029559615522887 -0.030705952360257
0.035111757055874 -0.031776087034130
0.041122687158009 -0.032704367937977
0.047586473766990 -0.033478288967465
0.054496737905816 -0.034098461546764
0.061846659978068 -0.034559702750187
0.069628986498028 -0.034841377976817
0.077836037248993 -0.034924197687947
0.086459712862719 -0.034814797541094
0.095491502812526 -0.034586688929786
0.104922493812155 -0.034346674352239
0.114743378612105 -0.034159397270218
0.124944465184770 -0.034004504043909
0.135515686289294 -0.033850183112583
0.146446609406726 -0.033654901028837
0.157726447035656 -0.033374875021534
0.169344067338174 -0.032989199049111
0.181288005125655 -0.032505263573395
0.193546473173512 -0.031932228139372
0.206107373853763 -0.031281960634774
0.218958311073935 -0.030565057134962
0.232086602510502 -0.029790138270408
0.245479292124814 -0.028966966231892
0.259123162949142 -0.028106986351076
0.273004750130227 -0.027222779366129
0.287110354217464 -0.026328862277911
0.301426054682610 -0.025441486770061
0.315937723657661 -0.024570365616581
0.330631039877354 -0.023718109993279
0.345491502812526 -0.022881262012470
0.360504446980386 -0.022057065503343
0.375655056417573 -0.021242682754160
0.390928379301729 -0.020434561883785
0.406309342707138 -0.019629618948659
0.421782767479884 -0.018826341365115
0.437333383217848 -0.018026286530125
0.452945843340743 -0.017231184083444
0.468604740235343 -0.016442526967936
0.484294620460936 -0.015661718389288
0.500000000000000 -0.014890487305186
0.515705379539064 -0.014131304141413
0.531395259764657 -0.013388762137958
0.547054156659257 -0.012668317521318
0.562666616782152 -0.011974687930460
0.578217232520115 -0.011313264907132
0.593690657292863 -0.010689243480339
0.609071620698271 -0.010102361001494
0.624344943582427 -0.009543176867153
0.639495553019615 -0.008991167247141
0.654508497187474 -0.008427547978584
0.669368960122646 -0.007835536723279
0.684062276342339 -0.007199364610652
0.698573945317390 -0.006502706058724
0.712889645782536 -0.005746953852429
0.726995249869774 -0.004961221050215
0.740876837050858 -0.004178479971135
0.754520707875186 -0.003429290143990
0.767913397489498 -0.002740420745266
0.781041688926065 -0.002135620262464
0.793892626146237 -0.001636302299181
0.806453526826489 -0.001253395816254
0.818711994874345 -0.000976564637010
0.830655932661826 -0.000784107880716
0.842273552964344 -0.000658076041832
0.853553390593274 -0.000581958261186
0.864484313710706 -0.000541330410183
0.875055534815230 -0.000523660632786
0.885256621387895 -0.000518321852987
0.895077506187845 -0.000516397503503
0.904508497187474 -0.000511800342235
0.913540287137281 -0.000502823844043
0.922163962751008 -0.000489210307901
0.930371013501972 -0.000470877373637
0.938153340021932 -0.000447966536919
0.945503262094184 -0.000420810752760
0.952413526233010 -0.000389906633647
0.958877312841991 -0.000355887030438
0.964888242944126 -0.000319492831618
0.970440384477113 -0.000281545312700
0.975528258147577 -0.000242918114756
0.980146842838472 -0.000204511178015
0.984291580564316 -0.000167224522944
0.987958380969374 -0.000131934309835
0.991143625364344 -0.000099470692014
0.993844170297569 -0.000070596492953
0.996057350657239 -0.000045989416285
0.997780982301540 -0.000026226640572
0.999013364214136 -0.000011770779326
0.999753280182866 -0.000002959968358
1.000000000000000 0.000000000000000
