1.000000000000000 0.000000000000000
0.999753280182866 0.000025778527879
0.999013364214136 0.000102843210533
0.997780982301540 0.000230385615348
0.996057350657239 0.000407083605924
0.993844170297569 0.000631125973056
0.991143625364344 0.000900261422615
0.987958380969374 0.001211842362555
0.984291580564316 0.001562902171090
0.980146842838472 0.001950217225456
0.975528258147577 0.002370396788755
0.970440384477113 0.002819971567876
0.964888242944126 0.003295487353957
0.958877312841991 0.003793608758996
0.952413526233010 0.004311226517133
0.945503262094184 0.004845561574812
0.938153340021932 0.005394273862446
0.930371013501972 0.005955579975386
0.922163962751008 0.006528348221234
0.913540287137281 0.007112216090668
0.904508497187474 0.007707673352032
0.895077506187845 0.008316113312055
0.885256621387895 0.008938001359132
0.875055534815230 0.009572561178088
0.864484313710706 0.010219161800676
0.853553390593274 0.010877428536400
0.842273552964344 0.011547256968674
0.830655932661826 0.012228824857221
0.818711994874345 0.012922607184686
0.806453526826488 0.013629348133481
0.793892626146236 0.014350148212073
0.781041688926065 0.015084039231866
0.767913397489498 0.015828148271872
0.754520707875186 0.016578984730970
0.740876837050858 0.017332894101043
0.726995249869773 0.018085947942084
0.712889645782536 0.018833956060544
0.698573945317390 0.019572565185381
0.684062276342339 0.020297733416073
0.669368960122646 0.021006974756544
0.654508497187474 0.021698198573478
0.639495553019615 0.022369304383703
0.624344943582427 0.023018184845154
0.609071620698271 0.023643091291964
0.593690657292862 0.024241995305311
0.578217232520115 0.024810919236185
0.562666616782152 0.025344377228007
0.547054156659257 0.025835943694536
0.531395259764657 0.026279855409945
0.515705379539064 0.026669863869128
0.500000000000000 0.026999337448276
0.484294620460936 0.027267670000304
0.468604740235343 0.027479640758060
0.452945843340743 0.027645629759366
0.437333383217848 0.027775728838030
0.421782767479884 0.027879286061129
0.406309342707138 0.027967318072087
0.390928379301729 0.028046583142834
0.375655056417573 0.028116204606943
0.360504446980385 0.028167824680729
0.345491502812526 0.028191272791732
0.330631039877354 0.028178431558447
0.315937723657661 0.028121585547912
0.301426054682610 0.028013691160947
0.287110354217464 0.027849433445561
0.273004750130227 0.027628563164812
0.259123162949142 0.027352783358083
0.245479292124814 0.027024034979210
0.232086602510502 0.026644580061243
0.218958311073935 0.026216932326360
0.206107373853763 0.025743967748516
0.193546473173512 0.025228596688767
0.181288005125655 0.024673155468682
0.169344067338174 0.024079301444397
0.157726447035656 0.023448959061242
0.146446609406726 0.022785218164871
0.135515686289294 0.022079450466049
0.124944465184770 0.021311251579835
0.114743378612105 0.020463039588329
0.104922493812155 0.019523485804993
0.095491502812526 0.018488493139642
0.086459712862719 0.017401254913367
0.077836037248992 0.016341723125926
0.069628986498028 0.015368409168707
0.061846659978068 0.014463133726433
0.054496737905816 0.013576268579842
0.047586473766990 0.012676460612638
0.041122687158009 0.011754648722491
0.035111757055874 0.010815304565387
0.029559615522887 0.009861559299440
0.024471741852423 0.008894734651225
0.019853157161528 0.007901614752857
0.015708419435684 0.006875794790339
0.012041619030626 0.005870069806005
0.008856374635656 0.004920845212238
0.006155829702431 0.004015682700964
0.003942649342761 0.003146964866355
0.002219017698460 0.002311835878186
0.000986635785864 0.001509200923842
0.000246719817134 0.000738610782739
0.000000000000000 0.000000000000000
0.000246719817134 -0.000738599360229
0.000986635785864 -0.001509207892708
0.002219017698460 -0.002311839310090
0.003942649342761 -0.003146967952808
0.006155829702431 -0.004015684796301
0.008856374635656 -0.004920841131141
0.012041619030626 -0.005870070534866
0.015708419435684 -0.006875798012378
0.019853157161528 -0.007901614717854
0.024471741852423 -0.008894738018034
0.029559615522887 -0.009861558872335
0.035111757055874 -0.010815305443902
0.041122687158009 -0.011754648515939
0.047586473766990 -0.012676461131811
0.054496737905816 -0.013576270334881
0.061846659978068 -0.014463133084309
0.069628986498028 -0.015368410433183
0.077836037248993 -0.016341724187986
0.086459712862719 -0.017401254582630
0.095491502812526 -0.018488492687683
0.104922493812155 -0.019523485754093
0.114743378612105 -0.020463041067774
0.124944465184770 -0.021311251859116
0.135515686289294 -0.022079450633073
0.146446609406726 -0.022785219005273
0.157726447035656 -0.023448960197528
0.169344067338174 -0.024079302686839
0.181288005125655 -0.024673155999321
0.193546473173512 -0.025228596741661
0.206107373853763 -0.025743967577959
0.218958311073935 -0.026216933024348
0.232086602510502 -0.026644580580658
0.245479292124814 -0.027024035251558
0.259123162949142 -0.027352783603814
0.273004750130227 -0.027628563679461
0.287110354217464 -0.027849433665308
0.301426054682610 -0.028013691439515
0.315937723657661 -0.028121586023270
0.330631039877354 -0.028178431951782
0.345491502812526 -0.028191273164877
0.360504446980386 -0.028167825071910
0.375655056417573 -0.028116204984008
0.390928379301729 -0.028046583529332
0.406309342707138 -0.027967318371813
0.421782767479884 -0.027879286416642
0.437333383217848 -0.027775729179075
0.452945843340743 -0.027645630004618
0.468604740235343 -0.027479641171173
0.484294620460936 -0.027267670264388
0.500000000000000 -0.026999337993623
0.515705379539064 -0.026669863940137
0.531395259764657 -0.026279855691907
0.547054156659257 -0.025835943939239
0.562666616782152 -0.025344377480965
0.578217232520115 -0.024810919579816
0.593690657292863 -0.024241995431154
0.609071620698271 -0.023643091310094
0.624344943582427 -0.023018185047964
0.639495553019615 -0.022369304811745
0.654508497187474 -0.021698199056162
0.669368960122646 -0.021006974734459
0.684062276342339 -0.020297733759129
0.698573945317390 -0.019572565486915
0.712889645782536 -0.018833956209360
0.726995249869774 -0.018085948250647
0.740876837050858 -0.017332894556739
0.754520707875186 -0.016578985154157
0.767913397489498 -0.015828148212653
0.781041688926065 -0.015084038574299
0.793892626146237 -0.014350148979946
0.806453526826489 -0.013629348474469
0.818711994874345 -0.012922607526926
0.830655932661826 -0.012228825221926
0.842273552964344 -0.011547257583359
0.853553390593274 -0.010877429007311
0.864484313710706 -0.010219161398911
0.875055534815230 -0.009572561257242
0.885256621387895 -0.008938001754053
0.895077506187845 -0.008316112296441
0.904508497187474 -0.007707674386410
0.913540287137281 -0.007112215818585
0.922163962751008 -0.006528348842040
0.930371013501972 -0.005955579079101
0.938153340021932 -0.005394273680873
0.945503262094184 -0.004845560809793
0.952413526233010 -0.004311226200879
0.958877312841991 -0.003793609393994
0.964888242944126 -0.003295486790761
0.970440384477113 -0.002819970920536
0.975528258147577 -0.002370396353555
0.980146842838472 -0.001950216150695
0.984291580564316 -0.001562901297718
0.987958380969374 -0.001211842582578
0.991143625364344 -0.000900260511379
0.993844170297569 -0.000631127241451
0.996057350657239 -0.000407084477079
0.997780982301540 -0.000230385113831
0.999013364214136 -0.000102842885109
0.999753280182866 -0.000025777743146
1.000000000000000 0.000000000000000
