1.000000000000000 0.000000000000000
0.999753280182866 0.000007916046853
0.999013364214136 0.000031711845397
0.997780982301540 0.000071534261968
0.996057350657239 0.000127633996912
0.993844170297569 0.000200377881654
0.991143625364344 0.000290261615962
0.987958380969374 0.000397930463511
0.984291580564316 0.000524198617786
0.980146842838472 0.000670076613805
0.975528258147577 0.000836797858077
0.970440384477113 0.001025849373184
0.964888242944126 0.001239004522905
0.958877312841991 0.001478355046380
0.952413526233010 0.001746348188776
0.945503262094184 0.002045820002549
0.938153340021932 0.002380033026378
0.930371013501972 0.002752706035559
0.922163962751008 0.003168050354240
0.913540287137281 0.003630801487402
0.904508497187474 0.004146248609362
0.895077506187845 0.004720255296288
0.885256621387895 0.005359300234874
0.875055534815230 0.006070430049731
0.864484313710706 0.006861096029903
0.853553390593274 0.007733470803506
0.842273552964344 0.008684917900990
0.830655932661826 0.009711088933096
0.818711994874345 0.010806139293678
0.806453526826488 0.011962572367615
0.793892626146236 0.013171452484780
0.781041688926065 0.014421667420841
0.767913397489498 0.015702002172519
0.754520707875186 0.017006908361259
0.740876837050858 0.018340606644967
0.726995249869773 0.019708422426117
0.712889645782536 0.021115810898972
0.698573945317390 0.022569122031541
0.684062276342339 0.024075551175047
0.669368960122646 0.025640557591665
0.654508497187474 0.027261931713397
0.639495553019615 0.028925531531219
0.624344943582427 0.030616369219752
0.609071620698271 0.032319002816873
0.593690657292862 0.034017015504960
0.578217232520115 0.035693418997519
0.562666616782152 0.037332817308804
0.547054156659257 0.038924097220602
0.531395259764657 0.040456938336108
0.515705379539064 0.041921176010590
0.500000000000000 0.043306518689238
0.484294620460936 0.044603633901207
0.468604740235343 0.045805629316572
0.452945843340743 0.046914920521393
0.437333383217848 0.047938220305814
0.421782767479884 0.048881564485499
0.406309342707138 0.049751510403524
0.390928379301729 0.050554752266401
0.375655056417573 0.051295828858072
0.360504446980385 0.051975044278354
0.345491502812526 0.052587612101647
0.330631039877354 0.053129695497981
0.315937723657661 0.053598282040283
0.301426054682610 0.053990700183783
0.287110354217464 0.054304938477661
0.273004750130227 0.054538893432605
0.259123162949142 0.054689830290424
0.245479292124814 0.054755634682092
0.232086602510502 0.054735107841894
0.218958311073935 0.054627848596660
0.206107373853763 0.054434116579867
0.193546473173512 0.054156175758631
0.181288005125655 0.053791368473207
0.169344067338174 0.053329735980097
0.157726447035656 0.052759122121799
0.146446609406726 0.052071651175348
0.135515686289294 0.051261818602720
0.124944465184770 0.050323165067258
0.114743378612105 0.049252020747084
0.104922493812155 0.048048148713431
0.095491502812526 0.046716979342335
0.086459712862719 0.045232890749554
0.077836037248992 0.043503533171163
0.069628986498028 0.041447417430539
0.061846659978068 0.039099244398047
0.054496737905816 0.036629658281877
0.047586473766990 0.034187953856326
0.041122687158009 0.031854587148197
0.035111757055874 0.029606348061250
0.029559615522887 0.027417936690676
0.024471741852423 0.025278611428566
0.019853157161528 0.023152614688865
0.015708419435684 0.020891323557078
0.012041619030626 0.018413421262541
0.008856374635656 0.015757459647195
0.006155829702431 0.013024727878104
0.003942649342761 0.010285610500450
0.002219017698460 0.007585575505099
0.000986635785864 0.004956455816177
0.000246719817134 0.002421866802038
0.000000000000000 0.000000000000000
0.000246719817134 -0.002309264327014
0.000986635785864 -0.004621746389997
0.002219017698460 -0.006978575757413
0.003942649342761 -0.009383384439257
0.006155829702431 -0.011839735562175
0.008856374635656 -0.014354164583370
0.012041619030626 -0.016940421125849
0.015708419435684 -0.019604948221229
0.019853157161528 -0.022272826088892
0.024471741852423 -0.024872696123940
0.029559615522887 -0.027380372735486
0.035111757055874 -0.029783024345813
0.041122687158009 -0.032071072982315
0.047586473766990 -0.034240714433732
0.054496737905816 -0.036291871944131
0.061846659978068 -0.038221033040445
0.069628986498028 -0.040033368361037
0.077836037248993 -0.041748628176829
0.086459712862719 -0.043389460499791
0.095491502812526 -0.044981689554917
0.104922493812155 -0.046553619819137
0.114743378612105 -0.048090065586520
0.124944465184770 -0.049551152485513
0.135515686289294 -0.050892118639875
0.146446609406726 -0.052062263029730
0.157726447035656 -0.053024127651011
0.169344067338174 -0.053794078398606
0.181288005125655 -0.054404995449329
0.193546473173512 -0.054900976109497
0.206107373853763 -0.055316278349711
0.218958311073935 -0.055658578712404
0.232086602510502 -0.055916376624860
0.245479292124814 -0.056081801085956
0.259123162949142 -0.056146336695593
0.273004750130227 -0.056101144793626
0.287110354217464 -0.055937684294236
0.301426054682610 -0.055648413716244
0.315937723657661 -0.055233496961561
0.330631039877354 -0.054698203368942
0.345491502812526 -0.054048752328102
0.360504446980386 -0.053292354075809
0.375655056417573 -0.052437354298282
0.390928379301729 -0.051493201704589
0.406309342707138 -0.050467841444458
0.421782767479884 -0.049368010399700
0.437333383217848 -0.048200136409970
0.452945843340743 -0.046970928494109
0.468604740235343 -0.045687611620939
0.484294620460936 -0.044358512457815
0.500000000000000 -0.042987858513664
0.515705379539064 -0.041570541471635
0.531395259764657 -0.040099403047699
0.547054156659257 -0.038566781779991
0.562666616782152 -0.036965544059372
0.578217232520115 -0.035289249242119
0.593690657292863 -0.033535445097050
0.609071620698271 -0.031725455665977
0.624344943582427 -0.029890351311068
0.639495553019615 -0.028059948900729
0.654508497187474 -0.026262449083232
0.669368960122646 -0.024525070630903
0.684062276342339 -0.022873329677682
0.698573945317390 -0.021316368128924
0.712889645782536 -0.019852612881400
0.726995249869774 -0.018477439619126
0.740876837050858 -0.017186802162612
0.754520707875186 -0.015976739048511
0.767913397489498 -0.014843267924427
0.781041688926065 -0.013782423962907
0.793892626146237 -0.012788480450676
0.806453526826489 -0.011854789742542
0.818711994874345 -0.010974976343054
0.830655932661826 -0.010143363373484
0.842273552964344 -0.009354829491183
0.853553390593274 -0.008604864447898
0.864484313710706 -0.007889528887561
0.875055534815230 -0.007205558356047
0.885256621387895 -0.006551739321648
0.895077506187845 -0.005929154128522
0.904508497187474 -0.005338684784449
0.913540287137281 -0.004780960484939
0.922163962751008 -0.004256346484296
0.930371013501972 -0.003764969463475
0.938153340021932 -0.003306749705718
0.945503262094184 -0.002881418099904
0.952413526233010 -0.002488547167261
0.958877312841991 -0.002127577211088
0.964888242944126 -0.001797842027784
0.970440384477113 -0.001498595918537
0.975528258147577 -0.001229041032943
0.980146842838472 -0.000988352098440
0.984291580564316 -0.000775700421826
0.987958380969374 -0.000590279232215
0.991143625364344 -0.000431320590637
0.993844170297569 -0.000298119302008
0.996057350657239 -0.000190047007067
0.997780982301540 -0.000106569883352
0.999013364214136 -0.000047258242280
0.999753280182866 -0.000011798533335
1.000000000000000 0.000000000000000
