1.000000000000000 0.000000000000000
0.999753280182866 0.000072317307654
0.999013364214136 0.000289142946222
0.997780982301540 0.000650069839127
0.996057350657239 0.001154446067506
0.993844170297569 0.001801380422133
0.991143625364344 0.002589769796913
0.987958380969374 0.003518332365163
0.984291580564316 0.004585635732575
0.980146842838472 0.005790156134465
0.975528258147577 0.007130305568881
0.970440384477113 0.008604499279477
0.964888242944126 0.010211200452622
0.958877312841991 0.011948993470833
0.952413526233010 0.013816617612498
0.945503262094184 0.015813064157803
0.938153340021932 0.017937606690724
0.930371013501972 0.020189883044916
0.922163962751008 0.022569960592472
0.913540287137281 0.025078370155581
0.904508497187474 0.027716210291013
0.895077506187845 0.030484972732520
0.885256621387895 0.033383253721585
0.875055534815230 0.036405716952817
0.864484313710706 0.039545850009216
0.853553390593274 0.042795947564052
0.842273552964344 0.046147109631545
0.830655932661826 0.049589210437621
0.818711994874345 0.053110882377849
0.806453526826488 0.056699548482059
0.793892626146236 0.060341439162742
0.781041688926065 0.064021700758419
0.767913397489498 0.067724496688722
0.754520707875186 0.071432985187822
0.740876837050858 0.075129337398873
0.726995249869773 0.078795207440739
0.712889645782536 0.082410911187378
0.698573945317390 0.085956599169434
0.684062276342339 0.089417605101648
0.669368960122646 0.092788780491559
0.654508497187474 0.096071161055439
0.639495553019615 0.099265226046538
0.624344943582427 0.102372107267641
0.609071620698271 0.105393975739376
0.593690657292862 0.108333737314951
0.578217232520115 0.111181043603438
0.562666616782152 0.113911844530125
0.547054156659257 0.116500755426087
0.531395259764657 0.118922392521017
0.515705379539064 0.121151894187809
0.500000000000000 0.123166103382986
0.484294620460936 0.124948484351013
0.468604740235343 0.126508926007902
0.452945843340743 0.127865202276177
0.437333383217848 0.129033985386177
0.421782767479884 0.130033880795717
0.406309342707138 0.130883815733610
0.390928379301729 0.131593711958196
0.375655056417573 0.132158590543784
0.360504446980385 0.132546734416212
0.345491502812526 0.132727762505135
0.330631039877354 0.132676428132358
0.315937723657661 0.132368222326406
0.301426054682610 0.131782527410439
0.287110354217464 0.130906523994964
0.273004750130227 0.129748439806949
0.259123162949142 0.128328189525599
0.245479292124814 0.126663956642420
0.232086602510502 0.124773941900982
0.218958311073935 0.122676977819200
0.206107373853763 0.120392483973408
0.193546473173512 0.117936086908767
0.181288005125655 0.115306153091202
0.169344067338174 0.112479939272608
0.157726447035656 0.109440212474371
0.146446609406726 0.106173576237745
0.135515686289294 0.102689492873587
0.124944465184770 0.099023458754544
0.114743378612105 0.095213622115845
0.104922493812155 0.091296687623596
0.095491502812526 0.087308105975987
0.086459712862719 0.083262280085594
0.077836037248992 0.079158571323179
0.069628986498028 0.074998934585980
0.061846659978068 0.070783507370367
0.054496737905816 0.066516242726039
0.047586473766990 0.062209450537198
0.041122687158009 0.057843639778169
0.035111757055874 0.053350267884550
0.029559615522887 0.048660477514724
0.024471741852423 0.043696834715177
0.019853157161528 0.038446761565100
0.015708419435684 0.033151277743479
0.012041619030626 0.028119178685890
0.008856374635656 0.023505388274471
0.006155829702431 0.019196239685202
0.003942649342761 0.015100935810437
0.002219017698460 0.011165391234156
0.000986635785864 0.007354304662694
0.000246719817134 0.003642967076800
0.000000000000000 0.000000000000000
0.000246719817134 -0.003727500024986
0.000986635785864 -0.007549225509970
0.002219017698460 -0.011410538848343
0.003942649342761 -0.015247898230623
0.006155829702431 -0.018986755659031
0.008856374635656 -0.022538298764460
0.012041619030626 -0.025795262941323
0.015708419435684 -0.028655691185823
0.019853157161528 -0.031168547552510
0.024471741852423 -0.033465503099549
0.029559615522887 -0.035692119223426
0.035111757055874 -0.037872101729248
0.041122687158009 -0.039981379259471
0.047586473766990 -0.042006123822633
0.054496737905816 -0.043943043013194
0.061846659978068 -0.045794875845381
0.069628986498028 -0.047572161506076
0.077836037248993 -0.049299487283881
0.086459712862719 -0.050972741221158
0.095491502812526 -0.052533979092323
0.104922493812155 -0.053907508318060
0.114743378612105 -0.055065200183556
0.124944465184770 -0.056028791040332
0.135515686289294 -0.056835309202846
0.146446609406726 -0.057534662015089
0.157726447035656 -0.058179133281875
0.169344067338174 -0.058773654018363
0.181288005125655 -0.059274947529966
0.193546473173512 -0.059636946233609
0.206107373853763 -0.059806981250941
0.218958311073935 -0.059763502748114
0.232086602510502 -0.059510180874524
0.245479292124814 -0.059061420235721
0.259123162949142 -0.058432532696147
0.273004750130227 -0.057642243460227
0.287110354217464 -0.056713841358936
0.301426054682610 -0.055673051988496
0.315937723657661 -0.054540230997095
0.330631039877354 -0.053325425645025
0.345491502812526 -0.052030992020502
0.360504446980386 -0.050661990489506
0.375655056417573 -0.049224189224957
0.390928379301729 -0.047723494974828
0.406309342707138 -0.046166685440053
0.421782767479884 -0.044563383520865
0.437333383217848 -0.042927181311518
0.452945843340743 -0.041272248545067
0.468604740235343 -0.039613155314139
0.484294620460936 -0.037965092531062
0.500000000000000 -0.036342353067242
0.515705379539064 -0.034755398278078
0.531395259764657 -0.033197678256349
0.547054156659257 -0.031656638960732
0.562666616782152 -0.030120975778674
0.578217232520115 -0.028578993627440
0.593690657292863 -0.027019410461912
0.609071620698271 -0.025434425580972
0.624344943582427 -0.023833654139298
0.639495553019615 -0.022245539706932
0.654508497187474 -0.020696915693203
0.669368960122646 -0.019212257174508
0.684062276342339 -0.017814525721543
0.698573945317390 -0.016527913064342
0.712889645782536 -0.015361462048044
0.726995249869774 -0.014303067735565
0.740876837050858 -0.013328251300155
0.754520707875186 -0.012414141394449
0.767913397489498 -0.011541050323362
0.781041688926065 -0.010690697254834
0.793892626146237 -0.009847146321096
0.806453526826489 -0.008996716365968
0.818711994874345 -0.008140235300344
0.830655932661826 -0.007288816472762
0.842273552964344 -0.006453162538133
0.853553390593274 -0.005642391233615
0.864484313710706 -0.004864279661493
0.875055534815230 -0.004125239085707
0.885256621387895 -0.003430354471397
0.895077506187845 -0.002783489471520
0.904508497187474 -0.002187351636944
0.913540287137281 -0.001646869417179
0.922163962751008 -0.001168087160815
0.930371013501972 -0.000754652155769
0.938153340021932 -0.000407826666532
0.945503262094184 -0.000126766112734
0.952413526233010 0.000091205553919
0.958877312841991 0.000250309178051
0.964888242944126 0.000356024552399
0.970440384477113 0.000414804949901
0.975528258147577 0.000433795535107
0.980146842838472 0.000420560796469
0.984291580564316 0.000382822705095
0.987958380969374 0.000328213695470
0.991143625364344 0.000264047178468
0.993844170297569 0.000197108687495
0.996057350657239 0.000133468606478
0.997780982301540 0.000078321470402
0.999013364214136 0.000035849997906
0.999753280182866 0.000009119403136
1.000000000000000 0.000000000000000
