1.000000000000000 0.000000000000000
0.999753280182866 0.000066582784280
0.999013364214136 0.000265308744094
0.997780982301540 0.000593173032480
0.996057350657239 0.001045261155895
0.993844170297569 0.001614929563334
0.991143625364344 0.002293998198814
0.987958380969374 0.003073060579881
0.984291580564316 0.003941766913938
0.980146842838472 0.004889200943944
0.975528258147577 0.005904272252077
0.970440384477113 0.006976132257200
0.964888242944126 0.008094604693838
0.958877312841991 0.009250646078286
0.952413526233010 0.010436789825583
0.945503262094184 0.011647596907680
0.938153340021932 0.012880131385747
0.930371013501972 0.014134381432877
0.922163962751008 0.015413727822902
0.913540287137281 0.016725362642394
0.904508497187474 0.018080732874673
0.895077506187845 0.019495530771779
0.885256621387895 0.020978438118665
0.875055534815230 0.022527821792513
0.864484313710706 0.024141033882944
0.853553390593274 0.025814925404620
0.842273552964344 0.027545815626431
0.830655932661826 0.029329468997815
0.818711994874345 0.031161095592983
0.806453526826488 0.033035353739122
0.793892626146236 0.034946335682130
0.781041688926065 0.036888989446762
0.767913397489498 0.038859291874072
0.754520707875186 0.040853233244175
0.740876837050858 0.042866635576917
0.726995249869773 0.044895171705583
0.712889645782536 0.046934503025456
0.698573945317390 0.048980070029782
0.684062276342339 0.051026355182261
0.669368960122646 0.053065230737935
0.654508497187474 0.055087260341062
0.639495553019615 0.057082966027547
0.624344943582427 0.059042681969174
0.609071620698271 0.060956475131998
0.593690657292862 0.062814336047954
0.578217232520115 0.064607801251472
0.562666616782152 0.066329469901706
0.547054156659257 0.067972545133535
0.531395259764657 0.069530694954364
0.515705379539064 0.070997738888801
0.500000000000000 0.072366674291616
0.484294620460936 0.073635789510839
0.468604740235343 0.074812192167416
0.452945843340743 0.075906471703373
0.437333383217848 0.076930431597788
0.421782767479884 0.077894581729887
0.406309342707138 0.078810956488927
0.390928379301729 0.079690187284249
0.375655056417573 0.080518714736900
0.360504446980385 0.081271370481271
0.345491502812526 0.081920131271858
0.330631039877354 0.082439713989494
0.315937723657661 0.082807403413783
0.301426054682610 0.083001644467079
0.287110354217464 0.083007834072053
0.273004750130227 0.082819202482887
0.259123162949142 0.082436182687756
0.245479292124814 0.081860455667871
0.232086602510502 0.081094376300820
0.218958311073935 0.080141835313401
0.206107373853763 0.079008250546766
0.193546473173512 0.077699250866909
0.181288005125655 0.076216080888594
0.169344067338174 0.074553528523349
0.157726447035656 0.072709315356112
0.146446609406726 0.070684632398167
0.135515686289294 0.068479378137471
0.124944465184770 0.066091787399078
0.114743378612105 0.063522448821407
0.104922493812155 0.060776304128966
0.095491502812526 0.057862136805231
0.086459712862719 0.054797350444767
0.077836037248992 0.051606772755237
0.069628986498028 0.048317572682856
0.061846659978068 0.044993364141960
0.054496737905816 0.041717864612892
0.047586473766990 0.038561318234933
0.041122687158009 0.035527168219713
0.035111757055874 0.032541975885824
0.029559615522887 0.029548222732817
0.024471741852423 0.026503310690215
0.019853157161528 0.023388324736058
0.015708419435684 0.020262545458877
0.012041619030626 0.017244875353540
0.008856374635656 0.014414704769482
0.006155829702431 0.011735637808035
0.003942649342761 0.009180193656762
0.002219017698460 0.006734883574868
0.000986635785864 0.004392351400982
0.000246719817134 0.002148253519312
0.000000000000000 0.000000000000000
0.000246719817134 -0.002055107070537
0.000986635785864 -0.004080835235982
0.002219017698460 -0.006118515623300
0.003942649342761 -0.008129994615277
0.006155829702431 -0.010052628852912
0.008856374635656 -0.011792668665848
0.012041619030626 -0.013199457742672
0.015708419435684 -0.014034013781558
0.019853157161528 -0.014194560978425
0.024471741852423 -0.013860650369945
0.029559615522887 -0.013432579807842
0.035111757055874 -0.013052932652183
0.041122687158009 -0.012672055604482
0.047586473766990 -0.012207363376505
0.054496737905816 -0.011542500647817
0.061846659978068 -0.010631716059659
0.069628986498028 -0.009519192170594
0.077836037248993 -0.008280726150711
0.086459712862719 -0.006974594472833
0.095491502812526 -0.005598070414282
0.104922493812155 -0.004139393397528
0.114743378612105 -0.002601527747985
0.124944465184770 -0.001009119707098
0.135515686289294 0.000607054619766
0.146446609406726 0.002209838124611
0.157726447035656 0.003757795457470
0.169344067338174 0.005218046781418
0.181288005125655 0.006565270742621
0.193546473173512 0.007770907993480
0.206107373853763 0.008807803247175
0.218958311073935 0.009664862791882
0.232086602510502 0.010355175119520
0.245479292124814 0.010896851856563
0.259123162949142 0.011311006710286
0.273004750130227 0.011622798652284
0.287110354217464 0.011860315424811
0.301426054682610 0.012057729875911
0.315937723657661 0.012237343465783
0.330631039877354 0.012400400415652
0.345491502812526 0.012540501643233
0.360504446980386 0.012650330684996
0.375655056417573 0.012723407614095
0.390928379301729 0.012752284273500
0.406309342707138 0.012730480998192
0.421782767479884 0.012653743339396
0.437333383217848 0.012521541239876
0.452945843340743 0.012334737224971
0.468604740235343 0.012094007990085
0.484294620460936 0.011799636662787
0.500000000000000 0.011452745667007
0.515705379539064 0.011058256207584
0.531395259764657 0.010626620216035
0.547054156659257 0.010173539353170
0.562666616782152 0.009713435063275
0.578217232520115 0.009260687861459
0.593690657292863 0.008830513413690
0.609071620698271 0.008432787068098
0.624344943582427 0.008069488027638
0.639495553019615 0.007729932813411
0.654508497187474 0.007403058866365
0.669368960122646 0.007079632488748
0.684062276342339 0.006750665448075
0.698573945317390 0.006407180171634
0.712889645782536 0.006043758885612
0.726995249869774 0.005664423531376
0.740876837050858 0.005275849285922
0.754520707875186 0.004884738303258
0.767913397489498 0.004496947917434
0.781041688926065 0.004117843991767
0.793892626146237 0.003752322251167
0.806453526826489 0.003404175613998
0.818711994874345 0.003073104861795
0.830655932661826 0.002754779302974
0.842273552964344 0.002445523199771
0.853553390593274 0.002142204647740
0.864484313710706 0.001842297654796
0.875055534815230 0.001543856195046
0.885256621387895 0.001245495224556
0.895077506187845 0.000946358316284
0.904508497187474 0.000646422444896
0.913540287137281 0.000353622880213
0.922163962751008 0.000081683856677
0.930371013501972 -0.000158873118169
0.938153340021932 -0.000360838300398
0.945503262094184 -0.000519990885365
0.952413526233010 -0.000634753697180
0.958877312841991 -0.000705840251876
0.964888242944126 -0.000735892374249
0.970440384477113 -0.000729121692485
0.975528258147577 -0.000690951346423
0.980146842838472 -0.000627668721124
0.984291580564316 -0.000546091236145
0.987958380969374 -0.000453248588022
0.991143625364344 -0.000356090607692
0.993844170297569 -0.000261215126531
0.996057350657239 -0.000174631394232
0.997780982301540 -0.000101546576272
0.999013364214136 -0.000046198101115
0.999753280182866 -0.000011710430772
1.000000000000000 0.000000000000000
