1.000000000000000 0.000000000000000
0.999753280182866 0.000096934439191
0.999013364214136 0.000387257327646
0.997780982301540 0.000869566364222
0.996057350657239 0.001541532909560
0.993844170297569 0.002399954782148
0.991143625364344 0.003440785204517
0.987958380969374 0.004659184554912
0.984291580564316 0.006049593863658
0.980146842838472 0.007605822075621
0.975528258147577 0.009321088109626
0.970440384477113 0.011188159431547
0.964888242944126 0.013199404629281
0.958877312841991 0.015346913807696
0.952413526233010 0.017622577073698
0.945503262094184 0.020018207820010
0.938153340021932 0.022525634682123
0.930371013501972 0.025136775670503
0.922163962751008 0.027843764120686
0.913540287137281 0.030639041029225
0.904508497187474 0.033515392816287
0.895077506187845 0.036466103689942
0.885256621387895 0.039484869954293
0.875055534815230 0.042565880448089
0.864484313710706 0.045703964007689
0.853553390593274 0.048894625855668
0.842273552964344 0.052134114475344
0.830655932661826 0.055419470668310
0.818711994874345 0.058748528538752
0.806453526826488 0.062119880403847
0.793892626146236 0.065533165217734
0.781041688926065 0.068978457756057
0.767913397489498 0.072437304329604
0.754520707875186 0.075888006922020
0.740876837050858 0.079308174828029
0.726995249869773 0.082674082658497
0.712889645782536 0.085961000951177
0.698573945317390 0.089143538555682
0.684062276342339 0.092196444591957
0.669368960122646 0.095096656347737
0.654508497187474 0.097821191080852
0.639495553019615 0.100346996702811
0.624344943582427 0.102652251838111
0.609071620698271 0.104712391738230
0.593690657292862 0.106504773999024
0.578217232520115 0.108035312353832
0.562666616782152 0.109326599105124
0.547054156659257 0.110412970446105
0.531395259764657 0.111327943532091
0.515705379539064 0.112104792247970
0.500000000000000 0.112780894715962
0.484294620460936 0.113381151558596
0.468604740235343 0.113908349668327
0.452945843340743 0.114358998615269
0.437333383217848 0.114727200963100
0.421782767479884 0.115008786736666
0.406309342707138 0.115200197280986
0.390928379301729 0.115298020845341
0.375655056417573 0.115299002113906
0.360504446980385 0.115200334285392
0.345491502812526 0.115000128768538
0.330631039877354 0.114696478593481
0.315937723657661 0.114287991207777
0.301426054682610 0.113778024288715
0.287110354217464 0.113155937879202
0.273004750130227 0.112384280191263
0.259123162949142 0.111417877348321
0.245479292124814 0.110212991026825
0.232086602510502 0.108732498789395
0.218958311073935 0.106945584598102
0.206107373853763 0.104820457290268
0.193546473173512 0.102340092295007
0.181288005125655 0.099543708657810
0.169344067338174 0.096513615022224
0.157726447035656 0.093336390232346
0.146446609406726 0.090083633599440
0.135515686289294 0.086789217262583
0.124944465184770 0.083429122372351
0.114743378612105 0.079982977259743
0.104922493812155 0.076436616544633
0.095491502812526 0.072782001774971
0.086459712862719 0.069009267626533
0.077836037248992 0.065106513952700
0.069628986498028 0.061068714265898
0.061846659978068 0.056911821721130
0.054496737905816 0.052669444707478
0.047586473766990 0.048382098767526
0.041122687158009 0.044094490250252
0.035111757055874 0.039846061616878
0.029559615522887 0.035668489356450
0.024471741852423 0.031588222480340
0.019853157161528 0.027605368513014
0.015708419435684 0.023721416338247
0.012041619030626 0.020017229607674
0.008856374635656 0.016549891565769
0.006155829702431 0.013297202662269
0.003942649342761 0.010246694734570
0.002219017698460 0.007393213772168
0.000986635785864 0.004734671184690
0.000246719817134 0.002270281515366
0.000000000000000 0.000000000000000
0.000246719817134 -0.002075872451080
0.000986635785864 -0.003959362339880
0.002219017698460 -0.005718314158377
0.003942649342761 -0.007422249466917
0.006155829702431 -0.009090256643490
0.008856374635656 -0.010733446449555
0.012041619030626 -0.012366196615227
0.015708419435684 -0.014010272291277
0.019853157161528 -0.015630239141861
0.024471741852423 -0.017161997694974
0.029559615522887 -0.018585757184227
0.035111757055874 -0.019903416952190
0.041122687158009 -0.021121031685881
0.047586473766990 -0.022257362566782
0.054496737905816 -0.023345304788764
0.061846659978068 -0.024388494564465
0.069628986498028 -0.025352430779352
0.077836037248993 -0.026198104058948
0.086459712862719 -0.026861546608740
0.095491502812526 -0.027223991971030
0.104922493812155 -0.027137454119478
0.114743378612105 -0.026531477969277
0.124944465184770 -0.025465501601167
0.135515686289294 -0.024036960098938
0.146446609406726 -0.022377390467046
0.157726447035656 -0.020642712930062
0.169344067338174 -0.018897894268327
0.181288005125655 -0.017121840314774
0.193546473173512 -0.015287346650418
0.206107373853763 -0.013364959516333
0.218958311073935 -0.011340960897883
0.232086602510502 -0.009229165014016
0.245479292124814 -0.007047665989550
0.259123162949142 -0.004815960948546
0.273004750130227 -0.002556273189694
0.287110354217464 -0.000292340261959
0.301426054682610 0.001947968541793
0.315937723657661 0.004146412463579
0.330631039877354 0.006300426872526
0.345491502812526 0.008414839252326
0.360504446980386 0.010495514971057
0.375655056417573 0.012548170993561
0.390928379301729 0.014580509599564
0.406309342707138 0.016598030963304
0.421782767479884 0.018601231512044
0.437333383217848 0.020580204101607
0.452945843340743 0.022522165211145
0.468604740235343 0.024415541241197
0.484294620460936 0.026249809303888
0.500000000000000 0.028013255504255
0.515705379539064 0.029688616356838
0.531395259764657 0.031247951228802
0.547054156659257 0.032654371010089
0.562666616782152 0.033874808154614
0.578217232520115 0.034876486012088
0.593690657292863 0.035625610462828
0.609071620698271 0.036104034592776
0.624344943582427 0.036317439984904
0.639495553019615 0.036310745675170
0.654508497187474 0.036129702775868
0.669368960122646 0.035814761491621
0.684062276342339 0.035405239491179
0.698573945317390 0.034941373838139
0.712889645782536 0.034448395738491
0.726995249869774 0.033908289160865
0.740876837050858 0.033291730275577
0.754520707875186 0.032570095510403
0.767913397489498 0.031719691587729
0.781041688926065 0.030720234104375
0.793892626146237 0.029553722545904
0.806453526826489 0.028210632573288
0.818711994874345 0.026711716389190
0.830655932661826 0.025110347787679
0.842273552964344 0.023454031040869
0.853553390593274 0.021785380660488
0.864484313710706 0.020141367574614
0.875055534815230 0.018553369480709
0.885256621387895 0.017047237881004
0.895077506187845 0.015643512898157
0.904508497187474 0.014356637054794
0.913540287137281 0.013177805101093
0.922163962751008 0.012080186033413
0.930371013501972 0.011042173285317
0.938153340021932 0.010047690533611
0.945503262094184 0.009085669718278
0.952413526233010 0.008149492762011
0.958877312841991 0.007236439064298
0.964888242944126 0.006347136102081
0.970440384477113 0.005484998881882
0.975528258147577 0.004655688368866
0.980146842838472 0.003866566884895
0.984291580564316 0.003126183497658
0.987958380969374 0.002443747892846
0.991143625364344 0.001828670386527
0.993844170297569 0.001290101198130
0.996057350657239 0.000836522292962
0.997780982301540 0.000475391807881
0.999013364214136 0.000212848908157
0.999753280182866 0.000053448876290
1.000000000000000 0.000000000000000
