1.000000000000000 0.000000000000000
0.999753280182866 0.000068305118617
0.999013364214136 0.000273164304096
0.997780982301540 0.000614393927400
0.996057350657239 0.001091696160388
0.993844170297569 0.001704651792825
0.991143625364344 0.002452702394791
0.987958380969374 0.003335185387644
0.984291580564316 0.004351270602608
0.980146842838472 0.005500018284423
0.975528258147577 0.006780333820681
0.970440384477113 0.008190960989948
0.964888242944126 0.009730499193466
0.958877312841991 0.011397381195913
0.952413526233010 0.013189860373592
0.945503262094184 0.015106027160149
0.938153340021932 0.017143771655292
0.930371013501972 0.019300800092890
0.922163962751008 0.021574622379782
0.913540287137281 0.023962530892664
0.904508497187474 0.026461618833945
0.895077506187845 0.029068653576809
0.885256621387895 0.031776815588191
0.875055534815230 0.034574988198343
0.864484313710706 0.037450061190310
0.853553390593274 0.040387015786360
0.842273552964344 0.043368938755199
0.830655932661826 0.046376989383397
0.818711994874345 0.049390466002579
0.806453526826488 0.052387037114985
0.793892626146236 0.055342402149042
0.781041688926065 0.058242901241663
0.767913397489498 0.061084296779951
0.754520707875186 0.063865416616483
0.740876837050858 0.066585571964438
0.726995249869773 0.069245277785346
0.712889645782536 0.071846311260491
0.698573945317390 0.074391085674327
0.684062276342339 0.076880319846675
0.669368960122646 0.079306352858950
0.654508497187474 0.081659440026744
0.639495553019615 0.083930351642147
0.624344943582427 0.086109854991989
0.609071620698271 0.088188981712830
0.593690657292862 0.090159024753776
0.578217232520115 0.092011018949094
0.562666616782152 0.093735954781306
0.547054156659257 0.095324920827969
0.531395259764657 0.096769690349896
0.515705379539064 0.098062368736940
0.500000000000000 0.099194628123086
0.484294620460936 0.100163313560142
0.468604740235343 0.100972137392469
0.452945843340743 0.101628056929024
0.437333383217848 0.102139239415346
0.421782767479884 0.102513186004504
0.406309342707138 0.102759018249886
0.390928379301729 0.102884645084378
0.375655056417573 0.102878332883424
0.360504446980385 0.102719812922386
0.345491502812526 0.102387194867853
0.330631039877354 0.101861394317935
0.315937723657661 0.101125273550967
0.301426054682610 0.100161351213273
0.287110354217464 0.098965183900789
0.273004750130227 0.097547114614650
0.259123162949142 0.095929076004623
0.245479292124814 0.094133057523508
0.232086602510502 0.092179319963411
0.218958311073935 0.090088186114099
0.206107373853763 0.087880619040300
0.193546473173512 0.085573086071447
0.181288005125655 0.083167742008822
0.169344067338174 0.080648763134080
0.157726447035656 0.078004920892966
0.146446609406726 0.075227825079346
0.135515686289294 0.072325369425749
0.124944465184770 0.069320732124969
0.114743378612105 0.066240053210348
0.104922493812155 0.063108054147934
0.095491502812526 0.059948124150939
0.086459712862719 0.056757512507518
0.077836037248992 0.053513864953745
0.069628986498028 0.050203389322185
0.061846659978068 0.046841785963548
0.054496737905816 0.043462463627459
0.047586473766990 0.040101100926571
0.041122687158009 0.036789088282398
0.035111757055874 0.033549365250907
0.029559615522887 0.030402526455207
0.024471741852423 0.027368455490028
0.019853157161528 0.024417317999360
0.015708419435684 0.021445528034769
0.012041619030626 0.018449582131612
0.008856374635656 0.015495039707473
0.006155829702431 0.012621152502218
0.003942649342761 0.009848615670006
0.002219017698460 0.007191259778152
0.000986635785864 0.004659141827545
0.000246719817134 0.002260013440949
0.000000000000000 0.000000000000000
0.000246719817134 -0.002115939871538
0.000986635785864 -0.004117818317579
0.002219017698460 -0.006093127725656
0.003942649342761 -0.008050155084271
0.006155829702431 -0.009973256302704
0.008856374635656 -0.011834858539456
0.012041619030626 -0.013589552581778
0.015708419435684 -0.015158294755146
0.019853157161528 -0.016462611107074
0.024471741852423 -0.017511602391913
0.029559615522887 -0.018413952083010
0.035111757055874 -0.019206503068781
0.041122687158009 -0.019875767241623
0.047586473766990 -0.020415264279387
0.054496737905816 -0.020824883281649
0.061846659978068 -0.021081492518445
0.069628986498028 -0.021137525261459
0.077836037248993 -0.020939045523324
0.086459712862719 -0.020475429273284
0.095491502812526 -0.019828796762671
0.104922493812155 -0.019118129067133
0.114743378612105 -0.018411357571499
0.124944465184770 -0.017693858829589
0.135515686289294 -0.016943104658952
0.146446609406726 -0.016130464260953
0.157726447035656 -0.015224344076024
0.169344067338174 -0.014211408770350
0.181288005125655 -0.013095223083835
0.193546473173512 -0.011880760789000
0.206107373853763 -0.010574955507011
0.218958311073935 -0.009186214578956
0.232086602510502 -0.007724405041943
0.245479292124814 -0.006201077102433
0.259123162949142 -0.004629539110443
0.273004750130227 -0.003024649363362
0.287110354217464 -0.001402630988207
0.301426054682610 0.000217780257571
0.315937723657661 0.001822478554701
0.330631039877354 0.003405819968027
0.345491502812526 0.004965396550785
0.360504446980386 0.006499211264698
0.375655056417573 0.008005003388320
0.390928379301729 0.009481126989040
0.406309342707138 0.010925343969284
0.421782767479884 0.012334024141364
0.437333383217848 0.013700900457866
0.452945843340743 0.015019000486346
0.468604740235343 0.016281858210273
0.484294620460936 0.017483111493102
0.500000000000000 0.018616534621096
0.515705379539064 0.019676114690514
0.531395259764657 0.020656041024111
0.547054156659257 0.021550746033914
0.562666616782152 0.022355003711808
0.578217232520115 0.023064147402962
0.593690657292863 0.023674166263630
0.609071620698271 0.024180587918113
0.624344943582427 0.024577999294730
0.639495553019615 0.024859055942983
0.654508497187474 0.025017026478968
0.669368960122646 0.025046403271602
0.684062276342339 0.024942863491601
0.698573945317390 0.024701989866396
0.712889645782536 0.024325077378534
0.726995249869774 0.023829910776955
0.740876837050858 0.023238601914944
0.754520707875186 0.022572980092456
0.767913397489498 0.021852980348564
0.781041688926065 0.021097142561029
0.793892626146237 0.020322883072523
0.806453526826489 0.019544364723056
0.818711994874345 0.018764307480750
0.830655932661826 0.017973617691480
0.842273552964344 0.017165190931427
0.853553390593274 0.016333480832577
0.864484313710706 0.015474682574433
0.875055534815230 0.014586643039257
0.885256621387895 0.013668794846045
0.895077506187845 0.012722049810050
0.904508497187474 0.011749048857790
0.913540287137281 0.010759760774058
0.922163962751008 0.009769851489190
0.930371013501972 0.008793092612873
0.938153340021932 0.007841201666376
0.945503262094184 0.006923975772151
0.952413526233010 0.006049432783039
0.958877312841991 0.005223980034521
0.964888242944126 0.004452592755391
0.970440384477113 0.003738973899059
0.975528258147577 0.003085747742850
0.980146842838472 0.002494621035898
0.984291580564316 0.001966561307190
0.987958380969374 0.001501955557690
0.991143625364344 0.001100758420845
0.993844170297569 0.000762628376351
0.996057350657239 0.000487065267001
0.997780982301540 0.000273500327329
0.999013364214136 0.000121398842464
0.999753280182866 0.000030325784299
1.000000000000000 0.000000000000000
