1.000000000000000 0.000000000000000
0.999753280182866 0.000034568243275
0.999013364214136 0.000138021191478
0.997780982301540 0.000309628998043
0.996057350657239 0.000548190145154
0.993844170297569 0.000852093187953
0.991143625364344 0.001219348898171
0.987958380969374 0.001647683465271
0.984291580564316 0.002134603389417
0.980146842838472 0.002677504207243
0.975528258147577 0.003273775429836
0.970440384477113 0.003920912896629
0.964888242944126 0.004616648427834
0.958877312841991 0.005359078867442
0.952413526233010 0.006146808684406
0.945503262094184 0.006979077942943
0.938153340021932 0.007855909298100
0.930371013501972 0.008778249885600
0.922163962751008 0.009748104845364
0.913540287137281 0.010768679844809
0.904508497187474 0.011844493656126
0.895077506187845 0.012981307099103
0.885256621387895 0.014181220766204
0.875055534815230 0.015441480763800
0.864484313710706 0.016758253923151
0.853553390593274 0.018126771139940
0.842273552964344 0.019541282446442
0.830655932661826 0.020995043764283
0.818711994874345 0.022480264903502
0.806453526826488 0.023988248355713
0.793892626146236 0.025509163488653
0.781041688926065 0.027040617471313
0.767913397489498 0.028587543354592
0.754520707875186 0.030157007398806
0.740876837050858 0.031756956714640
0.726995249869773 0.033396303696670
0.712889645782536 0.035085618770222
0.698573945317390 0.036835393021457
0.684062276342339 0.038650494014313
0.669368960122646 0.040515221489713
0.654508497187474 0.042406525450366
0.639495553019615 0.044301163941623
0.624344943582427 0.046175088540537
0.609071620698271 0.048000944959921
0.593690657292862 0.049752290094269
0.578217232520115 0.051422640198248
0.562666616782152 0.053018119395295
0.547054156659257 0.054553584510708
0.531395259764657 0.056041853301812
0.515705379539064 0.057496556493135
0.500000000000000 0.058934747858922
0.484294620460936 0.060357103234103
0.468604740235343 0.061748044343773
0.452945843340743 0.063080355975281
0.437333383217848 0.064325961925376
0.421782767479884 0.065459989748534
0.406309342707138 0.066457566522384
0.390928379301729 0.067296216762939
0.375655056417573 0.067959314057828
0.360504446980385 0.068433949220548
0.345491502812526 0.068709834553362
0.330631039877354 0.068777762076292
0.315937723657661 0.068629603348512
0.301426054682610 0.068259122572784
0.287110354217464 0.067664520267143
0.273004750130227 0.066852580814618
0.259123162949142 0.065836089625210
0.245479292124814 0.064627225423106
0.232086602510502 0.063238566872770
0.218958311073935 0.061683334688972
0.206107373853763 0.059974735760538
0.193546473173512 0.058126612247920
0.181288005125655 0.056162026794267
0.169344067338174 0.054109532539727
0.157726447035656 0.051996936491870
0.146446609406726 0.049849542177890
0.135515686289294 0.047671572864358
0.124944465184770 0.045440497292605
0.114743378612105 0.043137045523938
0.104922493812155 0.040748787839256
0.095491502812526 0.038270345652473
0.086459712862719 0.035749322175340
0.077836037248992 0.033270768084739
0.069628986498028 0.030898379130635
0.061846659978068 0.028612523087757
0.054496737905816 0.026358108874740
0.047586473766990 0.024104264058487
0.041122687158009 0.021866189668913
0.035111757055874 0.019692038258596
0.029559615522887 0.017618787959224
0.024471741852423 0.015674058123949
0.019853157161528 0.013824975489968
0.015708419435684 0.011964930147463
0.012041619030626 0.010116963176467
0.008856374635656 0.008348589191769
0.006155829702431 0.006679022023308
0.003942649342761 0.005115233944536
0.002219017698460 0.003662095913929
0.000986635785864 0.002323324766921
0.000246719817134 0.001101839814492
0.000000000000000 0.000000000000000
0.000246719817134 -0.000982814408885
0.000986635785864 -0.001894599139450
0.002219017698460 -0.002759872650427
0.003942649342761 -0.003572471804346
0.006155829702431 -0.004320586251011
0.008856374635656 -0.004984792455846
0.012041619030626 -0.005529223051384
0.015708419435684 -0.005872991747504
0.019853157161528 -0.005904566004832
0.024471741852423 -0.005637095751354
0.029559615522887 -0.005306089240863
0.035111757055874 -0.004989743290976
0.041122687158009 -0.004652261698420
0.047586473766990 -0.004242090364533
0.054496737905816 -0.003688565146305
0.061846659978068 -0.002970093692544
0.069628986498028 -0.002129605205547
0.077836037248993 -0.001238605164055
0.086459712862719 -0.000350441157050
0.095491502812526 0.000544200935401
0.104922493812155 0.001464477654338
0.114743378612105 0.002414130651662
0.124944465184770 0.003376824101930
0.135515686289294 0.004331885822564
0.146446609406726 0.005254577405838
0.157726447035656 0.006119206885540
0.169344067338174 0.006913011482983
0.181288005125655 0.007636114291600
0.193546473173512 0.008289538732620
0.206107373853763 0.008876029822980
0.218958311073935 0.009397109857243
0.232086602510502 0.009853271875088
0.245479292124814 0.010245471260214
0.259123162949142 0.010575789534629
0.273004750130227 0.010847183090322
0.287110354217464 0.011063448395580
0.301426054682610 0.011229492934659
0.315937723657661 0.011345885975673
0.330631039877354 0.011399021377593
0.345491502812526 0.011371590429161
0.360504446980386 0.011245746519654
0.375655056417573 0.011003823380535
0.390928379301729 0.010623779724532
0.406309342707138 0.010089625026345
0.421782767479884 0.009406601760108
0.437333383217848 0.008602099649668
0.452945843340743 0.007716082082702
0.468604740235343 0.006784578989850
0.484294620460936 0.005847219138154
0.500000000000000 0.004944885419955
0.515705379539064 0.004098855145767
0.531395259764657 0.003310777110449
0.547054156659257 0.002560285743215
0.562666616782152 0.001829832640846
0.578217232520115 0.001103768255413
0.593690657292863 0.000362731636030
0.609071620698271 -0.000401756038083
0.624344943582427 -0.001182166763943
0.639495553019615 -0.001948875216431
0.654508497187474 -0.002670117008711
0.669368960122646 -0.003319056679261
0.684062276342339 -0.003870332131995
0.698573945317390 -0.004299471710735
0.712889645782536 -0.004591790223512
0.726995249869774 -0.004765609855737
0.740876837050858 -0.004847627206791
0.754520707875186 -0.004863911123348
0.767913397489498 -0.004837901490381
0.781041688926065 -0.004790891846891
0.793892626146237 -0.004742598213604
0.806453526826489 -0.004708292349584
0.818711994874345 -0.004689976545063
0.830655932661826 -0.004675413049221
0.842273552964344 -0.004654383347818
0.853553390593274 -0.004618135020908
0.864484313710706 -0.004559614438569
0.875055534815230 -0.004473389963900
0.885256621387895 -0.004355594061039
0.895077506187845 -0.004203839172834
0.904508497187474 -0.004017289656435
0.913540287137281 -0.003799159876089
0.922163962751008 -0.003555917723147
0.930371013501972 -0.003293729707095
0.938153340021932 -0.003018340928196
0.945503262094184 -0.002735076482760
0.952413526233010 -0.002448847575733
0.958877312841991 -0.002164161973752
0.964888242944126 -0.001885139371035
0.970440384477113 -0.001615516091594
0.975528258147577 -0.001358667922346
0.980146842838472 -0.001117614964386
0.984291580564316 -0.000895039680419
0.987958380969374 -0.000693302357948
0.991143625364344 -0.000514449157370
0.993844170297569 -0.000360226748794
0.996057350657239 -0.000232092905030
0.997780982301540 -0.000131226385318
0.999013364214136 -0.000058536429055
0.999753280182866 -0.000014665919481
1.000000000000000 0.000000000000000
