1.000000000000000 0.000000000000000
0.999753280182866 0.000096152306415
0.999013364214136 0.000384336658449
0.997780982301540 0.000863717987153
0.996057350657239 0.001532887081692
0.993844170297569 0.002389841453502
0.991143625364344 0.003431959061702
0.987958380969374 0.004655972022660
0.984291580564316 0.006057881314653
0.980146842838472 0.007632979226024
0.975528258147577 0.009375728429678
0.970440384477113 0.011279756962060
0.964888242944126 0.013337772231845
0.958877312841991 0.015541526579895
0.952413526233010 0.017881750901400
0.945503262094184 0.020348103477465
0.938153340021932 0.022929146798449
0.930371013501972 0.025612291473232
0.922163962751008 0.028383765282316
0.913540287137281 0.031228610367827
0.904508497187474 0.034130707404529
0.895077506187845 0.037072746671714
0.885256621387895 0.040041579518179
0.875055534815230 0.043030070974747
0.864484313710706 0.046032889811869
0.853553390593274 0.049046150627292
0.842273552964344 0.052067469029107
0.830655932661826 0.055096080919026
0.818711994874345 0.058132849159926
0.806453526826488 0.061180141849852
0.793892626146236 0.064242584624635
0.781041688926065 0.067317403075521
0.767913397489498 0.070393645692782
0.754520707875186 0.073457705395070
0.740876837050858 0.076495971898554
0.726995249869773 0.079494429220497
0.712889645782536 0.082438299641463
0.698573945317390 0.085312948244139
0.684062276342339 0.088106607255494
0.669368960122646 0.090818151192456
0.654508497187474 0.093452391370275
0.639495553019615 0.096014245884555
0.624344943582427 0.098509103863669
0.609071620698271 0.100943864626647
0.593690657292862 0.103327306159203
0.578217232520115 0.105654384167814
0.562666616782152 0.107907674529082
0.547054156659257 0.110065032961639
0.531395259764657 0.112104104912253
0.515705379539064 0.114003963385607
0.500000000000000 0.115742633244303
0.484294620460936 0.117303719626058
0.468604740235343 0.118694411354073
0.452945843340743 0.119928981631241
0.437333383217848 0.121023719127588
0.421782767479884 0.121995120391699
0.406309342707138 0.122859209685683
0.390928379301729 0.123629832261961
0.375655056417573 0.124303898286961
0.360504446980385 0.124851720773035
0.345491502812526 0.125244269368822
0.330631039877354 0.125455586933826
0.315937723657661 0.125461926282419
0.301426054682610 0.125241888324840
0.287110354217464 0.124778085323753
0.273004750130227 0.124065754432441
0.259123162949142 0.123106171248426
0.245479292124814 0.121902520446669
0.232086602510502 0.120459223359015
0.218958311073935 0.118781787508882
0.206107373853763 0.116877071110422
0.193546473173512 0.114754152543804
0.181288005125655 0.112412959943063
0.169344067338174 0.109844967076785
0.157726447035656 0.107042639239839
0.146446609406726 0.104001754681704
0.135515686289294 0.100727058057163
0.124944465184770 0.097233001518673
0.114743378612105 0.093538854447895
0.104922493812155 0.089664655977782
0.095491502812526 0.085631666141139
0.086459712862719 0.081452389644972
0.077836037248992 0.077123384048998
0.069628986498028 0.072642944753803
0.061846659978068 0.067975982755475
0.054496737905816 0.063047385876400
0.047586473766990 0.057784628677607
0.041122687158009 0.052191060503118
0.035111757055874 0.046459004730715
0.029559615522887 0.040802409847488
0.024471741852423 0.035413406087042
0.019853157161528 0.030428633061028
0.015708419435684 0.025879519760093
0.012041619030626 0.021784451482314
0.008856374635656 0.018117223265858
0.006155829702431 0.014735443464178
0.003942649342761 0.011548305155955
0.002219017698460 0.008506589421104
0.000986635785864 0.005580263002162
0.000246719817134 0.002749612658782
0.000000000000000 0.000000000000000
0.000246719817134 -0.002785072881264
0.000986635785864 -0.005670415246587
0.002219017698460 -0.008624562315225
0.003942649342761 -0.011608355782288
0.006155829702431 -0.014571440854648
0.008856374635656 -0.017446863570868
0.012041619030626 -0.020141437544934
0.015708419435684 -0.022525152377534
0.019853157161528 -0.024498759599887
0.024471741852423 -0.026027536804529
0.029559615522887 -0.027116101131379
0.035111757055874 -0.027793641497394
0.041122687158009 -0.028126918340074
0.047586473766990 -0.028237419451602
0.054496737905816 -0.028312263329760
0.061846659978068 -0.028447484477002
0.069628986498028 -0.028610647756311
0.077836037248993 -0.028746435391725
0.086459712862719 -0.028802771849878
0.095491502812526 -0.028752525127273
0.104922493812155 -0.028570417059379
0.114743378612105 -0.028240589998060
0.124944465184770 -0.027763002810078
0.135515686289294 -0.027142289283184
0.146446609406726 -0.026387463452216
0.157726447035656 -0.025511387284736
0.169344067338174 -0.024520523450019
0.181288005125655 -0.023416755961703
0.193546473173512 -0.022202786686681
0.206107373853763 -0.020883752813366
0.218958311073935 -0.019472663286930
0.232086602510502 -0.017993868971809
0.245479292124814 -0.016475552233479
0.259123162949142 -0.014949679807396
0.273004750130227 -0.013451133710241
0.287110354217464 -0.012018195766998
0.301426054682610 -0.010693819803411
0.315937723657661 -0.009509913131104
0.330631039877354 -0.008485936611110
0.345491502812526 -0.007631623570168
0.360504446980386 -0.006956942426074
0.375655056417573 -0.006472891053984
0.390928379301729 -0.006190553626546
0.406309342707138 -0.006116343572297
0.421782767479884 -0.006246379868399
0.437333383217848 -0.006553541469013
0.452945843340743 -0.007006526073312
0.468604740235343 -0.007574643247280
0.484294620460936 -0.008224758899280
0.500000000000000 -0.008924010402411
0.515705379539064 -0.009643130447209
0.531395259764657 -0.010363018530487
0.547054156659257 -0.011071673376354
0.562666616782152 -0.011755893565915
0.578217232520115 -0.012402570030079
0.593690657292863 -0.012999336541757
0.609071620698271 -0.013534862131507
0.624344943582427 -0.013999707715195
0.639495553019615 -0.014387243265394
0.654508497187474 -0.014691413383128
0.669368960122646 -0.014906819344874
0.684062276342339 -0.015029107092563
0.698573945317390 -0.015053699510210
0.712889645782536 -0.014980358615676
0.726995249869774 -0.014817982801761
0.740876837050858 -0.014578923800472
0.754520707875186 -0.014275583953874
0.767913397489498 -0.013919277021826
0.781041688926065 -0.013520805259707
0.793892626146237 -0.013090286814909
0.806453526826489 -0.012636644999031
0.818711994874345 -0.012162125343243
0.830655932661826 -0.011662836103985
0.842273552964344 -0.011135844933569
0.853553390593274 -0.010579276318534
0.864484313710706 -0.009992336971185
0.875055534815230 -0.009375258529481
0.885256621387895 -0.008729247908402
0.895077506187845 -0.008056452511576
0.904508497187474 -0.007360062105675
0.913540287137281 -0.006650889107295
0.922163962751008 -0.005945458320217
0.930371013501972 -0.005257733160812
0.938153340021932 -0.004598822319612
0.945503262094184 -0.003977230245487
0.952413526233010 -0.003399107345074
0.958877312841991 -0.002868519074375
0.964888242944126 -0.002387716599014
0.970440384477113 -0.001957413942041
0.975528258147577 -0.001577069901536
0.980146842838472 -0.001245151078723
0.984291580564316 -0.000959395895674
0.987958380969374 -0.000717059029267
0.991143625364344 -0.000515141381936
0.993844170297569 -0.000350595433578
0.996057350657239 -0.000220519970760
0.997780982301540 -0.000122309782266
0.999013364214136 -0.000053799338038
0.999753280182866 -0.000013364985013
1.000000000000000 0.000000000000000
