1.000000000000000 0.000000000000000
0.999753280182866 0.000039804586287
0.999013364214136 0.000159254310468
0.997780982301540 0.000358469274866
0.996057350657239 0.000637629635448
0.993844170297569 0.000996981847007
0.991143625364344 0.001436805847090
0.987958380969374 0.001957413008577
0.984291580564316 0.002559108218417
0.980146842838472 0.003242174646463
0.975528258147577 0.004006828819455
0.970440384477113 0.004853205225346
0.964888242944126 0.005781302944801
0.958877312841991 0.006790962874722
0.952413526233010 0.007881813542867
0.945503262094184 0.009053248888228
0.938153340021932 0.010304363268649
0.930371013501972 0.011633934909346
0.922163962751008 0.013040373635884
0.913540287137281 0.014521672611147
0.904508497187474 0.016075395643964
0.895077506187845 0.017698620837308
0.885256621387895 0.019387920908652
0.875055534815230 0.021139325509006
0.864484313710706 0.022948312155449
0.853553390593274 0.024809777113372
0.842273552964344 0.026718026597166
0.830655932661826 0.028666770614894
0.818711994874345 0.030649107890257
0.806453526826488 0.032657575170510
0.793892626146236 0.034684093540024
0.781041688926065 0.036721048779560
0.767913397489498 0.038761241897447
0.754520707875186 0.040797352797970
0.740876837050858 0.042821777540504
0.726995249869773 0.044826706687621
0.712889645782536 0.046804206250362
0.698573945317390 0.048746116009264
0.684062276342339 0.050643609224083
0.669368960122646 0.052485913195227
0.654508497187474 0.054261507539182
0.639495553019615 0.055958840791606
0.624344943582427 0.057566725666388
0.609071620698271 0.059072817673873
0.593690657292862 0.060465660377932
0.578217232520115 0.061744881305163
0.562666616782152 0.062917105777338
0.547054156659257 0.063993922974181
0.531395259764657 0.064986241054680
0.515705379539064 0.065905575128755
0.500000000000000 0.066765773232166
0.484294620460936 0.067571623243439
0.468604740235343 0.068317979682700
0.452945843340743 0.068993840501263
0.437333383217848 0.069587426800445
0.421782767479884 0.070088809249187
0.406309342707138 0.070488073190809
0.390928379301729 0.070776462416363
0.375655056417573 0.070949188681231
0.360504446980385 0.071003642472852
0.345491502812526 0.070938703557747
0.330631039877354 0.070753700845708
0.315937723657661 0.070448604025010
0.301426054682610 0.070024159249981
0.287110354217464 0.069481945073593
0.273004750130227 0.068824360984267
0.259123162949142 0.068054536305230
0.245479292124814 0.067176040725015
0.232086602510502 0.066193018784691
0.218958311073935 0.065110031106966
0.206107373853763 0.063932117434537
0.193546473173512 0.062664861240024
0.181288005125655 0.061301429867837
0.169344067338174 0.059828121264958
0.157726447035656 0.058233964916783
0.146446609406726 0.056512580001001
0.135515686289294 0.054661652864645
0.124944465184770 0.052682878663418
0.114743378612105 0.050581744196803
0.104922493812155 0.048367175622734
0.095491502812526 0.046052446300459
0.086459712862719 0.043669667975840
0.077836037248992 0.041264720102249
0.069628986498028 0.038875645494952
0.061846659978068 0.036534370130182
0.054496737905816 0.034267402748823
0.047586473766990 0.032096601049883
0.041122687158009 0.029959987831790
0.035111757055874 0.027731931443928
0.029559615522887 0.025372750364410
0.024471741852423 0.022917514895809
0.019853157161528 0.020429700363199
0.015708419435684 0.017949229906931
0.012041619030626 0.015497893560494
0.008856374635656 0.013090032735128
0.006155829702431 0.010735937979334
0.003942649342761 0.008443506928437
0.002219017698460 0.006218986596005
0.000986635785864 0.004067508800485
0.000246719817134 0.001993323152521
0.000000000000000 0.000000000000000
0.000246719817134 -0.001916679172355
0.000986635785864 -0.003827712403901
0.002219017698460 -0.005755215415984
0.003942649342761 -0.007692202660696
0.006155829702431 -0.009628280182711
0.008856374635656 -0.011550058067596
0.012041619030626 -0.013439912837595
0.015708419435684 -0.015273728460711
0.019853157161528 -0.017016090420422
0.024471741852423 -0.018610383474484
0.029559615522887 -0.019961896008972
0.035111757055874 -0.020978582800715
0.041122687158009 -0.021634655185690
0.047586473766990 -0.022016261928542
0.054496737905816 -0.022337018620893
0.061846659978068 -0.022706952642748
0.069628986498028 -0.023108705645642
0.077836037248993 -0.023515858012800
0.086459712862719 -0.023894504882755
0.095491502812526 -0.024201868827908
0.104922493812155 -0.024385972440378
0.114743378612105 -0.024414788183928
0.124944465184770 -0.024288125960874
0.135515686289294 -0.024011863613782
0.146446609406726 -0.023598045660634
0.157726447035656 -0.023064956272819
0.169344067338174 -0.022437646981788
0.181288005125655 -0.021747419856809
0.193546473173512 -0.021033667836644
0.206107373853763 -0.020338614646184
0.218958311073935 -0.019687277552237
0.232086602510502 -0.019077917031866
0.245479292124814 -0.018505647642418
0.259123162949142 -0.017965859623056
0.273004750130227 -0.017452216101183
0.287110354217464 -0.016957776494624
0.301426054682610 -0.016474061405215
0.315937723657661 -0.015994944884705
0.330631039877354 -0.015518992273525
0.345491502812526 -0.015046242197452
0.360504446980386 -0.014576894780743
0.375655056417573 -0.014110845378704
0.390928379301729 -0.013647641644750
0.406309342707138 -0.013187646778511
0.421782767479884 -0.012732905920293
0.437333383217848 -0.012288466321316
0.452945843340743 -0.011860290287727
0.468604740235343 -0.011453777856920
0.484294620460936 -0.011075087150577
0.500000000000000 -0.010729889801609
0.515705379539064 -0.010420031430551
0.531395259764657 -0.010141947678463
0.547054156659257 -0.009886770922947
0.562666616782152 -0.009646638904533
0.578217232520115 -0.009413887209732
0.593690657292863 -0.009180277736731
0.609071620698271 -0.008940115969354
0.624344943582427 -0.008691462310399
0.639495553019615 -0.008438370585427
0.654508497187474 -0.008185171382466
0.669368960122646 -0.007935373889573
0.684062276342339 -0.007692409879067
0.698573945317390 -0.007459861493318
0.712889645782536 -0.007239379935111
0.726995249869774 -0.007027034635357
0.740876837050858 -0.006817490892500
0.754520707875186 -0.006605618354959
0.767913397489498 -0.006387032033171
0.781041688926065 -0.006157888835209
0.793892626146237 -0.005914858559798
0.806453526826489 -0.005655574830765
0.818711994874345 -0.005380691449648
0.830655932661826 -0.005093879940688
0.842273552964344 -0.004798530525875
0.853553390593274 -0.004497827421013
0.864484313710706 -0.004194689497567
0.875055534815230 -0.003891784003964
0.885256621387895 -0.003591522709770
0.895077506187845 -0.003296069037551
0.904508497187474 -0.003007343866973
0.913540287137281 -0.002727035106760
0.922163962751008 -0.002456606078712
0.930371013501972 -0.002197312467961
0.938153340021932 -0.001950209666238
0.945503262094184 -0.001716172957883
0.952413526233010 -0.001495911517946
0.958877312841991 -0.001289983506386
0.964888242944126 -0.001098814577147
0.970440384477113 -0.000922713927694
0.975528258147577 -0.000761891384080
0.980146842838472 -0.000616475407057
0.984291580564316 -0.000486525926684
0.987958380969374 -0.000372052587389
0.991143625364344 -0.000273027698724
0.993844170297569 -0.000189398557837
0.996057350657239 -0.000121100350300
0.997780982301540 -0.000068066192942
0.999013364214136 -0.000030234135167
0.999753280182866 -0.000007555836890
1.000000000000000 0.000000000000000
