1.000000000000000 0.000000000000000
0.999753280182866 0.000067710667542
0.999013364214136 0.000271005701872
0.997780982301540 0.000610356269004
0.996057350657239 0.001086532373772
0.993844170297569 0.001700543179946
0.991143625364344 0.002453586531478
0.987958380969374 0.003346978721205
0.984291580564316 0.004382055003379
0.980146842838472 0.005560071737889
0.975528258147577 0.006882086228969
0.970440384477113 0.008348820299227
0.964888242944126 0.009960540124122
0.958877312841991 0.011716887131985
0.952413526233010 0.013616728605539
0.945503262094184 0.015657988952217
0.938153340021932 0.017837516589836
0.930371013501972 0.020150888875820
0.922163962751008 0.022592290271683
0.913540287137281 0.025154331709105
0.904508497187474 0.027827949042863
0.895077506187845 0.030602534690546
0.885256621387895 0.033470579105033
0.875055534815230 0.036429179623173
0.864484313710706 0.039475975035360
0.853553390593274 0.042609137860342
0.842273552964344 0.045827374975953
0.830655932661826 0.049129951546137
0.818711994874345 0.052516706925078
0.806453526826488 0.055988155310013
0.793892626146236 0.059544980296547
0.781041688926065 0.063181985994015
0.767913397489498 0.066885873897959
0.754520707875186 0.070641902134408
0.740876837050858 0.074434071890698
0.726995249869773 0.078245306437399
0.712889645782536 0.082057433066217
0.698573945317390 0.085851407281515
0.684062276342339 0.089608654631535
0.669368960122646 0.093311902816949
0.654508497187474 0.096944779346620
0.639495553019615 0.100490469821955
0.624344943582427 0.103932199234875
0.609071620698271 0.107253311849256
0.593690657292862 0.110437285681638
0.578217232520115 0.113473502359503
0.562666616782152 0.116358080171242
0.547054156659257 0.119088272808643
0.531395259764657 0.121662093460054
0.515705379539064 0.124078297462106
0.500000000000000 0.126335489414666
0.484294620460936 0.128429541340139
0.468604740235343 0.130341223353252
0.452945843340743 0.132046934658268
0.437333383217848 0.133525278651323
0.421782767479884 0.134755358017218
0.406309342707138 0.135717407734143
0.390928379301729 0.136398112389359
0.375655056417573 0.136792585545098
0.360504446980385 0.136910575361357
0.345491502812526 0.136763295055391
0.330631039877354 0.136360837965962
0.315937723657661 0.135713982566825
0.301426054682610 0.134834289346348
0.287110354217464 0.133734364344785
0.273004750130227 0.132429933217311
0.259123162949142 0.130938925539418
0.245479292124814 0.129279202517887
0.232086602510502 0.127467967645795
0.218958311073935 0.125522751659354
0.206107373853763 0.123463382597219
0.193546473173512 0.121299263159968
0.181288005125655 0.119009616773259
0.169344067338174 0.116529658726312
0.157726447035656 0.113803421949632
0.146446609406726 0.110785542997707
0.135515686289294 0.107467363361516
0.124944465184770 0.103896607288124
0.114743378612105 0.100124244732086
0.104922493812155 0.096198100980018
0.095491502812526 0.092165580807092
0.086459712862719 0.087997698384536
0.077836037248992 0.083608210014070
0.069628986498028 0.078922135849618
0.061846659978068 0.074019527740280
0.054496737905816 0.069076585872642
0.047586473766990 0.064251678768426
0.041122687158009 0.059559870268083
0.035111757055874 0.054847359776881
0.029559615522887 0.049967669837252
0.024471741852423 0.044757325470384
0.019853157161528 0.039133851530358
0.015708419435684 0.033422055438316
0.012041619030626 0.028065156130742
0.008856374635656 0.023260288895794
0.006155829702431 0.018849632618193
0.003942649342761 0.014718533579362
0.002219017698460 0.010802424746269
0.000986635785864 0.007060774007156
0.000246719817134 0.003466421443918
0.000000000000000 0.000000000000000
0.000246719817134 -0.003356547402171
0.000986635785864 -0.006710519903644
0.002219017698460 -0.010099810398921
0.003942649342761 -0.013474486080927
0.006155829702431 -0.016766293421242
0.008856374635656 -0.019889265499374
0.012041619030626 -0.022733514251311
0.015708419435684 -0.025177710667471
0.019853157161528 -0.027216389536821
0.024471741852423 -0.028926039721630
0.029559615522887 -0.030406689361428
0.035111757055874 -0.031686624430582
0.041122687158009 -0.032779782676519
0.047586473766990 -0.033730978052296
0.054496737905816 -0.034613128586732
0.061846659978068 -0.035436692056865
0.069628986498028 -0.036134442969177
0.077836037248993 -0.036624104392983
0.086459712862719 -0.036865711285799
0.095491502812526 -0.036922486142600
0.104922493812155 -0.036887335439563
0.114743378612105 -0.036817822928903
0.124944465184770 -0.036707505496940
0.135515686289294 -0.036549352884662
0.146446609406726 -0.036334029423621
0.157726447035656 -0.036053261578914
0.169344067338174 -0.035706292107008
0.181288005125655 -0.035300298772315
0.193546473173512 -0.034844322916205
0.206107373853763 -0.034349400861206
0.218958311073935 -0.033823043191999
0.232086602510502 -0.033268485154333
0.245479292124814 -0.032689002210973
0.259123162949142 -0.032088473756752
0.273004750130227 -0.031471172690813
0.287110354217464 -0.030841986161883
0.301426054682610 -0.030206455128858
0.315937723657661 -0.029568081139770
0.330631039877354 -0.028928035842943
0.345491502812526 -0.028285386842448
0.360504446980386 -0.027639411933118
0.375655056417573 -0.026989405062135
0.390928379301729 -0.026334430396207
0.406309342707138 -0.025673689662568
0.421782767479884 -0.025006952560515
0.437333383217848 -0.024335234037286
0.452945843340743 -0.023659666079679
0.468604740235343 -0.022981326082302
0.484294620460936 -0.022301350853333
0.500000000000000 -0.021620857012724
0.515705379539064 -0.020940861655146
0.531395259764657 -0.020262057992310
0.547054156659257 -0.019584958427663
0.562666616782152 -0.018910112842094
0.578217232520115 -0.018238067178639
0.593690657292863 -0.017569359752613
0.609071620698271 -0.016904549765304
0.624344943582427 -0.016244249380784
0.639495553019615 -0.015589146618144
0.654508497187474 -0.014939922038377
0.669368960122646 -0.014297245222119
0.684062276342339 -0.013661777704531
0.698573945317390 -0.013034177503110
0.712889645782536 -0.012415082128609
0.726995249869774 -0.011805101998139
0.740876837050858 -0.011204833375209
0.754520707875186 -0.010614860359730
0.767913397489498 -0.010035758218765
0.781041688926065 -0.009468093054473
0.793892626146237 -0.008912419731062
0.806453526826489 -0.008369282234174
0.818711994874345 -0.007839215580329
0.830655932661826 -0.007322744028741
0.842273552964344 -0.006820378823854
0.853553390593274 -0.006332616996980
0.864484313710706 -0.005859941384792
0.875055534815230 -0.005402818509361
0.885256621387895 -0.004961702057294
0.895077506187845 -0.004537026498609
0.904508497187474 -0.004129212349092
0.913540287137281 -0.003738660998282
0.922163962751008 -0.003365758297644
0.930371013501972 -0.003010872350368
0.938153340021932 -0.002674352197223
0.945503262094184 -0.002356529784086
0.952413526233010 -0.002057719152932
0.958877312841991 -0.001778215295439
0.964888242944126 -0.001518293318535
0.970440384477113 -0.001278209722764
0.975528258147577 -0.001058201748533
0.980146842838472 -0.000858486597673
0.984291580564316 -0.000679260929974
0.987958380969374 -0.000520702055093
0.991143625364344 -0.000382966306651
0.993844170297569 -0.000266190076133
0.996057350657239 -0.000170487466684
0.997780982301540 -0.000095954510434
0.999013364214136 -0.000042663865924
0.999753280182866 -0.000010668571957
1.000000000000000 0.000000000000000
