1.000000000000000 0.000000000000000
0.999753280182866 0.000045511743113
0.999013364214136 0.000182023712523
0.997780982301540 0.000409447448620
0.996057350657239 0.000727625880631
0.993844170297569 0.001136338721127
0.991143625364344 0.001635260880095
0.987958380969374 0.002223956348066
0.984291580564316 0.002901865078705
0.980146842838472 0.003668250214912
0.975528258147577 0.004522198272109
0.970440384477113 0.005462557394268
0.964888242944126 0.006487929458778
0.958877312841991 0.007596617682713
0.952413526233010 0.008786589601434
0.945503262094184 0.010055442791409
0.938153340021932 0.011400377110387
0.930371013501972 0.012818141395947
0.922163962751008 0.014305001186948
0.913540287137281 0.015856717932676
0.904508497187474 0.017468507975429
0.895077506187845 0.019135017699997
0.885256621387895 0.020850302330479
0.875055534815230 0.022607805892839
0.864484313710706 0.024400355161943
0.853553390593274 0.026220143591486
0.842273552964344 0.028058733587481
0.830655932661826 0.029907068337840
0.818711994874345 0.031755464678324
0.806453526826488 0.033593744422997
0.793892626146236 0.035411036505374
0.781041688926065 0.037201962827889
0.767913397489498 0.038966297580504
0.754520707875186 0.040705572011059
0.740876837050858 0.042422029585569
0.726995249869773 0.044118793700467
0.712889645782536 0.045800254393432
0.698573945317390 0.047470982959414
0.684062276342339 0.049132251437178
0.669368960122646 0.050772344102163
0.654508497187474 0.052375283528838
0.639495553019615 0.053925247883925
0.624344943582427 0.055406254514626
0.609071620698271 0.056800545559670
0.593690657292862 0.058091074898412
0.578217232520115 0.059274146268877
0.562666616782152 0.060354324177139
0.547054156659257 0.061341941919500
0.531395259764657 0.062246557956603
0.515705379539064 0.063078110005422
0.500000000000000 0.063848741690445
0.484294620460936 0.064562722123129
0.468604740235343 0.065215446128339
0.452945843340743 0.065797293093552
0.437333383217848 0.066298017433985
0.421782767479884 0.066709120365184
0.406309342707138 0.067021695709398
0.390928379301729 0.067228625585347
0.375655056417573 0.067330193721314
0.360504446980385 0.067330283144174
0.345491502812526 0.067234774619074
0.330631039877354 0.067048899451944
0.315937723657661 0.066778640435040
0.301426054682610 0.066430440584713
0.287110354217464 0.066005113014773
0.273004750130227 0.065494944210258
0.259123162949142 0.064884922510147
0.245479292124814 0.064163468200828
0.232086602510502 0.063321017674488
0.218958311073935 0.062350007730797
0.206107373853763 0.061245206473752
0.193546473173512 0.060003441806727
0.181288005125655 0.058650293696181
0.169344067338174 0.057228573749430
0.157726447035656 0.055780730259826
0.146446609406726 0.054340266882258
0.135515686289294 0.052899316427467
0.124944465184770 0.051389949764388
0.114743378612105 0.049753012398063
0.104922493812155 0.047942790593508
0.095491502812526 0.045928942462642
0.086459712862719 0.043749898615782
0.077836037248992 0.041502297754691
0.069628986498028 0.039258508947777
0.061846659978068 0.036992684038827
0.054496737905816 0.034636847144034
0.047586473766990 0.032150550638072
0.041122687158009 0.029567059978405
0.035111757055874 0.026982223061494
0.029559615522887 0.024475216291855
0.024471741852423 0.022106838061351
0.019853157161528 0.019853753536710
0.015708419435684 0.017558776488285
0.012041619030626 0.015185522524281
0.008856374635656 0.012797703657429
0.006155829702431 0.010449021699416
0.003942649342761 0.008167709567744
0.002219017698460 0.005971451960599
0.000986635785864 0.003872378244021
0.000246719817134 0.001879550491297
0.000000000000000 0.000000000000000
0.000246719817134 -0.001765190113149
0.000986635785864 -0.003495878995387
0.002219017698460 -0.005236826918615
0.003942649342761 -0.006985316003820
0.006155829702431 -0.008733503534430
0.008856374635656 -0.010469371570672
0.012041619030626 -0.012173868555427
0.015708419435684 -0.013805020118041
0.019853157161528 -0.015261650551628
0.024471741852423 -0.016464103153116
0.029559615522887 -0.017417338640527
0.035111757055874 -0.018157287787190
0.041122687158009 -0.018734837905242
0.047586473766990 -0.019233777847877
0.054496737905816 -0.019772488497755
0.061846659978068 -0.020371965872123
0.069628986498028 -0.020938835300957
0.077836037248993 -0.021340762166874
0.086459712862719 -0.021514773734339
0.095491502812526 -0.021551162147293
0.104922493812155 -0.021583542382741
0.114743378612105 -0.021685638752299
0.124944465184770 -0.021836202407321
0.135515686289294 -0.022005991208470
0.146446609406726 -0.022156428962196
0.157726447035656 -0.022245211997920
0.169344067338174 -0.022248191563280
0.181288005125655 -0.022159078085373
0.193546473173512 -0.021970507354425
0.206107373853763 -0.021676700918774
0.218958311073935 -0.021279092502664
0.232086602510502 -0.020788876728838
0.245479292124814 -0.020220609430307
0.259123162949142 -0.019590971350200
0.273004750130227 -0.018919256382060
0.287110354217464 -0.018226664886196
0.301426054682610 -0.017538281928979
0.315937723657661 -0.016871146607363
0.330631039877354 -0.016225518054533
0.345491502812526 -0.015596265536775
0.360504446980386 -0.014977175476196
0.375655056417573 -0.014362250859986
0.390928379301729 -0.013744263334520
0.406309342707138 -0.013116987484043
0.421782767479884 -0.012476929528347
0.437333383217848 -0.011825088735149
0.452945843340743 -0.011164104885655
0.468604740235343 -0.010495941199557
0.484294620460936 -0.009822654622163
0.500000000000000 -0.009146477205227
0.515705379539064 -0.008469798685028
0.531395259764657 -0.007795226895489
0.547054156659257 -0.007125599622690
0.562666616782152 -0.006463825244751
0.578217232520115 -0.005812530870469
0.593690657292863 -0.005173851688134
0.609071620698271 -0.004551892150368
0.624344943582427 -0.003953694690106
0.639495553019615 -0.003391188941453
0.654508497187474 -0.002876075313272
0.669368960122646 -0.002418643235654
0.684062276342339 -0.002028203443691
0.698573945317390 -0.001714145587310
0.712889645782536 -0.001480378341219
0.726995249869774 -0.001315026675787
0.740876837050858 -0.001202076503008
0.754520707875186 -0.001125803646251
0.767913397489498 -0.001072232993872
0.781041688926065 -0.001028599487579
0.793892626146237 -0.000983319119547
0.806453526826489 -0.000927008624591
0.818711994874345 -0.000856972176010
0.830655932661826 -0.000777233874478
0.842273552964344 -0.000691317564750
0.853553390593274 -0.000602424384775
0.864484313710706 -0.000513319125245
0.875055534815230 -0.000426357437184
0.885256621387895 -0.000343494146148
0.895077506187845 -0.000266298923791
0.904508497187474 -0.000195974207005
0.913540287137281 -0.000133377540364
0.922163962751008 -0.000079045603854
0.930371013501972 -0.000033221574121
0.938153340021932 0.000004115841989
0.945503262094184 0.000033221917660
0.952413526233010 0.000054553858896
0.958877312841991 0.000068738115950
0.964888242944126 0.000076537330217
0.970440384477113 0.000078817434698
0.975528258147577 0.000076515115201
0.980146842838472 0.000070606281988
0.984291580564316 0.000062075734766
0.987958380969374 0.000051888608560
0.991143625364344 0.000040963700871
0.993844170297569 0.000030149227211
0.996057350657239 0.000020201194186
0.997780982301540 0.000011764423697
0.999013364214136 0.000005357199728
0.999753280182866 0.000001358704534
1.000000000000000 0.000000000000000
