1.000000000000000 0.000000000000000
0.999753280182866 0.000101737856794
0.999013364214136 0.000406093173995
0.997780982301540 0.000910456734672
0.996057350657239 0.001610626571572
0.993844170297569 0.002500874094534
0.991143625364344 0.003574149463894
0.987958380969374 0.004822329476013
0.984291580564316 0.006236429778763
0.980146842838472 0.007806947845018
0.975528258147577 0.009524147652294
0.970440384477113 0.011378397437481
0.964888242944126 0.013360551831757
0.958877312841991 0.015462229318129
0.952413526233010 0.017676252012312
0.945503262094184 0.019996924664854
0.938153340021932 0.022420435301829
0.930371013501972 0.024945161159636
0.922163962751008 0.027572031107378
0.913540287137281 0.030304856294761
0.904508497187474 0.033150570747555
0.895077506187845 0.036119887111701
0.885256621387895 0.039216368498902
0.875055534815230 0.042428757374150
0.864484313710706 0.045741430657614
0.853553390593274 0.049136330527479
0.842273552964344 0.052592778374417
0.830655932661826 0.056087492504498
0.818711994874345 0.059594599230668
0.806453526826488 0.063086311705792
0.793892626146236 0.066530736040705
0.781041688926065 0.069909804771783
0.767913397489498 0.073224771428073
0.754520707875186 0.076486475722540
0.740876837050858 0.079706428965465
0.726995249869773 0.082898575130985
0.712889645782536 0.086079360748657
0.698573945317390 0.089267077447792
0.684062276342339 0.092477862275835
0.669368960122646 0.095697864617386
0.654508497187474 0.098895031214971
0.639495553019615 0.102036245779701
0.624344943582427 0.105088137782837
0.609071620698271 0.108015379207350
0.593690657292862 0.110779620453707
0.578217232520115 0.113360666677231
0.562666616782152 0.115755988829793
0.547054156659257 0.117976225824186
0.531395259764657 0.120033855091065
0.515705379539064 0.121939247557045
0.500000000000000 0.123706099291514
0.484294620460936 0.125345373408464
0.468604740235343 0.126848373775895
0.452945843340743 0.128198869970429
0.437333383217848 0.129376429422088
0.421782767479884 0.130362538783324
0.406309342707138 0.131140697132256
0.390928379301729 0.131695140540670
0.375655056417573 0.132014576562098
0.360504446980385 0.132095002224863
0.345491502812526 0.131934492960124
0.330631039877354 0.131532411090114
0.315937723657661 0.130889031051973
0.301426054682610 0.130005950954186
0.287110354217464 0.128885922785203
0.273004750130227 0.127530328352968
0.259123162949142 0.125940271082291
0.245479292124814 0.124117439516236
0.232086602510502 0.122064789448765
0.218958311073935 0.119786973724832
0.206107373853763 0.117290216918215
0.193546473173512 0.114580111382560
0.181288005125655 0.111674155548382
0.169344067338174 0.108604690803260
0.157726447035656 0.105410156893731
0.146446609406726 0.102129036983457
0.135515686289294 0.098784515467484
0.124944465184770 0.095369296476975
0.114743378612105 0.091857992432279
0.104922493812155 0.088235164264959
0.095491502812526 0.084490875064401
0.086459712862719 0.080618466821484
0.077836037248992 0.076605300078173
0.069628986498028 0.072442078529088
0.061846659978068 0.068145003295653
0.054496737905816 0.063779024772091
0.047586473766990 0.059414140186241
0.041122687158009 0.055100629993177
0.035111757055874 0.050813692992031
0.029559615522887 0.046515196473485
0.024471741852423 0.042181377314893
0.019853157161528 0.037800545747233
0.015708419435684 0.033371396869196
0.012041619030626 0.028920612162817
0.008856374635656 0.024510524524135
0.006155829702431 0.020179866292937
0.003942649342761 0.015938253280633
0.002219017698460 0.011793417725211
0.000986635785864 0.007751909576089
0.000246719817134 0.003819129719232
0.000000000000000 0.000000000000000
0.000246719817134 -0.003711169976676
0.000986635785864 -0.007427807843635
0.002219017698460 -0.011168477423833
0.003942649342761 -0.014886686881252
0.006155829702431 -0.018523292889557
0.008856374635656 -0.022006555430953
0.012041619030626 -0.025248450596692
0.015708419435684 -0.028142092679012
0.019853157161528 -0.030635248763438
0.024471741852423 -0.032756875099666
0.029559615522887 -0.034552858738743
0.035111757055874 -0.036066206485912
0.041122687158009 -0.037353800868027
0.047586473766990 -0.038516828725379
0.054496737905816 -0.039716304174243
0.061846659978068 -0.041037599214894
0.069628986498028 -0.042368514974244
0.077836037248993 -0.043530278339960
0.086459712862719 -0.044370847045721
0.095491502812526 -0.044900688331886
0.104922493812155 -0.045206065027133
0.114743378612105 -0.045344712385715
0.124944465184770 -0.045321940376005
0.135515686289294 -0.045131496043104
0.146446609406726 -0.044773491062537
0.157726447035656 -0.044250075544053
0.169344067338174 -0.043562818224024
0.181288005125655 -0.042710078855000
0.193546473173512 -0.041692236603310
0.206107373853763 -0.040511499774506
0.218958311073935 -0.039174218510904
0.232086602510502 -0.037691186756091
0.245479292124814 -0.036076790607454
0.259123162949142 -0.034348199502361
0.273004750130227 -0.032525041681775
0.287110354217464 -0.030630429854230
0.301426054682610 -0.028689989177893
0.315937723657661 -0.026724618131379
0.330631039877354 -0.024745235232194
0.345491502812526 -0.022753888310219
0.360504446980386 -0.020754456898473
0.375655056417573 -0.018751034895331
0.390928379301729 -0.016747336823745
0.406309342707138 -0.014747540327470
0.421782767479884 -0.012761848566149
0.437333383217848 -0.010810195494093
0.452945843340743 -0.008913393222235
0.468604740235343 -0.007092392491212
0.484294620460936 -0.005368563811961
0.500000000000000 -0.003761775244910
0.515705379539064 -0.002286430096277
0.531395259764657 -0.000933559984949
0.547054156659257 0.000314268105060
0.562666616782152 0.001473200774918
0.578217232520115 0.002559907720809
0.593690657292863 0.003590858236735
0.609071620698271 0.004579645616467
0.624344943582427 0.005526563571192
0.639495553019615 0.006417509746515
0.654508497187474 0.007239698515207
0.669368960122646 0.007981780377485
0.684062276342339 0.008633224908735
0.698573945317390 0.009183497583412
0.712889645782536 0.009628401451427
0.726995249869774 0.009972483212273
0.740876837050858 0.010224998470657
0.754520707875186 0.010395115108424
0.767913397489498 0.010491262004329
0.781041688926065 0.010521777088669
0.793892626146237 0.010494583122512
0.806453526826489 0.010416959030133
0.818711994874345 0.010290486327888
0.830655932661826 0.010112904601215
0.842273552964344 0.009882830522724
0.853553390593274 0.009599946463682
0.864484313710706 0.009264942544811
0.875055534815230 0.008879478441292
0.885256621387895 0.008446120346608
0.895077506187845 0.007968305313170
0.904508497187474 0.007450396475736
0.913540287137281 0.006901455779103
0.922163962751008 0.006333466600361
0.930371013501972 0.005757186014493
0.938153340021932 0.005182019836875
0.945503262094184 0.004616103955669
0.952413526233010 0.004066397267557
0.958877312841991 0.003538775161968
0.964888242944126 0.003038126641057
0.970440384477113 0.002568461888531
0.975528258147577 0.002133006737187
0.980146842838472 0.001734305800135
0.984291580564316 0.001374323381445
0.987958380969374 0.001054537418052
0.991143625364344 0.000776021420259
0.993844170297569 0.000539533874978
0.996057350657239 0.000345581165729
0.997780982301540 0.000194495072113
0.999013364214136 0.000086471407273
0.999753280182866 0.000021621798535
1.000000000000000 0.000000000000000
