1.000000000000000 0.000000000000000
0.999753280182866 0.000128247519884
0.999013364214136 0.000511102765952
0.997780982301540 0.001142938767216
0.996057350657239 0.002014655598877
0.993844170297569 0.003114000487400
0.991143625364344 0.004426044695751
0.987958380969374 0.005933769254959
0.984291580564316 0.007618695985992
0.980146842838472 0.009461559900738
0.975528258147577 0.011443031435850
0.970440384477113 0.013544448296007
0.964888242944126 0.015748474670468
0.958877312841991 0.018039804131310
0.952413526233010 0.020405821411097
0.945503262094184 0.022837172786728
0.938153340021932 0.025328426911281
0.930371013501972 0.027878589196435
0.922163962751008 0.030491713139225
0.913540287137281 0.033177480278180
0.904508497187474 0.035951866460578
0.895077506187845 0.038836985802726
0.885256621387895 0.041844662309764
0.875055534815230 0.044970112796811
0.864484313710706 0.048207203475730
0.853553390593274 0.051548918616398
0.842273552964344 0.054987427044180
0.830655932661826 0.058514055782760
0.818711994874345 0.062119311064314
0.806453526826488 0.065792793119708
0.793892626146236 0.069523617417059
0.781041688926065 0.073303045552579
0.767913397489498 0.077126293263709
0.754520707875186 0.080988852462062
0.740876837050858 0.084886455735845
0.726995249869773 0.088814994562120
0.712889645782536 0.092770646259216
0.698573945317390 0.096750070375610
0.684062276342339 0.100747996240990
0.669368960122646 0.104756841957598
0.654508497187474 0.108766932176228
0.639495553019615 0.112768697899149
0.624344943582427 0.116752640810325
0.609071620698271 0.120709156061418
0.593690657292862 0.124628510340203
0.578217232520115 0.128500399008955
0.562666616782152 0.132313192662467
0.547054156659257 0.136055089059269
0.531395259764657 0.139714589644705
0.515705379539064 0.143281365322709
0.500000000000000 0.146744350123221
0.484294620460936 0.150089219193532
0.468604740235343 0.153293643919976
0.452945843340743 0.156328182514079
0.437333383217848 0.159165929945855
0.421782767479884 0.161782111937418
0.406309342707138 0.164153259682080
0.390928379301729 0.166258410306932
0.375655056417573 0.168079592670287
0.360504446980385 0.169601661822684
0.345491502812526 0.170811836424499
0.330631039877354 0.171698711007137
0.315937723657661 0.172253744693434
0.301426054682610 0.172471766514903
0.287110354217464 0.172343006871544
0.273004750130227 0.171853064184805
0.259123162949142 0.170981872128075
0.245479292124814 0.169711244542017
0.232086602510502 0.168027359272345
0.218958311073935 0.165917446844956
0.206107373853763 0.163373833244882
0.193546473173512 0.160392821883647
0.181288005125655 0.156925829059888
0.169344067338174 0.152894071553079
0.157726447035656 0.148198197541147
0.146446609406726 0.142707187131469
0.135515686289294 0.136433983642135
0.124944465184770 0.129588538936169
0.114743378612105 0.122473420367112
0.104922493812155 0.115378374342288
0.095491502812526 0.108550128599702
0.086459712862719 0.102011144518258
0.077836037248992 0.095552720134607
0.069628986498028 0.089009108293525
0.061846659978068 0.082341016906413
0.054496737905816 0.075609133717708
0.047586473766990 0.068879792991015
0.041122687158009 0.062191725986264
0.035111757055874 0.055534071359056
0.029559615522887 0.048881396846017
0.024471741852423 0.042189061572478
0.019853157161528 0.035569276471203
0.015708419435684 0.029499284142710
0.012041619030626 0.024268078172236
0.008856374635656 0.019753762504057
0.006155829702431 0.015708549435134
0.003942649342761 0.012020996353105
0.002219017698460 0.008634292285237
0.000986635785864 0.005515059162504
0.000246719817134 0.002641850713427
0.000000000000000 0.000000000000000
0.000246719817134 -0.002421024933244
0.000986635785864 -0.004629300160681
0.002219017698460 -0.006645810853611
0.003942649342761 -0.008550972619532
0.006155829702431 -0.010371362926250
0.008856374635656 -0.012093564869560
0.012041619030626 -0.013681542872024
0.015708419435684 -0.015067191793113
0.019853157161528 -0.016169966836973
0.024471741852423 -0.016984917247564
0.029559615522887 -0.017615561974609
0.035111757055874 -0.018129637501478
0.041122687158009 -0.018523772365689
0.047586473766990 -0.018804471275773
0.054496737905816 -0.018990994484393
0.061846659978068 -0.019098881027311
0.069628986498028 -0.019131836460673
0.077836037248993 -0.019099815986081
0.086459712862719 -0.019015922011931
0.095491502812526 -0.018888743417957
0.104922493812155 -0.018729481008215
0.114743378612105 -0.018544366417657
0.124944465184770 -0.018330265049895
0.135515686289294 -0.018082441136974
0.146446609406726 -0.017795879648738
0.157726447035656 -0.017465376490087
0.169344067338174 -0.017094804398135
0.181288005125655 -0.016696530389454
0.193546473173512 -0.016286416149411
0.206107373853763 -0.015881463340221
0.218958311073935 -0.015492445389406
0.232086602510502 -0.015116814016788
0.245479292124814 -0.014750362319340
0.259123162949142 -0.014388528296998
0.273004750130227 -0.014025827007126
0.287110354217464 -0.013656348008229
0.301426054682610 -0.013272583661023
0.315937723657661 -0.012870973429180
0.330631039877354 -0.012454674957514
0.345491502812526 -0.012030243061996
0.360504446980386 -0.011604906533818
0.375655056417573 -0.011185866137086
0.390928379301729 -0.010781108809557
0.406309342707138 -0.010398151675621
0.421782767479884 -0.010043134911391
0.437333383217848 -0.009719276764191
0.452945843340743 -0.009428820788104
0.468604740235343 -0.009174289683985
0.484294620460936 -0.008958298874987
0.500000000000000 -0.008783068003842
0.515705379539064 -0.008649336288765
0.531395259764657 -0.008555436347320
0.547054156659257 -0.008497333306208
0.562666616782152 -0.008471295569042
0.578217232520115 -0.008473583735810
0.593690657292863 -0.008500165342511
0.609071620698271 -0.008547791442212
0.624344943582427 -0.008614476059753
0.639495553019615 -0.008700395117165
0.654508497187474 -0.008805833674605
0.669368960122646 -0.008930710442952
0.684062276342339 -0.009074663625196
0.698573945317390 -0.009238050651204
0.712889645782536 -0.009417988963143
0.726995249869774 -0.009600853937280
0.740876837050858 -0.009770466843670
0.754520707875186 -0.009911470287159
0.767913397489498 -0.010010611304008
0.781041688926065 -0.010056345432612
0.793892626146237 -0.010038433382118
0.806453526826489 -0.009950318712569
0.818711994874345 -0.009800716307210
0.830655932661826 -0.009614583970017
0.842273552964344 -0.009413787154619
0.853553390593274 -0.009217357076881
0.864484313710706 -0.009041238431934
0.875055534815230 -0.008898397857636
0.885256621387895 -0.008798903367441
0.895077506187845 -0.008750117820231
0.904508497187474 -0.008755511320292
0.913540287137281 -0.008788262152511
0.922163962751008 -0.008797104301268
0.930371013501972 -0.008742557538883
0.938153340021932 -0.008597294044692
0.945503262094184 -0.008344965269691
0.952413526233010 -0.007978981761967
0.958877312841991 -0.007501297960213
0.964888242944126 -0.006921182244434
0.970440384477113 -0.006253984586906
0.975528258147577 -0.005519896900945
0.980146842838472 -0.004742703163360
0.984291580564316 -0.003948542325184
0.987958380969374 -0.003164711149594
0.991143625364344 -0.002418491026715
0.993844170297569 -0.001736047568458
0.996057350657239 -0.001141413324658
0.997780982301540 -0.000655578777651
0.999013364214136 -0.000295726549297
0.999753280182866 -0.000074592851254
1.000000000000000 0.000000000000000
