1.000000000000000 0.000000000000000
0.999753280182866 0.000059724500239
0.999013364214136 0.000239355281106
0.997780982301540 0.000540263714310
0.996057350657239 0.000964633877142
0.993844170297569 0.001515382647145
0.991143625364344 0.002195975322562
0.987958380969374 0.003010229574289
0.984291580564316 0.003962065435771
0.980146842838472 0.005055211885501
0.975528258147577 0.006292867746249
0.970440384477113 0.007677349042065
0.964888242944126 0.009209680166163
0.958877312841991 0.010889166851059
0.952413526233010 0.012712948270448
0.945503262094184 0.014675561376646
0.938153340021932 0.016768476740507
0.930371013501972 0.018979671286025
0.922163962751008 0.021293238053844
0.913540287137281 0.023689045103983
0.904508497187474 0.026142525460815
0.895077506187845 0.028624006177386
0.885256621387895 0.031110147346743
0.875055534815230 0.033596149146267
0.864484313710706 0.036083026000066
0.853553390593274 0.038574120522338
0.842273552964344 0.041075572212240
0.830655932661826 0.043596329252597
0.818711994874345 0.046148372421872
0.806453526826488 0.048746241000050
0.793892626146236 0.051409523298863
0.781041688926065 0.054148244678565
0.767913397489498 0.056953795547373
0.754520707875186 0.059805769341820
0.740876837050858 0.062683820140932
0.726995249869773 0.065565322206220
0.712889645782536 0.068426123957789
0.698573945317390 0.071240389494806
0.684062276342339 0.073981443918111
0.669368960122646 0.076633165301516
0.654508497187474 0.079185485696005
0.639495553019615 0.081630113482724
0.624344943582427 0.083958822812322
0.609071620698271 0.086163503542557
0.593690657292862 0.088236432447181
0.578217232520115 0.090171344197305
0.562666616782152 0.091963663760394
0.547054156659257 0.093611011693510
0.531395259764657 0.095111479726116
0.515705379539064 0.096463516427321
0.500000000000000 0.097666682938418
0.484294620460936 0.098720181554181
0.468604740235343 0.099621514043523
0.452945843340743 0.100366228602826
0.437333383217848 0.100948930393909
0.421782767479884 0.101365880528329
0.406309342707138 0.101613279823662
0.390928379301729 0.101686866667189
0.375655056417573 0.101591197907411
0.360504446980385 0.101339003224635
0.345491502812526 0.100951023642283
0.330631039877354 0.100447930636748
0.315937723657661 0.099848483663161
0.301426054682610 0.099173241536718
0.287110354217464 0.098437977098760
0.273004750130227 0.097646358889492
0.259123162949142 0.096776142402575
0.245479292124814 0.095798987674381
0.232086602510502 0.094693128233414
0.218958311073935 0.093439358089677
0.206107373853763 0.092021783333854
0.193546473173512 0.090428206339202
0.181288005125655 0.088649714398925
0.169344067338174 0.086679551603441
0.157726447035656 0.084513678027920
0.146446609406726 0.082151462014810
0.135515686289294 0.079595089053818
0.124944465184770 0.076847585507428
0.114743378612105 0.073912614382366
0.104922493812155 0.070796996398277
0.095491502812526 0.067510872810374
0.086459712862719 0.064070793983592
0.077836037248992 0.060523804759518
0.069628986498028 0.056929392712170
0.061846659978068 0.053327361401916
0.054496737905816 0.049705475774020
0.047586473766990 0.046044137848202
0.041122687158009 0.042343230750568
0.035111757055874 0.038662582192551
0.029559615522887 0.035088389434405
0.024471741852423 0.031691934618560
0.019853157161528 0.028524784675198
0.015708419435684 0.025492135283614
0.012041619030626 0.022416262080626
0.008856374635656 0.019215614329209
0.006155829702431 0.015922487720783
0.003942649342761 0.012609731157638
0.002219017698460 0.009328482941196
0.000986635785864 0.006115626625466
0.000246719817134 0.002998862760742
0.000000000000000 0.000000000000000
0.000246719817134 -0.002881168010567
0.000986635785864 -0.005767010105058
0.002219017698460 -0.008685769459904
0.003942649342761 -0.011622819527048
0.006155829702431 -0.014557434069403
0.008856374635656 -0.017461777138290
0.012041619030626 -0.020297056920819
0.015708419435684 -0.023005460678466
0.019853157161528 -0.025528719897379
0.024471741852423 -0.027886699931226
0.029559615522887 -0.030189801134468
0.035111757055874 -0.032537716976191
0.041122687158009 -0.034904365765627
0.047586473766990 -0.037245356091409
0.054496737905816 -0.039510713715631
0.061846659978068 -0.041649496851854
0.069628986498028 -0.043621843861697
0.077836037248993 -0.045392720854324
0.086459712862719 -0.046939812045223
0.095491502812526 -0.048318598345870
0.104922493812155 -0.049651131983676
0.114743378612105 -0.051046371880713
0.124944465184770 -0.052507778943887
0.135515686289294 -0.053983894864632
0.146446609406726 -0.055419479584671
0.157726447035656 -0.056747728666159
0.169344067338174 -0.057914652782703
0.181288005125655 -0.058913031146639
0.193546473173512 -0.059745261002109
0.206107373853763 -0.060416888182903
0.218958311073935 -0.060934769359091
0.232086602510502 -0.061306149177099
0.245479292124814 -0.061539328432276
0.259123162949142 -0.061645512020209
0.273004750130227 -0.061638115704205
0.287110354217464 -0.061533465485652
0.301426054682610 -0.061350907688879
0.315937723657661 -0.061106091649921
0.330631039877354 -0.060799694682575
0.345491502812526 -0.060412090153278
0.360504446980386 -0.059923798373969
0.375655056417573 -0.059315531475255
0.390928379301729 -0.058566969179381
0.406309342707138 -0.057655826802341
0.421782767479884 -0.056571811915565
0.437333383217848 -0.055338949148146
0.452945843340743 -0.053989909664974
0.468604740235343 -0.052560256331951
0.484294620460936 -0.051086043707278
0.500000000000000 -0.049603824044908
0.515705379539064 -0.048147845017713
0.531395259764657 -0.046723257196277
0.547054156659257 -0.045317146264401
0.562666616782152 -0.043916565587605
0.578217232520115 -0.042508745160232
0.593690657292863 -0.041081246093479
0.609071620698271 -0.039622613453647
0.624344943582427 -0.038129745049216
0.639495553019615 -0.036613421417598
0.654508497187474 -0.035085269912838
0.669368960122646 -0.033556291457375
0.684062276342339 -0.032036973247117
0.698573945317390 -0.030537957722897
0.712889645782536 -0.029067290377084
0.726995249869774 -0.027627934784954
0.740876837050858 -0.026219133510618
0.754520707875186 -0.024839720281387
0.767913397489498 -0.023489128331261
0.781041688926065 -0.022166782976111
0.793892626146237 -0.020872326500431
0.806453526826489 -0.019605542896159
0.818711994874345 -0.018367151432250
0.830655932661826 -0.017158787524913
0.842273552964344 -0.015982150818308
0.853553390593274 -0.014838830984831
0.864484313710706 -0.013730325268161
0.875055534815230 -0.012658050375403
0.885256621387895 -0.011623326356592
0.895077506187845 -0.010627386476473
0.904508497187474 -0.009671383066966
0.913540287137281 -0.008756268415446
0.922163962751008 -0.007882820514920
0.930371013501972 -0.007051782061944
0.938153340021932 -0.006263880982818
0.945503262094184 -0.005519817897492
0.952413526233010 -0.004820276556567
0.958877312841991 -0.004165904085043
0.964888242944126 -0.003557325830612
0.970440384477113 -0.002995128073662
0.975528258147577 -0.002479864679538
0.980146842838472 -0.002012050596331
0.984291580564316 -0.001592158724791
0.987958380969374 -0.001220619340017
0.991143625364344 -0.000897821026386
0.993844170297569 -0.000624100286776
0.996057350657239 -0.000399746351704
0.997780982301540 -0.000224998704559
0.999013364214136 -0.000100044053762
0.999753280182866 -0.000025017699301
1.000000000000000 0.000000000000000
