1.000000000000000 0.000000000000000
0.999753280182866 0.000044564590532
0.999013364214136 0.000178140483648
0.997780982301540 0.000400364664332
0.996057350657239 0.000710639743136
0.993844170297569 0.001108167866330
0.991143625364344 0.001591962252040
0.987958380969374 0.002160874965463
0.984291580564316 0.002813659548866
0.980146842838472 0.003548984617611
0.975528258147577 0.004365506914187
0.970440384477113 0.005261919773869
0.964888242944126 0.006236995885750
0.958877312841991 0.007289674065854
0.952413526233010 0.008419097580659
0.945503262094184 0.009624701117664
0.938153340021932 0.010906257400635
0.930371013501972 0.012263948676416
0.922163962751008 0.013698440263040
0.913540287137281 0.015210927089051
0.904508497187474 0.016803207770970
0.895077506187845 0.018477736409401
0.885256621387895 0.020237633098496
0.875055534815230 0.022086542269277
0.864484313710706 0.024022529184100
0.853553390593274 0.026038255666165
0.842273552964344 0.028124513164366
0.830655932661826 0.030270437909243
0.818711994874345 0.032463451594520
0.806453526826488 0.034689193916959
0.793892626146236 0.036931935289646
0.781041688926065 0.039173232057808
0.767913397489498 0.041399262024696
0.754520707875186 0.043606999279272
0.740876837050858 0.045798912661638
0.726995249869773 0.047978106727794
0.712889645782536 0.050148199279492
0.698573945317390 0.052314203392068
0.684062276342339 0.054482488050464
0.669368960122646 0.056654694667840
0.654508497187474 0.058823688371391
0.639495553019615 0.060972872472307
0.624344943582427 0.063086189319707
0.609071620698271 0.065147502025619
0.593690657292862 0.067139973416006
0.578217232520115 0.069046747745987
0.562666616782152 0.070851162013223
0.547054156659257 0.072536963201870
0.531395259764657 0.074088331485774
0.515705379539064 0.075489714758791
0.500000000000000 0.076725304019557
0.484294620460936 0.077781575841214
0.468604740235343 0.078650342956036
0.452945843340743 0.079342802511102
0.437333383217848 0.079879049524461
0.421782767479884 0.080277295134192
0.406309342707138 0.080556677029723
0.390928379301729 0.080736587451807
0.375655056417573 0.080830953742417
0.360504446980385 0.080843338253994
0.345491502812526 0.080762833333614
0.330631039877354 0.080580076990703
0.315937723657661 0.080287758574779
0.301426054682610 0.079879106034557
0.287110354217464 0.079348616388156
0.273004750130227 0.078692124856759
0.259123162949142 0.077906706639042
0.245479292124814 0.076990666177624
0.232086602510502 0.075943559115963
0.218958311073935 0.074766198438688
0.206107373853763 0.073460640746749
0.193546473173512 0.072030291681269
0.181288005125655 0.070479574071503
0.169344067338174 0.068813657369249
0.157726447035656 0.067038608092197
0.146446609406726 0.065161720464267
0.135515686289294 0.063190869088805
0.124944465184770 0.061117959496114
0.114743378612105 0.058927230041518
0.104922493812155 0.056608328342251
0.095491502812526 0.054156118560726
0.086459712862719 0.051579923436043
0.077836037248992 0.048941006694301
0.069628986498028 0.046314366267319
0.061846659978068 0.043727008777621
0.054496737905816 0.041088789098781
0.047586473766990 0.038312793391599
0.041122687158009 0.035355950338919
0.035111757055874 0.032285237399178
0.029559615522887 0.029201715579652
0.024471741852423 0.026188339069512
0.019853157161528 0.023305082483290
0.015708419435684 0.020488440862550
0.012041619030626 0.017663710100550
0.008856374635656 0.014860329177961
0.006155829702431 0.012125468895033
0.003942649342761 0.009479577801047
0.002219017698460 0.006935755658958
0.000986635785864 0.004503376437917
0.000246719817134 0.002189566122715
0.000000000000000 0.000000000000000
0.000246719817134 -0.002079449829924
0.000986635785864 -0.004163588166159
0.002219017698460 -0.006279710554846
0.003942649342761 -0.008426494767136
0.006155829702431 -0.010601390030747
0.008856374635656 -0.012801537797844
0.012041619030626 -0.015024094668956
0.015708419435684 -0.017264088229511
0.019853157161528 -0.019466338750125
0.024471741852423 -0.021562092661283
0.029559615522887 -0.023547058581365
0.035111757055874 -0.025445044222543
0.041122687158009 -0.027277731250316
0.047586473766990 -0.029083123396887
0.054496737905816 -0.030918472088213
0.061846659978068 -0.032788699819544
0.069628986498028 -0.034601630633967
0.077836037248993 -0.036235068366661
0.086459712862719 -0.037606682939956
0.095491502812526 -0.038762912161167
0.104922493812155 -0.039797653652458
0.114743378612105 -0.040774733727471
0.124944465184770 -0.041707851341657
0.135515686289294 -0.042608889694989
0.146446609406726 -0.043494908672095
0.157726447035656 -0.044386404442055
0.169344067338174 -0.045274621105107
0.181288005125655 -0.046128573423494
0.193546473173512 -0.046909490164606
0.206107373853763 -0.047578288399944
0.218958311073935 -0.048111103989635
0.232086602510502 -0.048510926622389
0.245479292124814 -0.048782585134520
0.259123162949142 -0.048932861839678
0.273004750130227 -0.048970696437487
0.287110354217464 -0.048906767499172
0.301426054682610 -0.048754541073942
0.315937723657661 -0.048521958262254
0.330631039877354 -0.048210477632906
0.345491502812526 -0.047819326651160
0.360504446980386 -0.047348173685551
0.375655056417573 -0.046797432141256
0.390928379301729 -0.046167742365590
0.406309342707138 -0.045460177308995
0.421782767479884 -0.044676261997004
0.437333383217848 -0.043817877600332
0.452945843340743 -0.042887374358277
0.468604740235343 -0.041887531970149
0.484294620460936 -0.040820646508319
0.500000000000000 -0.039690470171284
0.515705379539064 -0.038505431808119
0.531395259764657 -0.037277594678706
0.547054156659257 -0.036021495455087
0.562666616782152 -0.034750635913247
0.578217232520115 -0.033478829329961
0.593690657292863 -0.032220259081724
0.609071620698271 -0.030981769225681
0.624344943582427 -0.029764504203665
0.639495553019615 -0.028565731949366
0.654508497187474 -0.027383085165180
0.669368960122646 -0.026214800601366
0.684062276342339 -0.025058869631504
0.698573945317390 -0.023914242440455
0.712889645782536 -0.022781365903613
0.726995249869774 -0.021662420217681
0.740876837050858 -0.020559439816853
0.754520707875186 -0.019474287991590
0.767913397489498 -0.018408801346398
0.781041688926065 -0.017364699966889
0.793892626146237 -0.016343575576084
0.806453526826489 -0.015346511245230
0.818711994874345 -0.014374244453976
0.830655932661826 -0.013427508813195
0.842273552964344 -0.012507036735926
0.853553390593274 -0.011613564830870
0.864484313710706 -0.010747819423864
0.875055534815230 -0.009910532157912
0.885256621387895 -0.009102426336665
0.895077506187845 -0.008324246106039
0.904508497187474 -0.007576777652165
0.913540287137281 -0.006860788685588
0.922163962751008 -0.006177011743284
0.930371013501972 -0.005526147811472
0.938153340021932 -0.004908858638080
0.945503262094184 -0.004325776821571
0.952413526233010 -0.003777496011023
0.958877312841991 -0.003264572827554
0.964888242944126 -0.002787531393358
0.970440384477113 -0.002346852817216
0.975528258147577 -0.001942987656251
0.980146842838472 -0.001576342882468
0.984291580564316 -0.001247290234268
0.987958380969374 -0.000956163335513
0.991143625364344 -0.000703257052428
0.993844170297569 -0.000488824198365
0.996057350657239 -0.000313085359214
0.997780982301540 -0.000176213044929
0.999013364214136 -0.000078349572456
0.999753280182866 -0.000019592279320
1.000000000000000 0.000000000000000
