1.000000000000000 0.000000000000000
0.999753280182866 0.000111992503630
0.999013364214136 0.000447261161971
0.997780982301540 0.001003662007208
0.996057350657239 0.001777679305467
0.993844170297569 0.002764422802055
0.991143625364344 0.003957704719702
0.987958380969374 0.005350103118139
0.984291580564316 0.006933019311286
0.980146842838472 0.008696809916327
0.975528258147577 0.010630828704018
0.970440384477113 0.012723569805601
0.964888242944126 0.014962762587195
0.958877312841991 0.017335456345104
0.952413526233010 0.019828182405326
0.945503262094184 0.022427005622846
0.938153340021932 0.025117664648644
0.930371013501972 0.027885687157352
0.922163962751008 0.030716439255333
0.913540287137281 0.033595264398920
0.904508497187474 0.036507583815216
0.895077506187845 0.039438840917015
0.885256621387895 0.042377323683581
0.875055534815230 0.045317028944060
0.864484313710706 0.048254745210241
0.853553390593274 0.051189362628420
0.842273552964344 0.054122039550858
0.830655932661826 0.057056266353532
0.818711994874345 0.059997982232002
0.806453526826488 0.062955271958094
0.793892626146236 0.065939905122116
0.781041688926065 0.068958394951712
0.767913397489498 0.072007293972599
0.754520707875186 0.075078153665443
0.740876837050858 0.078163106499057
0.726995249869773 0.081254036796889
0.712889645782536 0.084342576964306
0.698573945317390 0.087420301781804
0.684062276342339 0.090478188871971
0.669368960122646 0.093503678586682
0.654508497187474 0.096481091343016
0.639495553019615 0.099394420773725
0.624344943582427 0.102227752926220
0.609071620698271 0.104964960671804
0.593690657292862 0.107588554697958
0.578217232520115 0.110086822683933
0.562666616782152 0.112456832537221
0.547054156659257 0.114700298512903
0.531395259764657 0.116820860653365
0.515705379539064 0.118821607608347
0.500000000000000 0.120706535175515
0.484294620460936 0.122480080159954
0.468604740235343 0.124140969528423
0.452945843340743 0.125684874058022
0.437333383217848 0.127106711640306
0.421782767479884 0.128401902990823
0.406309342707138 0.129566732994332
0.390928379301729 0.130597986674460
0.375655056417573 0.131490092461003
0.360504446980385 0.132225863491734
0.345491502812526 0.132786345736449
0.330631039877354 0.133154461036964
0.315937723657661 0.133315174000641
0.301426054682610 0.133255470708667
0.287110354217464 0.132964279278449
0.273004750130227 0.132436047450784
0.259123162949142 0.131671283376780
0.245479292124814 0.130672562442715
0.232086602510502 0.129443895989570
0.218958311073935 0.127990497379983
0.206107373853763 0.126318637078261
0.193546473173512 0.124436582402639
0.181288005125655 0.122350990113139
0.169344067338174 0.120052728260289
0.157726447035656 0.117529802750480
0.146446609406726 0.114774340109431
0.135515686289294 0.111782309002278
0.124944465184770 0.108543041894301
0.114743378612105 0.105042346252884
0.104922493812155 0.101270049354043
0.095491502812526 0.097216060488464
0.086459712862719 0.092891048047544
0.077836037248992 0.088371291692921
0.069628986498028 0.083779370700563
0.061846659978068 0.079182817662634
0.054496737905816 0.074506447434828
0.047586473766990 0.069634430364035
0.041122687158009 0.064474555874030
0.035111757055874 0.059050256641207
0.029559615522887 0.053463847934206
0.024471741852423 0.047819480400391
0.019853157161528 0.042220453442962
0.015708419435684 0.036732445101882
0.012041619030626 0.031400142473934
0.008856374635656 0.026304769746320
0.006155829702431 0.021467007362709
0.003942649342761 0.016840809882097
0.002219017698460 0.012396755223906
0.000986635785864 0.008116245679783
0.000246719817134 0.003986828749370
0.000000000000000 0.000000000000000
0.000246719817134 -0.003856385249301
0.000986635785864 -0.007701061198513
0.002219017698460 -0.011574624830184
0.003942649342761 -0.015434690851604
0.006155829702431 -0.019224447050222
0.008856374635656 -0.022874896334741
0.012041619030626 -0.026301858745390
0.015708419435684 -0.029401348706193
0.019853157161528 -0.032132532705411
0.024471741852423 -0.034589856763809
0.029559615522887 -0.036915401527242
0.035111757055874 -0.039199703119129
0.041122687158009 -0.041418627348932
0.047586473766990 -0.043548059637861
0.054496737905816 -0.045570030915710
0.061846659978068 -0.047466951109083
0.069628986498028 -0.049211002281013
0.077836037248993 -0.050774415267547
0.086459712862719 -0.052134424399204
0.095491502812526 -0.053283176297788
0.104922493812155 -0.054223750049361
0.114743378612105 -0.054963098025742
0.124944465184770 -0.055506046249118
0.135515686289294 -0.055862078588977
0.146446609406726 -0.056047404735538
0.157726447035656 -0.056086391155781
0.169344067338174 -0.055995433270299
0.181288005125655 -0.055778012376536
0.193546473173512 -0.055436372949990
0.206107373853763 -0.054975715794964
0.218958311073935 -0.054402816710513
0.232086602510502 -0.053725788374664
0.245479292124814 -0.052954512601073
0.259123162949142 -0.052101044309777
0.273004750130227 -0.051179298007343
0.287110354217464 -0.050205541109253
0.301426054682610 -0.049197617122271
0.315937723657661 -0.048172043365806
0.330631039877354 -0.047135798392010
0.345491502812526 -0.046088713001393
0.360504446980386 -0.045031668953318
0.375655056417573 -0.043965530929452
0.390928379301729 -0.042890940085626
0.406309342707138 -0.041808593313275
0.421782767479884 -0.040719356434511
0.437333383217848 -0.039624315478177
0.452945843340743 -0.038524609998409
0.468604740235343 -0.037421399752731
0.484294620460936 -0.036315839763880
0.500000000000000 -0.035209090065231
0.515705379539064 -0.034102315624262
0.531395259764657 -0.032996689877115
0.547054156659257 -0.031893389130019
0.562666616782152 -0.030793583827808
0.578217232520115 -0.029698441932276
0.593690657292863 -0.028609121973370
0.609071620698271 -0.027526767261447
0.624344943582427 -0.026452405230820
0.639495553019615 -0.025386932628524
0.654508497187474 -0.024331235362795
0.669368960122646 -0.023286204579030
0.684062276342339 -0.022252727386363
0.698573945317390 -0.021231676231636
0.712889645782536 -0.020223982380950
0.726995249869774 -0.019230681154489
0.740876837050858 -0.018252873940652
0.754520707875186 -0.017291644880927
0.767913397489498 -0.016348040820132
0.781041688926065 -0.015423089989332
0.793892626146237 -0.014517783202682
0.806453526826489 -0.013633085785917
0.818711994874345 -0.012769855342109
0.830655932661826 -0.011928860265720
0.842273552964344 -0.011110846252214
0.853553390593274 -0.010316553710985
0.864484313710706 -0.009546706493146
0.875055534815230 -0.008802022120454
0.885256621387895 -0.008083201257219
0.895077506187845 -0.007390929195248
0.904508497187474 -0.006725879653401
0.913540287137281 -0.006088769973482
0.922163962751008 -0.005480349831452
0.930371013501972 -0.004901321196987
0.938153340021932 -0.004352329385799
0.945503262094184 -0.003833968021116
0.952413526233010 -0.003346776681686
0.958877312841991 -0.002891251238251
0.964888242944126 -0.002467837305409
0.970440384477113 -0.002076938512044
0.975528258147577 -0.001718913138919
0.980146842838472 -0.001394083111194
0.984291580564316 -0.001102730949831
0.987958380969374 -0.000845103156986
0.991143625364344 -0.000621412389850
0.993844170297569 -0.000431839529025
0.996057350657239 -0.000276535471045
0.997780982301540 -0.000155620056476
0.999013364214136 -0.000069185998028
0.999753280182866 -0.000017299707365
1.000000000000000 0.000000000000000
