1.000000000000000 0.000000000000000
0.999753280182866 0.000058279993818
0.999013364214136 0.000232973199276
0.997780982301540 0.000523639196431
0.996057350657239 0.000929547818315
0.993844170297569 0.001449678679077
0.991143625364344 0.002082708110034
0.987958380969374 0.002827033417164
0.984291580564316 0.003680743106140
0.980146842838472 0.004641645159395
0.975528258147577 0.005707253915779
0.970440384477113 0.006874781496463
0.964888242944126 0.008141166110453
0.958877312841991 0.009503039616518
0.952413526233010 0.010956752503001
0.945503262094184 0.012498382698345
0.938153340021932 0.014123705527230
0.930371013501972 0.015828239751342
0.922163962751008 0.017607219315373
0.913540287137281 0.019455624862746
0.904508497187474 0.021368173466837
0.895077506187845 0.023339332875340
0.885256621387895 0.025363340261010
0.875055534815230 0.027434207131092
0.864484313710706 0.029545722570903
0.853553390593274 0.031691493619377
0.842273552964344 0.033864933115215
0.830655932661826 0.036059298968249
0.818711994874345 0.038267705056535
0.806453526826488 0.040483097590914
0.793892626146236 0.042698393696767
0.781041688926065 0.044903364218533
0.767913397489498 0.047084884601878
0.754520707875186 0.049228657863377
0.740876837050858 0.051319835707695
0.726995249869773 0.053343084967171
0.712889645782536 0.055281965467698
0.698573945317390 0.057120695162068
0.684062276342339 0.058849595290807
0.669368960122646 0.060480058893698
0.654508497187474 0.062031024072869
0.639495553019615 0.063521966149629
0.624344943582427 0.064973090016227
0.609071620698271 0.066408988549144
0.593690657292862 0.067854046136735
0.578217232520115 0.069302881499491
0.562666616782152 0.070732194525218
0.547054156659257 0.072107006480825
0.531395259764657 0.073394429592723
0.515705379539064 0.074562153607230
0.500000000000000 0.075573984527937
0.484294620460936 0.076411449456565
0.468604740235343 0.077078580948588
0.452945843340743 0.077590037697150
0.437333383217848 0.077963537566923
0.421782767479884 0.078214440753540
0.406309342707138 0.078359495815165
0.390928379301729 0.078414148108135
0.375655056417573 0.078380799823232
0.360504446980385 0.078256472183479
0.345491502812526 0.078036133671577
0.330631039877354 0.077716161373129
0.315937723657661 0.077293692390043
0.301426054682610 0.076766068408775
0.287110354217464 0.076134270109055
0.273004750130227 0.075403377815851
0.259123162949142 0.074582377691282
0.245479292124814 0.073680026433722
0.232086602510502 0.072704870998966
0.218958311073935 0.071665642336947
0.206107373853763 0.070571206045103
0.193546473173512 0.069428258332964
0.181288005125655 0.068220706916599
0.169344067338174 0.066911840493124
0.157726447035656 0.065471130260301
0.146446609406726 0.063874000343164
0.135515686289294 0.062101784104327
0.124944465184770 0.060141670759208
0.114743378612105 0.057986132353812
0.104922493812155 0.055634133133638
0.095491502812526 0.053089524458159
0.086459712862719 0.050413216157230
0.077836037248992 0.047705049828339
0.069628986498028 0.045041110004600
0.061846659978068 0.042376005849166
0.054496737905816 0.039609709922390
0.047586473766990 0.036676913428489
0.041122687158009 0.033595235528953
0.035111757055874 0.030464642794327
0.029559615522887 0.027371846421240
0.024471741852423 0.024388174395215
0.019853157161528 0.021535233894339
0.015708419435684 0.018762124958140
0.012041619030626 0.016079200773486
0.008856374635656 0.013520240200285
0.006155829702431 0.011063982972859
0.003942649342761 0.008695296733814
0.002219017698460 0.006407189665316
0.000986635785864 0.004196248419429
0.000246719817134 0.002060759734187
0.000000000000000 0.000000000000000
0.000246719817134 -0.002030469821494
0.000986635785864 -0.004127503303198
0.002219017698460 -0.006279836772034
0.003942649342761 -0.008464535685711
0.006155829702431 -0.010650024632011
0.008856374635656 -0.012790213741952
0.012041619030626 -0.014811533210155
0.015708419435684 -0.016593220388757
0.019853157161528 -0.018043261742749
0.024471741852423 -0.019183877662419
0.029559615522887 -0.020140711499031
0.035111757055874 -0.020950339718261
0.041122687158009 -0.021605542815895
0.047586473766990 -0.022110508853219
0.054496737905816 -0.022480647306811
0.061846659978068 -0.022709693937765
0.069628986498028 -0.022771999443459
0.077836037248993 -0.022643676349341
0.086459712862719 -0.022330544231878
0.095491502812526 -0.021892917153574
0.104922493812155 -0.021414988094866
0.114743378612105 -0.020946550336580
0.124944465184770 -0.020488526318778
0.135515686289294 -0.020038683835797
0.146446609406726 -0.019593495698967
0.157726447035656 -0.019148135249980
0.169344067338174 -0.018696351877099
0.181288005125655 -0.018230678381170
0.193546473173512 -0.017741639570522
0.206107373853763 -0.017219908175812
0.218958311073935 -0.016663439659391
0.232086602510502 -0.016081839319002
0.245479292124814 -0.015486661158629
0.259123162949142 -0.014890551824538
0.273004750130227 -0.014307662435377
0.287110354217464 -0.013753102621015
0.301426054682610 -0.013244637357944
0.315937723657661 -0.012792884189942
0.330631039877354 -0.012396855302832
0.345491502812526 -0.012050605968861
0.360504446980386 -0.011747179933780
0.375655056417573 -0.011479522379630
0.390928379301729 -0.011239303710831
0.406309342707138 -0.011018801973515
0.421782767479884 -0.010812130201058
0.437333383217848 -0.010617076560447
0.452945843340743 -0.010432471762668
0.468604740235343 -0.010256559220042
0.484294620460936 -0.010087149837705
0.500000000000000 -0.009922464966854
0.515705379539064 -0.009762972317232
0.531395259764657 -0.009612788921347
0.547054156659257 -0.009479418650706
0.562666616782152 -0.009369208581176
0.578217232520115 -0.009288720830754
0.593690657292863 -0.009245481537509
0.609071620698271 -0.009240826876279
0.624344943582427 -0.009266736214113
0.639495553019615 -0.009299857227786
0.654508497187474 -0.009316918260659
0.669368960122646 -0.009297544240665
0.684062276342339 -0.009222614644623
0.698573945317390 -0.009072910210326
0.712889645782536 -0.008837937996247
0.726995249869774 -0.008530511035265
0.740876837050858 -0.008170003605934
0.754520707875186 -0.007775740030671
0.767913397489498 -0.007364748191041
0.781041688926065 -0.006952676968662
0.793892626146237 -0.006553733336090
0.806453526826489 -0.006179474512545
0.818711994874345 -0.005832979219161
0.830655932661826 -0.005508971051427
0.842273552964344 -0.005202877432756
0.853553390593274 -0.004910631913919
0.864484313710706 -0.004628807978347
0.875055534815230 -0.004354583457452
0.885256621387895 -0.004085722485687
0.895077506187845 -0.003820552428122
0.904508497187474 -0.003557933414587
0.913540287137281 -0.003297225799053
0.922163962751008 -0.003038248525478
0.930371013501972 -0.002781240171625
0.938153340021932 -0.002526812861586
0.945503262094184 -0.002275905434041
0.952413526233010 -0.002029732120712
0.958877312841991 -0.001789735891622
0.964888242944126 -0.001557533539887
0.970440384477113 -0.001334869069639
0.975528258147577 -0.001123561395641
0.980146842838472 -0.000925456335562
0.984291580564316 -0.000742379373641
0.987958380969374 -0.000576095273006
0.991143625364344 -0.000428262026353
0.993844170297569 -0.000300396828258
0.996057350657239 -0.000193843797815
0.997780982301540 -0.000109740125582
0.999013364214136 -0.000048998597500
0.999753280182866 -0.000012283480606
1.000000000000000 0.000000000000000
