1.000000000000000 0.000000000000000
0.999753280182866 0.000054915468494
0.999013364214136 0.000220241774034
0.997780982301540 0.000497716147764
0.996057350657239 0.000890165396338
0.993844170297569 0.001401408894089
0.991143625364344 0.002036137233444
0.987958380969374 0.002799733931124
0.984291580564316 0.003698074012255
0.980146842838472 0.004737261611534
0.975528258147577 0.005923364849783
0.970440384477113 0.007262084088049
0.964888242944126 0.008758419348520
0.958877312841991 0.010416265951786
0.952413526233010 0.012238022580538
0.945503262094184 0.014224181702891
0.938153340021932 0.016372861456478
0.930371013501972 0.018679414305660
0.922163962751008 0.021135979132743
0.913540287137281 0.023731095540618
0.904508497187474 0.026449369674780
0.895077506187845 0.029271246144663
0.885256621387895 0.032179779405424
0.875055534815230 0.035164893748294
0.864484313710706 0.038216533565213
0.853553390593274 0.041323866831219
0.842273552964344 0.044475338373475
0.830655932661826 0.047658714034644
0.818711994874345 0.050861039100286
0.806453526826488 0.054068904599230
0.793892626146236 0.057267830994721
0.781041688926065 0.060448175568867
0.767913397489498 0.063607255495903
0.754520707875186 0.066745049278221
0.740876837050858 0.069862335973350
0.726995249869773 0.072960814824882
0.712889645782536 0.076043491147856
0.698573945317390 0.079114151509831
0.684062276342339 0.082174906272584
0.669368960122646 0.085217333114233
0.654508497187474 0.088225803440120
0.639495553019615 0.091185180369245
0.624344943582427 0.094079954539205
0.609071620698271 0.096894365918008
0.593690657292862 0.099612816179333
0.578217232520115 0.102219197077415
0.562666616782152 0.104696957487425
0.547054156659257 0.107029442953509
0.531395259764657 0.109200499344244
0.515705379539064 0.111194763221664
0.500000000000000 0.112996585972346
0.484294620460936 0.114592775377455
0.468604740235343 0.115980482150627
0.452945843340743 0.117161081760537
0.437333383217848 0.118138322719895
0.421782767479884 0.118916252193542
0.406309342707138 0.119499153994077
0.390928379301729 0.119891831884994
0.375655056417573 0.120102083836468
0.360504446980385 0.120142389165283
0.345491502812526 0.120026187995997
0.330631039877354 0.119766996170602
0.315937723657661 0.119377499429561
0.301426054682610 0.118872068761579
0.287110354217464 0.118263507102662
0.273004750130227 0.117541086587231
0.259123162949142 0.116683496913065
0.245479292124814 0.115667202395969
0.232086602510502 0.114472871153306
0.218958311073935 0.113084957094427
0.206107373853763 0.111490905815307
0.193546473173512 0.109681054115220
0.181288005125655 0.107652600729702
0.169344067338174 0.105409661082193
0.157726447035656 0.102960399903992
0.146446609406726 0.100314795290688
0.135515686289294 0.097483219021267
0.124944465184770 0.094475054927524
0.114743378612105 0.091299985886529
0.104922493812155 0.087970631339380
0.095491502812526 0.084502053626753
0.086459712862719 0.080896051733178
0.077836037248992 0.077105900511512
0.069628986498028 0.073084040962922
0.061846659978068 0.068812954509887
0.054496737905816 0.064325700904012
0.047586473766990 0.059664732344713
0.041122687158009 0.054875250121040
0.035111757055874 0.049994838535355
0.029559615522887 0.045055952810414
0.024471741852423 0.040089988871989
0.019853157161528 0.035132625027890
0.015708419435684 0.030265394867530
0.012041619030626 0.025620158607904
0.008856374635656 0.021316359217037
0.006155829702431 0.017308571670027
0.003942649342761 0.013523330223955
0.002219017698460 0.009920360772728
0.000986635785864 0.006475303262526
0.000246719817134 0.003172181646988
0.000000000000000 0.000000000000000
0.000246719817134 -0.003055457339216
0.000986635785864 -0.006111174666170
0.002219017698460 -0.009207894152136
0.003942649342761 -0.012312312694614
0.006155829702431 -0.015376381862509
0.008856374635656 -0.018336824608747
0.012041619030626 -0.021108202770249
0.015708419435684 -0.023574352388436
0.019853157161528 -0.025679843735035
0.024471741852423 -0.027481810628007
0.029559615522887 -0.029098630683467
0.035111757055874 -0.030590373832823
0.041122687158009 -0.031955536108402
0.047586473766990 -0.033209071079366
0.054496737905816 -0.034385984081169
0.061846659978068 -0.035495771489527
0.069628986498028 -0.036488914482081
0.077836037248993 -0.037303712331607
0.086459712862719 -0.037898346232783
0.095491502812526 -0.038312253940458
0.104922493812155 -0.038618069366206
0.114743378612105 -0.038869546524843
0.124944465184770 -0.039058445756863
0.135515686289294 -0.039170999391525
0.146446609406726 -0.039191361980799
0.157726447035656 -0.039103475533912
0.169344067338174 -0.038898263835314
0.181288005125655 -0.038576067212483
0.193546473173512 -0.038139422200038
0.206107373853763 -0.037592707200543
0.218958311073935 -0.036940294216894
0.232086602510502 -0.036185605444481
0.245479292124814 -0.035333079807580
0.259123162949142 -0.034388581685096
0.273004750130227 -0.033359305352911
0.287110354217464 -0.032253810038262
0.301426054682610 -0.031082060332785
0.315937723657661 -0.029854310823962
0.330631039877354 -0.028580827711120
0.345491502812526 -0.027271818755554
0.360504446980386 -0.025938357950307
0.375655056417573 -0.024592341597884
0.390928379301729 -0.023246293647924
0.406309342707138 -0.021912826777554
0.421782767479884 -0.020603321413093
0.437333383217848 -0.019325725002990
0.452945843340743 -0.018087599864667
0.468604740235343 -0.016896669511939
0.484294620460936 -0.015760677741498
0.500000000000000 -0.014686837463058
0.515705379539064 -0.013681109636131
0.531395259764657 -0.012745292063961
0.547054156659257 -0.011878685850226
0.562666616782152 -0.011080673646215
0.578217232520115 -0.010350644989321
0.593690657292863 -0.009687714846519
0.609071620698271 -0.009089384612461
0.624344943582427 -0.008548533871365
0.639495553019615 -0.008051413271620
0.654508497187474 -0.007584703754470
0.669368960122646 -0.007136183713500
0.684062276342339 -0.006694440728294
0.698573945317390 -0.006246898628610
0.712889645782536 -0.005788857064736
0.726995249869774 -0.005330324897826
0.740876837050858 -0.004887569490942
0.754520707875186 -0.004476162466211
0.767913397489498 -0.004109158793325
0.781041688926065 -0.003798257350735
0.793892626146237 -0.003553335362514
0.806453526826489 -0.003381840033124
0.818711994874345 -0.003275106220845
0.830655932661826 -0.003211253042861
0.842273552964344 -0.003170477937614
0.853553390593274 -0.003135720858592
0.864484313710706 -0.003092619580267
0.875055534815230 -0.003029451651914
0.885256621387895 -0.002937032087989
0.895077506187845 -0.002808664923665
0.904508497187474 -0.002640112053439
0.913540287137281 -0.002436898715267
0.922163962751008 -0.002211852268630
0.930371013501972 -0.001976167015826
0.938153340021932 -0.001738968730879
0.945503262094184 -0.001507499958443
0.952413526233010 -0.001287299019500
0.958877312841991 -0.001082381611828
0.964888242944126 -0.000895427098120
0.970440384477113 -0.000727972887705
0.975528258147577 -0.000580601215616
0.980146842838472 -0.000453122736590
0.984291580564316 -0.000344758659672
0.987958380969374 -0.000254308596960
0.991143625364344 -0.000180309600729
0.993844170297569 -0.000121182126526
0.996057350657239 -0.000075358101795
0.997780982301540 -0.000041396915824
0.999013364214136 -0.000018076449556
0.999753280182866 -0.000004470051615
1.000000000000000 0.000000000000000
