1.000000000000000 0.000000000000000
0.999753280182866 0.000082034174089
0.999013364214136 0.000327826324028
0.997780982301540 0.000736409900392
0.996057350657239 0.001306207744747
0.993844170297569 0.002035053209430
0.991143625364344 0.002920238941576
0.987958380969374 0.003958563702134
0.984291580564316 0.005146394036080
0.980146842838472 0.006479745496413
0.975528258147577 0.007954353916898
0.970440384477113 0.009565769989069
0.964888242944126 0.011309447599298
0.958877312841991 0.013180841852461
0.952413526233010 0.015175515343797
0.945503262094184 0.017289218840399
0.938153340021932 0.019518027077858
0.930371013501972 0.021858403333193
0.922163962751008 0.024307327495040
0.913540287137281 0.026862372988466
0.904508497187474 0.029521805234152
0.895077506187845 0.032284597575758
0.885256621387895 0.035147908994039
0.875055534815230 0.038106097289560
0.864484313710706 0.041152944815719
0.853553390593274 0.044281836459445
0.842273552964344 0.047485727782478
0.830655932661826 0.050757185736582
0.818711994874345 0.054088374778744
0.806453526826488 0.057471108736781
0.793892626146236 0.060896796730812
0.781041688926065 0.064357773220846
0.767913397489498 0.067847599355186
0.754520707875186 0.071360048309104
0.740876837050858 0.074888975104234
0.726995249869773 0.078428175273536
0.712889645782536 0.081971893007801
0.698573945317390 0.085514250115793
0.684062276342339 0.089046399742187
0.669368960122646 0.092551484556882
0.654508497187474 0.096007560003141
0.639495553019615 0.099392990883824
0.624344943582427 0.102685942616741
0.609071620698271 0.105863993746343
0.593690657292862 0.108904105649152
0.578217232520115 0.111792022646987
0.562666616782152 0.114521701380430
0.547054156659257 0.117090024111638
0.531395259764657 0.119494754270044
0.515705379539064 0.121733758430681
0.500000000000000 0.123805668275842
0.484294620460936 0.125709310033133
0.468604740235343 0.127441956171189
0.452945843340743 0.129000851547029
0.437333383217848 0.130383706045683
0.421782767479884 0.131589087661214
0.406309342707138 0.132616188471595
0.390928379301729 0.133463948723596
0.375655056417573 0.134127191487953
0.360504446980385 0.134593574525575
0.345491502812526 0.134851927256192
0.330631039877354 0.134892980023204
0.315937723657661 0.134708902468780
0.301426054682610 0.134293802551745
0.287110354217464 0.133642321622274
0.273004750130227 0.132739239534364
0.259123162949142 0.131566363562230
0.245479292124814 0.130107642245256
0.232086602510502 0.128349598648385
0.218958311073935 0.126281586683740
0.206107373853763 0.123895731368835
0.193546473173512 0.121186281674901
0.181288005125655 0.118166620453079
0.169344067338174 0.114869614711804
0.157726447035656 0.111330203191887
0.146446609406726 0.107584441244419
0.135515686289294 0.103653291392539
0.124944465184770 0.099540187099827
0.114743378612105 0.095243983088755
0.104922493812155 0.090768129119858
0.095491502812526 0.086120627776292
0.086459712862719 0.081337997205743
0.077836037248992 0.076497189935008
0.069628986498028 0.071666121187282
0.061846659978068 0.066841305979607
0.054496737905816 0.061966543426116
0.047586473766990 0.057003564018007
0.041122687158009 0.051961337291822
0.035111757055874 0.046909359298642
0.029559615522887 0.041914405936991
0.024471741852423 0.037036593270458
0.019853157161528 0.032318381997454
0.015708419435684 0.027785309838690
0.012041619030626 0.023509503109917
0.008856374635656 0.019538731708546
0.006155829702431 0.015814480125442
0.003942649342761 0.012297687843997
0.002219017698460 0.008967722767400
0.000986635785864 0.005812657072659
0.000246719817134 0.002825068138889
0.000000000000000 0.000000000000000
0.000246719817134 -0.002665805342182
0.000986635785864 -0.005178398085584
0.002219017698460 -0.007606150706153
0.003942649342761 -0.009981228707587
0.006155829702431 -0.012266250769892
0.008856374635656 -0.014392942032808
0.012041619030626 -0.016256264831225
0.015708419435684 -0.017696985786732
0.019853157161528 -0.018615635569004
0.024471741852423 -0.019053774513529
0.029559615522887 -0.019149373301679
0.035111757055874 -0.018975901155622
0.041122687158009 -0.018553971724332
0.047586473766990 -0.017945053611552
0.054496737905816 -0.017255196167317
0.061846659978068 -0.016541231080963
0.069628986498028 -0.015771760303986
0.077836037248993 -0.014900493774796
0.086459712862719 -0.013896966088538
0.095491502812526 -0.012790350011023
0.104922493812155 -0.011629357642132
0.114743378612105 -0.010441948573508
0.124944465184770 -0.009224541670766
0.135515686289294 -0.007967918046665
0.146446609406726 -0.006661077216773
0.157726447035656 -0.005291351648016
0.169344067338174 -0.003867959254490
0.181288005125655 -0.002417307418901
0.193546473173512 -0.000972388341507
0.206107373853763 0.000432620931175
0.218958311073935 0.001776357816260
0.232086602510502 0.003062127405250
0.245479292124814 0.004295188944403
0.259123162949142 0.005482220792844
0.273004750130227 0.006631515043497
0.287110354217464 0.007752581415095
0.301426054682610 0.008858267442392
0.315937723657661 0.009952021854011
0.330631039877354 0.011025044147059
0.345491502812526 0.012061188083207
0.360504446980386 0.013043821568267
0.375655056417573 0.013956394451612
0.390928379301729 0.014780498932478
0.406309342707138 0.015500838526546
0.421782767479884 0.016108483934294
0.437333383217848 0.016608247253755
0.452945843340743 0.017008065648355
0.468604740235343 0.017314821766140
0.484294620460936 0.017536513987103
0.500000000000000 0.017681439351004
0.515705379539064 0.017756835176376
0.531395259764657 0.017767753981397
0.547054156659257 0.017717491268761
0.562666616782152 0.017609966669298
0.578217232520115 0.017449272434625
0.593690657292863 0.017239445382645
0.609071620698271 0.016985207397772
0.624344943582427 0.016692306263943
0.639495553019615 0.016368072982539
0.654508497187474 0.016019767181624
0.669368960122646 0.015654232467238
0.684062276342339 0.015277895424960
0.698573945317390 0.014897660048839
0.712889645782536 0.014516814346879
0.726995249869774 0.014129496182025
0.740876837050858 0.013727441176522
0.754520707875186 0.013302811789783
0.767913397489498 0.012849150851542
0.781041688926065 0.012360945254684
0.793892626146237 0.011833646181469
0.806453526826489 0.011264349087790
0.818711994874345 0.010655625312986
0.830655932661826 0.010015190260991
0.842273552964344 0.009350313167708
0.853553390593274 0.008667895504199
0.864484313710706 0.007974388979915
0.875055534815230 0.007275791386034
0.885256621387895 0.006577650903643
0.895077506187845 0.005885068825247
0.904508497187474 0.005202909389011
0.913540287137281 0.004540558819692
0.922163962751008 0.003910415107293
0.930371013501972 0.003322133832562
0.938153340021932 0.002782594878783
0.945503262094184 0.002296170393233
0.952413526233010 0.001865006150339
0.958877312841991 0.001489315996418
0.964888242944126 0.001167674251015
0.970440384477113 0.000897317460780
0.975528258147577 0.000674440145981
0.980146842838472 0.000494479290612
0.984291580564316 0.000352387738826
0.987958380969374 0.000242897386309
0.991143625364344 0.000160755581238
0.993844170297569 0.000100945395524
0.996057350657239 0.000058879566323
0.997780982301540 0.000030570040890
0.999013364214136 0.000012766687636
0.999753280182866 0.000003067592063
1.000000000000000 0.000000000000000
