1.000000000000000 0.000000000000000
0.999753280182866 0.000093264001757
0.999013364214136 0.000372756967219
0.997780982301540 0.000837539620758
0.996057350657239 0.001486072199381
0.993844170297569 0.002316249317202
0.991143625364344 0.003325416527128
0.987958380969374 0.004510421193671
0.984291580564316 0.005867657439586
0.980146842838472 0.007393143831225
0.975528258147577 0.009082580603901
0.970440384477113 0.010931425018531
0.964888242944126 0.012934958067049
0.958877312841991 0.015088380146327
0.952413526233010 0.017386895954180
0.945503262094184 0.019825769528932
0.938153340021932 0.022400461537666
0.930371013501972 0.025106659418211
0.922163962751008 0.027940400086099
0.913540287137281 0.030898128487195
0.904508497187474 0.033976791901575
0.895077506187845 0.037173870628156
0.885256621387895 0.040487593243120
0.875055534815230 0.043915168067236
0.864484313710706 0.047450009537024
0.853553390593274 0.051083844485186
0.842273552964344 0.054807864077551
0.830655932661826 0.058612545759289
0.818711994874345 0.062487760271778
0.806453526826488 0.066422719319945
0.793892626146236 0.070406055540542
0.781041688926065 0.074425822090297
0.767913397489498 0.078469387068350
0.754520707875186 0.082523433638760
0.740876837050858 0.086574192732035
0.726995249869773 0.090607500693981
0.712889645782536 0.094608885686702
0.698573945317390 0.098563648520374
0.684062276342339 0.102456890253439
0.669368960122646 0.106274805863958
0.654508497187474 0.110004990203797
0.639495553019615 0.113635386533915
0.624344943582427 0.117154318461575
0.609071620698271 0.120550444450787
0.593690657292862 0.123812174383131
0.578217232520115 0.126930292151850
0.562666616782152 0.129899849489030
0.547054156659257 0.132718246635886
0.531395259764657 0.135384268208571
0.515705379539064 0.137896898772328
0.500000000000000 0.140255535389068
0.484294620460936 0.142460165891950
0.468604740235343 0.144512885082846
0.452945843340743 0.146417356023435
0.437333383217848 0.148177172959801
0.421782767479884 0.149797230148600
0.406309342707138 0.151285046476786
0.390928379301729 0.152641607473271
0.375655056417573 0.153856877670289
0.360504446980385 0.154889611368606
0.345491502812526 0.155687131950897
0.330631039877354 0.156205831717259
0.315937723657661 0.156404503444543
0.301426054682610 0.156243757365889
0.287110354217464 0.155700087030330
0.273004750130227 0.154770413664445
0.259123162949142 0.153485178344545
0.245479292124814 0.151876438081179
0.232086602510502 0.149972102281591
0.218958311073935 0.147799323787852
0.206107373853763 0.145388020737817
0.193546473173512 0.142765248008085
0.181288005125655 0.139930840583532
0.169344067338174 0.136860947368182
0.157726447035656 0.133521296573160
0.146446609406726 0.129887858036110
0.135515686289294 0.125946357233008
0.124944465184770 0.121691407099708
0.114743378612105 0.117123664924462
0.104922493812155 0.112241944514514
0.095491502812526 0.107047699524475
0.086459712862719 0.101614145092178
0.077836037248992 0.096116464831842
0.069628986498028 0.090723900842859
0.061846659978068 0.085410429987156
0.054496737905816 0.080014212911468
0.047586473766990 0.074389520757942
0.041122687158009 0.068465333132074
0.035111757055874 0.062293377873945
0.029559615522887 0.055931869866077
0.024471741852423 0.049430678848403
0.019853157161528 0.042874658734568
0.015708419435684 0.036512196528750
0.012041619030626 0.030629804295598
0.008856374635656 0.025336985385915
0.006155829702431 0.020473673018541
0.003942649342761 0.015929829010235
0.002219017698460 0.011643454283942
0.000986635785864 0.007575791564722
0.000246719817134 0.003700722991742
0.000000000000000 0.000000000000000
0.000246719817134 -0.003539901143690
0.000986635785864 -0.006973163832588
0.002219017698460 -0.010425754169713
0.003942649342761 -0.013906676288580
0.006155829702431 -0.017389387507263
0.008856374635656 -0.020833313723556
0.012041619030626 -0.024181799956735
0.015708419435684 -0.027361428395711
0.019853157161528 -0.030335397975813
0.024471741852423 -0.033120576802320
0.029559615522887 -0.035755479059320
0.035111757055874 -0.038208622918660
0.041122687158009 -0.040415108174411
0.047586473766990 -0.042305727415859
0.054496737905816 -0.043810642650623
0.061846659978068 -0.044952724983084
0.069628986498028 -0.045845137007041
0.077836037248993 -0.046651276985095
0.086459712862719 -0.047439965757026
0.095491502812526 -0.048121532892425
0.104922493812155 -0.048572494117851
0.114743378612105 -0.048750674748305
0.124944465184770 -0.048682670834694
0.135515686289294 -0.048411189658352
0.146446609406726 -0.047995406263926
0.157726447035656 -0.047495859604991
0.169344067338174 -0.046946037576065
0.181288005125655 -0.046357389845267
0.193546473173512 -0.045747963573499
0.206107373853763 -0.045136506720929
0.218958311073935 -0.044526809972406
0.232086602510502 -0.043913990352221
0.245479292124814 -0.043291195960109
0.259123162949142 -0.042650965208573
0.273004750130227 -0.041985264907819
0.287110354217464 -0.041284295188416
0.301426054682610 -0.040538294015378
0.315937723657661 -0.039745389256118
0.330631039877354 -0.038910270259176
0.345491502812526 -0.038041889491171
0.360504446980386 -0.037148607385260
0.375655056417573 -0.036239701631048
0.390928379301729 -0.035325210237521
0.406309342707138 -0.034412946755877
0.421782767479884 -0.033506515556941
0.437333383217848 -0.032603840145136
0.452945843340743 -0.031703165370050
0.468604740235343 -0.030803048568768
0.484294620460936 -0.029901521605252
0.500000000000000 -0.028997233600965
0.515705379539064 -0.028089897042793
0.531395259764657 -0.027180832018381
0.547054156659257 -0.026271877711637
0.562666616782152 -0.025364575474833
0.578217232520115 -0.024460535829006
0.593690657292863 -0.023561362169092
0.609071620698271 -0.022668277772835
0.624344943582427 -0.021782183167597
0.639495553019615 -0.020903705351777
0.654508497187474 -0.020033527822681
0.669368960122646 -0.019172346788357
0.684062276342339 -0.018320841109092
0.698573945317390 -0.017479717260292
0.712889645782536 -0.016649762548602
0.726995249869774 -0.015831845232176
0.740876837050858 -0.015026815829865
0.754520707875186 -0.014235506798015
0.767913397489498 -0.013458736307534
0.781041688926065 -0.012697302179265
0.793892626146237 -0.011951986446473
0.806453526826489 -0.011223531080959
0.818711994874345 -0.010512646981485
0.830655932661826 -0.009820026786099
0.842273552964344 -0.009146345604953
0.853553390593274 -0.008492261157722
0.864484313710706 -0.007858413397089
0.875055534815230 -0.007245422530171
0.885256621387895 -0.006653888866906
0.895077506187845 -0.006084395314262
0.904508497187474 -0.005537502173638
0.913540287137281 -0.005013754535885
0.922163962751008 -0.004513669160299
0.930371013501972 -0.004037742348306
0.938153340021932 -0.003586443720489
0.945503262094184 -0.003160219619230
0.952413526233010 -0.002759492058789
0.958877312841991 -0.002384657223705
0.964888242944126 -0.002036084386509
0.970440384477113 -0.001714117659092
0.975528258147577 -0.001419075152707
0.980146842838472 -0.001151247969974
0.984291580564316 -0.000910899564388
0.987958380969374 -0.000698267371638
0.991143625364344 -0.000513560659940
0.993844170297569 -0.000356961944653
0.996057350657239 -0.000228623867161
0.997780982301540 -0.000128674872223
0.999013364214136 -0.000057212115456
0.999753280182866 -0.000014306511772
1.000000000000000 0.000000000000000
