1.000000000000000 0.000000000000000
0.999753280182866 0.000076019490929
0.999013364214136 0.000304139972176
0.997780982301540 0.000684564216473
0.996057350657239 0.001217588115055
0.993844170297569 0.001903543409982
0.991143625364344 0.002742731502965
0.987958380969374 0.003735305349078
0.984291580564316 0.004881171793207
0.980146842838472 0.006179838936270
0.975528258147577 0.007630276179797
0.970440384477113 0.009230728284528
0.964888242944126 0.010978568849674
0.958877312841991 0.012870085030515
0.952413526233010 0.014900296349622
0.945503262094184 0.017062761165579
0.938153340021932 0.019349402106669
0.930371013501972 0.021750321278963
0.922163962751008 0.024253631547326
0.913540287137281 0.026845314387009
0.904508497187474 0.029509137271169
0.895077506187845 0.032226759479371
0.885256621387895 0.034983831348279
0.875055534815230 0.037771389964045
0.864484313710706 0.040581143528473
0.853553390593274 0.043405305379541
0.842273552964344 0.046236605488498
0.830655932661826 0.049068352611955
0.818711994874345 0.051894483825181
0.806453526826488 0.054709553725115
0.793892626146236 0.057508788190709
0.781041688926065 0.060287238941493
0.767913397489498 0.063039730021505
0.754520707875186 0.065761534822436
0.740876837050858 0.068448468952029
0.726995249869773 0.071096880493597
0.712889645782536 0.073703680111141
0.698573945317390 0.076266304488079
0.684062276342339 0.078782314082145
0.669368960122646 0.081249060852101
0.654508497187474 0.083663917191231
0.639495553019615 0.086024802188921
0.624344943582427 0.088329947345129
0.609071620698271 0.090578030667796
0.593690657292862 0.092768211396525
0.578217232520115 0.094895386440458
0.562666616782152 0.096950047742340
0.547054156659257 0.098922278057489
0.531395259764657 0.100802282500868
0.515705379539064 0.102580629160139
0.500000000000000 0.104248347394254
0.484294620460936 0.105798081401737
0.468604740235343 0.107228211383736
0.452945843340743 0.108539008834904
0.437333383217848 0.109730980098309
0.421782767479884 0.110805313681783
0.406309342707138 0.111763564154214
0.390928379301729 0.112606351360328
0.375655056417573 0.113331599694306
0.360504446980385 0.113932723112413
0.345491502812526 0.114403951557012
0.330631039877354 0.114740799944169
0.315937723657661 0.114939645572641
0.301426054682610 0.114997642472586
0.287110354217464 0.114911789066983
0.273004750130227 0.114673717716286
0.259123162949142 0.114274174606174
0.245479292124814 0.113706072847267
0.232086602510502 0.112964195186189
0.218958311073935 0.112045364259853
0.206107373853763 0.110948457166432
0.193546473173512 0.109672841113898
0.181288005125655 0.108198347339713
0.169344067338174 0.106489017088664
0.157726447035656 0.104515563109766
0.146446609406726 0.102254543887377
0.135515686289294 0.099701303195850
0.124944465184770 0.096867056621290
0.114743378612105 0.093767810688232
0.104922493812155 0.090420289499635
0.095491502812526 0.086844638831961
0.086459712862719 0.083084740006206
0.077836037248992 0.079202012035372
0.069628986498028 0.075245530447172
0.061846659978068 0.071174222318450
0.054496737905816 0.066913631524938
0.047586473766990 0.062410230989002
0.041122687158009 0.057666797480260
0.035111757055874 0.052729080087176
0.029559615522887 0.047631602063128
0.024471741852423 0.042395662935309
0.019853157161528 0.037071524132708
0.015708419435684 0.031826183247876
0.012041619030626 0.026875035222635
0.008856374635656 0.022285918186524
0.006155829702431 0.017989739141481
0.003942649342761 0.013947626703398
0.002219017698460 0.010138204387241
0.000986635785864 0.006548786039150
0.000246719817134 0.003171196757050
0.000000000000000 0.000000000000000
0.000246719817134 -0.002968642762938
0.000986635785864 -0.005737265142620
0.002219017698460 -0.008326017800922
0.003942649342761 -0.010817959698155
0.006155829702431 -0.013231929200619
0.008856374635656 -0.015540881837635
0.012041619030626 -0.017690084910719
0.015708419435684 -0.019590863136217
0.019853157161528 -0.021192862211040
0.024471741852423 -0.022575821466052
0.029559615522887 -0.023927893500669
0.035111757055874 -0.025338263503885
0.041122687158009 -0.026769576867764
0.047586473766990 -0.028171568358932
0.054496737905816 -0.029481533528052
0.061846659978068 -0.030678722018475
0.069628986498028 -0.031810195427484
0.077836037248993 -0.032955446171470
0.086459712862719 -0.034163420041295
0.095491502812526 -0.035373111252247
0.104922493812155 -0.036480776993904
0.114743378612105 -0.037424612441592
0.124944465184770 -0.038221086604272
0.135515686289294 -0.038901556382029
0.146446609406726 -0.039508292645590
0.157726447035656 -0.040092208279175
0.169344067338174 -0.040666399084797
0.181288005125655 -0.041209122497269
0.193546473173512 -0.041691286109552
0.206107373853763 -0.042082840852804
0.218958311073935 -0.042366092259897
0.232086602510502 -0.042546992575727
0.245479292124814 -0.042634729172619
0.259123162949142 -0.042640814386447
0.273004750130227 -0.042578633706534
0.287110354217464 -0.042463723017950
0.301426054682610 -0.042315140033169
0.315937723657661 -0.042144736430060
0.330631039877354 -0.041955323809296
0.345491502812526 -0.041742275789419
0.360504446980386 -0.041501173982381
0.375655056417573 -0.041228243038963
0.390928379301729 -0.040919047199179
0.406309342707138 -0.040569682077840
0.421782767479884 -0.040177567835029
0.437333383217848 -0.039743209396063
0.452945843340743 -0.039267785563850
0.468604740235343 -0.038752371875826
0.484294620460936 -0.038198348842848
0.500000000000000 -0.037607210531274
0.515705379539064 -0.036980281320576
0.531395259764657 -0.036318283755953
0.547054156659257 -0.035621499296638
0.562666616782152 -0.034890469941012
0.578217232520115 -0.034125882374356
0.593690657292863 -0.033328525629940
0.609071620698271 -0.032499492389707
0.624344943582427 -0.031640325319473
0.639495553019615 -0.030753224202186
0.654508497187474 -0.029840509411639
0.669368960122646 -0.028904546752581
0.684062276342339 -0.027947767452812
0.698573945317390 -0.026972787468816
0.712889645782536 -0.025981887643103
0.726995249869774 -0.024976325757016
0.740876837050858 -0.023957101898805
0.754520707875186 -0.022925333658700
0.767913397489498 -0.021882410269683
0.781041688926065 -0.020829911047687
0.793892626146237 -0.019769584460156
0.806453526826489 -0.018703559866602
0.818711994874345 -0.017636090310156
0.830655932661826 -0.016573499620211
0.842273552964344 -0.015521643964645
0.853553390593274 -0.014485910839005
0.864484313710706 -0.013471178203217
0.875055534815230 -0.012481823781286
0.885256621387895 -0.011521730198821
0.895077506187845 -0.010594303652413
0.904508497187474 -0.009702415206103
0.913540287137281 -0.008846478051636
0.922163962751008 -0.008024984594535
0.930371013501972 -0.007236989751280
0.938153340021932 -0.006482186244996
0.945503262094184 -0.005760831201904
0.952413526233010 -0.005073673020918
0.958877312841991 -0.004421876427094
0.964888242944126 -0.003806946943635
0.970440384477113 -0.003230656778776
0.975528258147577 -0.002694958329749
0.980146842838472 -0.002201929432782
0.984291580564316 -0.001753686010944
0.987958380969374 -0.001352322464593
0.991143625364344 -0.000999845401867
0.993844170297569 -0.000698117380339
0.996057350657239 -0.000448809417010
0.997780982301540 -0.000253347691122
0.999013364214136 -0.000112885864152
0.999753280182866 -0.000028264183593
1.000000000000000 0.000000000000000
