1.000000000000000 0.000000000000000
0.999753280182866 0.000104052153163
0.999013364214136 0.000415118277333
0.997780982301540 0.000929933291900
0.996057350657239 0.001643197307685
0.993844170297569 0.002547724250759
0.991143625364344 0.003634654644177
0.987958380969374 0.004893762426684
0.984291580564316 0.006313785489130
0.980146842838472 0.007882755755221
0.975528258147577 0.009588410706973
0.970440384477113 0.011418597006690
0.964888242944126 0.013361669401558
0.958877312841991 0.015406935139035
0.952413526233010 0.017545021635973
0.945503262094184 0.019768339389314
0.938153340021932 0.022071433293719
0.930371013501972 0.024451392445881
0.922163962751008 0.026908225462219
0.913540287137281 0.029445246524350
0.904508497187474 0.032069367162429
0.895077506187845 0.034791847231824
0.885256621387895 0.037620286689592
0.875055534815230 0.040550134176132
0.864484313710706 0.043573635018877
0.853553390593274 0.046682359377647
0.842273552964344 0.049866937537857
0.830655932661826 0.053117091942004
0.818711994874345 0.056421661219525
0.806453526826488 0.059768600238345
0.793892626146236 0.063145030205517
0.781041688926065 0.066537360780281
0.767913397489498 0.069931418580824
0.754520707875186 0.073312454089009
0.740876837050858 0.076665104706121
0.726995249869773 0.079973487262999
0.712889645782536 0.083221358316578
0.698573945317390 0.086392098411272
0.684062276342339 0.089469446812177
0.669368960122646 0.092448096310255
0.654508497187474 0.095330963980860
0.639495553019615 0.098122513555126
0.624344943582427 0.100827649177833
0.609071620698271 0.103452416534161
0.593690657292862 0.106005193260062
0.578217232520115 0.108488144156544
0.562666616782152 0.110895776671856
0.547054156659257 0.113216018625666
0.531395259764657 0.115435423089511
0.515705379539064 0.117541989766722
0.500000000000000 0.119525005696627
0.484294620460936 0.121373351699314
0.468604740235343 0.123069111090848
0.452945843340743 0.124591134960208
0.437333383217848 0.125915904575258
0.421782767479884 0.127021880212791
0.406309342707138 0.127889434638695
0.390928379301729 0.128497889634484
0.375655056417573 0.128837297112503
0.360504446980385 0.128921672284026
0.345491502812526 0.128771853839645
0.330631039877354 0.128411336019966
0.315937723657661 0.127861308829342
0.301426054682610 0.127144017614538
0.287110354217464 0.126282806969119
0.273004750130227 0.125280371961256
0.259123162949142 0.124124429451398
0.245479292124814 0.122794556403567
0.232086602510502 0.121273777444214
0.218958311073935 0.119549458431467
0.206107373853763 0.117611614450526
0.193546473173512 0.115451489564161
0.181288005125655 0.113069250228448
0.169344067338174 0.110479398545466
0.157726447035656 0.107706133108206
0.146446609406726 0.104776518260487
0.135515686289294 0.101709237409448
0.124944465184770 0.098495564347228
0.114743378612105 0.095095704464691
0.104922493812155 0.091478908675237
0.095491502812526 0.087621646648417
0.086459712862719 0.083515198888177
0.077836037248992 0.079247166171265
0.069628986498028 0.074944709291657
0.061846659978068 0.070699783483369
0.054496737905816 0.066487273464556
0.047586473766990 0.062262936264531
0.041122687158009 0.058000233439269
0.035111757055874 0.053668081533292
0.029559615522887 0.049228278998781
0.024471741852423 0.044646068807929
0.019853157161528 0.039886069108905
0.015708419435684 0.034963004952885
0.012041619030626 0.029994504778728
0.008856374635656 0.025147272011728
0.006155829702431 0.020509926251399
0.003942649342761 0.016064327880975
0.002219017698460 0.011796896671251
0.000986635785864 0.007699878287331
0.000246719817134 0.003768554147544
0.000000000000000 0.000000000000000
0.000246719817134 -0.003607959961204
0.000986635785864 -0.007143904149252
0.002219017698460 -0.010710785520145
0.003942649342761 -0.014302316060841
0.006155829702431 -0.017894076454898
0.008856374635656 -0.021452009262130
0.012041619030626 -0.024930727481460
0.015708419435684 -0.028268014761333
0.019853157161528 -0.031408822363357
0.024471741852423 -0.034363497232035
0.029559615522887 -0.037193908753150
0.035111757055874 -0.039946763699466
0.041122687158009 -0.042591446869756
0.047586473766990 -0.045094100130917
0.054496737905816 -0.047423027720606
0.061846659978068 -0.049558246726392
0.069628986498028 -0.051513095256369
0.077836037248993 -0.053324305480069
0.086459712862719 -0.055038039585590
0.095491502812526 -0.056644482145488
0.104922493812155 -0.058104166276843
0.114743378612105 -0.059381486648383
0.124944465184770 -0.060466241581874
0.135515686289294 -0.061358728809851
0.146446609406726 -0.062063657888298
0.157726447035656 -0.062592241111073
0.169344067338174 -0.062948883872744
0.181288005125655 -0.063126517816068
0.193546473173512 -0.063114355904003
0.206107373853763 -0.062903701170719
0.218958311073935 -0.062489894788126
0.232086602510502 -0.061875904008000
0.245479292124814 -0.061070236391597
0.259123162949142 -0.060083545528558
0.273004750130227 -0.058929431769904
0.287110354217464 -0.057624422957381
0.301426054682610 -0.056187621923413
0.315937723657661 -0.054639722498970
0.330631039877354 -0.052998550915862
0.345491502812526 -0.051280195724838
0.360504446980386 -0.049502713455992
0.375655056417573 -0.047685161173621
0.390928379301729 -0.045847801653726
0.406309342707138 -0.044013319252232
0.421782767479884 -0.042193786053806
0.437333383217848 -0.040385964535496
0.452945843340743 -0.038582803534937
0.468604740235343 -0.036776151159801
0.484294620460936 -0.034958422417045
0.500000000000000 -0.033121648153019
0.515705379539064 -0.031259381592158
0.531395259764657 -0.029375128129918
0.547054156659257 -0.027475884242730
0.562666616782152 -0.025569016426482
0.578217232520115 -0.023661809568810
0.593690657292863 -0.021761387293543
0.609071620698271 -0.019875039978442
0.624344943582427 -0.018018269165089
0.639495553019615 -0.016214330952077
0.654508497187474 -0.014485858418564
0.669368960122646 -0.012853547034256
0.684062276342339 -0.011336439331464
0.698573945317390 -0.009954091354766
0.712889645782536 -0.008714547110651
0.726995249869774 -0.007610574869976
0.740876837050858 -0.006623166932242
0.754520707875186 -0.005734651484367
0.767913397489498 -0.004929404527084
0.781041688926065 -0.004192540171400
0.793892626146237 -0.003510698854083
0.806453526826489 -0.002871720214624
0.818711994874345 -0.002274501031014
0.830655932661826 -0.001725364440548
0.842273552964344 -0.001230329767463
0.853553390593274 -0.000793752791060
0.864484313710706 -0.000418706053072
0.875055534815230 -0.000106932542462
0.885256621387895 0.000141049032183
0.895077506187845 0.000325953717824
0.904508497187474 0.000449633746611
0.913540287137281 0.000519846036239
0.922163962751008 0.000548336150357
0.930371013501972 0.000545481331489
0.938153340021932 0.000520060189129
0.945503262094184 0.000479374764523
0.952413526233010 0.000429380555644
0.958877312841991 0.000374816338745
0.964888242944126 0.000319338286402
0.970440384477113 0.000265654617630
0.975528258147577 0.000215661219299
0.980146842838472 0.000170572464690
0.984291580564316 0.000131050085489
0.987958380969374 0.000097324159550
0.991143625364344 0.000069306953786
0.993844170297569 0.000046697080461
0.996057350657239 0.000029073368985
0.997780982301540 0.000015976213493
0.999013364214136 0.000006975386035
0.999753280182866 0.000001724543599
1.000000000000000 0.000000000000000
