1.000000000000000 0.000000000000000
0.999753280182866 0.000071847152371
0.999013364214136 0.000286896863662
0.997780982301540 0.000643685363897
0.996057350657239 0.001139811130386
0.993844170297569 0.001772011773509
0.991143625364344 0.002536236479481
0.987958380969374 0.003427744051158
0.984291580564316 0.004441273946572
0.980146842838472 0.005571134157528
0.975528258147577 0.006811412534432
0.970440384477113 0.008156111838943
0.964888242944126 0.009599357795770
0.958877312841991 0.011135580552823
0.952413526233010 0.012759697449715
0.945503262094184 0.014467326023558
0.938153340021932 0.016254970144399
0.930371013501972 0.018120226991120
0.922163962751008 0.020061959910483
0.913540287137281 0.022080495135467
0.904508497187474 0.024177818032445
0.895077506187845 0.026357453183197
0.885256621387895 0.028620290414888
0.875055534815230 0.030963170082671
0.864484313710706 0.033382729148735
0.853553390593274 0.035875441649775
0.842273552964344 0.038437651361837
0.830655932661826 0.041065589628264
0.818711994874345 0.043755374562446
0.806453526826488 0.046503012708887
0.793892626146236 0.049304379167297
0.781041688926065 0.052154780925694
0.767913397489498 0.055048794648445
0.754520707875186 0.057980784108853
0.740876837050858 0.060944931362220
0.726995249869773 0.063935143567389
0.712889645782536 0.066945348112368
0.698573945317390 0.069969396518939
0.684062276342339 0.072998694930519
0.669368960122646 0.076021330154574
0.654508497187474 0.079022773281721
0.639495553019615 0.081988531591786
0.624344943582427 0.084903853213146
0.609071620698271 0.087753683635713
0.593690657292862 0.090523024461623
0.578217232520115 0.093206717838011
0.562666616782152 0.095812112971633
0.547054156659257 0.098347912527581
0.531395259764657 0.100823528875761
0.515705379539064 0.103249165619537
0.500000000000000 0.105633860893462
0.484294620460936 0.107979432087930
0.468604740235343 0.110253376456827
0.452945843340743 0.112412604757057
0.437333383217848 0.114417155677595
0.421782767479884 0.116226995932956
0.406309342707138 0.117803859364148
0.390928379301729 0.119120033823001
0.375655056417573 0.120167127891952
0.360504446980385 0.120967624908922
0.345491502812526 0.121544191862214
0.330631039877354 0.121916851341268
0.315937723657661 0.122106864743938
0.301426054682610 0.122133862383378
0.287110354217464 0.122010525133489
0.273004750130227 0.121716725442999
0.259123162949142 0.121220378755650
0.245479292124814 0.120494832477712
0.232086602510502 0.119517053099509
0.218958311073935 0.118267692759907
0.206107373853763 0.116731428953216
0.193546473173512 0.114897940800926
0.181288005125655 0.112771185331393
0.169344067338174 0.110368640335224
0.157726447035656 0.107708446373510
0.146446609406726 0.104810039490935
0.135515686289294 0.101688555014934
0.124944465184770 0.098355469844812
0.114743378612105 0.094822791696302
0.104922493812155 0.091106022235408
0.095491502812526 0.087220688957484
0.086459712862719 0.083145706665774
0.077836037248992 0.078823269060950
0.069628986498028 0.074206785060343
0.061846659978068 0.069323802789076
0.054496737905816 0.064256006687004
0.047586473766990 0.059087645864405
0.041122687158009 0.053870996139642
0.035111757055874 0.048611382613031
0.029559615522887 0.043307379088219
0.024471741852423 0.037953105368828
0.019853157161528 0.032610740991664
0.015708419435684 0.027545299341716
0.012041619030626 0.022997640322877
0.008856374635656 0.018989021493580
0.006155829702431 0.015335555341147
0.003942649342761 0.011933291346238
0.002219017698460 0.008726772011145
0.000986635785864 0.005682518234578
0.000246719817134 0.002778628839659
0.000000000000000 0.000000000000000
0.000246719817134 -0.002664364769256
0.000986635785864 -0.005265531627688
0.002219017698460 -0.007878689030169
0.003942649342761 -0.010472962921905
0.006155829702431 -0.012984211577526
0.008856374635656 -0.015321162622900
0.012041619030626 -0.017352483382618
0.015708419435684 -0.018904249957821
0.019853157161528 -0.019962549018700
0.024471741852423 -0.020701421156156
0.029559615522887 -0.021403106505073
0.035111757055874 -0.022162795800916
0.041122687158009 -0.022947450790912
0.047586473766990 -0.023710770795238
0.054496737905816 -0.024393415930511
0.061846659978068 -0.024962809664530
0.069628986498028 -0.025421023813329
0.077836037248993 -0.025779326420009
0.086459712862719 -0.026055191419431
0.095491502812526 -0.026268693469124
0.104922493812155 -0.026448616203379
0.114743378612105 -0.026604740585348
0.124944465184770 -0.026722477595443
0.135515686289294 -0.026782190689777
0.146446609406726 -0.026761762676160
0.157726447035656 -0.026637465896251
0.169344067338174 -0.026414142449297
0.181288005125655 -0.026117841123340
0.193546473173512 -0.025783307478851
0.206107373853763 -0.025446858159411
0.218958311073935 -0.025128271864202
0.232086602510502 -0.024815676114013
0.245479292124814 -0.024494994490546
0.259123162949142 -0.024150530028014
0.273004750130227 -0.023764670909074
0.287110354217464 -0.023318512612812
0.301426054682610 -0.022789000845465
0.315937723657661 -0.022165832006180
0.330631039877354 -0.021455778757718
0.345491502812526 -0.020675710464713
0.360504446980386 -0.019843872785738
0.375655056417573 -0.018978893356250
0.390928379301729 -0.018102218747792
0.406309342707138 -0.017232668617029
0.421782767479884 -0.016382805128298
0.437333383217848 -0.015550926352771
0.452945843340743 -0.014732282905534
0.468604740235343 -0.013923788684260
0.484294620460936 -0.013121225017357
0.500000000000000 -0.012320775673662
0.515705379539064 -0.011521733687951
0.531395259764657 -0.010729388549332
0.547054156659257 -0.009953906061858
0.562666616782152 -0.009204185724434
0.578217232520115 -0.008488979576411
0.593690657292863 -0.007817290008092
0.609071620698271 -0.007195292117896
0.624344943582427 -0.006624438973574
0.639495553019615 -0.006098630856885
0.654508497187474 -0.005611680099813
0.669368960122646 -0.005158181958004
0.684062276342339 -0.004732752604163
0.698573945317390 -0.004329852719941
0.712889645782536 -0.003945860330039
0.726995249869774 -0.003581653027633
0.740876837050858 -0.003239528287596
0.754520707875186 -0.002921748564437
0.767913397489498 -0.002630042171433
0.781041688926065 -0.002365855629152
0.793892626146237 -0.002130337219105
0.806453526826489 -0.001923990439321
0.818711994874345 -0.001744101746796
0.830655932661826 -0.001584988104513
0.842273552964344 -0.001441583917467
0.853553390593274 -0.001309423098849
0.864484313710706 -0.001184677612074
0.875055534815230 -0.001064137855054
0.885256621387895 -0.000945193583414
0.895077506187845 -0.000825817452181
0.904508497187474 -0.000704635030538
0.913540287137281 -0.000583677080496
0.922163962751008 -0.000467481342164
0.930371013501972 -0.000359668258703
0.938153340021932 -0.000262846873985
0.945503262094184 -0.000178715924464
0.952413526233010 -0.000108164242600
0.958877312841991 -0.000051375512915
0.964888242944126 -0.000007933871364
0.970440384477113 0.000023068746209
0.975528258147577 0.000042927675078
0.980146842838472 0.000053222063493
0.984291580564316 0.000055716204423
0.987958380969374 0.000052265457799
0.991143625364344 0.000044728721868
0.993844170297569 0.000034888711788
0.996057350657239 0.000024380143658
0.997780982301540 0.000014627947007
0.999013364214136 0.000006795467778
0.999753280182866 0.000001743388705
1.000000000000000 0.000000000000000
