1.000000000000000 0.000000000000000
0.999753280182866 0.000055691354027
0.999013364214136 0.000222728082227
0.997780982301540 0.000500973849308
0.996057350657239 0.000890213368707
0.993844170297569 0.001390152114485
0.991143625364344 0.002000391621657
0.987958380969374 0.002720461344978
0.984291580564316 0.003549797779837
0.980146842838472 0.004487755868933
0.975528258147577 0.005533595985891
0.970440384477113 0.006686499199918
0.964888242944126 0.007945549985441
0.958877312841991 0.009309759441870
0.952413526233010 0.010778039678056
0.945503262094184 0.012349222812621
0.938153340021932 0.014022051440893
0.930371013501972 0.015795173039301
0.922163962751008 0.017667167235261
0.913540287137281 0.019636507185153
0.904508497187474 0.021701578047012
0.895077506187845 0.023860708272855
0.885256621387895 0.026110142756370
0.875055534815230 0.028442303158846
0.864484313710706 0.030847805116608
0.853553390593274 0.033315831863999
0.842273552964344 0.035834054269253
0.830655932661826 0.038388659098714
0.818711994874345 0.040964266130021
0.806453526826488 0.043544288340485
0.793892626146236 0.046109989110151
0.781041688926065 0.048650240442797
0.767913397489498 0.051164121837386
0.754520707875186 0.053654436881840
0.740876837050858 0.056124712729020
0.726995249869773 0.058579655036339
0.712889645782536 0.061025406205999
0.698573945317390 0.063468962284297
0.684062276342339 0.065915665422910
0.669368960122646 0.068358481075488
0.654508497187474 0.070783584647817
0.639495553019615 0.073177380767026
0.624344943582427 0.075525933916501
0.609071620698271 0.077814753573425
0.593690657292862 0.080028998748413
0.578217232520115 0.082156739260616
0.562666616782152 0.084188548086610
0.547054156659257 0.086116862897473
0.531395259764657 0.087934627200116
0.515705379539064 0.089634927348981
0.500000000000000 0.091210575228083
0.484294620460936 0.092656849460595
0.468604740235343 0.093974521290577
0.452945843340743 0.095167260552320
0.437333383217848 0.096240431902854
0.421782767479884 0.097198625895693
0.406309342707138 0.098047559873626
0.390928379301729 0.098794295799676
0.375655056417573 0.099430881501551
0.360504446980385 0.099938004097448
0.345491502812526 0.100292941435313
0.330631039877354 0.100474656628890
0.315937723657661 0.100465193038068
0.301426054682610 0.100248182429978
0.287110354217464 0.099810668843453
0.273004750130227 0.099144480598094
0.259123162949142 0.098245663244081
0.245479292124814 0.097112442334584
0.232086602510502 0.095744136137653
0.218958311073935 0.094142319541553
0.206107373853763 0.092308563597172
0.193546473173512 0.090248590878282
0.181288005125655 0.087987234972038
0.169344067338174 0.085594544862596
0.157726447035656 0.083141540654346
0.146446609406726 0.080697575757023
0.135515686289294 0.078279167876608
0.124944465184770 0.075786198550243
0.114743378612105 0.073089794405824
0.104922493812155 0.070083506076167
0.095491502812526 0.066675091213016
0.086459712862719 0.062880171481966
0.077836037248992 0.058978072742930
0.069628986498028 0.055248553527408
0.061846659978068 0.051774141678273
0.054496737905816 0.048424204618189
0.047586473766990 0.045088054014039
0.041122687158009 0.041709782495784
0.035111757055874 0.038314342540858
0.029559615522887 0.034942969598481
0.024471741852423 0.031635283333055
0.019853157161528 0.028414535576972
0.015708419435684 0.025202306543162
0.012041619030626 0.021936156860686
0.008856374635656 0.018633693632944
0.006155829702431 0.015344408844835
0.003942649342761 0.012102923471868
0.002219017698460 0.008932585174649
0.000986635785864 0.005850423725013
0.000246719817134 0.002869523809593
0.000000000000000 0.000000000000000
0.000246719817134 -0.002766085555051
0.000986635785864 -0.005549901835976
0.002219017698460 -0.008374437555952
0.003942649342761 -0.011217964384908
0.006155829702431 -0.014050171463517
0.008856374635656 -0.016829759686577
0.012041619030626 -0.019497783933122
0.015708419435684 -0.021967631975709
0.019853157161528 -0.024183655477905
0.024471741852423 -0.026189796509260
0.029559615522887 -0.028111695144037
0.035111757055874 -0.030009523437786
0.041122687158009 -0.031855393986573
0.047586473766990 -0.033622620417885
0.054496737905816 -0.035286398735560
0.061846659978068 -0.036826544826058
0.069628986498028 -0.038231933811304
0.077836037248993 -0.039500570328235
0.086459712862719 -0.040627076181787
0.095491502812526 -0.041575770839412
0.104922493812155 -0.042300988782616
0.114743378612105 -0.042771803382117
0.124944465184770 -0.042994449910401
0.135515686289294 -0.042986293928028
0.146446609406726 -0.042775146819988
0.157726447035656 -0.042396324115850
0.169344067338174 -0.041865547016223
0.181288005125655 -0.041170396961827
0.193546473173512 -0.040296406880448
0.206107373853763 -0.039229302636718
0.218958311073935 -0.037966806030688
0.232086602510502 -0.036525539622204
0.245479292124814 -0.034928791179016
0.259123162949142 -0.033204232751356
0.273004750130227 -0.031383243083110
0.287110354217464 -0.029501851062968
0.301426054682610 -0.027601265361411
0.315937723657661 -0.025714645599816
0.330631039877354 -0.023864105291662
0.345491502812526 -0.022060855477203
0.360504446980386 -0.020317683308633
0.375655056417573 -0.018648609631001
0.390928379301729 -0.017067430699418
0.406309342707138 -0.015586507247909
0.421782767479884 -0.014211979795412
0.437333383217848 -0.012936110311565
0.452945843340743 -0.011749373012712
0.468604740235343 -0.010642364731003
0.484294620460936 -0.009604564418342
0.500000000000000 -0.008625737947117
0.515705379539064 -0.007697483832523
0.531395259764657 -0.006818796811297
0.547054156659257 -0.005992564136117
0.562666616782152 -0.005220595626903
0.578217232520115 -0.004504600188414
0.593690657292863 -0.003846218853643
0.609071620698271 -0.003245951026659
0.624344943582427 -0.002701472664006
0.639495553019615 -0.002206626570950
0.654508497187474 -0.001755364033580
0.669368960122646 -0.001342035267260
0.684062276342339 -0.000961197987610
0.698573945317390 -0.000606787842167
0.712889645782536 -0.000276220799221
0.726995249869774 0.000026732451709
0.740876837050858 0.000295730060313
0.754520707875186 0.000524883316582
0.767913397489498 0.000709497130887
0.781041688926065 0.000845570792739
0.793892626146237 0.000929981226516
0.806453526826489 0.000960887653485
0.818711994874345 0.000945067662268
0.830655932661826 0.000896123831065
0.842273552964344 0.000826386246068
0.853553390593274 0.000746629492524
0.864484313710706 0.000666077723474
0.875055534815230 0.000592435808774
0.885256621387895 0.000531942425785
0.895077506187845 0.000489390846515
0.904508497187474 0.000468095639980
0.913540287137281 0.000464716766475
0.922163962751008 0.000471182657772
0.930371013501972 0.000480796565240
0.938153340021932 0.000488467125282
0.945503262094184 0.000490552351067
0.952413526233010 0.000484705729829
0.958877312841991 0.000469718773977
0.964888242944126 0.000445359941112
0.970440384477113 0.000412212912288
0.975528258147577 0.000371516204834
0.980146842838472 0.000325006501529
0.984291580564316 0.000274767564624
0.987958380969374 0.000223087480481
0.991143625364344 0.000172324285435
0.993844170297569 0.000124784259956
0.996057350657239 0.000082612881928
0.997780982301540 0.000047698614829
0.999013364214136 0.000021595791771
0.999753280182866 0.000005458962985
1.000000000000000 0.000000000000000
