1.000000000000000 0.000000000000000
0.999753280182866 0.000055402444021
0.999013364214136 0.000221531801681
0.997780982301540 0.000498160570189
0.996057350657239 0.000884882700305
0.993844170297569 0.001381145813077
0.991143625364344 0.001986191849030
0.987958380969374 0.002699091373222
0.984291580564316 0.003518686765671
0.980146842838472 0.004443597301514
0.975528258147577 0.005472189965005
0.970440384477113 0.006602548556146
0.964888242944126 0.007832465336753
0.958877312841991 0.009159403697803
0.952413526233010 0.010580480161020
0.945503262094184 0.012092430373264
0.938153340021932 0.013691583454322
0.930371013501972 0.015373852706320
0.922163962751008 0.017134696271850
0.913540287137281 0.018969106955968
0.904508497187474 0.020871581247802
0.895077506187845 0.022836120855850
0.885256621387895 0.024856216139952
0.875055534815230 0.026924818309030
0.864484313710706 0.029034430094791
0.853553390593274 0.031176895905132
0.842273552964344 0.033347880531030
0.830655932661826 0.035548774820369
0.818711994874345 0.037783030618119
0.806453526826488 0.040055288300397
0.793892626146236 0.042371738233516
0.781041688926065 0.044739653613531
0.767913397489498 0.047168285529919
0.754520707875186 0.049667252199814
0.740876837050858 0.052234634361205
0.726995249869773 0.054859094066122
0.712889645782536 0.057525629415630
0.698573945317390 0.060219108908796
0.684062276342339 0.062923276442339
0.669368960122646 0.065619930941119
0.654508497187474 0.068292623209335
0.639495553019615 0.070932992961012
0.624344943582427 0.073536501688086
0.609071620698271 0.076099998471886
0.593690657292862 0.078619486960383
0.578217232520115 0.081092777228810
0.562666616782152 0.083516290013431
0.547054156659257 0.085873693772756
0.531395259764657 0.088142213486959
0.515705379539064 0.090295008323696
0.500000000000000 0.092306568108681
0.484294620460936 0.094152459315005
0.468604740235343 0.095808829538701
0.452945843340743 0.097263204108786
0.437333383217848 0.098516023038564
0.421782767479884 0.099569436202856
0.406309342707138 0.100426185010798
0.390928379301729 0.101089103829865
0.375655056417573 0.101562700570264
0.360504446980385 0.101854207525665
0.345491502812526 0.101977319013675
0.330631039877354 0.101947469900609
0.315937723657661 0.101779190176841
0.301426054682610 0.101487497593787
0.287110354217464 0.101086599110812
0.273004750130227 0.100586282773020
0.259123162949142 0.099974539987221
0.245479292124814 0.099227185450144
0.232086602510502 0.098324645757607
0.218958311073935 0.097250382484727
0.206107373853763 0.095991002015229
0.193546473173512 0.094536538413774
0.181288005125655 0.092880900431564
0.169344067338174 0.091030112418536
0.157726447035656 0.088997695745839
0.146446609406726 0.086798787979359
0.135515686289294 0.084448595318288
0.124944465184770 0.081950579006602
0.114743378612105 0.079301451255409
0.104922493812155 0.076500828504559
0.095491502812526 0.073553540559312
0.086459712862719 0.070464933846802
0.077836037248992 0.067229579765881
0.069628986498028 0.063840966049135
0.061846659978068 0.060293029878599
0.054496737905816 0.056571182909644
0.047586473766990 0.052669264041992
0.041122687158009 0.048596816338506
0.035111757055874 0.044383833880634
0.029559615522887 0.040061207171064
0.024471741852423 0.035654747858466
0.019853157161528 0.031195569683788
0.015708419435684 0.026798397012781
0.012041619030626 0.022639776829819
0.008856374635656 0.018838101291226
0.006155829702431 0.015312459587339
0.003942649342761 0.011983030034020
0.002219017698460 0.008807931938143
0.000986635785864 0.005762205850996
0.000246719817134 0.002829854466653
0.000000000000000 0.000000000000000
0.000246719817134 -0.002735209410457
0.000986635785864 -0.005400508455308
0.002219017698460 -0.008054571099716
0.003942649342761 -0.010641289638889
0.006155829702431 -0.013044952407921
0.008856374635656 -0.015100701714610
0.012041619030626 -0.016569461491861
0.015708419435684 -0.017151211326658
0.019853157161528 -0.016831008277947
0.024471741852423 -0.015875976922529
0.029559615522887 -0.014683152725161
0.035111757055874 -0.013350287850124
0.041122687158009 -0.011876245112080
0.047586473766990 -0.010263985874190
0.054496737905816 -0.008521805780386
0.061846659978068 -0.006664314175984
0.069628986498028 -0.004712159126172
0.077836037248993 -0.002694518152649
0.086459712862719 -0.000664630904845
0.095491502812526 0.001299911512822
0.104922493812155 0.003129803536833
0.114743378612105 0.004826927111718
0.124944465184770 0.006425271822776
0.135515686289294 0.007968915696717
0.146446609406726 0.009514897487439
0.157726447035656 0.011092080965185
0.169344067338174 0.012672015943110
0.181288005125655 0.014212426907564
0.193546473173512 0.015664877786789
0.206107373853763 0.016999687581364
0.218958311073935 0.018218918801438
0.232086602510502 0.019336179296125
0.245479292124814 0.020366851706909
0.259123162949142 0.021328628800252
0.273004750130227 0.022243863985073
0.287110354217464 0.023136738770674
0.301426054682610 0.024019586706048
0.315937723657661 0.024880829333700
0.330631039877354 0.025693211004294
0.345491502812526 0.026431819387500
0.360504446980386 0.027069968044477
0.375655056417573 0.027579679368253
0.390928379301729 0.027935356462943
0.406309342707138 0.028138422317940
0.421782767479884 0.028212448776825
0.437333383217848 0.028181591078878
0.452945843340743 0.028071997238541
0.468604740235343 0.027911431394807
0.484294620460936 0.027722377651456
0.500000000000000 0.027513659795038
0.515705379539064 0.027267807859420
0.531395259764657 0.026966808916475
0.547054156659257 0.026594854102587
0.562666616782152 0.026133239232386
0.578217232520115 0.025569689902205
0.593690657292863 0.024904702776474
0.609071620698271 0.024155150120083
0.624344943582427 0.023344053363798
0.639495553019615 0.022490690648178
0.654508497187474 0.021614991558234
0.669368960122646 0.020735307149979
0.684062276342339 0.019863057692108
0.698573945317390 0.018999418382476
0.712889645782536 0.018140472505148
0.726995249869774 0.017284172567228
0.740876837050858 0.016428795396030
0.754520707875186 0.015572160520518
0.767913397489498 0.014713617693334
0.781041688926065 0.013859034196443
0.793892626146237 0.013021406827651
0.806453526826489 0.012213664475546
0.818711994874345 0.011446456549065
0.830655932661826 0.010729067341888
0.842273552964344 0.010068957340689
0.853553390593274 0.009472214412546
0.864484313710706 0.008941951735601
0.875055534815230 0.008467815957137
0.885256621387895 0.008030795873822
0.895077506187845 0.007615287421589
0.904508497187474 0.007208700848975
0.913540287137281 0.006801464233569
0.922163962751008 0.006386766970682
0.930371013501972 0.005960351927701
0.938153340021932 0.005520277369187
0.945503262094184 0.005066667956726
0.952413526233010 0.004601456986640
0.958877312841991 0.004128120773570
0.964888242944126 0.003651402341169
0.970440384477113 0.003177047701150
0.975528258147577 0.002711535242558
0.980146842838472 0.002261807623951
0.984291580564316 0.001835020094893
0.987958380969374 0.001438297571114
0.991143625364344 0.001078510722195
0.993844170297569 0.000762061195328
0.996057350657239 0.000494702859800
0.997780982301540 0.000281369452158
0.999013364214136 0.000126047236492
0.999753280182866 0.000031661586602
1.000000000000000 0.000000000000000
