1.000000000000000 0.000000000000000
0.999753280182866 0.000033827214692
0.999013364214136 0.000135705524265
0.997780982301540 0.000306806991757
0.996057350657239 0.000549032739248
0.993844170297569 0.000864933565605
0.991143625364344 0.001257611025118
0.987958380969374 0.001730566542217
0.984291580564316 0.002287548606915
0.980146842838472 0.002932355990560
0.975528258147577 0.003668613426288
0.970440384477113 0.004499548251131
0.964888242944126 0.005427708424402
0.958877312841991 0.006454705142692
0.952413526233010 0.007580914911568
0.945503262094184 0.008805176187009
0.938153340021932 0.010124498962866
0.930371013501972 0.011533761373540
0.922163962751008 0.013025423126937
0.913540287137281 0.014589251710598
0.904508497187474 0.016212107441204
0.895077506187845 0.017878055460243
0.885256621387895 0.019579073896830
0.875055534815230 0.021317106857438
0.864484313710706 0.023096352478913
0.853553390593274 0.024922826642255
0.842273552964344 0.026804491138072
0.830655932661826 0.028751349752987
0.818711994874345 0.030775516881220
0.806453526826488 0.032891001621798
0.793892626146236 0.035114441290847
0.781041688926065 0.037443868304870
0.767913397489498 0.039860217888183
0.754520707875186 0.042338135643075
0.740876837050858 0.044850245296043
0.726995249869773 0.047366058084131
0.712889645782536 0.049852415673740
0.698573945317390 0.052274106922132
0.684062276342339 0.054598842633228
0.669368960122646 0.056808680005451
0.654508497187474 0.058888382330087
0.639495553019615 0.060822652741254
0.624344943582427 0.062596688955639
0.609071620698271 0.064194638637829
0.593690657292862 0.065602597970072
0.578217232520115 0.066814847984807
0.562666616782152 0.067832274304695
0.547054156659257 0.068660351046794
0.531395259764657 0.069304011139795
0.515705379539064 0.069769007471954
0.500000000000000 0.070062260999992
0.484294620460936 0.070188556561329
0.468604740235343 0.070150886309611
0.452945843340743 0.069950402639787
0.437333383217848 0.069588961964378
0.421782767479884 0.069069365473098
0.406309342707138 0.068393830649431
0.390928379301729 0.067567475785588
0.375655056417573 0.066601171421993
0.360504446980385 0.065510254545587
0.345491502812526 0.064311771694052
0.330631039877354 0.063021640829943
0.315937723657661 0.061655834324506
0.301426054682610 0.060229704615352
0.287110354217464 0.058755803202149
0.273004750130227 0.057236974346136
0.259123162949142 0.055671784655819
0.245479292124814 0.054060193339121
0.232086602510502 0.052402778198891
0.218958311073935 0.050700510745854
0.206107373853763 0.048955780183932
0.193546473173512 0.047170346232532
0.181288005125655 0.045338027653696
0.169344067338174 0.043446138983858
0.157726447035656 0.041484900054720
0.146446609406726 0.039446392753109
0.135515686289294 0.037348430946969
0.124944465184770 0.035234534261552
0.114743378612105 0.033147457973435
0.104922493812155 0.031122433834348
0.095491502812526 0.029188350945788
0.086459712862719 0.027364524737382
0.077836037248992 0.025662714493916
0.069628986498028 0.024085832469158
0.061846659978068 0.022584299636498
0.054496737905816 0.021091858637015
0.047586473766990 0.019567947100741
0.041122687158009 0.017995413548715
0.035111757055874 0.016367911186812
0.029559615522887 0.014680042756452
0.024471741852423 0.012925759446352
0.019853157161528 0.011134222957709
0.015708419435684 0.009438061935688
0.012041619030626 0.007933909268622
0.008856374635656 0.006613734112006
0.006155829702431 0.005397170186295
0.003942649342761 0.004244644936416
0.002219017698460 0.003137486559421
0.000986635785864 0.002065203083876
0.000246719817134 0.001021392030288
0.000000000000000 0.000000000000000
0.000246719817134 -0.001058010713883
0.000986635785864 -0.002181599118955
0.002219017698460 -0.003368657665528
0.003942649342761 -0.004616526313251
0.006155829702431 -0.005921978475046
0.008856374635656 -0.007280771429590
0.012041619030626 -0.008686986150215
0.015708419435684 -0.010121266800130
0.019853157161528 -0.011500025932690
0.024471741852423 -0.012750031918302
0.029559615522887 -0.013910466510856
0.035111757055874 -0.015037963629383
0.041122687158009 -0.016181017759852
0.047586473766990 -0.017406734557807
0.054496737905816 -0.018804895933949
0.061846659978068 -0.020361090275507
0.069628986498028 -0.021933117275846
0.077836037248993 -0.023324470811071
0.086459712862719 -0.024442626259855
0.095491502812526 -0.025415526597589
0.104922493812155 -0.026426402736188
0.114743378612105 -0.027570616634391
0.124944465184770 -0.028821016609446
0.135515686289294 -0.030139407097944
0.146446609406726 -0.031474443277594
0.157726447035656 -0.032772610305237
0.169344067338174 -0.034009754979222
0.181288005125655 -0.035192701879047
0.193546473173512 -0.036328746174890
0.206107373853763 -0.037428020584096
0.218958311073935 -0.038494069714772
0.232086602510502 -0.039523675279875
0.245479292124814 -0.040512398196884
0.259123162949142 -0.041456680909571
0.273004750130227 -0.042352962857203
0.287110354217464 -0.043198035488121
0.301426054682610 -0.043988863735373
0.315937723657661 -0.044723839881203
0.330631039877354 -0.045404560834455
0.345491502812526 -0.046033813722347
0.360504446980386 -0.046614930237077
0.375655056417573 -0.047151605183159
0.390928379301729 -0.047648896701333
0.406309342707138 -0.048110797238021
0.421782767479884 -0.048537185562048
0.437333383217848 -0.048923455740375
0.452945843340743 -0.049262615271486
0.468604740235343 -0.049548592114645
0.484294620460936 -0.049775618763146
0.500000000000000 -0.049937924164958
0.515705379539064 -0.050028867224818
0.531395259764657 -0.050040935397051
0.547054156659257 -0.049965563858135
0.562666616782152 -0.049795114972921
0.578217232520115 -0.049522366826204
0.593690657292863 -0.049138897245166
0.609071620698271 -0.048642297494622
0.624344943582427 -0.048039112782279
0.639495553019615 -0.047346683418084
0.654508497187474 -0.046584461051248
0.669368960122646 -0.045769602598738
0.684062276342339 -0.044918995673444
0.698573945317390 -0.044048923011772
0.712889645782536 -0.043169694494359
0.726995249869774 -0.042265236434773
0.740876837050858 -0.041312806853420
0.754520707875186 -0.040292070959559
0.767913397489498 -0.039185271919855
0.781041688926065 -0.037977747145358
0.793892626146237 -0.036656217704060
0.806453526826489 -0.035213738057637
0.818711994874345 -0.033660344830606
0.830655932661826 -0.032024928246424
0.842273552964344 -0.030334074789625
0.853553390593274 -0.028612125069894
0.864484313710706 -0.026881137352052
0.875055534815230 -0.025160749450945
0.885256621387895 -0.023468240630724
0.895077506187845 -0.021818571490770
0.904508497187474 -0.020223774281402
0.913540287137281 -0.018682890096671
0.922163962751008 -0.017184341739935
0.930371013501972 -0.015720257053792
0.938153340021932 -0.014286280803629
0.945503262094184 -0.012881325101628
0.952413526233010 -0.011507183317491
0.958877312841991 -0.010168147894504
0.964888242944126 -0.008870600710866
0.970440384477113 -0.007622620627692
0.975528258147577 -0.006433592614769
0.980146842838472 -0.005313778805947
0.984291580564316 -0.004273945449925
0.987958380969374 -0.003324948939401
0.991143625364344 -0.002477390480202
0.993844170297569 -0.001741243522803
0.996057350657239 -0.001125530682473
0.997780982301540 -0.000638066465785
0.999013364214136 -0.000285175294631
0.999753280182866 -0.000071534556518
1.000000000000000 0.000000000000000
