1.000000000000000 0.000000000000000
0.999753280182866 0.000008617987622
0.999013364214136 0.000034480416346
0.997780982301540 0.000077618998794
0.996057350657239 0.000138105628926
0.993844170297569 0.000216086697307
0.991143625364344 0.000311824137871
0.987958380969374 0.000425750262703
0.984291580564316 0.000558531764513
0.980146842838472 0.000711147264648
0.975528258147577 0.000884965453678
0.970440384477113 0.001081839915601
0.964888242944126 0.001304204894104
0.958877312841991 0.001555174183333
0.952413526233010 0.001838649969274
0.945503262094184 0.002159427842648
0.938153340021932 0.002523306102309
0.930371013501972 0.002937192569376
0.922163962751008 0.003409207017174
0.913540287137281 0.003948790680613
0.904508497187474 0.004566795096697
0.895077506187845 0.005275405013405
0.885256621387895 0.006085391909030
0.875055534815230 0.007005191666235
0.864484313710706 0.008043375051999
0.853553390593274 0.009208610192491
0.842273552964344 0.010509663351237
0.830655932661826 0.011955397616982
0.818711994874345 0.013554663881049
0.806453526826488 0.015316579702375
0.793892626146236 0.017249387888141
0.781041688926065 0.019354766772907
0.767913397489498 0.021624397471527
0.754520707875186 0.024047541080907
0.740876837050858 0.026610876248531
0.726995249869773 0.029298778477287
0.712889645782536 0.032092984075654
0.698573945317390 0.034972817861855
0.684062276342339 0.037920112895104
0.669368960122646 0.040921384168037
0.654508497187474 0.043966419398586
0.639495553019615 0.047043350910974
0.624344943582427 0.050139812369644
0.609071620698271 0.053243054828335
0.593690657292862 0.056339718691374
0.578217232520115 0.059421017549873
0.562666616782152 0.062482586690012
0.547054156659257 0.065520980879348
0.531395259764657 0.068532689097040
0.515705379539064 0.071514050955530
0.500000000000000 0.074463090784847
0.484294620460936 0.077369469078274
0.468604740235343 0.080200507705274
0.452945843340743 0.082919102508688
0.437333383217848 0.085487922006421
0.421782767479884 0.087871936981900
0.406309342707138 0.090038060991477
0.390928379301729 0.091956054586528
0.375655056417573 0.093609869778071
0.360504446980385 0.094992772337097
0.345491502812526 0.096099942990530
0.330631039877354 0.096928054424947
0.315937723657661 0.097475020509184
0.301426054682610 0.097739405764039
0.287110354217464 0.097724309036442
0.273004750130227 0.097438758495710
0.259123162949142 0.096895108001446
0.245479292124814 0.096106658789245
0.232086602510502 0.095086686451829
0.218958311073935 0.093848656396217
0.206107373853763 0.092408025944666
0.193546473173512 0.090777077826137
0.181288005125655 0.088957629781019
0.169344067338174 0.086939768765231
0.157726447035656 0.084716460672353
0.146446609406726 0.082285385028822
0.135515686289294 0.079640595314927
0.124944465184770 0.076770212310151
0.114743378612105 0.073666101815295
0.104922493812155 0.070323799468864
0.095491502812526 0.066748766377117
0.086459712862719 0.063008118999851
0.077836037248992 0.059228630752115
0.069628986498028 0.055504943118363
0.061846659978068 0.051786213617768
0.054496737905816 0.047957555980847
0.047586473766990 0.043937622196694
0.041122687158009 0.039752082642251
0.035111757055874 0.035526008796358
0.029559615522887 0.031369739737494
0.024471741852423 0.027374626769368
0.019853157161528 0.023598633786059
0.015708419435684 0.020070077196060
0.012041619030626 0.016842415285611
0.008856374635656 0.013915125262849
0.006155829702431 0.011206444217837
0.003942649342761 0.008674015384431
0.002219017698460 0.006296911313000
0.000986635785864 0.004063326100976
0.000246719817134 0.001965910295568
0.000000000000000 0.000000000000000
0.000246719817134 -0.001837639217030
0.000986635785864 -0.003573681469095
0.002219017698460 -0.005277094064456
0.003942649342761 -0.006938791183123
0.006155829702431 -0.008517364972579
0.008856374635656 -0.009945042598485
0.012041619030626 -0.011106491839544
0.015708419435684 -0.011798230586438
0.019853157161528 -0.011901738882421
0.024471741852423 -0.011566300732326
0.029559615522887 -0.011197751344361
0.035111757055874 -0.010944414533185
0.041122687158009 -0.010762946422714
0.047586473766990 -0.010575685143599
0.054496737905816 -0.010271243595202
0.061846659978068 -0.009818449447850
0.069628986498028 -0.009292991756607
0.077836037248993 -0.008808415229926
0.086459712862719 -0.008430735088369
0.095491502812526 -0.008102517520014
0.104922493812155 -0.007731201962881
0.114743378612105 -0.007267093140147
0.124944465184770 -0.006731084754527
0.135515686289294 -0.006151608438661
0.146446609406726 -0.005566742336669
0.157726447035656 -0.005016327919112
0.169344067338174 -0.004512699695491
0.181288005125655 -0.004038713951005
0.193546473173512 -0.003574526588548
0.206107373853763 -0.003097289402950
0.218958311073935 -0.002597483256968
0.232086602510502 -0.002082391614852
0.245479292124814 -0.001563137655895
0.259123162949142 -0.001050796737023
0.273004750130227 -0.000558137345020
0.287110354217464 -0.000098698232326
0.301426054682610 0.000312380650625
0.315937723657661 0.000663040142964
0.330631039877354 0.000949017703593
0.345491502812526 0.001168225162260
0.360504446980386 0.001319160551928
0.375655056417573 0.001400373121177
0.390928379301729 0.001410733494871
0.406309342707138 0.001349496608081
0.421782767479884 0.001216351982025
0.437333383217848 0.001011483843297
0.452945843340743 0.000735490260018
0.468604740235343 0.000389296645569
0.484294620460936 -0.000026096111322
0.500000000000000 -0.000509314729730
0.515705379539064 -0.001057433538135
0.531395259764657 -0.001665838764162
0.547054156659257 -0.002328114752938
0.562666616782152 -0.003037622041214
0.578217232520115 -0.003788043508477
0.593690657292863 -0.004573776256546
0.609071620698271 -0.005385634836297
0.624344943582427 -0.006209310525438
0.639495553019615 -0.007022398300537
0.654508497187474 -0.007802534195136
0.669368960122646 -0.008529696027830
0.684062276342339 -0.009185190803041
0.698573945317390 -0.009751112705039
0.712889645782536 -0.010215058432123
0.726995249869774 -0.010580566865183
0.740876837050858 -0.010855850858201
0.754520707875186 -0.011049673564974
0.767913397489498 -0.011170159071402
0.781041688926065 -0.011225199409057
0.793892626146237 -0.011222583469170
0.806453526826489 -0.011168976042546
0.818711994874345 -0.011066341234019
0.830655932661826 -0.010911605527687
0.842273552964344 -0.010702957587493
0.853553390593274 -0.010439636091050
0.864484313710706 -0.010121989526267
0.875055534815230 -0.009751416318777
0.885256621387895 -0.009330308030000
0.895077506187845 -0.008861975108238
0.904508497187474 -0.008350689141184
0.913540287137281 -0.007803553339655
0.922163962751008 -0.007229918791879
0.930371013501972 -0.006638702401089
0.938153340021932 -0.006038289466585
0.945503262094184 -0.005436526183968
0.952413526233010 -0.004840720493024
0.958877312841991 -0.004257645768691
0.964888242944126 -0.003693553161041
0.970440384477113 -0.003154172906346
0.975528258147577 -0.002644725333017
0.980146842838472 -0.002169928419517
0.984291580564316 -0.001734010533888
0.987958380969374 -0.001340726449892
0.991143625364344 -0.000993350063703
0.993844170297569 -0.000694703914303
0.996057350657239 -0.000447158521604
0.997780982301540 -0.000252638815796
0.999013364214136 -0.000112636071779
0.999753280182866 -0.000028211182643
1.000000000000000 0.000000000000000
