1.000000000000000 0.000000000000000
0.999753280182866 0.000015051579649
0.999013364214136 0.000060392084065
0.997780982301540 0.000136589857866
0.996057350657239 0.000244585069343
0.993844170297569 0.000385695438496
0.991143625364344 0.000561610068963
0.987958380969374 0.000774395818472
0.984291580564316 0.001026485279237
0.980146842838472 0.001320679650094
0.975528258147577 0.001660146575061
0.970440384477113 0.002048413312562
0.964888242944126 0.002489362919448
0.958877312841991 0.002987234457426
0.952413526233010 0.003546607552233
0.945503262094184 0.004172407117113
0.938153340021932 0.004869887256066
0.930371013501972 0.005644628299207
0.922163962751008 0.006502526307373
0.913540287137281 0.007449785174802
0.904508497187474 0.008492900446047
0.895077506187845 0.009638574139111
0.885256621387895 0.010892336779918
0.875055534815230 0.012258030788604
0.864484313710706 0.013738947861569
0.853553390593274 0.015337756988642
0.842273552964344 0.017056463082756
0.830655932661826 0.018896350871675
0.818711994874345 0.020857938436405
0.806453526826488 0.022940965859315
0.793892626146236 0.025144206324225
0.781041688926065 0.027464733856472
0.767913397489498 0.029897450526902
0.754520707875186 0.032436045174165
0.740876837050858 0.035073010015281
0.726995249869773 0.037799635687931
0.712889645782536 0.040606094109106
0.698573945317390 0.043481491699656
0.684062276342339 0.046413340144746
0.669368960122646 0.049387483603942
0.654508497187474 0.052388305996270
0.639495553019615 0.055399424268717
0.624344943582427 0.058403769708411
0.609071620698271 0.061383649225731
0.593690657292862 0.064320929760844
0.578217232520115 0.067200657448321
0.562666616782152 0.070011633220812
0.547054156659257 0.072743168479969
0.531395259764657 0.075384851017480
0.515705379539064 0.077926520950990
0.500000000000000 0.080358441710576
0.484294620460936 0.082671014180682
0.468604740235343 0.084853965498412
0.452945843340743 0.086897345685171
0.437333383217848 0.088791876468313
0.421782767479884 0.090529166094286
0.406309342707138 0.092101587265454
0.390928379301729 0.093501871792826
0.375655056417573 0.094719497812362
0.360504446980385 0.095740672740925
0.345491502812526 0.096553021850949
0.330631039877354 0.097145955759247
0.315937723657661 0.097510680086162
0.301426054682610 0.097638860676414
0.287110354217464 0.097528777798199
0.273004750130227 0.097195521972404
0.259123162949142 0.096658772009794
0.245479292124814 0.095939228224566
0.232086602510502 0.095056842514918
0.218958311073935 0.094029524457939
0.206107373853763 0.092877609151902
0.193546473173512 0.091617450691487
0.181288005125655 0.090222842887230
0.169344067338174 0.088645549856353
0.157726447035656 0.086835083646480
0.146446609406726 0.084756604595317
0.135515686289294 0.082411181834735
0.124944465184770 0.079851969308459
0.114743378612105 0.077135264557357
0.104922493812155 0.074310766694639
0.095491502812526 0.071424642195254
0.086459712862719 0.068459941416792
0.077836037248992 0.065354731346449
0.069628986498028 0.062062085910800
0.061846659978068 0.058624737736108
0.054496737905816 0.055133043639122
0.047586473766990 0.051668289509422
0.041122687158009 0.048232935778161
0.035111757055874 0.044740167612225
0.029559615522887 0.041116204445918
0.024471741852423 0.037298374276678
0.019853157161528 0.033262723666280
0.015708419435684 0.029107625431282
0.012041619030626 0.024988727554424
0.008856374635656 0.021027229502649
0.006155829702431 0.017214955794735
0.003942649342761 0.013534873618122
0.002219017698460 0.009977722846128
0.000986635785864 0.006538074827538
0.000246719817134 0.003212760731787
0.000000000000000 0.000000000000000
0.000246719817134 -0.003127734745070
0.000986635785864 -0.006309659178181
0.002219017698460 -0.009556793465722
0.003942649342761 -0.012842514888650
0.006155829702431 -0.016131578603477
0.008856374635656 -0.019377355710036
0.012041619030626 -0.022515509287373
0.015708419435684 -0.025462293253101
0.019853157161528 -0.028178389783056
0.024471741852423 -0.030689283730409
0.029559615522887 -0.033057213043602
0.035111757055874 -0.035290597121384
0.041122687158009 -0.037380308529218
0.047586473766990 -0.039330308717380
0.054496737905816 -0.041157132603512
0.061846659978068 -0.042875055993171
0.069628986498028 -0.044501469842907
0.077836037248993 -0.046069949806762
0.086459712862719 -0.047593715807970
0.095491502812526 -0.049029500266611
0.104922493812155 -0.050322951839448
0.114743378612105 -0.051447653737359
0.124944465184770 -0.052412932730448
0.135515686289294 -0.053237054102843
0.146446609406726 -0.053947529282159
0.157726447035656 -0.054574787929665
0.169344067338174 -0.055133763230503
0.181288005125655 -0.055620704381320
0.193546473173512 -0.056034409669545
0.206107373853763 -0.056374451606811
0.218958311073935 -0.056640478226029
0.232086602510502 -0.056832503159174
0.245479292124814 -0.056951242753229
0.259123162949142 -0.056998390567124
0.273004750130227 -0.056976409627200
0.287110354217464 -0.056888861609224
0.301426054682610 -0.056740226822498
0.315937723657661 -0.056533348559593
0.330631039877354 -0.056268892026320
0.345491502812526 -0.055945596176654
0.360504446980386 -0.055562872867249
0.375655056417573 -0.055120510273463
0.390928379301729 -0.054618444774585
0.406309342707138 -0.054056818448716
0.421782767479884 -0.053435684166352
0.437333383217848 -0.052754623816660
0.452945843340743 -0.052013416640255
0.468604740235343 -0.051212089892806
0.484294620460936 -0.050350753535402
0.500000000000000 -0.049429984137758
0.515705379539064 -0.048451255582182
0.531395259764657 -0.047418694915912
0.547054156659257 -0.046337883502898
0.562666616782152 -0.045214251921680
0.578217232520115 -0.044053461291390
0.593690657292863 -0.042861321777679
0.609071620698271 -0.041642865364646
0.624344943582427 -0.040400920146683
0.639495553019615 -0.039135101185223
0.654508497187474 -0.037845273855850
0.669368960122646 -0.036531750750882
0.684062276342339 -0.035195072340459
0.698573945317390 -0.033835502673479
0.712889645782536 -0.032455557019455
0.726995249869774 -0.031062041629916
0.740876837050858 -0.029663401059611
0.754520707875186 -0.028267870301444
0.767913397489498 -0.026882932186595
0.781041688926065 -0.025515621891705
0.793892626146237 -0.024172402182757
0.806453526826489 -0.022858963898783
0.818711994874345 -0.021577712401390
0.830655932661826 -0.020328227397629
0.842273552964344 -0.019110250354186
0.853553390593274 -0.017923742004100
0.864484313710706 -0.016768898917776
0.875055534815230 -0.015646129100723
0.885256621387895 -0.014556057314110
0.895077506187845 -0.013499485652149
0.904508497187474 -0.012477301069047
0.913540287137281 -0.011487282241471
0.922163962751008 -0.010525108155931
0.930371013501972 -0.009588068448658
0.938153340021932 -0.008675108693625
0.945503262094184 -0.007786646706412
0.952413526233010 -0.006924386670365
0.958877312841991 -0.006091130147385
0.964888242944126 -0.005290582240845
0.970440384477113 -0.004527149509113
0.975528258147577 -0.003805759591835
0.980146842838472 -0.003131660421453
0.984291580564316 -0.002510241842626
0.987958380969374 -0.001946848483889
0.991143625364344 -0.001446634913165
0.993844170297569 -0.001014395565422
0.996057350657239 -0.000654432269094
0.997780982301540 -0.000370435044490
0.999013364214136 -0.000165378909004
0.999753280182866 -0.000041456585938
1.000000000000000 0.000000000000000
