1.000000000000000 0.000000000000000
0.999753280182866 0.000065749646658
0.999013364214136 0.000262969148867
0.997780982301540 0.000591569133072
0.996057350657239 0.001051397121751
0.993844170297569 0.001642246871984
0.991143625364344 0.002363812287223
0.987958380969374 0.003215726828362
0.984291580564316 0.004197518544305
0.980146842838472 0.005308612009862
0.975528258147577 0.006548299525483
0.970440384477113 0.007915749987326
0.964888242944126 0.009409972710737
0.958877312841991 0.011029799776414
0.952413526233010 0.012773877476623
0.945503262094184 0.014640652440398
0.938153340021932 0.016628332965599
0.930371013501972 0.018734879806987
0.922163962751008 0.020958002236397
0.913540287137281 0.023295110588132
0.904508497187474 0.025743337763715
0.895077506187845 0.028299487264459
0.885256621387895 0.030960135021486
0.875055534815230 0.033722050966412
0.864484313710706 0.036582016285087
0.853553390593274 0.039536637971724
0.842273552964344 0.042582366646709
0.830655932661826 0.045715491966048
0.818711994874345 0.048932145501897
0.806453526826488 0.052228307747654
0.793892626146236 0.055599809310079
0.781041688926065 0.059043108411853
0.767913397489498 0.062557415467330
0.754520707875186 0.066142828427648
0.740876837050858 0.069799940502411
0.726995249869773 0.073529555242262
0.712889645782536 0.077332814179880
0.698573945317390 0.081212307737093
0.684062276342339 0.085166405839105
0.669368960122646 0.089186044846790
0.654508497187474 0.093252842549974
0.639495553019615 0.097347555784552
0.624344943582427 0.101450715330763
0.609071620698271 0.105541665053884
0.593690657292862 0.109599648326341
0.578217232520115 0.113608493104990
0.562666616782152 0.117567042070507
0.547054156659257 0.121476873754609
0.531395259764657 0.125339431072037
0.515705379539064 0.129158826154721
0.500000000000000 0.132936911993451
0.484294620460936 0.136665268159555
0.468604740235343 0.140297620456286
0.452945843340743 0.143751716242492
0.437333383217848 0.146953243386150
0.421782767479884 0.149831768455441
0.406309342707138 0.152313123341287
0.390928379301729 0.154348104833102
0.375655056417573 0.155922055879718
0.360504446980385 0.157067512595776
0.345491502812526 0.157837204131006
0.330631039877354 0.158271515253029
0.315937723657661 0.158411787961771
0.301426054682610 0.158302333387533
0.287110354217464 0.157960866551251
0.273004750130227 0.157378677721012
0.259123162949142 0.156511439526394
0.245479292124814 0.155316395398333
0.232086602510502 0.153760174133013
0.218958311073935 0.151813276572190
0.206107373853763 0.149446504610578
0.193546473173512 0.146637577691083
0.181288005125655 0.143408618395884
0.169344067338174 0.139808212868266
0.157726447035656 0.135896664526301
0.146446609406726 0.131728894413698
0.135515686289294 0.127334335266673
0.124944465184770 0.122719055892766
0.114743378612105 0.117882015040263
0.104922493812155 0.112827029561097
0.095491502812526 0.107562416761966
0.086459712862719 0.102126736422985
0.077836037248992 0.096584410653021
0.069628986498028 0.090991821604624
0.061846659978068 0.085341351875406
0.054496737905816 0.079601895566470
0.047586473766990 0.073757377854960
0.041122687158009 0.067859736009853
0.035111757055874 0.062014259480993
0.029559615522887 0.056318253314439
0.024471741852423 0.050855703956040
0.019853157161528 0.045558941000901
0.015708419435684 0.040267447788054
0.012041619030626 0.034915717030793
0.008856374635656 0.029553831731276
0.006155829702431 0.024250627026416
0.003942649342761 0.019055745915007
0.002219017698460 0.014006617989510
0.000986635785864 0.009132626796252
0.000246719817134 0.004457286559139
0.000000000000000 0.000000000000000
0.000246719817134 -0.004223283620327
0.000986635785864 -0.008198917784552
0.002219017698460 -0.011915528117142
0.003942649342761 -0.015368689966093
0.006155829702431 -0.018626672088272
0.008856374635656 -0.021748624131785
0.012041619030626 -0.024737497014680
0.015708419435684 -0.027568072542088
0.019853157161528 -0.030203966944130
0.024471741852423 -0.032655248120785
0.029559615522887 -0.034986945263941
0.035111757055874 -0.037248400828300
0.041122687158009 -0.039396413942038
0.047586473766990 -0.041377409578593
0.054496737905816 -0.043134913651416
0.061846659978068 -0.044643016858324
0.069628986498028 -0.045957880895500
0.077836037248993 -0.047179690889164
0.086459712862719 -0.048407279364463
0.095491502812526 -0.049650316918844
0.104922493812155 -0.050879641653860
0.114743378612105 -0.052072897964319
0.124944465184770 -0.053217444036817
0.135515686289294 -0.054303400234497
0.146446609406726 -0.055320619606275
0.157726447035656 -0.056259404313024
0.169344067338174 -0.057110123182936
0.181288005125655 -0.057863429048890
0.193546473173512 -0.058510252400298
0.206107373853763 -0.059041813233932
0.218958311073935 -0.059454034598763
0.232086602510502 -0.059747753957456
0.245479292124814 -0.059926939564742
0.259123162949142 -0.059996776060569
0.273004750130227 -0.059964066641198
0.287110354217464 -0.059837599299115
0.301426054682610 -0.059627531787005
0.315937723657661 -0.059343031867332
0.330631039877354 -0.058990334449973
0.345491502812526 -0.058573483674811
0.360504446980386 -0.058097787077382
0.375655056417573 -0.057569407361001
0.390928379301729 -0.056994961841315
0.406309342707138 -0.056380458623268
0.421782767479884 -0.055723202442480
0.437333383217848 -0.055006030543518
0.452945843340743 -0.054211127107818
0.468604740235343 -0.053320678659919
0.484294620460936 -0.052315455721511
0.500000000000000 -0.051179234627003
0.515705379539064 -0.049903163751806
0.531395259764657 -0.048503334669306
0.547054156659257 -0.047006165359645
0.562666616782152 -0.045435551719894
0.578217232520115 -0.043816094297148
0.593690657292863 -0.042172453343468
0.609071620698271 -0.040525571413089
0.624344943582427 -0.038888714966043
0.639495553019615 -0.037266367139988
0.654508497187474 -0.035663584500649
0.669368960122646 -0.034085503247853
0.684062276342339 -0.032536629520627
0.698573945317390 -0.031021617061938
0.712889645782536 -0.029542277441978
0.726995249869774 -0.028096337795937
0.740876837050858 -0.026680721410509
0.754520707875186 -0.025292627975724
0.767913397489498 -0.023929747208070
0.781041688926065 -0.022590094964203
0.793892626146237 -0.021271860337969
0.806453526826489 -0.019975263843393
0.818711994874345 -0.018705140732162
0.830655932661826 -0.017468486900279
0.842273552964344 -0.016271072092032
0.853553390593274 -0.015117960480721
0.864484313710706 -0.014013367926241
0.875055534815230 -0.012960738780700
0.885256621387895 -0.011962686294604
0.895077506187845 -0.011021334235149
0.904508497187474 -0.010135048707856
0.913540287137281 -0.009295254545529
0.922163962751008 -0.008493449413586
0.930371013501972 -0.007723459386102
0.938153340021932 -0.006981106867680
0.945503262094184 -0.006264011041968
0.952413526233010 -0.005571386812032
0.958877312841991 -0.004903832671736
0.964888242944126 -0.004263110557883
0.970440384477113 -0.003651933449818
0.975528258147577 -0.003073751042537
0.980146842838472 -0.002532537794677
0.984291580564316 -0.002032587359535
0.987958380969374 -0.001578327551729
0.991143625364344 -0.001174129416506
0.993844170297569 -0.000824140975411
0.996057350657239 -0.000532145783724
0.997780982301540 -0.000301422323443
0.999013364214136 -0.000134637392599
0.999753280182866 -0.000033761267642
1.000000000000000 0.000000000000000
