1.000000000000000 0.000000000000000
0.999753280182866 0.000025689891678
0.999013364214136 0.000102590951009
0.997780982301540 0.000230186101805
0.996057350657239 0.000407644285072
0.993844170297569 0.000633837881187
0.991143625364344 0.000907389978724
0.987958380969374 0.001226715376758
0.984291580564316 0.001590098984421
0.980146842838472 0.001995746513423
0.975528258147577 0.002441879658310
0.970440384477113 0.002926805960420
0.964888242944126 0.003449023087267
0.958877312841991 0.004007306683010
0.952413526233010 0.004600813998446
0.945503262094184 0.005229184535198
0.938153340021932 0.005892643338033
0.930371013501972 0.006592102249577
0.922163962751008 0.007329263847201
0.913540287137281 0.008106715353583
0.904508497187474 0.008928034675630
0.895077506187845 0.009797660756524
0.885256621387895 0.010717609506897
0.875055534815230 0.011686362782938
0.864484313710706 0.012701781944417
0.853553390593274 0.013761080506073
0.842273552964344 0.014860835466449
0.830655932661826 0.015996961060685
0.818711994874345 0.017164700344447
0.806453526826488 0.018358564711911
0.793892626146236 0.019572618211984
0.781041688926065 0.020802729429261
0.767913397489498 0.022047586961327
0.754520707875186 0.023305996863809
0.740876837050858 0.024576866689595
0.726995249869773 0.025859296467792
0.712889645782536 0.027152326664285
0.698573945317390 0.028455086444620
0.684062276342339 0.029768714496367
0.669368960122646 0.031097226541793
0.654508497187474 0.032446870984355
0.639495553019615 0.033823966842842
0.624344943582427 0.035235157823752
0.609071620698271 0.036687544776756
0.593690657292862 0.038188569229292
0.578217232520115 0.039739334878555
0.562666616782152 0.041333973525596
0.547054156659257 0.042965563956550
0.531395259764657 0.044626831517395
0.515705379539064 0.046310380307398
0.500000000000000 0.048008643768244
0.484294620460936 0.049714004179317
0.468604740235343 0.051419064437958
0.452945843340743 0.053116497383719
0.437333383217848 0.054799072172814
0.421782767479884 0.056459729298374
0.406309342707138 0.058091583715194
0.390928379301729 0.059687697006432
0.375655056417573 0.061237931895585
0.360504446980385 0.062729544663482
0.345491502812526 0.064150667627232
0.330631039877354 0.065490207734822
0.315937723657661 0.066737941735431
0.301426054682610 0.067885661806263
0.287110354217464 0.068922735949524
0.273004750130227 0.069832530633230
0.259123162949142 0.070595893185334
0.245479292124814 0.071198913626411
0.232086602510502 0.071639660716972
0.218958311073935 0.071933184465798
0.206107373853763 0.072101669475982
0.193546473173512 0.072155687496454
0.181288005125655 0.072071908276795
0.169344067338174 0.071795756988252
0.157726447035656 0.071276962036068
0.146446609406726 0.070479912676672
0.135515686289294 0.069400760717759
0.124944465184770 0.068082314263725
0.114743378612105 0.066567672395459
0.104922493812155 0.064896834473221
0.095491502812526 0.063106660102541
0.086459712862719 0.061190864930206
0.077836037248992 0.059113534228490
0.069628986498028 0.056848138609258
0.061846659978068 0.054380309941946
0.054496737905816 0.051706712310266
0.047586473766990 0.048834639719480
0.041122687158009 0.045791779902243
0.035111757055874 0.042622476225410
0.029559615522887 0.039371162490074
0.024471741852423 0.036082694941758
0.019853157161528 0.032760733230794
0.015708419435684 0.029320656360575
0.012041619030626 0.025719419492253
0.008856374635656 0.021987557681963
0.006155829702431 0.018200400432790
0.003942649342761 0.014415248243644
0.002219017698460 0.010673962995837
0.000986635785864 0.007008354133225
0.000246719817134 0.003443598521025
0.000000000000000 0.000000000000000
0.000246719817134 -0.003305875573897
0.000986635785864 -0.006499935688464
0.002219017698460 -0.009681182525090
0.003942649342761 -0.012849126514847
0.006155829702431 -0.015971020786337
0.008856374635656 -0.018998657547288
0.012041619030626 -0.021865093070173
0.015708419435684 -0.024486035897481
0.019853157161528 -0.026853924538552
0.024471741852423 -0.029054110468943
0.029559615522887 -0.031220533931958
0.035111757055874 -0.033369403697294
0.041122687158009 -0.035448560254702
0.047586473766990 -0.037401811885383
0.054496737905816 -0.039170064243130
0.061846659978068 -0.040718566552106
0.069628986498028 -0.042042811019705
0.077836037248993 -0.043151321575082
0.086459712862719 -0.044066411525755
0.095491502812526 -0.044825707159305
0.104922493812155 -0.045481880255390
0.114743378612105 -0.046065382948043
0.124944465184770 -0.046569347186769
0.135515686289294 -0.046986678323942
0.146446609406726 -0.047310584534543
0.157726447035656 -0.047537949131728
0.169344067338174 -0.047678551131121
0.181288005125655 -0.047756784277556
0.193546473173512 -0.047801472019761
0.206107373853763 -0.047847900602385
0.218958311073935 -0.047899088590419
0.232086602510502 -0.047924896413902
0.245479292124814 -0.047885689913010
0.259123162949142 -0.047741278646254
0.273004750130227 -0.047486531014202
0.287110354217464 -0.047143643732942
0.301426054682610 -0.046739619857093
0.315937723657661 -0.046292862028524
0.330631039877354 -0.045811190418055
0.345491502812526 -0.045292710923131
0.360504446980386 -0.044737304908912
0.375655056417573 -0.044145585477059
0.390928379301729 -0.043517752314953
0.406309342707138 -0.042854276586255
0.421782767479884 -0.042155893852857
0.437333383217848 -0.041423538151129
0.452945843340743 -0.040658289367060
0.468604740235343 -0.039861366440195
0.484294620460936 -0.039034187349844
0.500000000000000 -0.038178168576069
0.515705379539064 -0.037294490732212
0.531395259764657 -0.036383154127493
0.547054156659257 -0.035443588623791
0.562666616782152 -0.034475545458332
0.578217232520115 -0.033478796721048
0.593690657292863 -0.032453215958050
0.609071620698271 -0.031399616006519
0.624344943582427 -0.030321191291510
0.639495553019615 -0.029224525882133
0.654508497187474 -0.028116031940074
0.669368960122646 -0.027001769159501
0.684062276342339 -0.025887631499915
0.698573945317390 -0.024779546941151
0.712889645782536 -0.023682052037367
0.726995249869774 -0.022597204128457
0.740876837050858 -0.021525924218492
0.754520707875186 -0.020469026970357
0.767913397489498 -0.019427494168930
0.781041688926065 -0.018402279131973
0.793892626146237 -0.017394375957192
0.806453526826489 -0.016404770568816
0.818711994874345 -0.015433853474969
0.830655932661826 -0.014481536119387
0.842273552964344 -0.013547917780411
0.853553390593274 -0.012633307657326
0.864484313710706 -0.011738214909255
0.875055534815230 -0.010863341087436
0.885256621387895 -0.010009567882242
0.895077506187845 -0.009177948307584
0.904508497187474 -0.008369715908966
0.913540287137281 -0.007587331778065
0.922163962751008 -0.006834122399281
0.930371013501972 -0.006113014447471
0.938153340021932 -0.005426495281027
0.945503262094184 -0.004776638783622
0.952413526233010 -0.004165146217488
0.958877312841991 -0.003593374638029
0.964888242944126 -0.003062386850437
0.970440384477113 -0.002572971746064
0.975528258147577 -0.002125697128571
0.980146842838472 -0.001720937234219
0.984291580564316 -0.001358907734145
0.987958380969374 -0.001039708356139
0.991143625364344 -0.000763341399060
0.993844170297569 -0.000529749744045
0.996057350657239 -0.000338841022498
0.997780982301540 -0.000190505180362
0.999013364214136 -0.000084638163501
0.999753280182866 -0.000021154761238
1.000000000000000 0.000000000000000
