1.000000000000000 0.000000000000000
0.999753280182866 0.000070802935134
0.999013364214136 0.000283258721932
0.997780982301540 0.000637454201912
0.996057350657239 0.001133531512144
0.993844170297569 0.001771616009916
0.991143625364344 0.002551753568480
0.987958380969374 0.003473863338408
0.984291580564316 0.004537599639874
0.980146842838472 0.005742282433018
0.975528258147577 0.007086749536757
0.970440384477113 0.008569244820200
0.964888242944126 0.010187262173140
0.958877312841991 0.011937414130195
0.952413526233010 0.013815270898486
0.945503262094184 0.015815218614120
0.938153340021932 0.017930293441976
0.930371013501972 0.020152061144523
0.922163962751008 0.022470477795363
0.913540287137281 0.024873761119430
0.904508497187474 0.027348334587069
0.895077506187845 0.029878728747618
0.885256621387895 0.032452962547631
0.875055534815230 0.035064959274453
0.864484313710706 0.037709957604305
0.853553390593274 0.040384006901929
0.842273552964344 0.043084072274900
0.830655932661826 0.045808061744454
0.818711994874345 0.048554894791126
0.806453526826488 0.051324401842364
0.793892626146236 0.054117814073393
0.781041688926065 0.056932511263668
0.767913397489498 0.059761149367001
0.754520707875186 0.062594808405292
0.740876837050858 0.065424644533321
0.726995249869773 0.068241546461786
0.712889645782536 0.071036254460945
0.698573945317390 0.073799368775202
0.684062276342339 0.076521079928492
0.669368960122646 0.079190045388843
0.654508497187474 0.081794127222919
0.639495553019615 0.084321186508253
0.624344943582427 0.086759228334860
0.609071620698271 0.089096094736117
0.593690657292862 0.091319566207635
0.578217232520115 0.093420977831023
0.562666616782152 0.095394548612890
0.547054156659257 0.097236645064822
0.531395259764657 0.098944064346546
0.515705379539064 0.100513810304023
0.500000000000000 0.101943849164968
0.484294620460936 0.103231724622771
0.468604740235343 0.104372963629444
0.452945843340743 0.105362703820800
0.437333383217848 0.106196168944145
0.421782767479884 0.106869433349766
0.406309342707138 0.107379299433275
0.390928379301729 0.107723229544812
0.375655056417573 0.107899826083229
0.360504446980385 0.107908781679299
0.345491502812526 0.107750572811008
0.330631039877354 0.107426443826406
0.315937723657661 0.106938390575005
0.301426054682610 0.106289017066439
0.287110354217464 0.105482019359310
0.273004750130227 0.104522744278251
0.259123162949142 0.103417695417416
0.245479292124814 0.102174256146158
0.232086602510502 0.100800358810640
0.218958311073935 0.099303706089190
0.206107373853763 0.097694305916778
0.193546473173512 0.095981064606261
0.181288005125655 0.094156550044952
0.169344067338174 0.092191992476927
0.157726447035656 0.090056150152285
0.146446609406726 0.087727065512701
0.135515686289294 0.085191425096586
0.124944465184770 0.082452796624185
0.114743378612105 0.079520059984244
0.104922493812155 0.076404755471818
0.095491502812526 0.073120666965180
0.086459712862719 0.069688196938110
0.077836037248992 0.066135162338170
0.069628986498028 0.062491691631056
0.061846659978068 0.058738394901035
0.054496737905816 0.054801760344307
0.047586473766990 0.050619523625450
0.041122687158009 0.046198661195990
0.035111757055874 0.041699626402901
0.029559615522887 0.037293021677481
0.024471741852423 0.033120385618408
0.019853157161528 0.029253020699251
0.015708419435684 0.025565219127718
0.012041619030626 0.021965055742293
0.008856374635656 0.018457673242771
0.006155829702431 0.015061079144513
0.003942649342761 0.011784200200613
0.002219017698460 0.008634190358738
0.000986635785864 0.005617004907504
0.000246719817134 0.002737519474864
0.000000000000000 0.000000000000000
0.000246719817134 -0.002592461870494
0.000986635785864 -0.005110409476936
0.002219017698460 -0.007645242215336
0.003942649342761 -0.010200594373416
0.006155829702431 -0.012766264303013
0.008856374635656 -0.015325820799500
0.012041619030626 -0.017854557645120
0.015708419435684 -0.020310284636802
0.019853157161528 -0.022607369598735
0.024471741852423 -0.024666926514262
0.029559615522887 -0.026459963414267
0.035111757055874 -0.027988985636191
0.041122687158009 -0.029271215162568
0.047586473766990 -0.030343675600797
0.054496737905816 -0.031267060809546
0.061846659978068 -0.032055004845508
0.069628986498028 -0.032647575795655
0.077836037248993 -0.032969698330139
0.086459712862719 -0.032983958544748
0.095491502812526 -0.032750656960280
0.104922493812155 -0.032377464579203
0.114743378612105 -0.031934526738455
0.124944465184770 -0.031413989113319
0.135515686289294 -0.030800012733136
0.146446609406726 -0.030074510411988
0.157726447035656 -0.029218755024925
0.169344067338174 -0.028242077897938
0.181288005125655 -0.027179817524389
0.193546473173512 -0.026077430263038
0.206107373853763 -0.024985442412404
0.218958311073935 -0.023936058324119
0.232086602510502 -0.022927150869165
0.245479292124814 -0.021953796449526
0.259123162949142 -0.021009573216119
0.273004750130227 -0.020087003197482
0.287110354217464 -0.019177255127302
0.301426054682610 -0.018268902189319
0.315937723657661 -0.017358453925010
0.330631039877354 -0.016451816724997
0.345491502812526 -0.015562699028703
0.360504446980386 -0.014704782017107
0.375655056417573 -0.013891846542059
0.390928379301729 -0.013139253820757
0.406309342707138 -0.012459662031607
0.421782767479884 -0.011858704926546
0.437333383217848 -0.011325309638481
0.452945843340743 -0.010845744712460
0.468604740235343 -0.010407197249433
0.484294620460936 -0.009995069387105
0.500000000000000 -0.009595757750884
0.515705379539064 -0.009200215217985
0.531395259764657 -0.008812061647632
0.547054156659257 -0.008443546283227
0.562666616782152 -0.008104757565847
0.578217232520115 -0.007805814525374
0.593690657292863 -0.007557154058160
0.609071620698271 -0.007365148156832
0.624344943582427 -0.007227778247074
0.639495553019615 -0.007129941308681
0.654508497187474 -0.007056966640566
0.669368960122646 -0.006995708980325
0.684062276342339 -0.006933496818233
0.698573945317390 -0.006857652197020
0.712889645782536 -0.006759682692403
0.726995249869774 -0.006639484291491
0.740876837050858 -0.006500345358411
0.754520707875186 -0.006345917741671
0.767913397489498 -0.006179256170446
0.781041688926065 -0.006003369210096
0.793892626146237 -0.005821062894883
0.806453526826489 -0.005634727283429
0.818711994874345 -0.005443720098021
0.830655932661826 -0.005244691582871
0.842273552964344 -0.005034900812819
0.853553390593274 -0.004812268487966
0.864484313710706 -0.004575383093347
0.875055534815230 -0.004323473973671
0.885256621387895 -0.004056378881093
0.895077506187845 -0.003774524996228
0.904508497187474 -0.003478950294209
0.913540287137281 -0.003174082804692
0.922163962751008 -0.002866869119834
0.930371013501972 -0.002563312690957
0.938153340021932 -0.002268336163726
0.945503262094184 -0.001985874890423
0.952413526233010 -0.001718967872270
0.958877312841991 -0.001469853409878
0.964888242944126 -0.001240065324134
0.970440384477113 -0.001030534893862
0.975528258147577 -0.000841684341401
0.980146842838472 -0.000673527600532
0.984291580564316 -0.000525759992352
0.987958380969374 -0.000397848042038
0.991143625364344 -0.000289111921237
0.993844170297569 -0.000198798375675
0.996057350657239 -0.000126152816624
0.997780982301540 -0.000070473504558
0.999013364214136 -0.000031163074483
0.999753280182866 -0.000007766611329
1.000000000000000 0.000000000000000
