1.000000000000000 0.000000000000000
0.999753280182866 0.000072675965421
0.999013364214136 0.000290186688277
0.997780982301540 0.000651014195335
0.996057350657239 0.001152650791879
0.993844170297569 0.001791702527065
0.991143625364344 0.002563963227050
0.987958380969374 0.003464531394910
0.984291580564316 0.004487957197274
0.980146842838472 0.005628401892450
0.975528258147577 0.006879807840582
0.970440384477113 0.008236086751636
0.964888242944126 0.009691313764717
0.958877312841991 0.011239943738876
0.952413526233010 0.012877022850633
0.945503262094184 0.014598380675186
0.938153340021932 0.016400864518524
0.930371013501972 0.018282544347118
0.922163962751008 0.020242914608770
0.913540287137281 0.022283106574030
0.904508497187474 0.024406088206084
0.895077506187845 0.026616578612926
0.885256621387895 0.028916812248365
0.875055534815230 0.031305187421258
0.864484313710706 0.033780116805032
0.853553390593274 0.036340069337592
0.842273552964344 0.038983634261640
0.830655932661826 0.041709505445826
0.818711994874345 0.044516480878118
0.806453526826488 0.047403562365540
0.793892626146236 0.050369403140244
0.781041688926065 0.053406939195895
0.767913397489498 0.056501298459063
0.754520707875186 0.059635942955084
0.740876837050858 0.062792674689275
0.726995249869773 0.065952281706452
0.712889645782536 0.069093542409594
0.698573945317390 0.072194142996678
0.684062276342339 0.075239434686215
0.669368960122646 0.078226594681463
0.654508497187474 0.081161604334638
0.639495553019615 0.084049464920865
0.624344943582427 0.086895876215885
0.609071620698271 0.089707648749502
0.593690657292862 0.092492051022421
0.578217232520115 0.095244292001069
0.562666616782152 0.097945020598500
0.547054156659257 0.100573574341045
0.531395259764657 0.103109214231234
0.515705379539064 0.105531522455291
0.500000000000000 0.107820647610317
0.484294620460936 0.109957919809583
0.468604740235343 0.111927944831430
0.452945843340743 0.113716966631233
0.437333383217848 0.115312096629398
0.421782767479884 0.116701155358025
0.406309342707138 0.117873095755490
0.390928379301729 0.118819587417919
0.375655056417573 0.119536776412607
0.360504446980385 0.120027468765183
0.345491502812526 0.120295272785850
0.330631039877354 0.120344124118339
0.315937723657661 0.120179109091992
0.301426054682610 0.119805732784457
0.287110354217464 0.119228398253120
0.273004750130227 0.118442758520160
0.259123162949142 0.117441836162395
0.245479292124814 0.116220971193506
0.232086602510502 0.114777333811711
0.218958311073935 0.113109977041504
0.206107373853763 0.111219943386116
0.193546473173512 0.109110770903691
0.181288005125655 0.106794446792022
0.169344067338174 0.104290585037932
0.157726447035656 0.101619113465463
0.146446609406726 0.098800495901579
0.135515686289294 0.095852478143177
0.124944465184770 0.092791207983484
0.114743378612105 0.089632331027201
0.104922493812155 0.086394680152957
0.095491502812526 0.083093099332580
0.086459712862719 0.079671252201602
0.077836037248992 0.076008760609252
0.069628986498028 0.072010434307131
0.061846659978068 0.067755000190284
0.054496737905816 0.063426593231853
0.047586473766990 0.059188253452704
0.041122687158009 0.055077544043807
0.035111757055874 0.051006871908087
0.029559615522887 0.046902871942863
0.024471741852423 0.042713187706384
0.019853157161528 0.038410908309525
0.015708419435684 0.034015598204462
0.012041619030626 0.029579944108861
0.008856374635656 0.025167635756081
0.006155829702431 0.020801555608557
0.003942649342761 0.016493117424825
0.002219017698460 0.012251589272688
0.000986635785864 0.008084743501236
0.000246719817134 0.003998884312656
0.000000000000000 0.000000000000000
0.000246719817134 -0.003981158065136
0.000986635785864 -0.008034829486264
0.002219017698460 -0.012113877484012
0.003942649342761 -0.016161222307534
0.006155829702431 -0.020110822160429
0.008856374635656 -0.023885390942243
0.012041619030626 -0.027393214914196
0.015708419435684 -0.030549188820005
0.019853157161528 -0.033398614182510
0.024471741852423 -0.036050783092360
0.029559615522887 -0.038624357548847
0.035111757055874 -0.041140632817000
0.041122687158009 -0.043590513210128
0.047586473766990 -0.045981775987822
0.054496737905816 -0.048335406272190
0.061846659978068 -0.050647955182459
0.069628986498028 -0.052889574342581
0.077836037248993 -0.055031361699861
0.086459712862719 -0.057051882520737
0.095491502812526 -0.058942612592223
0.104922493812155 -0.060700712970007
0.114743378612105 -0.062324952699984
0.124944465184770 -0.063815482805959
0.135515686289294 -0.065177186368925
0.146446609406726 -0.066420045191316
0.157726447035656 -0.067558136382583
0.169344067338174 -0.068597016421319
0.181288005125655 -0.069536518293036
0.193546473173512 -0.070378556852235
0.206107373853763 -0.071127054885035
0.218958311073935 -0.071786468220989
0.232086602510502 -0.072361866117972
0.245479292124814 -0.072859772925257
0.259123162949142 -0.073288653542392
0.273004750130227 -0.073658353177598
0.287110354217464 -0.073981401983033
0.301426054682610 -0.074270965222636
0.315937723657661 -0.074535176532458
0.330631039877354 -0.074770941676215
0.345491502812526 -0.074967673376079
0.360504446980386 -0.075116268991618
0.375655056417573 -0.075207268759956
0.390928379301729 -0.075230639146591
0.406309342707138 -0.075176698695390
0.421782767479884 -0.075040000718628
0.437333383217848 -0.074821716079880
0.452945843340743 -0.074523706820082
0.468604740235343 -0.074148110518894
0.484294620460936 -0.073697575646820
0.500000000000000 -0.073174818383176
0.515705379539064 -0.072582153299144
0.531395259764657 -0.071919395538668
0.547054156659257 -0.071185352666161
0.562666616782152 -0.070379354229847
0.578217232520115 -0.069501135684623
0.593690657292863 -0.068550720385925
0.609071620698271 -0.067527930430356
0.624344943582427 -0.066431503071706
0.639495553019615 -0.065258367861640
0.654508497187474 -0.064006046526451
0.669368960122646 -0.062672788631565
0.684062276342339 -0.061257398454909
0.698573945317390 -0.059759338655787
0.712889645782536 -0.058178822725674
0.726995249869774 -0.056516918202116
0.740876837050858 -0.054775430468833
0.754520707875186 -0.052956868316153
0.767913397489498 -0.051064426221074
0.781041688926065 -0.049102003369340
0.793892626146237 -0.047074124549499
0.806453526826489 -0.044986221644900
0.818711994874345 -0.042845626259498
0.830655932661826 -0.040661656790028
0.842273552964344 -0.038443772817042
0.853553390593274 -0.036201608493878
0.864484313710706 -0.033944906625285
0.875055534815230 -0.031683488622158
0.885256621387895 -0.029427212174737
0.895077506187845 -0.027185923824191
0.904508497187474 -0.024969574340781
0.913540287137281 -0.022790211305131
0.922163962751008 -0.020661493496022
0.930371013501972 -0.018595851307847
0.938153340021932 -0.016604427944960
0.945503262094184 -0.014697135006378
0.952413526233010 -0.012882713360199
0.958877312841991 -0.011168796236691
0.964888242944126 -0.009561987510845
0.970440384477113 -0.008067954837881
0.975528258147577 -0.006691490270783
0.980146842838472 -0.005436632121743
0.984291580564316 -0.004306713648527
0.987958380969374 -0.003304481921446
0.991143625364344 -0.002432137879192
0.993844170297569 -0.001691440193556
0.996057350657239 -0.001083766400016
0.997780982301540 -0.000610146973023
0.999013364214136 -0.000271340456419
0.999753280182866 -0.000067858620388
1.000000000000000 0.000000000000000
