1.000000000000000 0.000000000000000
0.999753280182866 0.000061385054872
0.999013364214136 0.000244832794079
0.997780982301540 0.000548260972823
0.996057350657239 0.000968266409435
0.993844170297569 0.001500261630015
0.991143625364344 0.002138630985726
0.987958380969374 0.002876938530347
0.984291580564316 0.003708175174898
0.980146842838472 0.004625021276223
0.975528258147577 0.005620161158285
0.970440384477113 0.006686607819751
0.964888242944126 0.007818035185197
0.958877312841991 0.009009136350860
0.952413526233010 0.010255997862943
0.945503262094184 0.011556444938443
0.938153340021932 0.012910437935897
0.930371013501972 0.014320429802219
0.922163962751008 0.015791726239120
0.913540287137281 0.017332875723359
0.904508497187474 0.018956004682614
0.895077506187845 0.020677332059570
0.885256621387895 0.022515230042935
0.875055534815230 0.024475133279910
0.864484313710706 0.026552050937333
0.853553390593274 0.028739147400231
0.842273552964344 0.031027409118470
0.830655932661826 0.033405656241984
0.818711994874345 0.035860446810645
0.806453526826488 0.038376205849085
0.793892626146236 0.040934704990531
0.781041688926065 0.043517671108300
0.767913397489498 0.046109226567852
0.754520707875186 0.048694963605245
0.740876837050858 0.051259187907579
0.726995249869773 0.053785367608775
0.712889645782536 0.056256328995210
0.698573945317390 0.058654164056227
0.684062276342339 0.060961794161701
0.669368960122646 0.063178643372405
0.654508497187474 0.065314750155305
0.639495553019615 0.067382013078521
0.624344943582427 0.069392921270276
0.609071620698271 0.071361765411207
0.593690657292862 0.073304992523196
0.578217232520115 0.075229580463063
0.562666616782152 0.077133950692586
0.547054156659257 0.079009398627868
0.531395259764657 0.080846896512462
0.515705379539064 0.082638628175891
0.500000000000000 0.084377274905924
0.484294620460936 0.086053803788226
0.468604740235343 0.087655016892336
0.452945843340743 0.089165920907211
0.437333383217848 0.090570897428036
0.421782767479884 0.091855861992063
0.406309342707138 0.093006973545428
0.390928379301729 0.094010839964306
0.375655056417573 0.094866559521808
0.360504446980385 0.095582315407342
0.345491502812526 0.096169776196998
0.330631039877354 0.096639732736171
0.315937723657661 0.097002300801802
0.301426054682610 0.097272699146326
0.287110354217464 0.097450797111685
0.273004750130227 0.097510207356146
0.259123162949142 0.097405282025009
0.245479292124814 0.097090734193122
0.232086602510502 0.096530307747539
0.218958311073935 0.095692613866815
0.206107373853763 0.094549432620992
0.193546473173512 0.093082462512652
0.181288005125655 0.091295788579814
0.169344067338174 0.089224238513575
0.157726447035656 0.086904905312410
0.146446609406726 0.084371456301431
0.135515686289294 0.081658756914455
0.124944465184770 0.078804008845914
0.114743378612105 0.075843681635881
0.104922493812155 0.072813807283945
0.095491502812526 0.069743289022716
0.086459712862719 0.066567392969324
0.077836037248992 0.063100522345536
0.069628986498028 0.059182157297541
0.061846659978068 0.054847040722201
0.054496737905816 0.050304120592591
0.047586473766990 0.045755664180838
0.041122687158009 0.041296824837692
0.035111757055874 0.036890019842848
0.029559615522887 0.032484270890457
0.024471741852423 0.028014275291912
0.019853157161528 0.023517089654727
0.015708419435684 0.019366557016305
0.012041619030626 0.015792827996759
0.008856374635656 0.012734115330462
0.006155829702431 0.010020543052201
0.003942649342761 0.007577730724785
0.002219017698460 0.005370552388627
0.000986635785864 0.003379302810004
0.000246719817134 0.001591854292490
0.000000000000000 0.000000000000000
0.000246719817134 -0.001402054362450
0.000986635785864 -0.002622772500667
0.002219017698460 -0.003715748801103
0.003942649342761 -0.004702827741758
0.006155829702431 -0.005564970406162
0.008856374635656 -0.006261552353166
0.012041619030626 -0.006715759235955
0.015708419435684 -0.006765640661618
0.019853157161528 -0.006255513247279
0.024471741852423 -0.005289951229955
0.029559615522887 -0.004320426298483
0.035111757055874 -0.003524877308222
0.041122687158009 -0.002863819991165
0.047586473766990 -0.002270283193664
0.054496737905816 -0.001646979840646
0.061846659978068 -0.000958898427682
0.069628986498028 -0.000243493464974
0.077836037248993 0.000446337556055
0.086459712862719 0.001082229149933
0.095491502812526 0.001692308030231
0.104922493812155 0.002318816743803
0.114743378612105 0.002976974599299
0.124944465184770 0.003649139350249
0.135515686289294 0.004313392883737
0.146446609406726 0.004941974015858
0.157726447035656 0.005509354863455
0.169344067338174 0.006015349210556
0.181288005125655 0.006482451752787
0.193546473173512 0.006936690738223
0.206107373853763 0.007407626014324
0.218958311073935 0.007901697895539
0.232086602510502 0.008406851098475
0.245479292124814 0.008906137243622
0.259123162949142 0.009382293750844
0.273004750130227 0.009815773954579
0.287110354217464 0.010185414657533
0.301426054682610 0.010469055555035
0.315937723657661 0.010655873178394
0.330631039877354 0.010761435077441
0.345491502812526 0.010806273536953
0.360504446980386 0.010812152665478
0.375655056417573 0.010802098882525
0.390928379301729 0.010803920178560
0.406309342707138 0.010838948039290
0.421782767479884 0.010910344769473
0.437333383217848 0.011007048190768
0.452945843340743 0.011111570677134
0.468604740235343 0.011209175680473
0.484294620460936 0.011283865438849
0.500000000000000 0.011319458907221
0.515705379539064 0.011306915593921
0.531395259764657 0.011242143514711
0.547054156659257 0.011125295789609
0.562666616782152 0.010956391081890
0.578217232520115 0.010734975997571
0.593690657292863 0.010460265319790
0.609071620698271 0.010135931020862
0.624344943582427 0.009770536106362
0.639495553019615 0.009376551176775
0.654508497187474 0.008966352512850
0.669368960122646 0.008551156059238
0.684062276342339 0.008142177980121
0.698573945317390 0.007748833549242
0.712889645782536 0.007375773910256
0.726995249869774 0.007017958336923
0.740876837050858 0.006669645759783
0.754520707875186 0.006326015998194
0.767913397489498 0.005982555250234
0.781041688926065 0.005635477876000
0.793892626146237 0.005281065152202
0.806453526826489 0.004918814416693
0.818711994874345 0.004552701944021
0.830655932661826 0.004188360489231
0.842273552964344 0.003830442704991
0.853553390593274 0.003483050300001
0.864484313710706 0.003149653557255
0.875055534815230 0.002833120167766
0.885256621387895 0.002535729603760
0.895077506187845 0.002259196509838
0.904508497187474 0.002004070892167
0.913540287137281 0.001769440824276
0.922163962751008 0.001554248950665
0.930371013501972 0.001357455993544
0.938153340021932 0.001178044358396
0.945503262094184 0.001015023838280
0.952413526233010 0.000867436439986
0.958877312841991 0.000734362205423
0.964888242944126 0.000614922803744
0.970440384477113 0.000508287020548
0.975528258147577 0.000413673625584
0.980146842838472 0.000330356225198
0.984291580564316 0.000257666449334
0.987958380969374 0.000194997102725
0.991143625364344 0.000141805739787
0.993844170297569 0.000097616570214
0.996057350657239 0.000062022944052
0.997780982301540 0.000034689884779
0.999013364214136 0.000015354687768
0.999753280182866 0.000003829201336
1.000000000000000 0.000000000000000
