1.000000000000000 0.000000000000000
0.999753280182866 0.000029564370848
0.999013364214136 0.000118483065797
0.997780982301540 0.000267430991243
0.996057350657239 0.000477496819771
0.993844170297569 0.000750129040431
0.991143625364344 0.001087068716150
0.987958380969374 0.001490252081028
0.984291580564316 0.001961706195520
0.980146842838472 0.002503416493764
0.975528258147577 0.003117190537020
0.970440384477113 0.003804494196502
0.964888242944126 0.004566285533609
0.958877312841991 0.005402842383420
0.952413526233010 0.006313561254031
0.945503262094184 0.007296527938863
0.938153340021932 0.008344858683231
0.930371013501972 0.009446085080865
0.922163962751008 0.010583490766277
0.913540287137281 0.011751526391870
0.904508497187474 0.012968539285494
0.895077506187845 0.014260489105050
0.885256621387895 0.015632617990861
0.875055534815230 0.017062180681597
0.864484313710706 0.018528667697198
0.853553390593274 0.020042461126297
0.842273552964344 0.021624969234059
0.830655932661826 0.023277286118129
0.818711994874345 0.024985785859599
0.806453526826488 0.026736832290571
0.793892626146236 0.028517352914655
0.781041688926065 0.030318758674281
0.767913397489498 0.032136717342097
0.754520707875186 0.033967555081956
0.740876837050858 0.035807077325625
0.726995249869773 0.037647040704597
0.712889645782536 0.039476455507673
0.698573945317390 0.041283688059588
0.684062276342339 0.043059126626833
0.669368960122646 0.044799758155801
0.654508497187474 0.046505446980674
0.639495553019615 0.048174918683077
0.624344943582427 0.049799365039412
0.609071620698271 0.051366151700314
0.593690657292862 0.052861618497302
0.578217232520115 0.054276644443689
0.562666616782152 0.055604749607056
0.547054156659257 0.056841083612119
0.531395259764657 0.057981594918562
0.515705379539064 0.059022840231842
0.500000000000000 0.059961966533021
0.484294620460936 0.060797636757368
0.468604740235343 0.061530180433026
0.452945843340743 0.062161122786458
0.437333383217848 0.062692370873840
0.421782767479884 0.063125696612883
0.406309342707138 0.063463987181568
0.390928379301729 0.063709493024575
0.375655056417573 0.063859017644535
0.360504446980385 0.063912039993594
0.345491502812526 0.063870604448014
0.330631039877354 0.063725046993201
0.315937723657661 0.063463994136363
0.301426054682610 0.063082592486869
0.287110354217464 0.062594345710728
0.273004750130227 0.062021740918165
0.259123162949142 0.061387335783500
0.245479292124814 0.060701831743492
0.232086602510502 0.059964339361711
0.218958311073935 0.059166490585463
0.206107373853763 0.058298751268002
0.193546473173512 0.057353388253848
0.181288005125655 0.056315782355368
0.169344067338174 0.055168703571411
0.157726447035656 0.053901796837340
0.146446609406726 0.052513413945590
0.135515686289294 0.051006138747555
0.124944465184770 0.049387649831266
0.114743378612105 0.047667132017945
0.104922493812155 0.045854026600956
0.095491502812526 0.043958995234116
0.086459712862719 0.041990683730240
0.077836037248992 0.039956393938434
0.069628986498028 0.037865566145314
0.061846659978068 0.035723574624810
0.054496737905816 0.033535650004293
0.047586473766990 0.031312159759737
0.041122687158009 0.029060174079218
0.035111757055874 0.026782967504749
0.029559615522887 0.024484842336636
0.024471741852423 0.022172396557155
0.019853157161528 0.019841496767893
0.015708419435684 0.017454367788375
0.012041619030626 0.015042699225188
0.008856374635656 0.012633855011628
0.006155829702431 0.010178237314751
0.003942649342761 0.007616409643653
0.002219017698460 0.005208586276653
0.000986635785864 0.003238494232359
0.000246719817134 0.001529101217591
0.000000000000000 0.000000000000000
0.000246719817134 -0.001416855013275
0.000986635785864 -0.002887856367002
0.002219017698460 -0.004423308533195
0.003942649342761 -0.005984912646256
0.006155829702431 -0.007573600407352
0.008856374635656 -0.009229456864194
0.012041619030626 -0.010890483260337
0.015708419435684 -0.012538028520822
0.019853157161528 -0.014108279322316
0.024471741852423 -0.015556420805003
0.029559615522887 -0.016957898434038
0.035111757055874 -0.018319801165591
0.041122687158009 -0.019614136552973
0.047586473766990 -0.020837293052348
0.054496737905816 -0.022013836494640
0.061846659978068 -0.023153664518008
0.069628986498028 -0.024250772055707
0.077836037248993 -0.025302876386627
0.086459712862719 -0.026309564352627
0.095491502812526 -0.027270655429903
0.104922493812155 -0.028188876106105
0.114743378612105 -0.029064600249008
0.124944465184770 -0.029894134009385
0.135515686289294 -0.030674022424857
0.146446609406726 -0.031398934130148
0.157726447035656 -0.032063230741164
0.169344067338174 -0.032663113718131
0.181288005125655 -0.033197018242868
0.193546473173512 -0.033670115723344
0.206107373853763 -0.034094439963855
0.218958311073935 -0.034474381450999
0.232086602510502 -0.034802881810378
0.245479292124814 -0.035085877416864
0.259123162949142 -0.035334961685855
0.273004750130227 -0.035552257635412
0.287110354217464 -0.035726141850094
0.301426054682610 -0.035848212326335
0.315937723657661 -0.035908085346680
0.330631039877354 -0.035889086596129
0.345491502812526 -0.035784541189423
0.360504446980386 -0.035593941061629
0.375655056417573 -0.035320082683325
0.390928379301729 -0.034966957545621
0.406309342707138 -0.034539498915464
0.421782767479884 -0.034042610079785
0.437333383217848 -0.033474755100864
0.452945843340743 -0.032832568027770
0.468604740235343 -0.032115557479862
0.484294620460936 -0.031325652043372
0.500000000000000 -0.030466273545084
0.515705379539064 -0.029540389453226
0.531395259764657 -0.028550289431616
0.547054156659257 -0.027497740049264
0.562666616782152 -0.026386534580739
0.578217232520115 -0.025222618645547
0.593690657292863 -0.024014579753595
0.609071620698271 -0.022771638249774
0.624344943582427 -0.021503752243896
0.639495553019615 -0.020222750322582
0.654508497187474 -0.018939743637726
0.669368960122646 -0.017663821203553
0.684062276342339 -0.016400500684685
0.698573945317390 -0.015154388253653
0.712889645782536 -0.013930632767802
0.726995249869774 -0.012736067660197
0.740876837050858 -0.011577515566830
0.754520707875186 -0.010461468685223
0.767913397489498 -0.009394553683905
0.781041688926065 -0.008384396547748
0.793892626146237 -0.007437739742068
0.806453526826489 -0.006559763120744
0.818711994874345 -0.005750235217154
0.830655932661826 -0.005005403133457
0.842273552964344 -0.004331409227261
0.853553390593274 -0.003743875818280
0.864484313710706 -0.003239011252754
0.875055534815230 -0.002786567972591
0.885256621387895 -0.002369074010572
0.895077506187845 -0.002005784158113
0.904508497187474 -0.001718430920652
0.913540287137281 -0.001492526454163
0.922163962751008 -0.001286721455668
0.930371013501972 -0.001070940868461
0.938153340021932 -0.000850620882060
0.945503262094184 -0.000647617853430
0.952413526233010 -0.000477158691394
0.958877312841991 -0.000343381437343
0.964888242944126 -0.000240627176124
0.970440384477113 -0.000163290943533
0.975528258147577 -0.000106485900142
0.980146842838472 -0.000065996025272
0.984291580564316 -0.000038213806698
0.987958380969374 -0.000020083626204
0.991143625364344 -0.000009047944907
0.993844170297569 -0.000002997761015
0.996057350657239 -0.000000228174633
0.997780982301540 0.000000600629560
0.999013364214136 0.000000495829631
0.999753280182866 0.000000158035014
1.000000000000000 0.000000000000000
