1.000000000000000 0.000000000000000
0.999753280182866 0.000031696567468
0.999013364214136 0.000127004602947
0.997780982301540 0.000286566588227
0.996057350657239 0.000511400208713
0.993844170297569 0.000802829678370
0.991143625364344 0.001162374838845
0.987958380969374 0.001591629675598
0.984291580564316 0.002092103706136
0.980146842838472 0.002665034643434
0.975528258147577 0.003311196847766
0.970440384477113 0.004030671557482
0.964888242944126 0.004822611241017
0.958877312841991 0.005684994455504
0.952413526233010 0.006614363383374
0.945503262094184 0.007605638425182
0.938153340021932 0.008652968720492
0.930371013501972 0.009749632842427
0.922163962751008 0.010887284994617
0.913540287137281 0.012062628552824
0.904508497187474 0.013282996133637
0.895077506187845 0.014559358873529
0.885256621387895 0.015894469217462
0.875055534815230 0.017280196015001
0.864484313710706 0.018709704468322
0.853553390593274 0.020189641475858
0.842273552964344 0.021731324102655
0.830655932661826 0.023334764069940
0.818711994874345 0.024991326730928
0.806453526826488 0.026683964268962
0.793892626146236 0.028387414747536
0.781041688926065 0.030087199080504
0.767913397489498 0.031780214419370
0.754520707875186 0.033465660431950
0.740876837050858 0.035142195228589
0.726995249869773 0.036803648054026
0.712889645782536 0.038440799310883
0.698573945317390 0.040043734386782
0.684062276342339 0.041604447879789
0.669368960122646 0.043120855952985
0.654508497187474 0.044593272496404
0.639495553019615 0.046021285709818
0.624344943582427 0.047399512180570
0.609071620698271 0.048720213841950
0.593690657292862 0.049974988354153
0.578217232520115 0.051157655723412
0.562666616782152 0.052263321302271
0.547054156659257 0.053287974067742
0.531395259764657 0.054228120841893
0.515705379539064 0.055080646172009
0.500000000000000 0.055842776092317
0.484294620460936 0.056513275232799
0.468604740235343 0.057092502977560
0.452945843340743 0.057582140648619
0.437333383217848 0.057983876234458
0.421782767479884 0.058298664043158
0.406309342707138 0.058527150582875
0.390928379301729 0.058670439355019
0.375655056417573 0.058731177033740
0.360504446980385 0.058710877291552
0.345491502812526 0.058607951463250
0.330631039877354 0.058413062242688
0.315937723657661 0.058118462718595
0.301426054682610 0.057723231470314
0.287110354217464 0.057238975870586
0.273004750130227 0.056681539224573
0.259123162949142 0.056066548401817
0.245479292124814 0.055405684401177
0.232086602510502 0.054698256816883
0.218958311073935 0.053935231966284
0.206107373853763 0.053106917409490
0.193546473173512 0.052207662541592
0.181288005125655 0.051226807437950
0.169344067338174 0.050151703322169
0.157726447035656 0.048971250402649
0.146446609406726 0.047677488485660
0.135515686289294 0.046270008676461
0.124944465184770 0.044758312026458
0.114743378612105 0.043152168127637
0.104922493812155 0.041458220444903
0.095491502812526 0.039683953354284
0.086459712862719 0.037838687360135
0.077836037248992 0.035933324029538
0.069628986498028 0.033980087328740
0.061846659978068 0.031984473683926
0.054496737905816 0.029950872184705
0.047586473766990 0.027888582928283
0.041122687158009 0.025807252280321
0.035111757055874 0.023716303298247
0.029559615522887 0.021621956912136
0.024471741852423 0.019528930939797
0.019853157161528 0.017429629250818
0.015708419435684 0.015286553398190
0.012041619030626 0.013145918389226
0.008856374635656 0.011024787188819
0.006155829702431 0.008829523086982
0.003942649342761 0.006504049268393
0.002219017698460 0.004366325419611
0.000986635785864 0.002680738221892
0.000246719817134 0.001249601405821
0.000000000000000 0.000000000000000
0.000246719817134 -0.001108892543340
0.000986635785864 -0.002206529522907
0.002219017698460 -0.003318228637795
0.003942649342761 -0.004392313112223
0.006155829702431 -0.005442289107992
0.008856374635656 -0.006557628360700
0.012041619030626 -0.007664478077986
0.015708419435684 -0.008747056297991
0.019853157161528 -0.009757464518708
0.024471741852423 -0.010657140419993
0.029559615522887 -0.011515466062715
0.035111757055874 -0.012343916604955
0.041122687158009 -0.013119085563968
0.047586473766990 -0.013836277360024
0.054496737905816 -0.014513762210886
0.061846659978068 -0.015160056377065
0.069628986498028 -0.015772757711738
0.077836037248993 -0.016352651842118
0.086459712862719 -0.016901123958722
0.095491502812526 -0.017417611367824
0.104922493812155 -0.017903215225420
0.114743378612105 -0.018358040662958
0.124944465184770 -0.018780487262179
0.135515686289294 -0.019169530322102
0.146446609406726 -0.019523806140980
0.157726447035656 -0.019842248535935
0.169344067338174 -0.020124037945052
0.181288005125655 -0.020369051685896
0.193546473173512 -0.020581500146415
0.206107373853763 -0.020770735655249
0.218958311073935 -0.020938654124993
0.232086602510502 -0.021079627903151
0.245479292124814 -0.021192040075825
0.259123162949142 -0.021279441412469
0.273004750130227 -0.021342763506926
0.287110354217464 -0.021379884290627
0.301426054682610 -0.021384459621367
0.315937723657661 -0.021351119986789
0.330631039877354 -0.021281179184093
0.345491502812526 -0.021157340139885
0.360504446980386 -0.020961172466374
0.375655056417573 -0.020692639109413
0.390928379301729 -0.020361192783139
0.406309342707138 -0.019975300058364
0.421782767479884 -0.019533678838037
0.437333383217848 -0.019036180074621
0.452945843340743 -0.018484241389671
0.468604740235343 -0.017879566318898
0.484294620460936 -0.017225030656757
0.500000000000000 -0.016524504445897
0.515705379539064 -0.015781213673156
0.531395259764657 -0.014997579972836
0.547054156659257 -0.014175184096130
0.562666616782152 -0.013317281698676
0.578217232520115 -0.012428815345073
0.593690657292863 -0.011516568193972
0.609071620698271 -0.010588036730752
0.624344943582427 -0.009651440496250
0.639495553019615 -0.008716670464397
0.654508497187474 -0.007793057170972
0.669368960122646 -0.006888228445202
0.684062276342339 -0.006007132491062
0.698573945317390 -0.005153878515513
0.712889645782536 -0.004332622715646
0.726995249869774 -0.003547928281751
0.740876837050858 -0.002803897843387
0.754520707875186 -0.002104561212887
0.767913397489498 -0.001455030091547
0.781041688926065 -0.000862791350605
0.793892626146237 -0.000334687629327
0.806453526826489 0.000124646361552
0.818711994874345 0.000517973274729
0.830655932661826 0.000853860698497
0.842273552964344 0.001129209621801
0.853553390593274 0.001329817657104
0.864484313710706 0.001460168753638
0.875055534815230 0.001549402198885
0.885256621387895 0.001615427645353
0.895077506187845 0.001641787028954
0.904508497187474 0.001609957588314
0.913540287137281 0.001532189833694
0.922163962751008 0.001444317291713
0.930371013501972 0.001372654885189
0.938153340021932 0.001313745198922
0.945503262094184 0.001250407815783
0.952413526233010 0.001170902741678
0.958877312841991 0.001072786429872
0.964888242944126 0.000961818805454
0.970440384477113 0.000843544183310
0.975528258147577 0.000722727561556
0.980146842838472 0.000603419362014
0.984291580564316 0.000489029961194
0.987958380969374 0.000382401279825
0.991143625364344 0.000285869727603
0.993844170297569 0.000201328834818
0.996057350657239 0.000130284075673
0.997780982301540 0.000073899032945
0.999013364214136 0.000033036197141
0.999753280182866 0.000008287474486
1.000000000000000 0.000000000000000
