1.000000000000000 0.000000000000000
0.999753280182866 0.000032987233289
0.999013364214136 0.000132188880911
0.997780982301540 0.000298305316529
0.996057350657239 0.000532453421576
0.993844170297569 0.000836098857699
0.991143625364344 0.001210945797497
0.987958380969374 0.001658809400304
0.984291580564316 0.002181473322014
0.980146842838472 0.002780485706498
0.975528258147577 0.003456984626484
0.970440384477113 0.004211456197923
0.964888242944126 0.005043513163138
0.958877312841991 0.005951637672559
0.952413526233010 0.006932920585115
0.945503262094184 0.007982808425803
0.938153340021932 0.009094907334872
0.930371013501972 0.010260751236979
0.922163962751008 0.011469512850855
0.913540287137281 0.012716827276408
0.904508497187474 0.014012155358697
0.895077506187845 0.015369532017905
0.885256621387895 0.016793596372865
0.875055534815230 0.018276337045072
0.864484313710706 0.019810487871286
0.853553390593274 0.021400187248650
0.842273552964344 0.023053682554454
0.830655932661826 0.024772403703386
0.818711994874345 0.026552706871545
0.806453526826488 0.028377937786694
0.793892626146236 0.030218800885388
0.781041688926065 0.032058125612138
0.767913397489498 0.033892525865725
0.754520707875186 0.035721006972929
0.740876837050858 0.037542062529900
0.726995249869773 0.039349011503366
0.712889645782536 0.041131927681919
0.698573945317390 0.042880179423931
0.684062276342339 0.044585281688507
0.669368960122646 0.046245269890731
0.654508497187474 0.047860973163993
0.639495553019615 0.049432285502890
0.624344943582427 0.050952403670449
0.609071620698271 0.052411195008412
0.593690657292862 0.053797673622076
0.578217232520115 0.055105062732064
0.562666616782152 0.056329239124502
0.547054156659257 0.057467797282291
0.531395259764657 0.058517218133291
0.515705379539064 0.059473053222214
0.500000000000000 0.060330191193244
0.484294620460936 0.061086043201659
0.468604740235343 0.061740932188336
0.452945843340743 0.062296987419002
0.437333383217848 0.062756718173119
0.421782767479884 0.063122139781709
0.406309342707138 0.063395528904787
0.390928379301729 0.063579178245435
0.375655056417573 0.063674536924484
0.360504446980385 0.063681519774935
0.345491502812526 0.063596835550911
0.330631039877354 0.063407971802343
0.315937723657661 0.063105287466066
0.301426054682610 0.062689416081249
0.287110354217464 0.062174686109439
0.273004750130227 0.061578192950410
0.259123162949142 0.060914799421609
0.245479292124814 0.060199101352813
0.232086602510502 0.059433041057100
0.218958311073935 0.058607832775815
0.206107373853763 0.057712884202421
0.193546473173512 0.056739502246301
0.181288005125655 0.055675245597024
0.169344067338174 0.054506670432165
0.157726447035656 0.053224238614414
0.146446609406726 0.051823518659593
0.135515686289294 0.050305475891367
0.124944465184770 0.048677771346335
0.114743378612105 0.046949094972011
0.104922493812155 0.045126537054500
0.095491502812526 0.043218486302603
0.086459712862719 0.041234148180147
0.077836037248992 0.039183655288090
0.069628986498028 0.037078694899915
0.061846659978068 0.034925146829275
0.054496737905816 0.032727935386238
0.047586473766990 0.030497206176562
0.041122687158009 0.028242330968018
0.035111757055874 0.025971489306078
0.029559615522887 0.023693376281064
0.024471741852423 0.021418348969795
0.019853157161528 0.019137579474122
0.015708419435684 0.016796569056543
0.012041619030626 0.014447881201620
0.008856374635656 0.012121823747930
0.006155829702431 0.009724782420871
0.003942649342761 0.007182411612898
0.002219017698460 0.004832032984464
0.000986635785864 0.002975706303960
0.000246719817134 0.001393958909603
0.000000000000000 0.000000000000000
0.000246719817134 -0.001257444436725
0.000986635785864 -0.002523607666337
0.002219017698460 -0.003817754430271
0.003942649342761 -0.005083199967484
0.006155829702431 -0.006337644047609
0.008856374635656 -0.007658772582213
0.012041619030626 -0.008970984990698
0.015708419435684 -0.010253119110034
0.019853157161528 -0.011462168893062
0.024471741852423 -0.012568069384545
0.029559615522887 -0.013624993778232
0.035111757055874 -0.014641599989065
0.041122687158009 -0.015601855707401
0.047586473766990 -0.016503786872440
0.054496737905816 -0.017361628445789
0.061846659978068 -0.018181396553196
0.069628986498028 -0.018959790694701
0.077836037248993 -0.019697516782535
0.086459712862719 -0.020395873601287
0.095491502812526 -0.021053896164734
0.104922493812155 -0.021672509188107
0.114743378612105 -0.022251973717516
0.124944465184770 -0.022791012483012
0.135515686289294 -0.023288991147146
0.146446609406726 -0.023744076751175
0.157726447035656 -0.024154828676450
0.169344067338174 -0.024523257493381
0.181288005125655 -0.024854215493230
0.193546473173512 -0.025150971388582
0.206107373853763 -0.025413886829038
0.218958311073935 -0.025642642191478
0.232086602510502 -0.025835916116918
0.245479292124814 -0.025995705942374
0.259123162949142 -0.026125542093577
0.273004750130227 -0.026225721671205
0.287110354217464 -0.026293049319645
0.301426054682610 -0.026324241705754
0.315937723657661 -0.026315994068069
0.330631039877354 -0.026262167318803
0.345491502812526 -0.026143983828151
0.360504446980386 -0.025943491688927
0.375655056417573 -0.025655705194046
0.390928379301729 -0.025291197290240
0.406309342707138 -0.024863345896510
0.421782767479884 -0.024378052387068
0.437333383217848 -0.023833794499318
0.452945843340743 -0.023226525939199
0.468604740235343 -0.022555844704939
0.484294620460936 -0.021824383205188
0.500000000000000 -0.021036874158842
0.515705379539064 -0.020197479552876
0.531395259764657 -0.019309949566591
0.547054156659257 -0.018377733541252
0.562666616782152 -0.017405149823357
0.578217232520115 -0.016397229006385
0.593690657292863 -0.015359647628259
0.609071620698271 -0.014299278812114
0.624344943582427 -0.013224644398218
0.639495553019615 -0.012147136177053
0.654508497187474 -0.011077521576450
0.669368960122646 -0.010024356539790
0.684062276342339 -0.008992690518222
0.698573945317390 -0.007986587620174
0.712889645782536 -0.007010520020852
0.726995249869774 -0.006070372661212
0.740876837050858 -0.005171847684787
0.754520707875186 -0.004320426523748
0.767913397489498 -0.003522213088377
0.781041688926065 -0.002785092633378
0.793892626146237 -0.002116147383245
0.806453526826489 -0.001520304161872
0.818711994874345 -0.000994336945154
0.830655932661826 -0.000529279349421
0.842273552964344 -0.000131176719402
0.853553390593274 0.000179482937929
0.864484313710706 0.000406639797058
0.875055534815230 0.000586846273069
0.885256621387895 0.000742160525490
0.895077506187845 0.000851227923794
0.904508497187474 0.000889780776694
0.913540287137281 0.000872209399046
0.922163962751008 0.000842211327378
0.930371013501972 0.000831758487995
0.938153340021932 0.000836037526019
0.945503262094184 0.000833242499870
0.952413526233010 0.000808322491068
0.958877312841991 0.000758119387545
0.964888242944126 0.000689979274173
0.970440384477113 0.000610707870567
0.975528258147577 0.000525885520626
0.980146842838472 0.000440008948146
0.984291580564316 0.000356637657437
0.987958380969374 0.000278536330268
0.991143625364344 0.000207805505789
0.993844170297569 0.000146004464044
0.996057350657239 0.000094257328243
0.997780982301540 0.000053350611573
0.999013364214136 0.000023810068626
0.999753280182866 0.000005966697684
1.000000000000000 0.000000000000000
