1.000000000000000 0.000000000000000
0.999753280182866 0.000036287014606
0.999013364214136 0.000145396582340
0.997780982301540 0.000328065465359
0.996057350657239 0.000585458143657
0.993844170297569 0.000919092048326
0.991143625364344 0.001330715051879
0.987958380969374 0.001822157549788
0.984291580564316 0.002395164018276
0.980146842838472 0.003051172874009
0.975528258147577 0.003791099672117
0.970440384477113 0.004615073861815
0.964888242944126 0.005522174649959
0.958877312841991 0.006510144550765
0.952413526233010 0.007575097855647
0.945503262094184 0.008711316801692
0.938153340021932 0.009912320374617
0.930371013501972 0.011170792420832
0.922163962751008 0.012477649132008
0.913540287137281 0.013829305664696
0.904508497187474 0.015233739949045
0.895077506187845 0.016702809264450
0.885256621387895 0.018237104704001
0.875055534815230 0.019822618834166
0.864484313710706 0.021445877090265
0.853553390593274 0.023108681268747
0.842273552964344 0.024817883554417
0.830655932661826 0.026572686919380
0.818711994874345 0.028366412935332
0.806453526826488 0.030186034903906
0.793892626146236 0.032012258354836
0.781041688926065 0.033833274378257
0.767913397489498 0.035645132981853
0.754520707875186 0.037445580207869
0.740876837050858 0.039231940790416
0.726995249869773 0.040997737865119
0.712889645782536 0.042734075488774
0.698573945317390 0.044431565785405
0.684062276342339 0.046082622329985
0.669368960122646 0.047685181682452
0.654508497187474 0.049239565089930
0.639495553019615 0.050745202587152
0.624344943582427 0.052195167993366
0.609071620698271 0.053579312654414
0.593690657292862 0.054886701303820
0.578217232520115 0.056110755305517
0.562666616782152 0.057247535147085
0.547054156659257 0.058294886609834
0.531395259764657 0.059250512837565
0.515705379539064 0.060112093873863
0.500000000000000 0.060877496213275
0.484294620460936 0.061545702971225
0.468604740235343 0.062116839236714
0.452945843340743 0.062591782195606
0.437333383217848 0.062972316099398
0.421782767479884 0.063261491344285
0.406309342707138 0.063464677749723
0.390928379301729 0.063585744059862
0.375655056417573 0.063619852078533
0.360504446980385 0.063566063312153
0.345491502812526 0.063427008781585
0.330631039877354 0.063196218039483
0.315937723657661 0.062865001493833
0.301426054682610 0.062428307124599
0.287110354217464 0.061896493263533
0.273004750130227 0.061284638708596
0.259123162949142 0.060604257574782
0.245479292124814 0.059854730240086
0.232086602510502 0.059032238933760
0.218958311073935 0.058132390535698
0.206107373853763 0.057150351223133
0.193546473173512 0.056081458932130
0.181288005125655 0.054922923967559
0.169344067338174 0.053673959689327
0.157726447035656 0.052336657591485
0.146446609406726 0.050915292268022
0.135515686289294 0.049409935088335
0.124944465184770 0.047813179622817
0.114743378612105 0.046122613297568
0.104922493812155 0.044345571068832
0.095491502812526 0.042492050221706
0.086459712862719 0.040563193296873
0.077836037248992 0.038552630887083
0.069628986498028 0.036460295246779
0.061846659978068 0.034294198235832
0.054496737905816 0.032068154561553
0.047586473766990 0.029799494649615
0.041122687158009 0.027489318868119
0.035111757055874 0.025122787661659
0.029559615522887 0.022710692625404
0.024471741852423 0.020287001504556
0.019853157161528 0.017869374668437
0.015708419435684 0.015438687796159
0.012041619030626 0.013020835756166
0.008856374635656 0.010663665188194
0.006155829702431 0.008388794196830
0.003942649342761 0.006099298190445
0.002219017698460 0.004064891867555
0.000986635785864 0.002482766587109
0.000246719817134 0.001150851547342
0.000000000000000 0.000000000000000
0.000246719817134 -0.001006471814511
0.000986635785864 -0.001989545629932
0.002219017698460 -0.002981253817969
0.003942649342761 -0.003944242018938
0.006155829702431 -0.004897116963922
0.008856374635656 -0.005924690696493
0.012041619030626 -0.006922076276988
0.015708419435684 -0.007871092884111
0.019853157161528 -0.008728441626874
0.024471741852423 -0.009458371699862
0.029559615522887 -0.010135539629955
0.035111757055874 -0.010774890886959
0.041122687158009 -0.011356113594493
0.047586473766990 -0.011878128435418
0.054496737905816 -0.012363566404624
0.061846659978068 -0.012823107762338
0.069628986498028 -0.013254011065587
0.077836037248993 -0.013655511784685
0.086459712862719 -0.014029020202403
0.095491502812526 -0.014378033847349
0.104922493812155 -0.014708727415747
0.114743378612105 -0.015022708445286
0.124944465184770 -0.015315351634775
0.135515686289294 -0.015582445533192
0.146446609406726 -0.015822932093912
0.157726447035656 -0.016037047651539
0.169344067338174 -0.016223053659577
0.181288005125655 -0.016377866972328
0.193546473173512 -0.016502784251004
0.206107373853763 -0.016604524675927
0.218958311073935 -0.016685118757912
0.232086602510502 -0.016742089962198
0.245479292124814 -0.016775154608164
0.259123162949142 -0.016787465187578
0.273004750130227 -0.016780786163911
0.287110354217464 -0.016753653905889
0.301426054682610 -0.016697690116536
0.315937723657661 -0.016602149696481
0.330631039877354 -0.016463657651662
0.345491502812526 -0.016276074997435
0.360504446980386 -0.016030722244234
0.375655056417573 -0.015719852056177
0.390928379301729 -0.015347753124468
0.406309342707138 -0.014924898717964
0.421782767479884 -0.014460186807935
0.437333383217848 -0.013952870619474
0.452945843340743 -0.013397251111535
0.468604740235343 -0.012792654310851
0.484294620460936 -0.012141762816312
0.500000000000000 -0.011449496189573
0.515705379539064 -0.010719639348425
0.531395259764657 -0.009954808669356
0.547054156659257 -0.009156473527926
0.562666616782152 -0.008328059654833
0.578217232520115 -0.007475027240588
0.593690657292863 -0.006605081589987
0.609071620698271 -0.005726359439269
0.624344943582427 -0.004847218501353
0.639495553019615 -0.003977040998762
0.654508497187474 -0.003124600289973
0.669368960122646 -0.002297141860980
0.684062276342339 -0.001499507549712
0.698573945317390 -0.000735656644578
0.712889645782536 -0.000009843941742
0.726995249869774 0.000671988768025
0.740876837050858 0.001304010111763
0.754520707875186 0.001880950096985
0.767913397489498 0.002397893694710
0.781041688926065 0.002849871225675
0.793892626146237 0.003232718268733
0.806453526826489 0.003543803774253
0.818711994874345 0.003785229942681
0.830655932661826 0.003962443559371
0.842273552964344 0.004071256947026
0.853553390593274 0.004098434261163
0.864484313710706 0.004050962554814
0.875055534815230 0.003962195090956
0.885256621387895 0.003852907473520
0.895077506187845 0.003705031425834
0.904508497187474 0.003498266002495
0.913540287137281 0.003246766487777
0.922163962751008 0.002991346911652
0.930371013501972 0.002761981963860
0.938153340021932 0.002554703214062
0.945503262094184 0.002349962358226
0.952413526233010 0.002134444062646
0.958877312841991 0.001905850384624
0.964888242944126 0.001671606542552
0.970440384477113 0.001438605768291
0.975528258147577 0.001212555680708
0.980146842838472 0.000998112947108
0.984291580564316 0.000799016726288
0.987958380969374 0.000618223787437
0.991143625364344 0.000458024716364
0.993844170297569 0.000320162217158
0.996057350657239 0.000205929439408
0.997780982301540 0.000116260065301
0.999013364214136 0.000051800706436
0.999753280182866 0.000012968893659
1.000000000000000 0.000000000000000
