1.000000000000000 0.000000000000000
0.999753280182866 0.000044126138892
0.999013364214136 0.000176496911648
0.997780982301540 0.000397078533298
0.996057350657239 0.000705788188377
0.993844170297569 0.001102456222391
0.991143625364344 0.001586770726603
0.987958380969374 0.002158211621284
0.984291580564316 0.002815975162297
0.980146842838472 0.003558864380712
0.975528258147577 0.004385214056623
0.970440384477113 0.005293147122299
0.964888242944126 0.006280815698495
0.958877312841991 0.007346130548036
0.952413526233010 0.008486721559834
0.945503262094184 0.009699948416988
0.938153340021932 0.010983254244327
0.930371013501972 0.012334211471812
0.922163962751008 0.013750280960922
0.913540287137281 0.015227888067658
0.904508497187474 0.016762291565014
0.895077506187845 0.018348231257180
0.885256621387895 0.019982142275894
0.875055534815230 0.021662638000670
0.864484313710706 0.023388924484463
0.853553390593274 0.025160702411461
0.842273552964344 0.026977852591784
0.830655932661826 0.028836272820104
0.818711994874345 0.030728772789468
0.806453526826488 0.032647384931792
0.793892626146236 0.034583427102775
0.781041688926065 0.036529975638645
0.767913397489498 0.038481860303971
0.754520707875186 0.040434140123917
0.740876837050858 0.042381870880541
0.726995249869773 0.044320890980524
0.712889645782536 0.046247890688000
0.698573945317390 0.048159260618120
0.684062276342339 0.050048246780413
0.669368960122646 0.051897701019941
0.654508497187474 0.053686583317913
0.639495553019615 0.055393986961599
0.624344943582427 0.057000430351473
0.609071620698271 0.058485172794452
0.593690657292862 0.059828438979572
0.578217232520115 0.061025753727576
0.562666616782152 0.062081944862099
0.547054156659257 0.063008216912853
0.531395259764657 0.063815882947133
0.515705379539064 0.064516851475420
0.500000000000000 0.065125007570695
0.484294620460936 0.065650635405661
0.468604740235343 0.066099608377327
0.452945843340743 0.066475790244132
0.437333383217848 0.066782287161971
0.421782767479884 0.067021987951084
0.406309342707138 0.067197997898164
0.390928379301729 0.067312741416789
0.375655056417573 0.067365301369582
0.360504446980385 0.067353589776388
0.345491502812526 0.067275034838681
0.330631039877354 0.067126847822359
0.315937723657661 0.066906723543027
0.301426054682610 0.066612751751061
0.287110354217464 0.066240370279562
0.273004750130227 0.065781125446142
0.259123162949142 0.065223137921851
0.245479292124814 0.064557063742978
0.232086602510502 0.063775478681628
0.218958311073935 0.062872621557330
0.206107373853763 0.061844670918888
0.193546473173512 0.060689713944407
0.181288005125655 0.059410064628832
0.169344067338174 0.058011356076876
0.157726447035656 0.056500573640596
0.146446609406726 0.054885687471349
0.135515686289294 0.053174620488809
0.124944465184770 0.051374803180867
0.114743378612105 0.049494994978796
0.104922493812155 0.047545358723610
0.095491502812526 0.045537124098473
0.086459712862719 0.043475148243579
0.077836037248992 0.041359683009301
0.069628986498028 0.039194915271441
0.061846659978068 0.036988866541129
0.054496737905816 0.034753157076655
0.047586473766990 0.032502196578272
0.041122687158009 0.030227649806139
0.035111757055874 0.027900191919925
0.029559615522887 0.025508363314144
0.024471741852423 0.023059299071894
0.019853157161528 0.020583335472486
0.015708419435684 0.018132725993888
0.012041619030626 0.015757834510618
0.008856374635656 0.013435943449657
0.006155829702431 0.011056777122474
0.003942649342761 0.008647157762209
0.002219017698460 0.006297417339078
0.000986635785864 0.004056368723661
0.000246719817134 0.001951316504809
0.000000000000000 0.000000000000000
0.000246719817134 -0.001785007915797
0.000986635785864 -0.003449561590755
0.002219017698460 -0.005085531971256
0.003942649342761 -0.006679235454642
0.006155829702431 -0.008174543111464
0.008856374635656 -0.009483304317980
0.012041619030626 -0.010590085649493
0.015708419435684 -0.011599815066857
0.019853157161528 -0.012552793324641
0.024471741852423 -0.013440271192671
0.029559615522887 -0.014270828682012
0.035111757055874 -0.015040624255977
0.041122687158009 -0.015744571069558
0.047586473766990 -0.016389902580541
0.054496737905816 -0.016996803527860
0.061846659978068 -0.017574670832135
0.069628986498028 -0.018118811340594
0.077836037248993 -0.018626435732795
0.086459712862719 -0.019097264056463
0.095491502812526 -0.019533851286316
0.104922493812155 -0.019941636199331
0.114743378612105 -0.020324915304197
0.124944465184770 -0.020685210904266
0.135515686289294 -0.021025485627772
0.146446609406726 -0.021350411932955
0.157726447035656 -0.021665325472102
0.169344067338174 -0.021970782909712
0.181288005125655 -0.022262265666381
0.193546473173512 -0.022535162696840
0.206107373853763 -0.022784420345261
0.218958311073935 -0.023005171820529
0.232086602510502 -0.023192891233698
0.245479292124814 -0.023342781814340
0.259123162949142 -0.023450393286799
0.273004750130227 -0.023512580085100
0.287110354217464 -0.023527694697952
0.301426054682610 -0.023494601723276
0.315937723657661 -0.023410875730041
0.330631039877354 -0.023271388960004
0.345491502812526 -0.023070318408131
0.360504446980386 -0.022801340548149
0.375655056417573 -0.022457296114047
0.390928379301729 -0.022028734054863
0.406309342707138 -0.021508735045390
0.421782767479884 -0.020897243943121
0.437333383217848 -0.020203874951909
0.452945843340743 -0.019442333346189
0.468604740235343 -0.018624287615151
0.484294620460936 -0.017761538236199
0.500000000000000 -0.016865394042963
0.515705379539064 -0.015943283365268
0.531395259764657 -0.014997763577758
0.547054156659257 -0.014026022233840
0.562666616782152 -0.013026354550345
0.578217232520115 -0.011997317949918
0.593690657292863 -0.010936373107851
0.609071620698271 -0.009845186123946
0.624344943582427 -0.008731478840797
0.639495553019615 -0.007612343529223
0.654508497187474 -0.006505315589622
0.669368960122646 -0.005426159981165
0.684062276342339 -0.004390452588383
0.698573945317390 -0.003413389266487
0.712889645782536 -0.002505717957107
0.726995249869774 -0.001665890725795
0.740876837050858 -0.000888704399274
0.754520707875186 -0.000168637563342
0.767913397489498 0.000498920934579
0.781041688926065 0.001117735529021
0.793892626146237 0.001691554861970
0.806453526826489 0.002223166841787
0.818711994874345 0.002710109626964
0.830655932661826 0.003144510643599
0.842273552964344 0.003520239756163
0.853553390593274 0.003832590251556
0.864484313710706 0.004076687414482
0.875055534815230 0.004246685884899
0.885256621387895 0.004338815617168
0.895077506187845 0.004351502088402
0.904508497187474 0.004285468049923
0.913540287137281 0.004147849945213
0.922163962751008 0.003950823233984
0.930371013501972 0.003705952107454
0.938153340021932 0.003424798856561
0.945503262094184 0.003118811606406
0.952413526233010 0.002798101350176
0.958877312841991 0.002471773621328
0.964888242944126 0.002147995207146
0.970440384477113 0.001833587067140
0.975528258147577 0.001534128548831
0.980146842838472 0.001254133013455
0.984291580564316 0.000997435237374
0.987958380969374 0.000767082327948
0.991143625364344 0.000565195134001
0.993844170297569 0.000393170436050
0.996057350657239 0.000251857977699
0.997780982301540 0.000141726850787
0.999013364214136 0.000062997110448
0.999753280182866 0.000015749332894
1.000000000000000 0.000000000000000
