1.000000000000000 0.000000000000000
0.999753280182866 0.000072424920244
0.999013364214136 0.000288767394900
0.997780982301540 0.000646241985103
0.996057350657239 0.001140295654775
0.993844170297569 0.001764790296303
0.991143625364344 0.002512173633734
0.987958380969374 0.003373732315015
0.984291580564316 0.004339924010719
0.980146842838472 0.005400678622936
0.975528258147577 0.006545770471553
0.970440384477113 0.007765215376168
0.964888242944126 0.009049690334896
0.958877312841991 0.010390921855612
0.952413526233010 0.011782126773031
0.945503262094184 0.013218446883226
0.938153340021932 0.014697361106639
0.930371013501972 0.016219110217944
0.922163962751008 0.017787109237509
0.913540287137281 0.019408366491988
0.904508497187474 0.021093894939412
0.895077506187845 0.022859094202565
0.885256621387895 0.024724279549643
0.875055534815230 0.026710677986156
0.864484313710706 0.028817263503323
0.853553390593274 0.031030701987539
0.842273552964344 0.033334252695165
0.830655932661826 0.035707607033894
0.818711994874345 0.038126885946275
0.806453526826488 0.040564584087337
0.793892626146236 0.042990073684820
0.781041688926065 0.045368685272769
0.767913397489498 0.047681990185950
0.754520707875186 0.049937404117228
0.740876837050858 0.052148260973190
0.726995249869773 0.054330235243055
0.712889645782536 0.056500306209275
0.698573945317390 0.058678931420720
0.684062276342339 0.060890201357541
0.669368960122646 0.063137643531991
0.654508497187474 0.065404265193470
0.639495553019615 0.067657154257665
0.624344943582427 0.069864938729081
0.609071620698271 0.071994903686388
0.593690657292862 0.074011751952580
0.578217232520115 0.075888368071793
0.562666616782152 0.077612728507972
0.547054156659257 0.079197411820893
0.531395259764657 0.080655590730747
0.515705379539064 0.081999026833989
0.500000000000000 0.083242711848150
0.484294620460936 0.084398125132703
0.468604740235343 0.085468681657618
0.452945843340743 0.086446590322993
0.437333383217848 0.087318532481350
0.421782767479884 0.088074033070497
0.406309342707138 0.088703639178823
0.390928379301729 0.089198322006635
0.375655056417573 0.089549002069082
0.360504446980385 0.089746585932278
0.345491502812526 0.089781751209560
0.330631039877354 0.089646828017524
0.315937723657661 0.089335127964209
0.301426054682610 0.088838884624662
0.287110354217464 0.088158714808982
0.273004750130227 0.087311481519336
0.259123162949142 0.086343523664859
0.245479292124814 0.085301565820734
0.232086602510502 0.084226544170314
0.218958311073935 0.083156792504961
0.206107373853763 0.082124959081074
0.193546473173512 0.081162406999483
0.181288005125655 0.080214383797965
0.169344067338174 0.079030976525165
0.157726447035656 0.077364560988484
0.146446609406726 0.074950726467138
0.135515686289294 0.071740546619033
0.124944465184770 0.068106643770440
0.114743378612105 0.064601608114873
0.104922493812155 0.061631436319572
0.095491502812526 0.059507559778116
0.086459712862719 0.058042765337833
0.077836037248992 0.056501980958024
0.069628986498028 0.054149058861486
0.061846659978068 0.050817223418678
0.054496737905816 0.046966727247877
0.047586473766990 0.043092906228154
0.041122687158009 0.039451998359228
0.035111757055874 0.035941262949009
0.029559615522887 0.032437179675034
0.024471741852423 0.028833865008282
0.019853157161528 0.025065669794362
0.015708419435684 0.021291069513560
0.012041619030626 0.017752610251637
0.008856374635656 0.014561614990228
0.006155829702431 0.011641536192848
0.003942649342761 0.008941944524339
0.002219017698460 0.006438873504692
0.000986635785864 0.004119038515772
0.000246719817134 0.001974522292359
0.000000000000000 0.000000000000000
0.000246719817134 -0.001807987816594
0.000986635785864 -0.003468453298653
0.002219017698460 -0.005065600028898
0.003942649342761 -0.006624929231104
0.006155829702431 -0.008142850970688
0.008856374635656 -0.009607133750650
0.012041619030626 -0.010995870600396
0.015708419435684 -0.012266378536783
0.019853157161528 -0.013369115139972
0.024471741852423 -0.014346450845614
0.029559615522887 -0.015356749549746
0.035111757055874 -0.016410231809247
0.041122687158009 -0.017408560381946
0.047586473766990 -0.018214841029231
0.054496737905816 -0.018659076208266
0.061846659978068 -0.018718870040073
0.069628986498028 -0.018536069085801
0.077836037248993 -0.018328308583006
0.086459712862719 -0.018194875961198
0.095491502812526 -0.018015634639436
0.104922493812155 -0.017627145777458
0.114743378612105 -0.016971124401514
0.124944465184770 -0.016108397755667
0.135515686289294 -0.015116236835798
0.146446609406726 -0.014100149222885
0.157726447035656 -0.013158245208365
0.169344067338174 -0.012309254940508
0.181288005125655 -0.011515158890681
0.193546473173512 -0.010735279400292
0.206107373853763 -0.009926671692585
0.218958311073935 -0.009079422457175
0.232086602510502 -0.008206909759995
0.245479292124814 -0.007326023743559
0.259123162949142 -0.006454016796577
0.273004750130227 -0.005610670504341
0.287110354217464 -0.004817431832053
0.301426054682610 -0.004095798811900
0.315937723657661 -0.003454615497420
0.330631039877354 -0.002882757158035
0.345491502812526 -0.002366947131149
0.360504446980386 -0.001893252451790
0.375655056417573 -0.001446454974345
0.390928379301729 -0.001007550715837
0.406309342707138 -0.000566370566532
0.421782767479884 -0.000128708723764
0.437333383217848 0.000289861129677
0.452945843340743 0.000670970121052
0.468604740235343 0.000998496592568
0.484294620460936 0.001253477949246
0.500000000000000 0.001420277015932
0.515705379539064 0.001504633772487
0.531395259764657 0.001522684757928
0.547054156659257 0.001496878351126
0.562666616782152 0.001447580029258
0.578217232520115 0.001394987061396
0.593690657292863 0.001360382222746
0.609071620698271 0.001350403746631
0.624344943582427 0.001359633173202
0.639495553019615 0.001378023198031
0.654508497187474 0.001396077419905
0.669368960122646 0.001405437594325
0.684062276342339 0.001397163567628
0.698573945317390 0.001366379622897
0.712889645782536 0.001314018422703
0.726995249869774 0.001247019912303
0.740876837050858 0.001171807870714
0.754520707875186 0.001093867411179
0.767913397489498 0.001018427587657
0.781041688926065 0.000950137144997
0.793892626146237 0.000892602791699
0.806453526826489 0.000844539230894
0.818711994874345 0.000801215012679
0.830655932661826 0.000758544508732
0.842273552964344 0.000713005826997
0.853553390593274 0.000661688853555
0.864484313710706 0.000602272277393
0.875055534815230 0.000533015010403
0.885256621387895 0.000452701732276
0.895077506187845 0.000362395588852
0.904508497187474 0.000267888974010
0.913540287137281 0.000174843034240
0.922163962751008 0.000087684654977
0.930371013501972 0.000009737406930
0.938153340021932 -0.000056694535221
0.945503262094184 -0.000110225514614
0.952413526233010 -0.000150283409299
0.958877312841991 -0.000177001900589
0.964888242944126 -0.000191110358200
0.970440384477113 -0.000193823757755
0.975528258147577 -0.000186733955427
0.980146842838472 -0.000171703344700
0.984291580564316 -0.000150762509245
0.987958380969374 -0.000126013742617
0.991143625364344 -0.000099540743462
0.993844170297569 -0.000073325711523
0.996057350657239 -0.000049176634118
0.997780982301540 -0.000028662665356
0.999013364214136 -0.000013060680976
0.999753280182866 -0.000003313836494
1.000000000000000 0.000000000000000
