1.000000000000000 0.000000000000000
0.999753280182866 0.000077075512512
0.999013364214136 0.000318945949602
0.997780982301540 0.000751740166473
0.996057350657239 0.001398514387155
0.993844170297569 0.002264266027693
0.991143625364344 0.003351476328598
0.987958380969374 0.004647778036162
0.984291580564316 0.006119222639218
0.980146842838472 0.007724166172905
0.975528258147577 0.009417070168060
0.970440384477113 0.011152021741785
0.964888242944126 0.012905228200408
0.958877312841991 0.014692708696191
0.952413526233010 0.016529499777882
0.945503262094184 0.018428328425990
0.938153340021932 0.020397512037289
0.930371013501972 0.022441561934030
0.922163962751008 0.024559220336992
0.913540287137281 0.026755505781353
0.904508497187474 0.029038947646100
0.895077506187845 0.031405371112708
0.885256621387895 0.033851130319787
0.875055534815230 0.036385210654054
0.864484313710706 0.039012213659964
0.853553390593274 0.041728636766148
0.842273552964344 0.044532729937013
0.830655932661826 0.047425758171002
0.818711994874345 0.050412535745092
0.806453526826488 0.053496821105596
0.793892626146236 0.056676654414660
0.781041688926065 0.059949204417563
0.767913397489498 0.063312033499335
0.754520707875186 0.066768584063475
0.740876837050858 0.070322097459776
0.726995249869773 0.073971963814755
0.712889645782536 0.077716637229476
0.698573945317390 0.081555575841302
0.684062276342339 0.085486762065509
0.669368960122646 0.089506154890877
0.654508497187474 0.093611357689148
0.639495553019615 0.097803580406898
0.624344943582427 0.102085300541981
0.609071620698271 0.106451175061596
0.593690657292862 0.110892620762105
0.578217232520115 0.115402418938695
0.562666616782152 0.119989791106994
0.547054156659257 0.124648801035390
0.531395259764657 0.129336548150327
0.515705379539064 0.134078664590750
0.500000000000000 0.138902783240378
0.484294620460936 0.143615990072664
0.468604740235343 0.148198880776400
0.452945843340743 0.152958219553907
0.437333383217848 0.157610419532160
0.421782767479884 0.161545611108730
0.406309342707138 0.164516838787243
0.390928379301729 0.166552858483819
0.375655056417573 0.167963340372645
0.360504446980385 0.168900248006857
0.345491502812526 0.169377468311602
0.330631039877354 0.169432501408325
0.315937723657661 0.169104407133253
0.301426054682610 0.168412666979113
0.287110354217464 0.167365046697785
0.273004750130227 0.165960260465819
0.259123162949142 0.164193818258182
0.245479292124814 0.162064888109345
0.232086602510502 0.159583090943608
0.218958311073935 0.156781305854763
0.206107373853763 0.153694895770478
0.193546473173512 0.150334848613116
0.181288005125655 0.146721005862706
0.169344067338174 0.142876483959735
0.157726447035656 0.138815372615979
0.146446609406726 0.134541712196152
0.135515686289294 0.130062885216125
0.124944465184770 0.125397013308567
0.114743378612105 0.120560562430870
0.104922493812155 0.115537130209765
0.095491502812526 0.110324639444719
0.086459712862719 0.104927584956341
0.077836037248992 0.099372558907477
0.069628986498028 0.093697771355494
0.061846659978068 0.087924337169169
0.054496737905816 0.082072649001341
0.047586473766990 0.076163325058664
0.041122687158009 0.070213877949287
0.035111757055874 0.064257101698047
0.029559615522887 0.058304938239404
0.024471741852423 0.052369469086710
0.019853157161528 0.046493489220702
0.015708419435684 0.040686138790916
0.012041619030626 0.034965696544500
0.008856374635656 0.029363144521025
0.006155829702431 0.023893393398283
0.003942649342761 0.018600567342141
0.002219017698460 0.013539882542147
0.000986635785864 0.008768502655183
0.000246719817134 0.004264815899544
0.000000000000000 0.000000000000000
0.000246719817134 -0.004026504983112
0.000986635785864 -0.007505960090231
0.002219017698460 -0.010134447029256
0.003942649342761 -0.012082579620310
0.006155829702431 -0.013392447634390
0.008856374635656 -0.014384613783465
0.012041619030626 -0.015248901758298
0.015708419435684 -0.015992972276198
0.019853157161528 -0.016635769927482
0.024471741852423 -0.017189248325692
0.029559615522887 -0.017659775274127
0.035111757055874 -0.018042415027000
0.041122687158009 -0.018339198507311
0.047586473766990 -0.018559207568168
0.054496737905816 -0.018707302255471
0.061846659978068 -0.018786802819154
0.069628986498028 -0.018797499767587
0.077836037248993 -0.018740048841532
0.086459712862719 -0.018619880871412
0.095491502812526 -0.018442196489555
0.104922493812155 -0.018207030816570
0.114743378612105 -0.017914818424179
0.124944465184770 -0.017567647120058
0.135515686289294 -0.017166686649237
0.146446609406726 -0.016712622709495
0.157726447035656 -0.016208711604084
0.169344067338174 -0.015658805243046
0.181288005125655 -0.015063955496928
0.193546473173512 -0.014422295478502
0.206107373853763 -0.013730377869710
0.218958311073935 -0.012987591852693
0.232086602510502 -0.012200392267105
0.245479292124814 -0.011363620265412
0.259123162949142 -0.010462724010030
0.273004750130227 -0.009479119293266
0.287110354217464 -0.008399526575421
0.301426054682610 -0.007242228837421
0.315937723657661 -0.006032047872160
0.330631039877354 -0.004787430333428
0.345491502812526 -0.003521695391201
0.360504446980386 -0.002246034502820
0.375655056417573 -0.000970854689073
0.390928379301729 0.000293114827416
0.406309342707138 0.001539576824556
0.421782767479884 0.002766560139954
0.437333383217848 0.003969697354962
0.452945843340743 0.005143731770172
0.468604740235343 0.006283228339967
0.484294620460936 0.007381557204879
0.500000000000000 0.008433106272125
0.515705379539064 0.009437010694418
0.531395259764657 0.010393736057034
0.547054156659257 0.011302917769467
0.562666616782152 0.012156939501431
0.578217232520115 0.012949640542332
0.593690657292863 0.013681775333689
0.609071620698271 0.014354784880713
0.624344943582427 0.014969117082847
0.639495553019615 0.015522501079971
0.654508497187474 0.016011735947136
0.669368960122646 0.016433889483034
0.684062276342339 0.016788194325479
0.698573945317390 0.017078512580841
0.712889645782536 0.017307460156578
0.726995249869774 0.017467746095596
0.740876837050858 0.017558589828635
0.754520707875186 0.017586771982593
0.767913397489498 0.017558431551372
0.781041688926065 0.017465037606291
0.793892626146237 0.017305847614877
0.806453526826489 0.017088967335597
0.818711994874345 0.016818167487328
0.830655932661826 0.016488352931595
0.842273552964344 0.016099767267051
0.853553390593274 0.015659264832228
0.864484313710706 0.015171579002856
0.875055534815230 0.014639352871332
0.885256621387895 0.014063694078471
0.895077506187845 0.013445127596699
0.904508497187474 0.012787609397797
0.913540287137281 0.012097168923009
0.922163962751008 0.011375501994421
0.930371013501972 0.010623243923907
0.938153340021932 0.009847747415854
0.945503262094184 0.009059011744752
0.952413526233010 0.008258666105234
0.958877312841991 0.007446362135529
0.964888242944126 0.006622831321324
0.970440384477113 0.005792505851367
0.975528258147577 0.004968506519106
0.980146842838472 0.004166854465877
0.984291580564316 0.003401856756406
0.987958380969374 0.002686755670649
0.991143625364344 0.002032352231961
0.993844170297569 0.001449700643568
0.996057350657239 0.000950193812212
0.997780982301540 0.000545492015528
0.999013364214136 0.000246282207360
0.999753280182866 0.000062184925021
1.000000000000000 0.000000000000000
