1.000000000000000 0.000000000000000
0.999753280182866 0.000149506710691
0.999013364214136 0.000582286305422
0.997780982301540 0.001255571940618
0.996057350657239 0.002111366595423
0.993844170297569 0.003091785765751
0.991143625364344 0.004154591535039
0.987958380969374 0.005288075743175
0.984291580564316 0.006524734583275
0.980146842838472 0.007892728639549
0.975528258147577 0.009376009967825
0.970440384477113 0.010958652882307
0.964888242944126 0.012640714627657
0.958877312841991 0.014427195787109
0.952413526233010 0.016316952574286
0.945503262094184 0.018308685279028
0.938153340021932 0.020401663703392
0.930371013501972 0.022596129976909
0.922163962751008 0.024891428447983
0.913540287137281 0.027287315986998
0.904508497187474 0.029783870149012
0.895077506187845 0.032381201052195
0.885256621387895 0.035077748822469
0.875055534815230 0.037871973687573
0.864484313710706 0.040763565638260
0.853553390593274 0.043752235034138
0.842273552964344 0.046836641441992
0.830655932661826 0.050013890071997
0.818711994874345 0.053277987664633
0.806453526826488 0.056628425779810
0.793892626146236 0.060077568785008
0.781041688926065 0.063602460735440
0.767913397489498 0.067154023418431
0.754520707875186 0.070786067738356
0.740876837050858 0.074740180209000
0.726995249869773 0.078793605741482
0.712889645782536 0.082590002274815
0.698573945317390 0.086098768694584
0.684062276342339 0.089779027600725
0.669368960122646 0.093647679012138
0.654508497187474 0.097437815357377
0.639495553019615 0.101095220657625
0.624344943582427 0.104620354922766
0.609071620698271 0.108012169015504
0.593690657292862 0.111231466979924
0.578217232520115 0.114257817953270
0.562666616782152 0.117087618266794
0.547054156659257 0.119707189590943
0.531395259764657 0.122104635715780
0.515705379539064 0.124274539468235
0.500000000000000 0.126212214858492
0.484294620460936 0.127912823093570
0.468604740235343 0.129369972901495
0.452945843340743 0.130577846636727
0.437333383217848 0.131532183868253
0.421782767479884 0.132232863374646
0.406309342707138 0.132682875113140
0.390928379301729 0.132886635565607
0.375655056417573 0.132846951693692
0.360504446980385 0.132563242135123
0.345491502812526 0.132037197202938
0.330631039877354 0.131273092624709
0.315937723657661 0.130277740792483
0.301426054682610 0.129051952705601
0.287110354217464 0.127589061837125
0.273004750130227 0.125889585818055
0.259123162949142 0.123962899401086
0.245479292124814 0.121827599181348
0.232086602510502 0.119500165339119
0.218958311073935 0.116994371398950
0.206107373853763 0.114321872879467
0.193546473173512 0.111493438578679
0.181288005125655 0.108519437541830
0.169344067338174 0.105409766223231
0.157726447035656 0.102173705564696
0.146446609406726 0.098820662616883
0.135515686289294 0.095360411302487
0.124944465184770 0.091802856250053
0.114743378612105 0.088157706060333
0.104922493812155 0.084434400392536
0.095491502812526 0.080642190359815
0.086459712862719 0.076790595305073
0.077836037248992 0.072889931707538
0.069628986498028 0.068950451339138
0.061846659978068 0.064982822606487
0.054496737905816 0.060996259351751
0.047586473766990 0.057000835793954
0.041122687158009 0.053007338812893
0.035111757055874 0.049025799748498
0.029559615522887 0.045063640876486
0.024471741852423 0.041129778980185
0.019853157161528 0.037234272257971
0.015708419435684 0.033361900124016
0.012041619030626 0.029479387236726
0.008856374635656 0.025603872081148
0.006155829702431 0.021778633041032
0.003942649342761 0.017783275817718
0.002219017698460 0.012936870503765
0.000986635785864 0.007472210904188
0.000246719817134 0.003358674001373
0.000000000000000 0.000000000000000
0.000246719817134 -0.003472578030801
0.000986635785864 -0.007168802099877
0.002219017698460 -0.010995607654122
0.003942649342761 -0.014712738224171
0.006155829702431 -0.018188314626205
0.008856374635656 -0.021320412163520
0.012041619030626 -0.024023760650510
0.015708419435684 -0.026213663737332
0.019853157161528 -0.027870157146961
0.024471741852423 -0.029085930556835
0.029559615522887 -0.029944203131033
0.035111757055874 -0.030556309814284
0.041122687158009 -0.031001057937607
0.047586473766990 -0.031318519119439
0.054496737905816 -0.031547698463677
0.061846659978068 -0.031718030535131
0.069628986498028 -0.031788645833507
0.077836037248993 -0.031703233696257
0.086459712862719 -0.031596097144979
0.095491502812526 -0.031618243703224
0.104922493812155 -0.031645559750338
0.114743378612105 -0.031532116570064
0.124944465184770 -0.031342116439320
0.135515686289294 -0.031155509084158
0.146446609406726 -0.030955994165554
0.157726447035656 -0.030724534395718
0.169344067338174 -0.030470430406542
0.181288005125655 -0.030199444902446
0.193546473173512 -0.029909617627614
0.206107373853763 -0.029600209457449
0.218958311073935 -0.029271867131766
0.232086602510502 -0.028924413494995
0.245479292124814 -0.028556453111820
0.259123162949142 -0.028166841017530
0.273004750130227 -0.027754274542631
0.287110354217464 -0.027317044801186
0.301426054682610 -0.026852929815027
0.315937723657661 -0.026358941306179
0.330631039877354 -0.025832061852117
0.345491502812526 -0.025269539288738
0.360504446980386 -0.024666692581760
0.375655056417573 -0.024016209820955
0.390928379301729 -0.023307437494732
0.406309342707138 -0.022528124904713
0.421782767479884 -0.021667532617779
0.437333383217848 -0.020721411601894
0.452945843340743 -0.019689397804514
0.468604740235343 -0.018573720039226
0.484294620460936 -0.017376032094081
0.500000000000000 -0.016098031011288
0.515705379539064 -0.014741967488831
0.531395259764657 -0.013312020599720
0.547054156659257 -0.011814686558425
0.562666616782152 -0.010260276154495
0.578217232520115 -0.008662756878375
0.593690657292863 -0.007039761827719
0.609071620698271 -0.005411264264794
0.624344943582427 -0.003795737219589
0.639495553019615 -0.002207091111965
0.654508497187474 -0.000656328357227
0.669368960122646 0.000847515357271
0.684062276342339 0.002296692181898
0.698573945317390 0.003684081766655
0.712889645782536 0.005002338035386
0.726995249869774 0.006243588083775
0.740876837050858 0.007401948009837
0.754520707875186 0.008472920938105
0.767913397489498 0.009452007742422
0.781041688926065 0.010333833634189
0.793892626146237 0.011115422207337
0.806453526826489 0.011795233215180
0.818711994874345 0.012369525859673
0.830655932661826 0.012835029712180
0.842273552964344 0.013197376352780
0.853553390593274 0.013464244662480
0.864484313710706 0.013623797888137
0.875055534815230 0.013662140191742
0.885256621387895 0.013593099017187
0.895077506187845 0.013435103200324
0.904508497187474 0.013186687781644
0.913540287137281 0.012843642131186
0.922163962751008 0.012411451277938
0.930371013501972 0.011898315443200
0.938153340021932 0.011309521350427
0.945503262094184 0.010651314435118
0.952413526233010 0.009930640838479
0.958877312841991 0.009157054437810
0.964888242944126 0.008342928716399
0.970440384477113 0.007500109926551
0.975528258147577 0.006630072180267
0.980146842838472 0.005740439939091
0.984291580564316 0.004860400385051
0.987958380969374 0.004020689050505
0.991143625364344 0.003212612142927
0.993844170297569 0.002421682727769
0.996057350657239 0.001668778377229
0.997780982301540 0.000998200125377
0.999013364214136 0.000464517275683
0.999753280182866 0.000119478821782
1.000000000000000 0.000000000000000
