1.000000000000000 0.000000000000000
0.999753280182866 0.000011401229970
0.999013364214136 0.000045749001727
0.997780982301540 0.000103467002103
0.996057350657239 0.000185263857089
0.993844170297569 0.000292120456162
0.991143625364344 0.000425289772400
0.987958380969374 0.000586279949323
0.984291580564316 0.000776853252639
0.980146842838472 0.000999005299898
0.975528258147577 0.001254956226447
0.970440384477113 0.001547131860618
0.964888242944126 0.001878149272924
0.958877312841991 0.002250795899347
0.952413526233010 0.002668009196974
0.945503262094184 0.003132862468666
0.938153340021932 0.003648532087306
0.930371013501972 0.004218286532104
0.922163962751008 0.004845452611788
0.913540287137281 0.005533400271459
0.904508497187474 0.006285514069651
0.895077506187845 0.007105171439889
0.885256621387895 0.007995714879804
0.875055534815230 0.008960434559585
0.864484313710706 0.010002523185381
0.853553390593274 0.011125072180098
0.842273552964344 0.012329687251372
0.830655932661826 0.013616117106103
0.818711994874345 0.014983260313214
0.806453526826488 0.016429288145462
0.793892626146236 0.017951577692576
0.781041688926065 0.019546744686452
0.767913397489498 0.021210548307344
0.754520707875186 0.022938101136689
0.740876837050858 0.024724511017338
0.726995249869773 0.026564791347467
0.712889645782536 0.028453432589906
0.698573945317390 0.030384329908238
0.684062276342339 0.032350917112608
0.669368960122646 0.034345795565035
0.654508497187474 0.036362325936323
0.639495553019615 0.038395726716534
0.624344943582427 0.040442396127937
0.609071620698271 0.042498629869565
0.593690657292862 0.044560363394682
0.578217232520115 0.046624995306235
0.562666616782152 0.048686352215310
0.547054156659257 0.050730575929905
0.531395259764657 0.052737588885219
0.515705379539064 0.054684795854329
0.500000000000000 0.056551224525828
0.484294620460936 0.058315338690077
0.468604740235343 0.059956756045010
0.452945843340743 0.061465164543095
0.437333383217848 0.062835324931848
0.421782767479884 0.064064776370275
0.406309342707138 0.065151248077357
0.390928379301729 0.066092828446871
0.375655056417573 0.066888487517337
0.360504446980385 0.067534131997202
0.345491502812526 0.068022696077032
0.330631039877354 0.068347732719716
0.315937723657661 0.068503913110316
0.301426054682610 0.068487202098677
0.287110354217464 0.068294934698079
0.273004750130227 0.067925273416153
0.259123162949142 0.067377037049284
0.245479292124814 0.066649921141611
0.232086602510502 0.065744967912449
0.218958311073935 0.064664638456637
0.206107373853763 0.063412747239986
0.193546473173512 0.061994469357146
0.181288005125655 0.060416561626437
0.169344067338174 0.058687842997174
0.157726447035656 0.056818746297817
0.146446609406726 0.054820670961348
0.135515686289294 0.052705776436259
0.124944465184770 0.050485943347064
0.114743378612105 0.048173447054096
0.104922493812155 0.045781936034691
0.095491502812526 0.043326420499453
0.086459712862719 0.040821538617302
0.077836037248992 0.038278305077019
0.069628986498028 0.035707402798962
0.061846659978068 0.033114624846748
0.054496737905816 0.030499382213508
0.047586473766990 0.027870624332183
0.041122687158009 0.025249447207207
0.035111757055874 0.022667450652148
0.029559615522887 0.020150545425740
0.024471741852423 0.017718535005468
0.019853157161528 0.015383023997681
0.015708419435684 0.013151278138910
0.012041619030626 0.011071045628678
0.008856374635656 0.009175329064369
0.006155829702431 0.007415811373218
0.003942649342761 0.005761298705058
0.002219017698460 0.004198143380230
0.000986635785864 0.002719308697655
0.000246719817134 0.001320739454532
0.000000000000000 0.000000000000000
0.000246719817134 -0.001255513412135
0.000986635785864 -0.002515408647662
0.002219017698460 -0.003783688953037
0.003942649342761 -0.005038498458846
0.006155829702431 -0.006246495177885
0.008856374635656 -0.007353519532183
0.012041619030626 -0.008257020629632
0.015708419435684 -0.008760786952760
0.019853157161528 -0.008720538942816
0.024471741852423 -0.008263464652118
0.029559615522887 -0.007736882436179
0.035111757055874 -0.007202298446011
0.041122687158009 -0.006644734372072
0.047586473766990 -0.006039551940983
0.054496737905816 -0.005357525099295
0.061846659978068 -0.004593798566484
0.069628986498028 -0.003755768968438
0.077836037248993 -0.002856082991155
0.086459712862719 -0.001912463604569
0.095491502812526 -0.000948124698915
0.104922493812155 0.000012882512235
0.114743378612105 0.000962405046513
0.124944465184770 0.001897495972495
0.135515686289294 0.002816121832528
0.146446609406726 0.003717158622359
0.157726447035656 0.004595930666898
0.169344067338174 0.005440062421318
0.181288005125655 0.006235120806602
0.193546473173512 0.006965606081660
0.206107373853763 0.007618246776553
0.218958311073935 0.008186742243910
0.232086602510502 0.008666397516103
0.245479292124814 0.009052784407141
0.259123162949142 0.009342188723109
0.273004750130227 0.009531425651461
0.287110354217464 0.009617382106503
0.301426054682610 0.009600379079451
0.315937723657661 0.009484966659617
0.330631039877354 0.009278991727934
0.345491502812526 0.008991118698698
0.360504446980386 0.008631187511578
0.375655056417573 0.008210481104589
0.390928379301729 0.007738549572398
0.406309342707138 0.007219640627588
0.421782767479884 0.006649142391134
0.437333383217848 0.006022895950265
0.452945843340743 0.005337137100329
0.468604740235343 0.004586608349790
0.484294620460936 0.003770543617997
0.500000000000000 0.002895340851927
0.515705379539064 0.001980311631447
0.531395259764657 0.001047615545122
0.547054156659257 0.000117271268431
0.562666616782152 -0.000789035921255
0.578217232520115 -0.001651989597264
0.593690657292863 -0.002461992984780
0.609071620698271 -0.003217256066182
0.624344943582427 -0.003920979198332
0.639495553019615 -0.004574781408051
0.654508497187474 -0.005180681704414
0.669368960122646 -0.005740941693571
0.684062276342339 -0.006254561103452
0.698573945317390 -0.006716937278975
0.712889645782536 -0.007121236395205
0.726995249869774 -0.007462119718131
0.740876837050858 -0.007735124891481
0.754520707875186 -0.007936441424211
0.767913397489498 -0.008063298786334
0.781041688926065 -0.008115340711833
0.793892626146237 -0.008094504388548
0.806453526826489 -0.008003673078106
0.818711994874345 -0.007845982948930
0.830655932661826 -0.007625022205480
0.842273552964344 -0.007344763430742
0.853553390593274 -0.007009526041108
0.864484313710706 -0.006624230822431
0.875055534815230 -0.006198817251844
0.885256621387895 -0.005746441412891
0.895077506187845 -0.005278789301694
0.904508497187474 -0.004806017852912
0.913540287137281 -0.004336781602648
0.922163962751008 -0.003878326455725
0.930371013501972 -0.003436566774765
0.938153340021932 -0.003016191529635
0.945503262094184 -0.002620763315374
0.952413526233010 -0.002252832760779
0.958877312841991 -0.001914055509082
0.964888242944126 -0.001605309980716
0.970440384477113 -0.001326817303606
0.975528258147577 -0.001078259739512
0.980146842838472 -0.000858900261103
0.984291580564316 -0.000667690400995
0.987958380969374 -0.000503378025800
0.991143625364344 -0.000364607182255
0.993844170297569 -0.000250009055401
0.996057350657239 -0.000158281370259
0.997780982301540 -0.000088260199677
0.999013364214136 -0.000038977058576
0.999753280182866 -0.000009706348781
1.000000000000000 0.000000000000000
