1.000000000000000 0.000000000000000
0.999753280182866 0.000034276599702
0.999013364214136 0.000137153894867
0.997780982301540 0.000308777308642
0.996057350657239 0.000549388908819
0.993844170297569 0.000859326880147
0.991143625364344 0.001239043533330
0.987958380969374 0.001689085922313
0.984291580564316 0.002210117680305
0.980146842838472 0.002802921143170
0.975528258147577 0.003468399809922
0.970440384477113 0.004207586244915
0.964888242944126 0.005021644904841
0.958877312841991 0.005911888259240
0.952413526233010 0.006879771613379
0.945503262094184 0.007926906199615
0.938153340021932 0.009055066731264
0.930371013501972 0.010266192860850
0.922163962751008 0.011562392393086
0.913540287137281 0.012945955353005
0.904508497187474 0.014419344533020
0.895077506187845 0.015985201923377
0.885256621387895 0.017646394075846
0.875055534815230 0.019404934365084
0.864484313710706 0.021260532708730
0.853553390593274 0.023211769822877
0.842273552964344 0.025256573990841
0.830655932661826 0.027392110080522
0.818711994874345 0.029614781852015
0.806453526826488 0.031920182182719
0.793892626146236 0.034303124159086
0.781041688926065 0.036757532525851
0.767913397489498 0.039276208247184
0.754520707875186 0.041850710575667
0.740876837050858 0.044471755055024
0.726995249869773 0.047129182294634
0.712889645782536 0.049812157822762
0.698573945317390 0.052509087088917
0.684062276342339 0.055207400628647
0.669368960122646 0.057899978946088
0.654508497187474 0.060584541326544
0.639495553019615 0.063260514804677
0.624344943582427 0.065926953602981
0.609071620698271 0.068583648098923
0.593690657292862 0.071232207621757
0.578217232520115 0.073865844826866
0.562666616782152 0.076468215515571
0.547054156659257 0.079011627029157
0.531395259764657 0.081468025274353
0.515705379539064 0.083811208337600
0.500000000000000 0.086012260748240
0.484294620460936 0.088048077209766
0.468604740235343 0.089910566656093
0.452945843340743 0.091601923887673
0.437333383217848 0.093130629528949
0.421782767479884 0.094502704176490
0.406309342707138 0.095725561238999
0.390928379301729 0.096808645276469
0.375655056417573 0.097743300140896
0.360504446980385 0.098507646673425
0.345491502812526 0.099073771239313
0.330631039877354 0.099416321100945
0.315937723657661 0.099513804502358
0.301426054682610 0.099344292402094
0.287110354217464 0.098895811819134
0.273004750130227 0.098172469593227
0.259123162949142 0.097193800746813
0.245479292124814 0.095982432366358
0.232086602510502 0.094558515398959
0.218958311073935 0.092942200246246
0.206107373853763 0.091155010765299
0.193546473173512 0.089214875346460
0.181288005125655 0.087124631927327
0.169344067338174 0.084858391520257
0.157726447035656 0.082392530200638
0.146446609406726 0.079707320359848
0.135515686289294 0.076809914308648
0.124944465184770 0.073749465653255
0.114743378612105 0.070582856329409
0.104922493812155 0.067361374231361
0.095491502812526 0.064129742525560
0.086459712862719 0.060884269369171
0.077836037248992 0.057557068712913
0.069628986498028 0.054094826823769
0.061846659978068 0.050508855743714
0.054496737905816 0.046860795955132
0.047586473766990 0.043211812135822
0.041122687158009 0.039600081235825
0.035111757055874 0.036030451246450
0.029559615522887 0.032508301783022
0.024471741852423 0.029044385723804
0.019853157161528 0.025646289344635
0.015708419435684 0.022318855499802
0.012041619030626 0.019113088688269
0.008856374635656 0.016076660819218
0.006155829702431 0.013172967365566
0.003942649342761 0.010373631735091
0.002219017698460 0.007663744191805
0.000986635785864 0.005034706805069
0.000246719817134 0.002481221723766
0.000000000000000 0.000000000000000
0.000246719817134 -0.002440044079829
0.000986635785864 -0.004945332392690
0.002219017698460 -0.007495396965612
0.003942649342761 -0.010039492397995
0.006155829702431 -0.012509674658325
0.008856374635656 -0.014811776567262
0.012041619030626 -0.016807233235291
0.015708419435684 -0.018321081117243
0.019853157161528 -0.019343416027622
0.024471741852423 -0.020038852750005
0.029559615522887 -0.020661504895212
0.035111757055874 -0.021259760717603
0.041122687158009 -0.021799966920851
0.047586473766990 -0.022242123583879
0.054496737905816 -0.022543170447019
0.061846659978068 -0.022699818430330
0.069628986498028 -0.022745034831835
0.077836037248993 -0.022730480584224
0.086459712862719 -0.022685962328153
0.095491502812526 -0.022599851273391
0.104922493812155 -0.022458511072511
0.114743378612105 -0.022260078129877
0.124944465184770 -0.022014233571178
0.135515686289294 -0.021734121131729
0.146446609406726 -0.021436923393573
0.157726447035656 -0.021140694046190
0.169344067338174 -0.020853645431058
0.181288005125655 -0.020578942666349
0.193546473173512 -0.020320511428781
0.206107373853763 -0.020082121554343
0.218958311073935 -0.019867070742995
0.232086602510502 -0.019678102739872
0.245479292124814 -0.019517980295515
0.259123162949142 -0.019389482623718
0.273004750130227 -0.019295352471219
0.287110354217464 -0.019238308692574
0.301426054682610 -0.019221030509580
0.315937723657661 -0.019246201409407
0.330631039877354 -0.019316532946143
0.345491502812526 -0.019434752657466
0.360504446980386 -0.019603270913682
0.375655056417573 -0.019824451643118
0.390928379301729 -0.020101676522913
0.406309342707138 -0.020434103181054
0.421782767479884 -0.020814670976567
0.437333383217848 -0.021230956740463
0.452945843340743 -0.021669016089628
0.468604740235343 -0.022115584920789
0.484294620460936 -0.022556071526443
0.500000000000000 -0.022976849444673
0.515705379539064 -0.023370445997270
0.531395259764657 -0.023733010028472
0.547054156659257 -0.024063274714907
0.562666616782152 -0.024359365659521
0.578217232520115 -0.024619544783895
0.593690657292863 -0.024842699329371
0.609071620698271 -0.025025188005841
0.624344943582427 -0.025161356423234
0.639495553019615 -0.025244645557574
0.654508497187474 -0.025269096032161
0.669368960122646 -0.025229524125414
0.684062276342339 -0.025121069723977
0.698573945317390 -0.024940493243370
0.712889645782536 -0.024686919842478
0.726995249869774 -0.024362378004315
0.740876837050858 -0.023969297453613
0.754520707875186 -0.023510303054868
0.767913397489498 -0.022988457739934
0.781041688926065 -0.022407127882967
0.793892626146237 -0.021770000180351
0.806453526826489 -0.021080246849847
0.818711994874345 -0.020340623972127
0.830655932661826 -0.019554306563372
0.842273552964344 -0.018724963316031
0.853553390593274 -0.017856712654920
0.864484313710706 -0.016954102200622
0.875055534815230 -0.016022067922654
0.885256621387895 -0.015065905950905
0.895077506187845 -0.014091231760223
0.904508497187474 -0.013103982733980
0.913540287137281 -0.012110323247760
0.922163962751008 -0.011116569421822
0.930371013501972 -0.010129147827208
0.938153340021932 -0.009154530965365
0.945503262094184 -0.008199202841492
0.952413526233010 -0.007269588188636
0.958877312841991 -0.006372015658636
0.964888242944126 -0.005512652205860
0.970440384477113 -0.004697461766345
0.975528258147577 -0.003932142054446
0.980146842838472 -0.003222086222096
0.984291580564316 -0.002572328506402
0.987958380969374 -0.001987504105059
0.991143625364344 -0.001471809312849
0.993844170297569 -0.001028956575402
0.996057350657239 -0.000662150134675
0.997780982301540 -0.000374050520164
0.999013364214136 -0.000166750304875
0.999753280182866 -0.000041764394304
1.000000000000000 0.000000000000000
