1.000000000000000 0.000000000000000
0.999753280182866 0.000008365294502
0.999013364214136 0.000033721663833
0.997780982301540 0.000076843941629
0.996057350657239 0.000139006904205
0.993844170297569 0.000221964804490
0.991143625364344 0.000327913208945
0.987958380969374 0.000459452620712
0.984291580564316 0.000619535721447
0.980146842838472 0.000811410035513
0.975528258147577 0.001038553516539
0.970440384477113 0.001304601886513
0.964888242944126 0.001613271851949
0.958877312841991 0.001968280780958
0.952413526233010 0.002373254982331
0.945503262094184 0.002831645275820
0.938153340021932 0.003346632163946
0.930371013501972 0.003921037105182
0.922163962751008 0.004557223779678
0.913540287137281 0.005257010694939
0.904508497187474 0.006021582728718
0.895077506187845 0.006851402594115
0.885256621387895 0.007746129172915
0.875055534815230 0.008704560675593
0.864484313710706 0.009724523478276
0.853553390593274 0.010804244500107
0.842273552964344 0.011943075610308
0.830655932661826 0.013140149471367
0.818711994874345 0.014394143045050
0.806453526826488 0.015703296194040
0.793892626146236 0.017065387703710
0.781041688926065 0.018477724367981
0.767913397489498 0.019937179263592
0.754520707875186 0.021440525050916
0.740876837050858 0.022984856015106
0.726995249869773 0.024567010311743
0.712889645782536 0.026183510119846
0.698573945317390 0.027830599767030
0.684062276342339 0.029504244423355
0.669368960122646 0.031200123342108
0.654508497187474 0.032913006614300
0.639495553019615 0.034636521225332
0.624344943582427 0.036363982677899
0.609071620698271 0.038088460417563
0.593690657292862 0.039802825981281
0.578217232520115 0.041499971058733
0.562666616782152 0.043171894905923
0.547054156659257 0.044809092496056
0.531395259764657 0.046401678958070
0.515705379539064 0.047939735482673
0.500000000000000 0.049413561999457
0.484294620460936 0.050813705268618
0.468604740235343 0.052131042178264
0.452945843340743 0.053356991264619
0.437333383217848 0.054483485534367
0.421782767479884 0.055502997818925
0.406309342707138 0.056408527167432
0.390928379301729 0.057193782449304
0.375655056417573 0.057853535300507
0.360504446980385 0.058384904285928
0.345491502812526 0.058787185139071
0.330631039877354 0.059060224504772
0.315937723657661 0.059204397473871
0.301426054682610 0.059220772197249
0.287110354217464 0.059111527117663
0.273004750130227 0.058875829640519
0.259123162949142 0.058509436261628
0.245479292124814 0.058008130904857
0.232086602510502 0.057369168587026
0.218958311073935 0.056591459668010
0.206107373853763 0.055675312617127
0.193546473173512 0.054622351473882
0.181288005125655 0.053437493241663
0.169344067338174 0.052130431949659
0.157726447035656 0.050713216222722
0.146446609406726 0.049198086177776
0.135515686289294 0.047596092438193
0.124944465184770 0.045913054720198
0.114743378612105 0.044154020392542
0.104922493812155 0.042326050917332
0.095491502812526 0.040438383470180
0.086459712862719 0.038492076890660
0.077836037248992 0.036471082173128
0.069628986498028 0.034362329892916
0.061846659978068 0.032181655676422
0.054496737905816 0.029974577313902
0.047586473766990 0.027784766210704
0.041122687158009 0.025636641338863
0.035111757055874 0.023518133431712
0.029559615522887 0.021418771461377
0.024471741852423 0.019334637106021
0.019853157161528 0.017252184468281
0.015708419435684 0.015134835774536
0.012041619030626 0.013019563092044
0.008856374635656 0.010971491133462
0.006155829702431 0.008991073371085
0.003942649342761 0.007072253042661
0.002219017698460 0.005213452362795
0.000986635785864 0.003414671372209
0.000246719817134 0.001676605829607
0.000000000000000 0.000000000000000
0.000246719817134 -0.001662554885346
0.000986635785864 -0.003388464747482
0.002219017698460 -0.005166646017249
0.003942649342761 -0.006979537174604
0.006155829702431 -0.008802289025893
0.008856374635656 -0.010596788277632
0.012041619030626 -0.012297000819167
0.015708419435684 -0.013783724670188
0.019853157161528 -0.014953517749913
0.024471741852423 -0.015831583390072
0.029559615522887 -0.016549811638856
0.035111757055874 -0.017137699086981
0.041122687158009 -0.017608130463391
0.047586473766990 -0.017989933905831
0.054496737905816 -0.018321876449712
0.061846659978068 -0.018612678018851
0.069628986498028 -0.018860664829470
0.077836037248993 -0.019068105847677
0.086459712862719 -0.019234257048636
0.095491502812526 -0.019355363073955
0.104922493812155 -0.019429779899722
0.114743378612105 -0.019464033379196
0.124944465184770 -0.019470682369159
0.135515686289294 -0.019465911619657
0.146446609406726 -0.019471206841328
0.157726447035656 -0.019500628657110
0.169344067338174 -0.019550108269410
0.181288005125655 -0.019608410088088
0.193546473173512 -0.019663159069047
0.206107373853763 -0.019704215152486
0.218958311073935 -0.019734982268672
0.232086602510502 -0.019762673237726
0.245479292124814 -0.019795658426260
0.259123162949142 -0.019843100221612
0.273004750130227 -0.019915242399902
0.287110354217464 -0.020024180730239
0.301426054682610 -0.020177592245235
0.315937723657661 -0.020375086618771
0.330631039877354 -0.020607269509483
0.345491502812526 -0.020864701617311
0.360504446980386 -0.021137553438367
0.375655056417573 -0.021414925131522
0.390928379301729 -0.021685585506943
0.406309342707138 -0.021942706559415
0.421782767479884 -0.022187047061769
0.437333383217848 -0.022420048573583
0.452945843340743 -0.022643253396544
0.468604740235343 -0.022858423938114
0.484294620460936 -0.023067014046747
0.500000000000000 -0.023269151459526
0.515705379539064 -0.023460325901694
0.531395259764657 -0.023634954301422
0.547054156659257 -0.023787828199523
0.562666616782152 -0.023913881974701
0.578217232520115 -0.024008144340595
0.593690657292863 -0.024065626126868
0.609071620698271 -0.024080973001184
0.624344943582427 -0.024048709946531
0.639495553019615 -0.023963927962408
0.654508497187474 -0.023822142007522
0.669368960122646 -0.023619386882379
0.684062276342339 -0.023352817226962
0.698573945317390 -0.023023609256265
0.712889645782536 -0.022636615947264
0.726995249869774 -0.022196599022898
0.740876837050858 -0.021708353865730
0.754520707875186 -0.021176730273637
0.767913397489498 -0.020606542239573
0.781041688926065 -0.020001854460993
0.793892626146237 -0.019360709667098
0.806453526826489 -0.018678604451357
0.818711994874345 -0.017952287959340
0.830655932661826 -0.017179717386827
0.842273552964344 -0.016360058360402
0.853553390593274 -0.015493653511056
0.864484313710706 -0.014582000494284
0.875055534815230 -0.013628370980757
0.885256621387895 -0.012644829048291
0.895077506187845 -0.011647457965819
0.904508497187474 -0.010650463873286
0.913540287137281 -0.009666226671927
0.922163962751008 -0.008705338138564
0.930371013501972 -0.007776707902263
0.938153340021932 -0.006887667757087
0.945503262094184 -0.006044101873859
0.952413526233010 -0.005250571311650
0.958877312841991 -0.004510455280505
0.964888242944126 -0.003826091339780
0.970440384477113 -0.003198928496756
0.975528258147577 -0.002629658707776
0.980146842838472 -0.002118370261804
0.984291580564316 -0.001664677787342
0.987958380969374 -0.001267852635897
0.991143625364344 -0.000926946053553
0.993844170297569 -0.000640897596980
0.996057350657239 -0.000408633902682
0.997780982301540 -0.000229161021976
0.999013364214136 -0.000101621677386
0.999753280182866 -0.000025371226397
1.000000000000000 0.000000000000000
