1.000000000000000 0.000000000000000
0.999753280182866 0.000025255694528
0.999013364214136 0.000100955052326
0.997780982301540 0.000226899400270
0.996057350657239 0.000402754070869
0.993844170297569 0.000628065290372
0.991143625364344 0.000902250793520
0.987958380969374 0.001224617797910
0.984291580564316 0.001594369362545
0.980146842838472 0.002010608412552
0.975528258147577 0.002472361183298
0.970440384477113 0.002978574343867
0.964888242944126 0.003528138544501
0.958877312841991 0.004119899938386
0.952413526233010 0.004752675917494
0.945503262094184 0.005425264195998
0.938153340021932 0.006136469880756
0.930371013501972 0.006885104364432
0.922163962751008 0.007670021061038
0.913540287137281 0.008490110581010
0.904508497187474 0.009344330376576
0.895077506187845 0.010231712836076
0.885256621387895 0.011151377864910
0.875055534815230 0.012102547888987
0.864484313710706 0.013084558365846
0.853553390593274 0.014096870164361
0.842273552964344 0.015139071448659
0.830655932661826 0.016210893988406
0.818711994874345 0.017312220653562
0.806453526826488 0.018443037388630
0.793892626146236 0.019603727212842
0.781041688926065 0.020797313597040
0.767913397489498 0.022030271586235
0.754520707875186 0.023309947780802
0.740876837050858 0.024644673918530
0.726995249869773 0.026043212313278
0.712889645782536 0.027515897224888
0.698573945317390 0.029073612150752
0.684062276342339 0.030718929582349
0.669368960122646 0.032441484848628
0.654508497187474 0.034221724107964
0.639495553019615 0.036040599664797
0.624344943582427 0.037877870758623
0.609071620698271 0.039711758621699
0.593690657292862 0.041519600566845
0.578217232520115 0.043289546140362
0.562666616782152 0.045019769155324
0.547054156659257 0.046710017735380
0.531395259764657 0.048360338647369
0.515705379539064 0.049970737555024
0.500000000000000 0.051541639245583
0.484294620460936 0.053072019232307
0.468604740235343 0.054556327928926
0.452945843340743 0.055988286577408
0.437333383217848 0.057361727945725
0.421782767479884 0.058670828064780
0.406309342707138 0.059910190184496
0.390928379301729 0.061075431243478
0.375655056417573 0.062169810635547
0.360504446980385 0.063201912745664
0.345491502812526 0.064180174120093
0.330631039877354 0.065112631250777
0.315937723657661 0.066006982996979
0.301426054682610 0.066871082994694
0.287110354217464 0.067710210310679
0.273004750130227 0.068526368508806
0.259123162949142 0.069322259716643
0.245479292124814 0.070094598834693
0.232086602510502 0.070825986126614
0.218958311073935 0.071474250329743
0.206107373853763 0.071998928252929
0.193546473173512 0.072369774576501
0.181288005125655 0.072568431346101
0.169344067338174 0.072588912519439
0.157726447035656 0.072429142783686
0.146446609406726 0.072087881758376
0.135515686289294 0.071534782321764
0.124944465184770 0.070706269047104
0.114743378612105 0.069551313094445
0.104922493812155 0.068030759655213
0.095491502812526 0.066124229432497
0.086459712862719 0.063892978823926
0.077836037248992 0.061448015974134
0.069628986498028 0.058864148218858
0.061846659978068 0.056095840823412
0.054496737905816 0.053062677622398
0.047586473766990 0.049716480871942
0.041122687158009 0.046123744973931
0.035111757055874 0.042415976027285
0.029559615522887 0.038704416778904
0.024471741852423 0.035078442769876
0.019853157161528 0.031461720942769
0.015708419435684 0.027698751037417
0.012041619030626 0.023803029189400
0.008856374635656 0.019901730910957
0.006155829702431 0.016095081128522
0.003942649342761 0.012442143288452
0.002219017698460 0.008981811520063
0.000986635785864 0.005741707438351
0.000246719817134 0.002742433201246
0.000000000000000 0.000000000000000
0.000246719817134 -0.002472945179742
0.000986635785864 -0.004666278049298
0.002219017698460 -0.006571962884501
0.003942649342761 -0.008228584524217
0.006155829702431 -0.009715890045235
0.008856374635656 -0.011063547911826
0.012041619030626 -0.012283201211359
0.015708419435684 -0.013381861285083
0.019853157161528 -0.014348281974238
0.024471741852423 -0.015174173121047
0.029559615522887 -0.015933698624246
0.035111757055874 -0.016694199773884
0.041122687158009 -0.017454226322863
0.047586473766990 -0.018211860589773
0.054496737905816 -0.018968121893023
0.061846659978068 -0.019723026228313
0.069628986498028 -0.020472615255904
0.077836037248993 -0.021214537285693
0.086459712862719 -0.021948723277621
0.095491502812526 -0.022677344310394
0.104922493812155 -0.023404965390621
0.114743378612105 -0.024134320120978
0.124944465184770 -0.024863384439097
0.135515686289294 -0.025589641834297
0.146446609406726 -0.026310970531729
0.157726447035656 -0.027025537212082
0.169344067338174 -0.027730953557540
0.181288005125655 -0.028424192326923
0.193546473173512 -0.029102340243058
0.206107373853763 -0.029762352453332
0.218958311073935 -0.030399709976522
0.232086602510502 -0.031007130559931
0.245479292124814 -0.031575554200883
0.259123162949142 -0.032098940865992
0.273004750130227 -0.032580895534429
0.287110354217464 -0.033040151111754
0.301426054682610 -0.033500409987789
0.315937723657661 -0.033974861148466
0.330631039877354 -0.034458444858161
0.345491502812526 -0.034936300702322
0.360504446980386 -0.035391815281036
0.375655056417573 -0.035808908826065
0.390928379301729 -0.036169091312659
0.406309342707138 -0.036456367835899
0.421782767479884 -0.036661126180328
0.437333383217848 -0.036787009692822
0.452945843340743 -0.036842449042710
0.468604740235343 -0.036834372261520
0.484294620460936 -0.036770589354946
0.500000000000000 -0.036659354718013
0.515705379539064 -0.036507611927770
0.531395259764657 -0.036320339758199
0.547054156659257 -0.036100375120041
0.562666616782152 -0.035850658963453
0.578217232520115 -0.035574717850451
0.593690657292863 -0.035276858411137
0.609071620698271 -0.034957576232321
0.624344943582427 -0.034611349684488
0.639495553019615 -0.034221838759179
0.654508497187474 -0.033772436384975
0.669368960122646 -0.033248957094071
0.684062276342339 -0.032638356346864
0.698573945317390 -0.031927977876870
0.712889645782536 -0.031110385431939
0.726995249869774 -0.030194653457624
0.740876837050858 -0.029195032221667
0.754520707875186 -0.028126287601096
0.767913397489498 -0.027002040428959
0.781041688926065 -0.025835336833482
0.793892626146237 -0.024638584256807
0.806453526826489 -0.023423048100971
0.818711994874345 -0.022197021920156
0.830655932661826 -0.020965447522858
0.842273552964344 -0.019733205922670
0.853553390593274 -0.018505045550136
0.864484313710706 -0.017285615021735
0.875055534815230 -0.016079446176411
0.885256621387895 -0.014890944688766
0.895077506187845 -0.013724372863817
0.904508497187474 -0.012583844297448
0.913540287137281 -0.011473316166295
0.922163962751008 -0.010396575249400
0.930371013501972 -0.009357241604499
0.938153340021932 -0.008358748443849
0.945503262094184 -0.007404354459330
0.952413526233010 -0.006497121561905
0.958877312841991 -0.005639926559174
0.964888242944126 -0.004835452308094
0.970440384477113 -0.004086181796949
0.975528258147577 -0.003394406939924
0.980146842838472 -0.002762215930765
0.984291580564316 -0.002191500137803
0.987958380969374 -0.001683949941026
0.991143625364344 -0.001241061171315
0.993844170297569 -0.000864123598765
0.996057350657239 -0.000554230025613
0.997780982301540 -0.000312275195655
0.999013364214136 -0.000138954165354
0.999753280182866 -0.000034762933914
1.000000000000000 0.000000000000000
