1.000000000000000 0.000000000000000
0.999753280182866 0.000030090383817
0.999013364214136 0.000120284259897
0.997780982301540 0.000270344043357
0.996057350657239 0.000479883422042
0.993844170297569 0.000748360741745
0.991143625364344 0.001075098480559
0.987958380969374 0.001459277826640
0.984291580564316 0.001899961305287
0.980146842838472 0.002396094812882
0.975528258147577 0.002946524195567
0.970440384477113 0.003550010764993
0.964888242944126 0.004205243504298
0.958877312841991 0.004910854356545
0.952413526233010 0.005665442716644
0.945503262094184 0.006467579058424
0.938153340021932 0.007315838700885
0.930371013501972 0.008208803837762
0.922163962751008 0.009145097121029
0.913540287137281 0.010123381399315
0.904508497187474 0.011142396472143
0.895077506187845 0.012200957757358
0.885256621387895 0.013297983055202
0.875055534815230 0.014432501670668
0.864484313710706 0.015603674678301
0.853553390593274 0.016810790759996
0.842273552964344 0.018053299884173
0.830655932661826 0.019330794247305
0.818711994874345 0.020643062834128
0.806453526826488 0.021989945388458
0.793892626146236 0.023371894340337
0.781041688926065 0.024792461265657
0.767913397489498 0.026259616471355
0.754520707875186 0.027782340788399
0.740876837050858 0.029370856111930
0.726995249869773 0.031035941460987
0.712889645782536 0.032790007326141
0.698573945317390 0.034647267196955
0.684062276342339 0.036609785125298
0.669368960122646 0.038665210654330
0.654508497187474 0.040789510703141
0.639495553019615 0.042958901698864
0.624344943582427 0.045148209495800
0.609071620698271 0.047330425093209
0.593690657292862 0.049478538845439
0.578217232520115 0.051576799543631
0.562666616782152 0.053625117785109
0.547054156659257 0.055624287593172
0.531395259764657 0.057575261041857
0.515705379539064 0.059479465168465
0.500000000000000 0.061338211491702
0.484294620460936 0.063151414952951
0.468604740235343 0.064912732699914
0.452945843340743 0.066614250127056
0.437333383217848 0.068248770799047
0.421782767479884 0.069809045080231
0.406309342707138 0.071288370156586
0.390928379301729 0.072682451937664
0.375655056417573 0.073993063886088
0.360504446980385 0.075229640636056
0.345491502812526 0.076401120441117
0.330631039877354 0.077515750100486
0.315937723657661 0.078581613277941
0.301426054682610 0.079606687448826
0.287110354217464 0.080597273561173
0.273004750130227 0.081554329614720
0.259123162949142 0.082480693123132
0.245479292124814 0.083375486591012
0.232086602510502 0.084216420324618
0.218958311073935 0.084966093950639
0.206107373853763 0.085584224952662
0.193546473173512 0.086039329765281
0.181288005125655 0.086303391266618
0.169344067338174 0.086352325087061
0.157726447035656 0.086170242358070
0.146446609406726 0.085744866790024
0.135515686289294 0.085040176628310
0.124944465184770 0.083999510359438
0.114743378612105 0.082573845724825
0.104922493812155 0.080723953337223
0.095491502812526 0.078433806914523
0.086459712862719 0.075757753640901
0.077836037248992 0.072808014221279
0.069628986498028 0.069655537936432
0.061846659978068 0.066271240459997
0.054496737905816 0.062589451968569
0.047586473766990 0.058570277318308
0.041122687158009 0.054276547100006
0.035111757055874 0.049826721046943
0.029559615522887 0.045324333527510
0.024471741852423 0.040854551639956
0.019853157161528 0.036377784584374
0.015708419435684 0.031825594905246
0.012041619030626 0.027258630885303
0.008856374635656 0.022777628042111
0.006155829702431 0.018444144260708
0.003942649342761 0.014296442437340
0.002219017698460 0.010360882068656
0.000986635785864 0.006656878709393
0.000246719817134 0.003199291294106
0.000000000000000 0.000000000000000
0.000246719817134 -0.002931676012124
0.000986635785864 -0.005587942246145
0.002219017698460 -0.007962551162949
0.003942649342761 -0.010066283664639
0.006155829702431 -0.011978860058619
0.008856374635656 -0.013738227723380
0.012041619030626 -0.015343287677817
0.015708419435684 -0.016769752475348
0.019853157161528 -0.017976815685827
0.024471741852423 -0.018972752829664
0.029559615522887 -0.019871782953665
0.035111757055874 -0.020785034529022
0.041122687158009 -0.021711710403994
0.047586473766990 -0.022641135733322
0.054496737905816 -0.023562771877302
0.061846659978068 -0.024468395739198
0.069628986498028 -0.025355317494049
0.077836037248993 -0.026225299803613
0.086459712862719 -0.027083759875429
0.095491502812526 -0.027937572920880
0.104922493812155 -0.028797155611755
0.114743378612105 -0.029668784978428
0.124944465184770 -0.030547331739141
0.135515686289294 -0.031424796981736
0.146446609406726 -0.032292667787903
0.157726447035656 -0.033141411117087
0.169344067338174 -0.033967722937056
0.181288005125655 -0.034774662558440
0.193546473173512 -0.035567992575319
0.206107373853763 -0.036353887434678
0.218958311073935 -0.037130797871011
0.232086602510502 -0.037878871634543
0.245479292124814 -0.038573496486105
0.259123162949142 -0.039193012983130
0.273004750130227 -0.039737234868683
0.287110354217464 -0.040240290089735
0.301426054682610 -0.040744577965856
0.315937723657661 -0.041274796931377
0.330631039877354 -0.041829943647483
0.345491502812526 -0.042388978228074
0.360504446980386 -0.042929020354579
0.375655056417573 -0.043428387457605
0.390928379301729 -0.043862098816710
0.406309342707138 -0.044207983687584
0.421782767479884 -0.044451445785583
0.437333383217848 -0.044597268808259
0.452945843340743 -0.044655710425039
0.468604740235343 -0.044635345768243
0.484294620460936 -0.044545889432872
0.500000000000000 -0.044397509683290
0.515705379539064 -0.044199133881517
0.531395259764657 -0.043957241364752
0.547054156659257 -0.043675851203701
0.562666616782152 -0.043359136778740
0.578217232520115 -0.043011948405472
0.593690657292863 -0.042639893314487
0.609071620698271 -0.042244291447160
0.624344943582427 -0.041819082993767
0.639495553019615 -0.041344218979428
0.654508497187474 -0.040799471093724
0.669368960122646 -0.040167442748230
0.684062276342339 -0.039432122846913
0.698573945317390 -0.038577801743577
0.712889645782536 -0.037595093232591
0.726995249869774 -0.036494098103669
0.740876837050858 -0.035291460597273
0.754520707875186 -0.034004680679547
0.767913397489498 -0.032649817252614
0.781041688926065 -0.031242333310429
0.793892626146237 -0.029796945172976
0.806453526826489 -0.028327116433933
0.818711994874345 -0.026843022452968
0.830655932661826 -0.025351069950307
0.842273552964344 -0.023857515897201
0.853553390593274 -0.022368423713178
0.864484313710706 -0.020889701390773
0.875055534815230 -0.019427071399790
0.885256621387895 -0.017986058484163
0.895077506187845 -0.016571985362381
0.904508497187474 -0.015189945905330
0.913540287137281 -0.013844816757790
0.922163962751008 -0.012541230542261
0.930371013501972 -0.011283584436920
0.938153340021932 -0.010076030523293
0.945503262094184 -0.008922475801907
0.952413526233010 -0.007826575076578
0.958877312841991 -0.006791735538518
0.964888242944126 -0.005821112172427
0.970440384477113 -0.004917617347267
0.975528258147577 -0.004083912017916
0.980146842838472 -0.003322419733122
0.984291580564316 -0.002635312750085
0.987958380969374 -0.002024531890304
0.991143625364344 -0.001491775612049
0.993844170297569 -0.001038515098290
0.996057350657239 -0.000665989183323
0.997780982301540 -0.000375204073619
0.999013364214136 -0.000166942015680
0.999753280182866 -0.000041762724240
1.000000000000000 0.000000000000000
