1.000000000000000 0.000000000000000
0.999753280182866 0.000008808627764
0.999013364214136 0.000037176686204
0.997780982301540 0.000090732476755
0.996057350657239 0.000178188673359
0.993844170297569 0.000310348575138
0.991143625364344 0.000498728769570
0.987958380969374 0.000753798871485
0.984291580564316 0.001082882437165
0.980146842838472 0.001489755201487
0.975528258147577 0.001976426304833
0.970440384477113 0.002539734134042
0.964888242944126 0.003169546577150
0.958877312841991 0.003858076530602
0.952413526233010 0.004605303367531
0.945503262094184 0.005411436422375
0.938153340021932 0.006276887768236
0.930371013501972 0.007204596697422
0.922163962751008 0.008199571546824
0.913540287137281 0.009268153005220
0.904508497187474 0.010416367482847
0.895077506187845 0.011647161735389
0.885256621387895 0.012962825268325
0.875055534815230 0.014365450706666
0.864484313710706 0.015856179318956
0.853553390593274 0.017435074711129
0.842273552964344 0.019101604761554
0.830655932661826 0.020854771416639
0.818711994874345 0.022693404652442
0.806453526826488 0.024615975770332
0.793892626146236 0.026620384023621
0.781041688926065 0.028703947020808
0.767913397489498 0.030863349849269
0.754520707875186 0.033094705180524
0.740876837050858 0.035393578724466
0.726995249869773 0.037755092668830
0.712889645782536 0.040173918771384
0.698573945317390 0.042644194274474
0.684062276342339 0.045159579920984
0.669368960122646 0.047713272351848
0.654508497187474 0.050298056555515
0.639495553019615 0.052906243328078
0.624344943582427 0.055529639508630
0.609071620698271 0.058159637833506
0.593690657292862 0.060787358555016
0.578217232520115 0.063403458295521
0.562666616782152 0.065998170130183
0.547054156659257 0.068561666611021
0.531395259764657 0.071083814451359
0.515705379539064 0.073553997228134
0.500000000000000 0.075961688367105
0.484294620460936 0.078296187802291
0.468604740235343 0.080545726268211
0.452945843340743 0.082698611851866
0.437333383217848 0.084743534765220
0.421782767479884 0.086669062200314
0.406309342707138 0.088463913711344
0.390928379301729 0.090116974550543
0.375655056417573 0.091616756884441
0.360504446980385 0.092951075591529
0.345491502812526 0.094105590159146
0.330631039877354 0.095059440810187
0.315937723657661 0.095782741289543
0.301426054682610 0.096252203061989
0.287110354217464 0.096451614643690
0.273004750130227 0.096371635848476
0.259123162949142 0.096010743164429
0.245479292124814 0.095378347804882
0.232086602510502 0.094497110339559
0.218958311073935 0.093386142478205
0.206107373853763 0.092058384095238
0.193546473173512 0.090522465756617
0.181288005125655 0.088787986692006
0.169344067338174 0.086861415732848
0.157726447035656 0.084749024607362
0.146446609406726 0.082458814947464
0.135515686289294 0.079999641353930
0.124944465184770 0.077381911314617
0.114743378612105 0.074616685590689
0.104922493812155 0.071711697389236
0.095491502812526 0.068676261514441
0.086459712862719 0.065520295604181
0.077836037248992 0.062249882676048
0.069628986498028 0.058873740025541
0.061846659978068 0.055402844837337
0.054496737905816 0.051845785140364
0.047586473766990 0.048216012002347
0.041122687158009 0.044528522581785
0.035111757055874 0.040795286736155
0.029559615522887 0.037035424775828
0.024471741852423 0.033268459454694
0.019853157161528 0.029507201865926
0.015708419435684 0.025776647319448
0.012041619030626 0.022099352372252
0.008856374635656 0.018487705973713
0.006155829702431 0.014982088111756
0.003942649342761 0.011612406918237
0.002219017698460 0.008366678257409
0.000986635785864 0.005289486073411
0.000246719817134 0.002456519110976
0.000000000000000 0.000000000000000
0.000246719817134 -0.001936880977799
0.000986635785864 -0.003584538322105
0.002219017698460 -0.005337128013611
0.003942649342761 -0.007247142143161
0.006155829702431 -0.009280978395200
0.008856374635656 -0.011420239523845
0.012041619030626 -0.013615278690256
0.015708419435684 -0.015837392347661
0.019853157161528 -0.018093587646753
0.024471741852423 -0.020388022018865
0.029559615522887 -0.022695207187091
0.035111757055874 -0.024999323818147
0.041122687158009 -0.027292941763288
0.047586473766990 -0.029561728226803
0.054496737905816 -0.031795385740163
0.061846659978068 -0.033989423389441
0.069628986498028 -0.036132542044085
0.077836037248993 -0.038211235160294
0.086459712862719 -0.040215562334249
0.095491502812526 -0.042135071100715
0.104922493812155 -0.043958721032310
0.114743378612105 -0.045678132948669
0.124944465184770 -0.047285226658956
0.135515686289294 -0.048771207614038
0.146446609406726 -0.050129219948065
0.157726447035656 -0.051354041827968
0.169344067338174 -0.052441481898235
0.181288005125655 -0.053389319900132
0.193546473173512 -0.054197707449067
0.206107373853763 -0.054869205656593
0.218958311073935 -0.055409068702813
0.232086602510502 -0.055824030370851
0.245479292124814 -0.056118010287975
0.259123162949142 -0.056295141699967
0.273004750130227 -0.056360142160323
0.287110354217464 -0.056317624445193
0.301426054682610 -0.056171435260283
0.315937723657661 -0.055926245262486
0.330631039877354 -0.055587572692674
0.345491502812526 -0.055160948543723
0.360504446980386 -0.054652744059332
0.375655056417573 -0.054069461499563
0.390928379301729 -0.053416046003606
0.406309342707138 -0.052697614691671
0.421782767479884 -0.051919665844810
0.437333383217848 -0.051087558822300
0.452945843340743 -0.050207046049193
0.468604740235343 -0.049284121328094
0.484294620460936 -0.048322404636438
0.500000000000000 -0.047324149967158
0.515705379539064 -0.046291119154663
0.531395259764657 -0.045224906065525
0.547054156659257 -0.044126966806130
0.562666616782152 -0.042998485123932
0.578217232520115 -0.041841157198203
0.593690657292863 -0.040657712953450
0.609071620698271 -0.039451598763932
0.624344943582427 -0.038226480858271
0.639495553019615 -0.036985653274617
0.654508497187474 -0.035732155310627
0.669368960122646 -0.034468871038846
0.684062276342339 -0.033198652492684
0.698573945317390 -0.031924027468667
0.712889645782536 -0.030647332246904
0.726995249869774 -0.029370957690483
0.740876837050858 -0.028097266714896
0.754520707875186 -0.026828604195007
0.767913397489498 -0.025567307474114
0.781041688926065 -0.024315665536063
0.793892626146237 -0.023075767711356
0.806453526826489 -0.021849684109657
0.818711994874345 -0.020639465330079
0.830655932661826 -0.019446989135219
0.842273552964344 -0.018273974126558
0.853553390593274 -0.017122211004443
0.864484313710706 -0.015993489614150
0.875055534815230 -0.014889462424212
0.885256621387895 -0.013811858789875
0.895077506187845 -0.012762406286170
0.904508497187474 -0.011742109195998
0.913540287137281 -0.010751647247718
0.922163962751008 -0.009792129066994
0.930371013501972 -0.008863840330486
0.938153340021932 -0.007964930422482
0.945503262094184 -0.007094609601933
0.952413526233010 -0.006253522779417
0.958877312841991 -0.005443859423998
0.964888242944126 -0.004668873724116
0.970440384477113 -0.003932439507508
0.975528258147577 -0.003241533720754
0.980146842838472 -0.002608427501204
0.984291580564316 -0.002041817678700
0.987958380969374 -0.001546241952940
0.991143625364344 -0.001122952872803
0.993844170297569 -0.000771030814048
0.996057350657239 -0.000488361259646
0.997780982301540 -0.000272298721629
0.999013364214136 -0.000120216855553
0.999753280182866 -0.000029929395245
1.000000000000000 0.000000000000000
