1.000000000000000 0.000000000000000
0.999753280182866 -0.000002415905177
0.999013364214136 -0.000007907454959
0.997780982301540 -0.000011435263151
0.996057350657239 -0.000005363539961
0.993844170297569 0.000019406758746
0.991143625364344 0.000071873501675
0.987958380969374 0.000158959110869
0.984291580564316 0.000283370584321
0.980146842838472 0.000445715712104
0.975528258147577 0.000645253283778
0.970440384477113 0.000876356667854
0.964888242944126 0.001129507539505
0.958877312841991 0.001401524932600
0.952413526233010 0.001691975639690
0.945503262094184 0.002000543011628
0.938153340021932 0.002328389908242
0.930371013501972 0.002679397449428
0.922163962751008 0.003059061350953
0.913540287137281 0.003473989912088
0.904508497187474 0.003928246389376
0.895077506187845 0.004424587632408
0.885256621387895 0.004965928664978
0.875055534815230 0.005554796778668
0.864484313710706 0.006192835809754
0.853553390593274 0.006881330786964
0.842273552964344 0.007621359336235
0.830655932661826 0.008413925787579
0.818711994874345 0.009259902360976
0.806453526826488 0.010159943701356
0.793892626146236 0.011114364423732
0.781041688926065 0.012123078067407
0.767913397489498 0.013185637496941
0.754520707875186 0.014301308399864
0.740876837050858 0.015469114692930
0.726995249869773 0.016687823875551
0.712889645782536 0.017955921039294
0.698573945317390 0.019271573923120
0.684062276342339 0.020632624774509
0.669368960122646 0.022036643701840
0.654508497187474 0.023480888758088
0.639495553019615 0.024962279888346
0.624344943582427 0.026477423321072
0.609071620698271 0.028022658956073
0.593690657292862 0.029594043134655
0.578217232520115 0.031187299454338
0.562666616782152 0.032797886523039
0.547054156659257 0.034421093557496
0.531395259764657 0.036051769333341
0.515705379539064 0.037684389498206
0.500000000000000 0.039313415665719
0.484294620460936 0.040932976446328
0.468604740235343 0.042536706374223
0.452945843340743 0.044118341990402
0.437333383217848 0.045671477324760
0.421782767479884 0.047188959423500
0.406309342707138 0.048663767613554
0.390928379301729 0.050089043279612
0.375655056417573 0.051456988983920
0.360504446980385 0.052759858446057
0.345491502812526 0.053990367188230
0.330631039877354 0.055140422917736
0.315937723657661 0.056201950236825
0.301426054682610 0.057167596702339
0.287110354217464 0.058028942047208
0.273004750130227 0.058777154386217
0.259123162949142 0.059403765018263
0.245479292124814 0.059900472556180
0.232086602510502 0.060258800059883
0.218958311073935 0.060470508940478
0.206107373853763 0.060528538857816
0.193546473173512 0.060421338022873
0.181288005125655 0.060138996866420
0.169344067338174 0.059670468305085
0.157726447035656 0.058994221145058
0.146446609406726 0.058087209283579
0.135515686289294 0.056934966173782
0.124944465184770 0.055537125581228
0.114743378612105 0.053899865634391
0.104922493812155 0.052037018960306
0.095491502812526 0.049977722558899
0.086459712862719 0.047755894566231
0.077836037248992 0.045401180947010
0.069628986498028 0.042933650280824
0.061846659978068 0.040373763668851
0.054496737905816 0.037739815911246
0.047586473766990 0.035043445458529
0.041122687158009 0.032300262908111
0.035111757055874 0.029525586810270
0.029559615522887 0.026729036395388
0.024471741852423 0.023928474727233
0.019853157161528 0.021141516290517
0.015708419435684 0.018379182907595
0.012041619030626 0.015669485506337
0.008856374635656 0.013031130988738
0.006155829702431 0.010454845719622
0.003942649342761 0.007971617811282
0.002219017698460 0.005633841333326
0.000986635785864 0.003478319870548
0.000246719817134 0.001559699111896
0.000000000000000 0.000000000000000
0.000246719817134 -0.001204084799470
0.000986635785864 -0.002414592477824
0.002219017698460 -0.003777053344974
0.003942649342761 -0.005262745058503
0.006155829702431 -0.006848138754159
0.008856374635656 -0.008506066387933
0.012041619030626 -0.010208533717769
0.015708419435684 -0.011932308613643
0.019853157161528 -0.013647596360504
0.024471741852423 -0.015347104493372
0.029559615522887 -0.017031765792758
0.035111757055874 -0.018685349313117
0.041122687158009 -0.020298520157953
0.047586473766990 -0.021870066743417
0.054496737905816 -0.023392283761564
0.061846659978068 -0.024860110424729
0.069628986498028 -0.026274516490166
0.077836037248993 -0.027632663852876
0.086459712862719 -0.028930066302316
0.095491502812526 -0.030166350283130
0.104922493812155 -0.031340302053182
0.114743378612105 -0.032448155894192
0.124944465184770 -0.033488804428828
0.135515686289294 -0.034461744658074
0.146446609406726 -0.035365695062650
0.157726447035656 -0.036200871479669
0.169344067338174 -0.036968481224579
0.181288005125655 -0.037668914754913
0.193546473173512 -0.038302928225575
0.206107373853763 -0.038872431534134
0.218958311073935 -0.039378328775131
0.232086602510502 -0.039821080007501
0.245479292124814 -0.040201967390522
0.259123162949142 -0.040521907419018
0.273004750130227 -0.040780983620155
0.287110354217464 -0.040979863919642
0.301426054682610 -0.041119288728503
0.315937723657661 -0.041200092572905
0.330631039877354 -0.041223290322896
0.345491502812526 -0.041190000495279
0.360504446980386 -0.041100992590181
0.375655056417573 -0.040956603859713
0.390928379301729 -0.040757644208440
0.406309342707138 -0.040505513283735
0.421782767479884 -0.040202223052705
0.437333383217848 -0.039850091569885
0.452945843340743 -0.039451820468474
0.468604740235343 -0.039010629760080
0.484294620460936 -0.038530033283807
0.500000000000000 -0.038013163398584
0.515705379539064 -0.037460815283482
0.531395259764657 -0.036873254084551
0.547054156659257 -0.036250811621540
0.562666616782152 -0.035593588166645
0.578217232520115 -0.034901581834953
0.593690657292863 -0.034174840808792
0.609071620698271 -0.033414655465777
0.624344943582427 -0.032623430073520
0.639495553019615 -0.031804018855455
0.654508497187474 -0.030959045961439
0.669368960122646 -0.030090763764242
0.684062276342339 -0.029201305614957
0.698573945317390 -0.028292779798161
0.712889645782536 -0.027367252251579
0.726995249869774 -0.026426643267276
0.740876837050858 -0.025472974383469
0.754520707875186 -0.024508235324398
0.767913397489498 -0.023534280979298
0.781041688926065 -0.022553074961887
0.793892626146237 -0.021566637168700
0.806453526826489 -0.020576962907221
0.818711994874345 -0.019586120218713
0.830655932661826 -0.018596249364876
0.842273552964344 -0.017609165796459
0.853553390593274 -0.016626464300553
0.864484313710706 -0.015649987868198
0.875055534815230 -0.014681696420697
0.885256621387895 -0.013723543677164
0.895077506187845 -0.012777744368564
0.904508497187474 -0.011846448452843
0.913540287137281 -0.010930696105368
0.922163962751008 -0.010031507061852
0.930371013501972 -0.009150534777297
0.938153340021932 -0.008287342081130
0.945503262094184 -0.007440088084066
0.952413526233010 -0.006609015828781
0.958877312841991 -0.005796502355339
0.964888242944126 -0.005007024521517
0.970440384477113 -0.004246141147837
0.975528258147577 -0.003520838383193
0.980146842838472 -0.002844646392306
0.984291580564316 -0.002230693380208
0.987958380969374 -0.001687120764807
0.991143625364344 -0.001219499369748
0.993844170297569 -0.000831549224751
0.996057350657239 -0.000522604509443
0.997780982301540 -0.000289222165429
0.999013364214136 -0.000126908518566
0.999753280182866 -0.000031469041836
1.000000000000000 0.000000000000000
