1.000000000000000 0.000000000000000
0.999753280182866 0.000077149261005
0.999013364214136 0.000310366170258
0.997780982301540 0.000704605972396
0.996057350657239 0.001267018935069
0.993844170297569 0.002005234679802
0.991143625364344 0.002924890722818
0.987958380969374 0.004026479937176
0.984291580564316 0.005302722886610
0.980146842838472 0.006743050154245
0.975528258147577 0.008331112388032
0.970440384477113 0.010041536598550
0.964888242944126 0.011852442161088
0.958877312841991 0.013752073823577
0.952413526233010 0.015730287823951
0.945503262094184 0.017779842246550
0.938153340021932 0.019898812992588
0.930371013501972 0.022089591862684
0.922163962751008 0.024356618298648
0.913540287137281 0.026698274532447
0.904508497187474 0.029111631392236
0.895077506187845 0.031594576269555
0.885256621387895 0.034142508305057
0.875055534815230 0.036749028966935
0.864484313710706 0.039407740661897
0.853553390593274 0.042111673767218
0.842273552964344 0.044853129776310
0.830655932661826 0.047624264629666
0.818711994874345 0.050417145188543
0.806453526826488 0.053223897240528
0.793892626146236 0.056036500146259
0.781041688926065 0.058847683883705
0.767913397489498 0.061651496945376
0.754520707875186 0.064442928018257
0.740876837050858 0.067216720450101
0.726995249869773 0.069965583785207
0.712889645782536 0.072681657507717
0.698573945317390 0.075356861540119
0.684062276342339 0.077982487333097
0.669368960122646 0.080549508413468
0.654508497187474 0.083048784652025
0.639495553019615 0.085471171504413
0.624344943582427 0.087807502988214
0.609071620698271 0.090048704708775
0.593690657292862 0.092185843090166
0.578217232520115 0.094210094807061
0.562666616782152 0.096112950439342
0.547054156659257 0.097886445864618
0.531395259764657 0.099523032450372
0.515705379539064 0.101015737964180
0.500000000000000 0.102358841635161
0.484294620460936 0.103547578582773
0.468604740235343 0.104578041371938
0.452945843340743 0.105446642247440
0.437333383217848 0.106150174952852
0.421782767479884 0.106686109472356
0.406309342707138 0.107053488956578
0.390928379301729 0.107253619261506
0.375655056417573 0.107288066219085
0.360504446980385 0.107158153397396
0.345491502812526 0.106863906732936
0.330631039877354 0.106405446897191
0.315937723657661 0.105783328574403
0.301426054682610 0.104998009826949
0.287110354217464 0.104050177047890
0.273004750130227 0.102940807544646
0.259123162949142 0.101670750270751
0.245479292124814 0.100241249866820
0.232086602510502 0.098654195121402
0.218958311073935 0.096911468685426
0.206107373853763 0.095015755428141
0.193546473173512 0.092970073607473
0.181288005125655 0.090776523577887
0.169344067338174 0.088439043303978
0.157726447035656 0.085961225629911
0.146446609406726 0.083346839791895
0.135515686289294 0.080601216519158
0.124944465184770 0.077729643038140
0.114743378612105 0.074736827596652
0.104922493812155 0.071630274096516
0.095491502812526 0.068417768936111
0.086459712862719 0.065108023079452
0.077836037248992 0.061712601546159
0.069628986498028 0.058239523175383
0.061846659978068 0.054696092593999
0.054496737905816 0.051093525233110
0.047586473766990 0.047435573282739
0.041122687158009 0.043725683822711
0.035111757055874 0.039974293620607
0.029559615522887 0.036187734558633
0.024471741852423 0.032377182107935
0.019853157161528 0.028563952475167
0.015708419435684 0.024769750388464
0.012041619030626 0.021027957409094
0.008856374635656 0.017375844683255
0.006155829702431 0.013831332492941
0.003942649342761 0.010445386341851
0.002219017698460 0.007266406848984
0.000986635785864 0.004280092641836
0.000246719817134 0.001596642950356
0.000000000000000 0.000000000000000
0.000246719817134 -0.003475741043915
0.000986635785864 -0.004728837875221
0.002219017698460 -0.005914386146108
0.003942649342761 -0.007130998634537
0.006155829702431 -0.008357920127123
0.008856374635656 -0.009570226134553
0.012041619030626 -0.010724378389947
0.015708419435684 -0.011780935418259
0.019853157161528 -0.012737089949604
0.024471741852423 -0.013619537771005
0.029559615522887 -0.014420692159970
0.035111757055874 -0.015125458933686
0.041122687158009 -0.015732123457506
0.047586473766990 -0.016239555137044
0.054496737905816 -0.016642783375583
0.061846659978068 -0.016944684987764
0.069628986498028 -0.017152351043128
0.077836037248993 -0.017264801465016
0.086459712862719 -0.017282798578858
0.095491502812526 -0.017211378891240
0.104922493812155 -0.017053324299740
0.114743378612105 -0.016809979688299
0.124944465184770 -0.016485714762617
0.135515686289294 -0.016085165575942
0.146446609406726 -0.015611065739351
0.157726447035656 -0.015067238759766
0.169344067338174 -0.014458733825910
0.181288005125655 -0.013789644723677
0.193546473173512 -0.013063454987001
0.206107373853763 -0.012284900679853
0.218958311073935 -0.011458934007947
0.232086602510502 -0.010589992618119
0.245479292124814 -0.009683273131953
0.259123162949142 -0.008744124317922
0.273004750130227 -0.007777017785231
0.287110354217464 -0.006785694733385
0.301426054682610 -0.005774269404328
0.315937723657661 -0.004746905148113
0.330631039877354 -0.003707345250295
0.345491502812526 -0.002659551129359
0.360504446980386 -0.001607465429046
0.375655056417573 -0.000554784620731
0.390928379301729 0.000495034093726
0.406309342707138 0.001538529265264
0.421782767479884 0.002572089353891
0.437333383217848 0.003591978959080
0.452945843340743 0.004594421517698
0.468604740235343 0.005575680993994
0.484294620460936 0.006532382209877
0.500000000000000 0.007461477789000
0.515705379539064 0.008360097575209
0.531395259764657 0.009225271948236
0.547054156659257 0.010053839077601
0.562666616782152 0.010842636024444
0.578217232520115 0.011588671755369
0.593690657292863 0.012289292729599
0.609071620698271 0.012942192627131
0.624344943582427 0.013545374599910
0.639495553019615 0.014097020807833
0.654508497187474 0.014595080290992
0.669368960122646 0.015037337978977
0.684062276342339 0.015421984627268
0.698573945317390 0.015747578151357
0.712889645782536 0.016013031217246
0.726995249869774 0.016217641978081
0.740876837050858 0.016361185901521
0.754520707875186 0.016443379028830
0.767913397489498 0.016463560775938
0.781041688926065 0.016421504446085
0.793892626146237 0.016317583167808
0.806453526826489 0.016152504939594
0.818711994874345 0.015927301982418
0.830655932661826 0.015643657940377
0.842273552964344 0.015303773393458
0.853553390593274 0.014909629108224
0.864484313710706 0.014463408944725
0.875055534815230 0.013968073588687
0.885256621387895 0.013427011569081
0.895077506187845 0.012842719106214
0.904508497187474 0.012218142870239
0.913540287137281 0.011557401933966
0.922163962751008 0.010864098426314
0.930371013501972 0.010139150625322
0.938153340021932 0.009384795092940
0.945503262094184 0.008605491313744
0.952413526233010 0.007807202021819
0.958877312841991 0.006996832254760
0.964888242944126 0.006182886985881
0.970440384477113 0.005375239779362
0.975528258147577 0.004584440980392
0.980146842838472 0.003821417437136
0.984291580564316 0.003097669752421
0.987958380969374 0.002424912731029
0.991143625364344 0.001815320970914
0.993844170297569 0.001280382629230
0.996057350657239 0.000829742861290
0.997780982301540 0.000471223123990
0.999013364214136 0.000210854004249
0.999753280182866 0.000052927277401
1.000000000000000 0.000000000000000
