1.000000000000000 0.000000000000000
0.999753280182866 0.000047041024998
0.999013364214136 0.000190060473187
0.997780982301540 0.000434457183451
0.996057350657239 0.000788265052416
0.993844170297569 0.001260710172449
0.991143625364344 0.001860129768744
0.987958380969374 0.002591320334686
0.984291580564316 0.003452601162535
0.980146842838472 0.004438901547286
0.975528258147577 0.005542745572486
0.970440384477113 0.006749587062792
0.964888242944126 0.008040776717398
0.958877312841991 0.009407191347989
0.952413526233010 0.010842770438406
0.945503262094184 0.012342290759220
0.938153340021932 0.013904044289221
0.930371013501972 0.015530449334500
0.922163962751008 0.017227114044472
0.913540287137281 0.018999387192146
0.904508497187474 0.020847273724521
0.895077506187845 0.022770453140526
0.885256621387895 0.024768776940585
0.875055534815230 0.026840203005173
0.864484313710706 0.028981526705406
0.853553390593274 0.031189350290069
0.842273552964344 0.033459953282915
0.830655932661826 0.035789270417035
0.818711994874345 0.038173002272117
0.806453526826488 0.040606070082703
0.793892626146236 0.043081856852131
0.781041688926065 0.045592922331553
0.767913397489498 0.048131350665292
0.754520707875186 0.050688660361082
0.740876837050858 0.053255852528746
0.726995249869773 0.055823457604949
0.712889645782536 0.058378870417527
0.698573945317390 0.060907395130957
0.684062276342339 0.063393497837005
0.669368960122646 0.065814810568826
0.654508497187474 0.068142430563328
0.639495553019615 0.070344653939835
0.624344943582427 0.072399950954770
0.609071620698271 0.074293323707706
0.593690657292862 0.076015502559380
0.578217232520115 0.077566192441791
0.562666616782152 0.078953430416951
0.547054156659257 0.080193577414068
0.531395259764657 0.081296585410126
0.515705379539064 0.082267022101148
0.500000000000000 0.083106873798360
0.484294620460936 0.083817133215594
0.468604740235343 0.084398109500131
0.452945843340743 0.084849640724338
0.437333383217848 0.085172214900032
0.421782767479884 0.085368458921899
0.406309342707138 0.085441861451961
0.390928379301729 0.085396026142647
0.375655056417573 0.085232375338448
0.360504446980385 0.084951815835501
0.345491502812526 0.084555585088589
0.330631039877354 0.084044331228637
0.315937723657661 0.083418636208683
0.301426054682610 0.082679663460189
0.287110354217464 0.081828229340723
0.273004750130227 0.080865173482053
0.259123162949142 0.079792110541656
0.245479292124814 0.078610843351589
0.232086602510502 0.077323818153583
0.218958311073935 0.075934199667085
0.206107373853763 0.074443998889288
0.193546473173512 0.072854530464724
0.181288005125655 0.071167500590571
0.169344067338174 0.069384435090298
0.157726447035656 0.067504123405672
0.146446609406726 0.065527253565386
0.135515686289294 0.063455089693513
0.124944465184770 0.061288386884804
0.114743378612105 0.059029985275134
0.104922493812155 0.056683531580954
0.095491502812526 0.054251055216501
0.086459712862719 0.051736780723094
0.077836037248992 0.049146950818049
0.069628986498028 0.046485078463857
0.061846659978068 0.043757690877596
0.054496737905816 0.040974332586648
0.047586473766990 0.038140790948375
0.041122687158009 0.035266643748016
0.035111757055874 0.032366100087900
0.029559615522887 0.029445296190973
0.024471741852423 0.026515238461197
0.019853157161528 0.023594890176765
0.015708419435684 0.020685992770531
0.012041619030626 0.017799791883240
0.008856374635656 0.014966189851626
0.006155829702431 0.012178030549920
0.003942649342761 0.009434823976224
0.002219017698460 0.006784022091189
0.000986635785864 0.004277149634465
0.000246719817134 0.001968680387830
0.000000000000000 0.000000000000000
0.000246719817134 -0.001506327809516
0.000986635785864 -0.002762292467620
0.002219017698460 -0.004100142189645
0.003942649342761 -0.005548252259753
0.006155829702431 -0.007083055790508
0.008856374635656 -0.008697207073979
0.012041619030626 -0.010360972495747
0.015708419435684 -0.012062125308236
0.019853157161528 -0.013774759739179
0.024471741852423 -0.015483149192425
0.029559615522887 -0.017191761124008
0.035111757055874 -0.018896157221605
0.041122687158009 -0.020580603959661
0.047586473766990 -0.022237007482682
0.054496737905816 -0.023859994430343
0.061846659978068 -0.025439915113234
0.069628986498028 -0.026971324351025
0.077836037248993 -0.028452290935492
0.086459712862719 -0.029878007055851
0.095491502812526 -0.031245063263540
0.104922493812155 -0.032553210979994
0.114743378612105 -0.033800151131069
0.124944465184770 -0.034982001667131
0.135515686289294 -0.036097362469178
0.146446609406726 -0.037144917792001
0.157726447035656 -0.038122997361269
0.169344067338174 -0.039031572300981
0.181288005125655 -0.039870890149937
0.193546473173512 -0.040640052061522
0.206107373853763 -0.041338462942164
0.218958311073935 -0.041966743781181
0.232086602510502 -0.042525827234660
0.245479292124814 -0.043017713111428
0.259123162949142 -0.043444683684864
0.273004750130227 -0.043807823451098
0.287110354217464 -0.044105869173394
0.301426054682610 -0.044338023761210
0.315937723657661 -0.044503179672267
0.330631039877354 -0.044599090570110
0.345491502812526 -0.044623560083524
0.360504446980386 -0.044574952783521
0.375655056417573 -0.044452328454072
0.390928379301729 -0.044255087487059
0.406309342707138 -0.043983507224461
0.421782767479884 -0.043639181306078
0.437333383217848 -0.043225411028844
0.452945843340743 -0.042745251829128
0.468604740235343 -0.042199277441015
0.484294620460936 -0.041586361765550
0.500000000000000 -0.040904123079780
0.515705379539064 -0.040149281693314
0.531395259764657 -0.039317280497194
0.547054156659257 -0.038402279564032
0.562666616782152 -0.037400118937980
0.578217232520115 -0.036308355060230
0.593690657292863 -0.035126380966703
0.609071620698271 -0.033853471482219
0.624344943582427 -0.032488208218174
0.639495553019615 -0.031027734181968
0.654508497187474 -0.029471369549210
0.669368960122646 -0.027823187459600
0.684062276342339 -0.026096465287407
0.698573945317390 -0.024305607839814
0.712889645782536 -0.022467083884960
0.726995249869774 -0.020607386337198
0.740876837050858 -0.018754114343398
0.754520707875186 -0.016931196054440
0.767913397489498 -0.015156392400077
0.781041688926065 -0.013441768623472
0.793892626146237 -0.011797908231162
0.806453526826489 -0.010233506938033
0.818711994874345 -0.008754998355979
0.830655932661826 -0.007367250270281
0.842273552964344 -0.006074001121827
0.853553390593274 -0.004878371856148
0.864484313710706 -0.003782687813003
0.875055534815230 -0.002787893271700
0.885256621387895 -0.001894138985351
0.895077506187845 -0.001102057354190
0.904508497187474 -0.000411225081274
0.913540287137281 0.000180470404077
0.922163962751008 0.000674633590736
0.930371013501972 0.001071391569403
0.938153340021932 0.001373004946789
0.945503262094184 0.001584050543933
0.952413526233010 0.001710151924069
0.958877312841991 0.001757875116815
0.964888242944126 0.001735757957857
0.970440384477113 0.001653887315288
0.975528258147577 0.001522863046136
0.980146842838472 0.001353877548663
0.984291580564316 0.001158942427413
0.987958380969374 0.000950356645600
0.991143625364344 0.000740020373946
0.993844170297569 0.000539315843517
0.996057350657239 0.000358846699712
0.997780982301540 0.000207970463887
0.999013364214136 0.000094406688103
0.999753280182866 0.000023901325402
1.000000000000000 0.000000000000000
