1.000000000000000 0.000000000000000
0.999753280182866 0.000028514537925
0.999013364214136 0.000115624610192
0.997780982301540 0.000265930599753
0.996057350657239 0.000486781087580
0.993844170297569 0.000787789616175
0.991143625364344 0.001180166050469
0.987958380969374 0.001675858836720
0.984291580564316 0.002286507707555
0.980146842838472 0.003022363283344
0.975528258147577 0.003891062821650
0.970440384477113 0.004896008415290
0.964888242944126 0.006035437050147
0.958877312841991 0.007308526115848
0.952413526233010 0.008714624430671
0.945503262094184 0.010249520654484
0.938153340021932 0.011906663284927
0.930371013501972 0.013679894196563
0.922163962751008 0.015560657538781
0.913540287137281 0.017537378171306
0.904508497187474 0.019596935258124
0.895077506187845 0.021723988468129
0.885256621387895 0.023900045606023
0.875055534815230 0.026101829917359
0.864484313710706 0.028300866145783
0.853553390593274 0.030464845255851
0.842273552964344 0.032566664010199
0.830655932661826 0.034594533542926
0.818711994874345 0.036538650759582
0.806453526826488 0.038393952932071
0.793892626146236 0.040166988942278
0.781041688926065 0.041870279144532
0.767913397489498 0.043514180095578
0.754520707875186 0.045102905167017
0.740876837050858 0.046636150786370
0.726995249869773 0.048115010066377
0.712889645782536 0.049538213958117
0.698573945317390 0.050903209058937
0.684062276342339 0.052208089106419
0.669368960122646 0.053452319902196
0.654508497187474 0.054636737611504
0.639495553019615 0.055762664166504
0.624344943582427 0.056829504534272
0.609071620698271 0.057835140278450
0.593690657292862 0.058776593357937
0.578217232520115 0.059651844550157
0.562666616782152 0.060459646097224
0.547054156659257 0.061199346535328
0.531395259764657 0.061869944226865
0.515705379539064 0.062470118023767
0.500000000000000 0.062998137016546
0.484294620460936 0.063452615432688
0.468604740235343 0.063832658812005
0.452945843340743 0.064137947871132
0.437333383217848 0.064368043084521
0.421782767479884 0.064521890538105
0.406309342707138 0.064597917557295
0.390928379301729 0.064594528691170
0.375655056417573 0.064510784559673
0.360504446980385 0.064346385159983
0.345491502812526 0.064101435711857
0.330631039877354 0.063775554372403
0.315937723657661 0.063367953096000
0.301426054682610 0.062877612236715
0.287110354217464 0.062304100805485
0.273004750130227 0.061647373890934
0.259123162949142 0.060907738114380
0.245479292124814 0.060085951308569
0.232086602510502 0.059181447978775
0.218958311073935 0.058193332352166
0.206107373853763 0.057121784102887
0.193546473173512 0.055967031171058
0.181288005125655 0.054729853611659
0.169344067338174 0.053412044995279
0.157726447035656 0.052014866614549
0.146446609406726 0.050538467599313
0.135515686289294 0.048984692900030
0.124944465184770 0.047355777670516
0.114743378612105 0.045652946875396
0.104922493812155 0.043879581366545
0.095491502812526 0.042039453808241
0.086459712862719 0.040133158730804
0.077836037248992 0.038164148258434
0.069628986498028 0.036137484825460
0.061846659978068 0.034055276787407
0.054496737905816 0.031922719532450
0.047586473766990 0.029748182717565
0.041122687158009 0.027533972526319
0.035111757055874 0.025286174392575
0.029559615522887 0.023017722592448
0.024471741852423 0.020731085744055
0.019853157161528 0.018433115299142
0.015708419435684 0.016143483703273
0.012041619030626 0.013868237852496
0.008856374635656 0.011622532037392
0.006155829702431 0.009449096914558
0.003942649342761 0.007333968363780
0.002219017698460 0.005249318641005
0.000986635785864 0.003248673183272
0.000246719817134 0.001447728594125
0.000000000000000 0.000000000000000
0.000246719817134 -0.001065984670561
0.000986635785864 -0.002068624807261
0.002219017698460 -0.003185258811376
0.003942649342761 -0.004413785271237
0.006155829702431 -0.005727863990068
0.008856374635656 -0.007080325816668
0.012041619030626 -0.008422259011356
0.015708419435684 -0.009742959461528
0.019853157161528 -0.011072065300290
0.024471741852423 -0.012409646223062
0.029559615522887 -0.013732348507320
0.035111757055874 -0.015025280500934
0.041122687158009 -0.016279008432159
0.047586473766990 -0.017486582662697
0.054496737905816 -0.018649466501537
0.061846659978068 -0.019773487721297
0.069628986498028 -0.020855241590101
0.077836037248993 -0.021891757576877
0.086459712862719 -0.022884014669490
0.095491502812526 -0.023832264669592
0.104922493812155 -0.024737288053444
0.114743378612105 -0.025602997757515
0.124944465184770 -0.026432519054488
0.135515686289294 -0.027225330046600
0.146446609406726 -0.027982425884416
0.157726447035656 -0.028704987244890
0.169344067338174 -0.029392253352931
0.181288005125655 -0.030043137257006
0.193546473173512 -0.030657395303680
0.206107373853763 -0.031234749120876
0.218958311073935 -0.031775018500794
0.232086602510502 -0.032278797906986
0.245479292124814 -0.032745679609603
0.259123162949142 -0.033173994162069
0.273004750130227 -0.033561918413377
0.287110354217464 -0.033908328844904
0.301426054682610 -0.034213235326588
0.315937723657661 -0.034477508233163
0.330631039877354 -0.034702259312270
0.345491502812526 -0.034887983166531
0.360504446980386 -0.035034960295139
0.375655056417573 -0.035143635672910
0.390928379301729 -0.035214724335160
0.406309342707138 -0.035249302168734
0.421782767479884 -0.035248792683666
0.437333383217848 -0.035213951268263
0.452945843340743 -0.035144829099610
0.468604740235343 -0.035040658545859
0.484294620460936 -0.034901046115738
0.500000000000000 -0.034726251607771
0.515705379539064 -0.034517322774575
0.531395259764657 -0.034275263668591
0.547054156659257 -0.034000451179177
0.562666616782152 -0.033692210381063
0.578217232520115 -0.033349496676863
0.593690657292863 -0.032971881659134
0.609071620698271 -0.032559737276402
0.624344943582427 -0.032114035128090
0.639495553019615 -0.031635506279813
0.654508497187474 -0.031123459688431
0.669368960122646 -0.030575659512554
0.684062276342339 -0.029990283257752
0.698573945317390 -0.029366578118760
0.712889645782536 -0.028705069161649
0.726995249869774 -0.028007154732506
0.740876837050858 -0.027272402847115
0.754520707875186 -0.026498031410644
0.767913397489498 -0.025679890882880
0.781041688926065 -0.024814408711620
0.793892626146237 -0.023891894608203
0.806453526826489 -0.022899432380725
0.818711994874345 -0.021827759718355
0.830655932661826 -0.020677592601373
0.842273552964344 -0.019462762518989
0.853553390593274 -0.018196953431551
0.864484313710706 -0.016896158715483
0.875055534815230 -0.015582853182082
0.885256621387895 -0.014278179468165
0.895077506187845 -0.012998764038652
0.904508497187474 -0.011749505311949
0.913540287137281 -0.010530676315510
0.922163962751008 -0.009343517633712
0.930371013501972 -0.008194235091330
0.938153340021932 -0.007093307999451
0.945503262094184 -0.006049315804854
0.952413526233010 -0.005070438071862
0.958877312841991 -0.004168418426507
0.964888242944126 -0.003352137794981
0.970440384477113 -0.002626081345959
0.975528258147577 -0.001995731995586
0.980146842838472 -0.001466318009784
0.984291580564316 -0.001036222880870
0.987958380969374 -0.000698747879389
0.991143625364344 -0.000445713502717
0.993844170297569 -0.000266009976641
0.996057350657239 -0.000145810400733
0.997780982301540 -0.000070746952098
0.999013364214136 -0.000027725911733
0.999753280182866 -0.000006360006527
1.000000000000000 0.000000000000000
