1.000000000000000 0.000000000000000
0.999753280182866 0.000024202459451
0.999013364214136 0.000100778327838
0.997780982301540 0.000241186361376
0.996057350657239 0.000463044675080
0.993844170297569 0.000787881235139
0.991143625364344 0.001237900703964
0.987958380969374 0.001831754035172
0.984291580564316 0.002579248742080
0.980146842838472 0.003481641125164
0.975528258147577 0.004544884206023
0.970440384477113 0.005771277202509
0.964888242944126 0.007155139222274
0.958877312841991 0.008689388475383
0.952413526233010 0.010370311134743
0.945503262094184 0.012190259834869
0.938153340021932 0.014137818647621
0.930371013501972 0.016202367999808
0.922163962751008 0.018371498705659
0.913540287137281 0.020629428393504
0.904508497187474 0.022959952408887
0.895077506187845 0.025346604443725
0.885256621387895 0.027770440159099
0.875055534815230 0.030207811060340
0.864484313710706 0.032628758954212
0.853553390593274 0.034999513546457
0.842273552964344 0.037290879976858
0.830655932661826 0.039491535286477
0.818711994874345 0.041593805117221
0.806453526826488 0.043593979522610
0.793892626146236 0.045498928823628
0.781041688926065 0.047321358934143
0.767913397489498 0.049072467741937
0.754520707875186 0.050757313284591
0.740876837050858 0.052376112007752
0.726995249869773 0.053930719049429
0.712889645782536 0.055419922144316
0.698573945317390 0.056840961531843
0.684062276342339 0.058191764250765
0.669368960122646 0.059472136811448
0.654508497187474 0.060683683166222
0.639495553019615 0.061828575973931
0.624344943582427 0.062906667691395
0.609071620698271 0.063915947324374
0.593690657292862 0.064853411313193
0.578217232520115 0.065717298898156
0.562666616782152 0.066506898797475
0.547054156659257 0.067222278020876
0.531395259764657 0.067862731923552
0.515705379539064 0.068426846726308
0.500000000000000 0.068912360375723
0.484294620460936 0.069317649836903
0.468604740235343 0.069641977565613
0.452945843340743 0.069885577832904
0.437333383217848 0.070048461861999
0.421782767479884 0.070129585186137
0.406309342707138 0.070127157723146
0.390928379301729 0.070039355018078
0.375655056417573 0.069865422954093
0.360504446980385 0.069605554148575
0.345491502812526 0.069260510999637
0.330631039877354 0.068830088841933
0.315937723657661 0.068313428050248
0.301426054682610 0.067709317876285
0.287110354217464 0.067017366471665
0.273004750130227 0.066237970830406
0.259123162949142 0.065372136995822
0.245479292124814 0.064420986444293
0.232086602510502 0.063384051081640
0.218958311073935 0.062260264138449
0.206107373853763 0.061049851203320
0.193546473173512 0.059753378415006
0.181288005125655 0.058372332511389
0.169344067338174 0.056909044053377
0.157726447035656 0.055364981434163
0.146446609406726 0.053740224292777
0.135515686289294 0.052036766187084
0.124944465184770 0.050256940861782
0.114743378612105 0.048402670349250
0.104922493812155 0.046478079563936
0.095491502812526 0.044487129054302
0.086459712862719 0.042430400179246
0.077836037248992 0.040311648302265
0.069628986498028 0.038136004790535
0.061846659978068 0.035906129765219
0.054496737905816 0.033628173087757
0.047586473766990 0.031310809030737
0.041122687158009 0.028956156268315
0.035111757055874 0.026570826664506
0.029559615522887 0.024167794181395
0.024471741852423 0.021749726506285
0.019853157161528 0.019325127825838
0.015708419435684 0.016914400710548
0.012041619030626 0.014522416758882
0.008856374635656 0.012164954605516
0.006155829702431 0.009884524399870
0.003942649342761 0.007666663577682
0.002219017698460 0.005487975958251
0.000986635785864 0.003403657920741
0.000246719817134 0.001522898651761
0.000000000000000 0.000000000000000
0.000246719817134 -0.001134141230419
0.000986635785864 -0.002197424188182
0.002219017698460 -0.003380896704650
0.003942649342761 -0.004681787839021
0.006155829702431 -0.006074036423308
0.008856374635656 -0.007514040607566
0.012041619030626 -0.008951604631042
0.015708419435684 -0.010373198561549
0.019853157161528 -0.011805470450845
0.024471741852423 -0.013249557503218
0.029559615522887 -0.014682135610141
0.035111757055874 -0.016089082846485
0.041122687158009 -0.017461937595258
0.047586473766990 -0.018793039160484
0.054496737905816 -0.020082708103276
0.061846659978068 -0.021336457179755
0.069628986498028 -0.022551055075962
0.077836037248993 -0.023723077969594
0.086459712862719 -0.024853272810131
0.095491502812526 -0.025941441204595
0.104922493812155 -0.026987187993478
0.114743378612105 -0.027993147565753
0.124944465184770 -0.028961776845173
0.135515686289294 -0.029892321358216
0.146446609406726 -0.030785386560297
0.157726447035656 -0.031641952949884
0.169344067338174 -0.032460919828937
0.181288005125655 -0.033240453898648
0.193546473173512 -0.033979675678741
0.206107373853763 -0.034677899646329
0.218958311073935 -0.035334655099663
0.232086602510502 -0.035950378691131
0.245479292124814 -0.036524274844153
0.259123162949142 -0.037053949513951
0.273004750130227 -0.037536559126223
0.287110354217464 -0.037970131822164
0.301426054682610 -0.038354490066607
0.315937723657661 -0.038690738241246
0.330631039877354 -0.038980268245706
0.345491502812526 -0.039223781482937
0.360504446980386 -0.039421736815103
0.375655056417573 -0.039574738723054
0.390928379301729 -0.039683772844739
0.406309342707138 -0.039750315281329
0.421782767479884 -0.039776291393476
0.437333383217848 -0.039762775764758
0.452945843340743 -0.039709896579650
0.468604740235343 -0.039616584236133
0.484294620460936 -0.039482263193840
0.500000000000000 -0.039307236088367
0.515705379539064 -0.039092916702112
0.531395259764657 -0.038840690228381
0.547054156659257 -0.038551151095721
0.562666616782152 -0.038223481888540
0.578217232520115 -0.037856355902690
0.593690657292863 -0.037449223181982
0.609071620698271 -0.037002606260931
0.624344943582427 -0.036517849962457
0.639495553019615 -0.035996014410184
0.654508497187474 -0.035436442423784
0.669368960122646 -0.034836583923670
0.684062276342339 -0.034194306098647
0.698573945317390 -0.033508864379814
0.712889645782536 -0.032781176289363
0.726995249869774 -0.032013156775995
0.740876837050858 -0.031204793099172
0.754520707875186 -0.030353528062961
0.767913397489498 -0.029455270569901
0.781041688926065 -0.028506632689876
0.793892626146237 -0.027498900153338
0.806453526826489 -0.026420388846847
0.818711994874345 -0.025262869236963
0.830655932661826 -0.024027656543942
0.842273552964344 -0.022728826457764
0.853553390593274 -0.021380368926416
0.864484313710706 -0.019997352955249
0.875055534815230 -0.018598422328123
0.885256621387895 -0.017201168719497
0.895077506187845 -0.015819201241013
0.904508497187474 -0.014452727141054
0.913540287137281 -0.013097753436500
0.922163962751008 -0.011752939438370
0.930371013501972 -0.010425741828914
0.938153340021932 -0.009130546520156
0.945503262094184 -0.007879958909038
0.952413526233010 -0.006687406690366
0.958877312841991 -0.005572135339294
0.964888242944126 -0.004549189376217
0.970440384477113 -0.003627767132781
0.975528258147577 -0.002816379901885
0.980146842838472 -0.002120724781735
0.984291580564316 -0.001539549886594
0.987958380969374 -0.001067522988685
0.991143625364344 -0.000701318319498
0.993844170297569 -0.000432119797489
0.996057350657239 -0.000245122365908
0.997780982301540 -0.000123190134576
0.999013364214136 -0.000049863388551
0.999753280182866 -0.000011710707003
1.000000000000000 0.000000000000000
