1.000000000000000 0.000000000000000
0.999753280182866 0.000010063201509
0.999013364214136 0.000040934432985
0.997780982301540 0.000094600015009
0.996057350657239 0.000174183203460
0.993844170297569 0.000283667477693
0.991143625364344 0.000427509159643
0.987958380969374 0.000610149484693
0.984291580564316 0.000835534691698
0.980146842838472 0.001107341956809
0.975528258147577 0.001428531726363
0.970440384477113 0.001800623434995
0.964888242944126 0.002224534074051
0.958877312841991 0.002702599837811
0.952413526233010 0.003236947185539
0.945503262094184 0.003829101011699
0.938153340021932 0.004480392176057
0.930371013501972 0.005191840919116
0.922163962751008 0.005963757713318
0.913540287137281 0.006796282687185
0.904508497187474 0.007690406045585
0.895077506187845 0.008647052389072
0.885256621387895 0.009666864382411
0.875055534815230 0.010750676778382
0.864484313710706 0.011899442220375
0.853553390593274 0.013113932952699
0.842273552964344 0.014394389087224
0.830655932661826 0.015740057195066
0.818711994874345 0.017149629756521
0.806453526826488 0.018621145445731
0.793892626146236 0.020150489167940
0.781041688926065 0.021731798958822
0.767913397489498 0.023358452001530
0.754520707875186 0.025023961586673
0.740876837050858 0.026723091462459
0.726995249869773 0.028450305392451
0.712889645782536 0.030199406834352
0.698573945317390 0.031963482318207
0.684062276342339 0.033734956368588
0.669368960122646 0.035506052712418
0.654508497187474 0.037269318437775
0.639495553019615 0.039017789933826
0.624344943582427 0.040744313280147
0.609071620698271 0.042440876603900
0.593690657292862 0.044098430278580
0.578217232520115 0.045707651073906
0.562666616782152 0.047259977537127
0.547054156659257 0.048748370917563
0.531395259764657 0.050166257201956
0.515705379539064 0.051507303400189
0.500000000000000 0.052765200161521
0.484294620460936 0.053933858068726
0.468604740235343 0.055007649241877
0.452945843340743 0.055982261170861
0.437333383217848 0.056854179008475
0.421782767479884 0.057620387796481
0.406309342707138 0.058277850893514
0.390928379301729 0.058823691806108
0.375655056417573 0.059255562794513
0.360504446980385 0.059572131791465
0.345491502812526 0.059773125846915
0.330631039877354 0.059858873182550
0.315937723657661 0.059830220080920
0.301426054682610 0.059688536733209
0.287110354217464 0.059435869125974
0.273004750130227 0.059074124696039
0.259123162949142 0.058604980409779
0.245479292124814 0.058030848674812
0.232086602510502 0.057353086378273
0.218958311073935 0.056571882511331
0.206107373853763 0.055687211303638
0.193546473173512 0.054700215865464
0.181288005125655 0.053612318349219
0.169344067338174 0.052426061518767
0.157726447035656 0.051144513990144
0.146446609406726 0.049769777004143
0.135515686289294 0.048304359404041
0.124944465184770 0.046752308300977
0.114743378612105 0.045116334644361
0.104922493812155 0.043399982375618
0.095491502812526 0.041608629987099
0.086459712862719 0.039744881542797
0.077836037248992 0.037811333866468
0.069628986498028 0.035814229952710
0.061846659978068 0.033757119870612
0.054496737905816 0.031644150824350
0.047586473766990 0.029484542127958
0.041122687158009 0.027282402863950
0.035111757055874 0.025041431372465
0.029559615522887 0.022774076651859
0.024471741852423 0.020486526150268
0.019853157161528 0.018183757523538
0.015708419435684 0.015885638839932
0.012041619030626 0.013603988574815
0.008856374635656 0.011351150079048
0.006155829702431 0.009168955120964
0.003942649342761 0.007062326243357
0.002219017698460 0.005013333501893
0.000986635785864 0.003081360943668
0.000246719817134 0.001366729799829
0.000000000000000 0.000000000000000
0.000246719817134 -0.001033445854541
0.000986635785864 -0.002085656902133
0.002219017698460 -0.003271052702931
0.003942649342761 -0.004564135999527
0.006155829702431 -0.005938787767071
0.008856374635656 -0.007336936899915
0.012041619030626 -0.008704344723927
0.015708419435684 -0.010031484503337
0.019853157161528 -0.011349929458541
0.024471741852423 -0.012657184226736
0.029559615522887 -0.013932029600221
0.035111757055874 -0.015164707592284
0.041122687158009 -0.016347384757787
0.047586473766990 -0.017471122750350
0.054496737905816 -0.018535002373886
0.061846659978068 -0.019539117665514
0.069628986498028 -0.020475193059813
0.077836037248993 -0.021337334155830
0.086459712862719 -0.022122622953221
0.095491502812526 -0.022828172560323
0.104922493812155 -0.023453532453883
0.114743378612105 -0.024001469761086
0.124944465184770 -0.024474821803840
0.135515686289294 -0.024877473217667
0.146446609406726 -0.025216286023883
0.157726447035656 -0.025496121386767
0.169344067338174 -0.025718129190939
0.181288005125655 -0.025884760886214
0.193546473173512 -0.025998995560430
0.206107373853763 -0.026063016801982
0.218958311073935 -0.026079791994667
0.232086602510502 -0.026052659772500
0.245479292124814 -0.025983357338022
0.259123162949142 -0.025872701742600
0.273004750130227 -0.025722145133783
0.287110354217464 -0.025533096078650
0.301426054682610 -0.025307115943031
0.315937723657661 -0.025045943188257
0.330631039877354 -0.024751295798056
0.345491502812526 -0.024424116778613
0.360504446980386 -0.024065184847305
0.375655056417573 -0.023675674341871
0.390928379301729 -0.023257537680176
0.406309342707138 -0.022813270316311
0.421782767479884 -0.022345610474981
0.437333383217848 -0.021856314998168
0.452945843340743 -0.021346463682178
0.468604740235343 -0.020816864827351
0.484294620460936 -0.020268879882586
0.500000000000000 -0.019704516817349
0.515705379539064 -0.019126316868814
0.531395259764657 -0.018536492544048
0.547054156659257 -0.017936438444584
0.562666616782152 -0.017326865589427
0.578217232520115 -0.016708347669417
0.593690657292863 -0.016081950450738
0.609071620698271 -0.015449165849485
0.624344943582427 -0.014811720311686
0.639495553019615 -0.014171153429597
0.654508497187474 -0.013528719032789
0.669368960122646 -0.012885421232709
0.684062276342339 -0.012242301060141
0.698573945317390 -0.011601448859617
0.712889645782536 -0.010965975332916
0.726995249869774 -0.010339015342043
0.740876837050858 -0.009722956331537
0.754520707875186 -0.009119318753842
0.767913397489498 -0.008528990995934
0.781041688926065 -0.007952893180541
0.793892626146237 -0.007392698038401
0.806453526826489 -0.006850419187711
0.818711994874345 -0.006327916154515
0.830655932661826 -0.005826456683844
0.842273552964344 -0.005346361723213
0.853553390593274 -0.004887702460537
0.864484313710706 -0.004450544771789
0.875055534815230 -0.004035568172847
0.885256621387895 -0.003643708674568
0.895077506187845 -0.003275615048297
0.904508497187474 -0.002931376754701
0.913540287137281 -0.002610289771342
0.922163962751008 -0.002311524302136
0.930371013501972 -0.002034342792410
0.938153340021932 -0.001778752652258
0.945503262094184 -0.001544983356916
0.952413526233010 -0.001332907253940
0.958877312841991 -0.001141359682413
0.964888242944126 -0.000967647151514
0.970440384477113 -0.000809573914159
0.975528258147577 -0.000665670153757
0.980146842838472 -0.000535375395715
0.984291580564316 -0.000418581358922
0.987958380969374 -0.000315265060200
0.991143625364344 -0.000226092831379
0.993844170297569 -0.000152535981688
0.996057350657239 -0.000094742518344
0.997780982301540 -0.000051843176123
0.999013364214136 -0.000022535673417
0.999753280182866 -0.000005553564530
1.000000000000000 0.000000000000000
