1.000000000000000 0.000000000000000
0.999753280182866 -0.000005174794494
0.999013364214136 -0.000019614275891
0.997780982301540 -0.000040111031831
0.996057350657239 -0.000061487217556
0.993844170297569 -0.000076836446354
0.991143625364344 -0.000077862472857
0.987958380969374 -0.000055301061725
0.984291580564316 0.000000524430808
0.980146842838472 0.000098411370276
0.975528258147577 0.000245256345861
0.970440384477113 0.000445310685566
0.964888242944126 0.000700628339432
0.958877312841991 0.001015388340896
0.952413526233010 0.001393479618500
0.945503262094184 0.001837119346110
0.938153340021932 0.002348887865325
0.930371013501972 0.002933552423869
0.922163962751008 0.003595656343595
0.913540287137281 0.004339196299705
0.904508497187474 0.005167260670212
0.895077506187845 0.006081967520957
0.885256621387895 0.007084477752497
0.875055534815230 0.008174828482332
0.864484313710706 0.009351780234258
0.853553390593274 0.010612793709653
0.842273552964344 0.011954076376743
0.830655932661826 0.013372498125363
0.818711994874345 0.014865162491892
0.806453526826488 0.016428336193462
0.793892626146236 0.018057632675098
0.781041688926065 0.019748221502770
0.767913397489498 0.021494600671875
0.754520707875186 0.023290528970271
0.740876837050858 0.025129537099732
0.726995249869773 0.027004795217030
0.712889645782536 0.028908761999541
0.698573945317390 0.030832586933823
0.684062276342339 0.032765505836885
0.669368960122646 0.034695730466571
0.654508497187474 0.036612186888312
0.639495553019615 0.038505638801114
0.624344943582427 0.040367268308906
0.609071620698271 0.042188609186908
0.593690657292862 0.043961640874294
0.578217232520115 0.045678614934183
0.562666616782152 0.047332385218363
0.547054156659257 0.048916850128074
0.531395259764657 0.050426769733099
0.515705379539064 0.051857747548478
0.500000000000000 0.053206463259609
0.484294620460936 0.054470730186392
0.468604740235343 0.055649374823724
0.452945843340743 0.056740842157811
0.437333383217848 0.057743509906795
0.421782767479884 0.058655925384836
0.406309342707138 0.059476188390634
0.390928379301729 0.060201981549183
0.375655056417573 0.060830801844221
0.360504446980385 0.061360266353392
0.345491502812526 0.061788263828640
0.330631039877354 0.062113287527410
0.315937723657661 0.062333578101817
0.301426054682610 0.062446297735721
0.287110354217464 0.062447948711811
0.273004750130227 0.062335390311203
0.259123162949142 0.062106499181499
0.245479292124814 0.061759840088065
0.232086602510502 0.061294774369069
0.218958311073935 0.060710829704303
0.206107373853763 0.060006709536227
0.193546473173512 0.059182623228518
0.181288005125655 0.058238919220764
0.169344067338174 0.057176046996124
0.157726447035656 0.055995704971956
0.146446609406726 0.054700106116040
0.135515686289294 0.053289962984422
0.124944465184770 0.051768026523479
0.114743378612105 0.050137596596292
0.104922493812155 0.048400366938843
0.095491502812526 0.046560363426565
0.086459712862719 0.044622151196158
0.077836037248992 0.042585508388842
0.069628986498028 0.040453883472427
0.061846659978068 0.038232975284947
0.054496737905816 0.035926085222399
0.047586473766990 0.033541347932044
0.041122687158009 0.031089676498862
0.035111757055874 0.028577276479105
0.029559615522887 0.026017484493261
0.024471741852423 0.023426938187280
0.019853157161528 0.020812582716070
0.015708419435684 0.018193742703480
0.012041619030626 0.015594283581771
0.008856374635656 0.013023274487948
0.006155829702431 0.010516687406092
0.003942649342761 0.008111729984843
0.002219017698460 0.005789500885651
0.000986635785864 0.003592773293237
0.000246719817134 0.001610872506073
0.000000000000000 0.000000000000000
0.000246719817134 -0.001201941287557
0.000986635785864 -0.002324439926961
0.002219017698460 -0.003567891169984
0.003942649342761 -0.004923050809960
0.006155829702431 -0.006367061623118
0.008856374635656 -0.007865152536883
0.012041619030626 -0.009362721187622
0.015708419435684 -0.010835387905004
0.019853157161528 -0.012298858288005
0.024471741852423 -0.013765877611487
0.029559615522887 -0.015215381524247
0.035111757055874 -0.016634099873083
0.041122687158009 -0.018015562423587
0.047586473766990 -0.019348975998371
0.054496737905816 -0.020628684846646
0.061846659978068 -0.021854443936719
0.069628986498028 -0.023019278890653
0.077836037248993 -0.024115283127876
0.086459712862719 -0.025138215355184
0.095491502812526 -0.026083514735323
0.104922493812155 -0.026946953003807
0.114743378612105 -0.027727231574227
0.124944465184770 -0.028423726082357
0.135515686289294 -0.029035171940116
0.146446609406726 -0.029562757974214
0.157726447035656 -0.030008173303620
0.169344067338174 -0.030371693826302
0.181288005125655 -0.030654313942287
0.193546473173512 -0.030858529985409
0.206107373853763 -0.030987219290604
0.218958311073935 -0.031044182048426
0.232086602510502 -0.031034597827988
0.245479292124814 -0.030961763873901
0.259123162949142 -0.030827734934391
0.273004750130227 -0.030635143603732
0.287110354217464 -0.030386914926483
0.301426054682610 -0.030086052723603
0.315937723657661 -0.029735874736614
0.330631039877354 -0.029340045047337
0.345491502812526 -0.028901212085630
0.360504446980386 -0.028421855322345
0.375655056417573 -0.027904890517165
0.390928379301729 -0.027353850346165
0.406309342707138 -0.026772855525790
0.421782767479884 -0.026166425078014
0.437333383217848 -0.025538029153467
0.452945843340743 -0.024890358618703
0.468604740235343 -0.024225558671202
0.484294620460936 -0.023546113064288
0.500000000000000 -0.022854952284838
0.515705379539064 -0.022155436089103
0.531395259764657 -0.021450640559081
0.547054156659257 -0.020742952960629
0.562666616782152 -0.020033829085309
0.578217232520115 -0.019324420714883
0.593690657292863 -0.018616241340763
0.609071620698271 -0.017911202785892
0.624344943582427 -0.017211433703324
0.639495553019615 -0.016518840819713
0.654508497187474 -0.015834559127978
0.669368960122646 -0.015158997140234
0.684062276342339 -0.014492526651936
0.698573945317390 -0.013835929192041
0.712889645782536 -0.013190426840336
0.726995249869774 -0.012557398083950
0.740876837050858 -0.011937898939993
0.754520707875186 -0.011332410986083
0.767913397489498 -0.010740871115025
0.781041688926065 -0.010163248923351
0.793892626146237 -0.009600189348943
0.806453526826489 -0.009052893074406
0.818711994874345 -0.008522720324886
0.830655932661826 -0.008010536021690
0.842273552964344 -0.007516151990586
0.853553390593274 -0.007038922669006
0.864484313710706 -0.006578360835684
0.875055534815230 -0.006134388476781
0.885256621387895 -0.005707388214817
0.895077506187845 -0.005297758672406
0.904508497187474 -0.004905504662231
0.913540287137281 -0.004529363222345
0.922163962751008 -0.004167938798816
0.930371013501972 -0.003820353803880
0.938153340021932 -0.003486306855114
0.945503262094184 -0.003166000070988
0.952413526233010 -0.002859883579974
0.958877312841991 -0.002567424181340
0.964888242944126 -0.002284173977326
0.970440384477113 -0.002007053146036
0.975528258147577 -0.001735384496415
0.980146842838472 -0.001468549568049
0.984291580564316 -0.001207010968345
0.987958380969374 -0.000954120050207
0.991143625364344 -0.000716633801773
0.993844170297569 -0.000504763495066
0.996057350657239 -0.000325844653076
0.997780982301540 -0.000184186933129
0.999013364214136 -0.000082068176024
0.999753280182866 -0.000020540152776
1.000000000000000 0.000000000000000
