1.000000000000000 0.000000000000000
0.999753280182866 -0.000000590547250
0.999013364214136 -0.000001428805526
0.997780982301540 0.000000205393599
0.996057350657239 0.000008580307697
0.993844170297569 0.000029117398404
0.991143625364344 0.000067848310065
0.987958380969374 0.000130726610970
0.984291580564316 0.000222900989207
0.980146842838472 0.000349670866142
0.975528258147577 0.000516858414390
0.970440384477113 0.000729588618963
0.964888242944126 0.000992133885270
0.958877312841991 0.001309323989023
0.952413526233010 0.001685953309055
0.945503262094184 0.002126019721076
0.938153340021932 0.002633067791906
0.930371013501972 0.003211177006927
0.922163962751008 0.003864010558680
0.913540287137281 0.004594512395559
0.904508497187474 0.005405380905110
0.895077506187845 0.006299208811070
0.885256621387895 0.007277891563229
0.875055534815230 0.008342717769351
0.864484313710706 0.009495081561321
0.853553390593274 0.010736261736846
0.842273552964344 0.012066855003123
0.830655932661826 0.013486952143183
0.818711994874345 0.014996250974665
0.806453526826488 0.016593841090635
0.793892626146236 0.018278216435345
0.781041688926065 0.020047672741716
0.767913397489498 0.021900492252532
0.754520707875186 0.023834389826695
0.740876837050858 0.025846487390044
0.726995249869773 0.027933315295789
0.712889645782536 0.030090797787729
0.698573945317390 0.032314320508265
0.684062276342339 0.034599115323396
0.669368960122646 0.036940230340360
0.654508497187474 0.039332392760183
0.639495553019615 0.041769694625908
0.624344943582427 0.044245567027119
0.609071620698271 0.046752824199932
0.593690657292862 0.049284010647030
0.578217232520115 0.051831480661773
0.562666616782152 0.054387456373786
0.547054156659257 0.056943971724472
0.531395259764657 0.059492612565133
0.515705379539064 0.062023951702442
0.500000000000000 0.064528419628769
0.484294620460936 0.066996483187231
0.468604740235343 0.069418345190226
0.452945843340743 0.071784256551764
0.437333383217848 0.074084701609661
0.421782767479884 0.076309197250788
0.406309342707138 0.078446596445673
0.390928379301729 0.080486301492660
0.375655056417573 0.082417861048948
0.360504446980385 0.084230620400066
0.345491502812526 0.085914600668538
0.330631039877354 0.087459800656202
0.315937723657661 0.088854288224936
0.301426054682610 0.090087005617551
0.287110354217464 0.091148029362922
0.273004750130227 0.092026970511730
0.259123162949142 0.092714632116268
0.245479292124814 0.093202212109800
0.232086602510502 0.093476583656796
0.218958311073935 0.093526177428597
0.206107373853763 0.093338939902433
0.193546473173512 0.092895054561032
0.181288005125655 0.092177193342353
0.169344067338174 0.091175530285338
0.157726447035656 0.089888273138160
0.146446609406726 0.088318021982473
0.135515686289294 0.086469979740415
0.124944465184770 0.084351898166527
0.114743378612105 0.081973914689769
0.104922493812155 0.079345750774304
0.095491502812526 0.076476271341220
0.086459712862719 0.073378615099687
0.077836037248992 0.070072310536486
0.069628986498028 0.066582089458214
0.061846659978068 0.062932215682175
0.054496737905816 0.059141151865850
0.047586473766990 0.055228566938853
0.041122687158009 0.051214495530476
0.035111757055874 0.047113720298061
0.029559615522887 0.042946986554599
0.024471741852423 0.038733284814503
0.019853157161528 0.034489121386526
0.015708419435684 0.030241302806198
0.012041619030626 0.026015204350778
0.008856374635656 0.021843341418555
0.006155829702431 0.017772213465478
0.003942649342761 0.013818470636275
0.002219017698460 0.010022462673497
0.000986635785864 0.006453601700021
0.000246719817134 0.003097936853134
0.000000000000000 0.000000000000000
0.000246719817134 -0.002754753320490
0.000986635785864 -0.004865928498736
0.002219017698460 -0.006380281938218
0.003942649342761 -0.007793023601648
0.006155829702431 -0.009223312662303
0.008856374635656 -0.010675655945931
0.012041619030626 -0.012150064771485
0.015708419435684 -0.013625628373137
0.019853157161528 -0.015073636201701
0.024471741852423 -0.016483839532087
0.029559615522887 -0.017870394866013
0.035111757055874 -0.019235914854977
0.041122687158009 -0.020565048435618
0.047586473766990 -0.021849276164106
0.054496737905816 -0.023083735020473
0.061846659978068 -0.024257587615769
0.069628986498028 -0.025361726971886
0.077836037248993 -0.026391087380736
0.086459712862719 -0.027341385669134
0.095491502812526 -0.028210382839567
0.104922493812155 -0.029000133919270
0.114743378612105 -0.029714187963171
0.124944465184770 -0.030355897922687
0.135515686289294 -0.030931943727583
0.146446609406726 -0.031450336339024
0.157726447035656 -0.031914325013684
0.169344067338174 -0.032325861842480
0.181288005125655 -0.032688588014638
0.193546473173512 -0.033004705030755
0.206107373853763 -0.033274512741248
0.218958311073935 -0.033499147171141
0.232086602510502 -0.033680093894993
0.245479292124814 -0.033818563803128
0.259123162949142 -0.033916271062620
0.273004750130227 -0.033975188591622
0.287110354217464 -0.033996267525225
0.301426054682610 -0.033979971662563
0.315937723657661 -0.033926885956661
0.330631039877354 -0.033837984355193
0.345491502812526 -0.033714408733997
0.360504446980386 -0.033557573696361
0.375655056417573 -0.033368943458590
0.390928379301729 -0.033149065363819
0.406309342707138 -0.032898294928125
0.421782767479884 -0.032617123495332
0.437333383217848 -0.032306378460114
0.452945843340743 -0.031967190462228
0.468604740235343 -0.031600939735874
0.484294620460936 -0.031208532602454
0.500000000000000 -0.030790452270318
0.515705379539064 -0.030346879754216
0.531395259764657 -0.029878189226861
0.547054156659257 -0.029385116436491
0.562666616782152 -0.028868771044594
0.578217232520115 -0.028330236260425
0.593690657292863 -0.027770146762404
0.609071620698271 -0.027188569714659
0.624344943582427 -0.026585322806563
0.639495553019615 -0.025960566302943
0.654508497187474 -0.025314761701147
0.669368960122646 -0.024648632279033
0.684062276342339 -0.023963009810397
0.698573945317390 -0.023257260179648
0.712889645782536 -0.022529622785414
0.726995249869774 -0.021778700212297
0.740876837050858 -0.021002687551891
0.754520707875186 -0.020199376807025
0.767913397489498 -0.019366568996983
0.781041688926065 -0.018503028569120
0.793892626146237 -0.017610038235162
0.806453526826489 -0.016690186115725
0.818711994874345 -0.015746513816313
0.830655932661826 -0.014783684328777
0.842273552964344 -0.013808750676577
0.853553390593274 -0.012828488491637
0.864484313710706 -0.011849432921679
0.875055534815230 -0.010878430232095
0.885256621387895 -0.009921902117596
0.895077506187845 -0.008985706110677
0.904508497187474 -0.008076292773258
0.913540287137281 -0.007200403226728
0.922163962751008 -0.006363550482270
0.930371013501972 -0.005570476344752
0.938153340021932 -0.004825844976770
0.945503262094184 -0.004133139809342
0.952413526233010 -0.003494581330723
0.958877312841991 -0.002912581158400
0.964888242944126 -0.002389085234285
0.970440384477113 -0.001924294410328
0.975528258147577 -0.001517379978052
0.980146842838472 -0.001167700284091
0.984291580564316 -0.000873121808214
0.987958380969374 -0.000629995106010
0.991143625364344 -0.000434680449134
0.993844170297569 -0.000283404512421
0.996057350657239 -0.000170878719333
0.997780982301540 -0.000091231613979
0.999013364214136 -0.000038925238445
0.999753280182866 -0.000009481324889
1.000000000000000 0.000000000000000
