1.000000000000000 0.000000000000000
0.999753280182866 0.000018901190302
0.999013364214136 0.000076359560443
0.997780982301540 0.000174571772518
0.996057350657239 0.000316996652269
0.993844170297569 0.000508040815592
0.991143625364344 0.000752636304649
0.987958380969374 0.001055700894546
0.984291580564316 0.001421609341939
0.980146842838472 0.001855113885827
0.975528258147577 0.002361330171981
0.970440384477113 0.002944892006355
0.964888242944126 0.003609926647626
0.958877312841991 0.004360838250165
0.952413526233010 0.005201652620820
0.945503262094184 0.006135600705432
0.938153340021932 0.007165593676082
0.930371013501972 0.008294574994258
0.922163962751008 0.009524752068228
0.913540287137281 0.010857532086716
0.904508497187474 0.012294228835563
0.895077506187845 0.013835818745823
0.885256621387895 0.015482409964615
0.875055534815230 0.017233474817632
0.864484313710706 0.019088275193990
0.853553390593274 0.021045326829232
0.842273552964344 0.023102328879186
0.830655932661826 0.025256686596666
0.818711994874345 0.027505517555315
0.806453526826488 0.029845135242609
0.793892626146236 0.032271240101785
0.781041688926065 0.034779185554515
0.767913397489498 0.037363686410347
0.754520707875186 0.040018798408332
0.740876837050858 0.042738366960043
0.726995249869773 0.045515946443265
0.712889645782536 0.048344548515107
0.698573945317390 0.051216744504198
0.684062276342339 0.054124712708762
0.669368960122646 0.057060266012831
0.654508497187474 0.060014846992519
0.639495553019615 0.062979810347910
0.624344943582427 0.065946366844361
0.609071620698271 0.068905493299630
0.593690657292862 0.071847854114211
0.578217232520115 0.074763900232538
0.562666616782152 0.077644056985801
0.547054156659257 0.080478658394854
0.531395259764657 0.083258033281339
0.515705379539064 0.085972693039040
0.500000000000000 0.088613105660457
0.484294620460936 0.091169455778447
0.468604740235343 0.093632189133886
0.452945843340743 0.095992034027884
0.437333383217848 0.098239540844520
0.421782767479884 0.100365577336601
0.406309342707138 0.102361495858800
0.390928379301729 0.104218529853636
0.375655056417573 0.105927977880178
0.360504446980385 0.107481700035706
0.345491502812526 0.108871842759250
0.330631039877354 0.110090456071576
0.315937723657661 0.111130132005175
0.301426054682610 0.111984053833072
0.287110354217464 0.112645552430377
0.273004750130227 0.113108277915419
0.259123162949142 0.113366143106266
0.245479292124814 0.113413004330206
0.232086602510502 0.113243274161907
0.218958311073935 0.112852110617363
0.206107373853763 0.112235492454302
0.193546473173512 0.111389437214089
0.181288005125655 0.110309345648101
0.169344067338174 0.108989543620718
0.157726447035656 0.107425022403414
0.146446609406726 0.105608490367237
0.135515686289294 0.103530200646971
0.124944465184770 0.101186212369192
0.114743378612105 0.098577278430746
0.104922493812155 0.095709243627503
0.095491502812526 0.092585611474839
0.086459712862719 0.089203333722535
0.077836037248992 0.085560292243451
0.069628986498028 0.081659819650089
0.061846659978068 0.077508453948452
0.054496737905816 0.073117623723517
0.047586473766990 0.068513687809795
0.041122687158009 0.063735190805958
0.035111757055874 0.058819738144663
0.029559615522887 0.053796891345190
0.024471741852423 0.048697913798476
0.019853157161528 0.043551761924488
0.015708419435684 0.038380684967234
0.012041619030626 0.033215187491137
0.008856374635656 0.028083909346567
0.006155829702431 0.023020975084321
0.003942649342761 0.018071597094212
0.002219017698460 0.013249600735425
0.000986635785864 0.008597741975635
0.000246719817134 0.004182225438873
0.000000000000000 0.000000000000000
0.000246719817134 -0.003924245357554
0.000986635785864 -0.007414974292779
0.002219017698460 -0.010289162570943
0.003942649342761 -0.012331823100328
0.006155829702431 -0.013997222238513
0.008856374635656 -0.015570272839258
0.012041619030626 -0.017085687013198
0.015708419435684 -0.018564302472112
0.019853157161528 -0.019982391770772
0.024471741852423 -0.021325359983484
0.029559615522887 -0.022599984913208
0.035111757055874 -0.023795102844674
0.041122687158009 -0.024891275254663
0.047586473766990 -0.025878665764694
0.054496737905816 -0.026750533426653
0.061846659978068 -0.027497165261513
0.069628986498028 -0.028115302736923
0.077836037248993 -0.028606679599630
0.086459712862719 -0.028969190884534
0.095491502812526 -0.029202233768223
0.104922493812155 -0.029310738508754
0.114743378612105 -0.029296356947419
0.124944465184770 -0.029157898492522
0.135515686289294 -0.028896955130684
0.146446609406726 -0.028516515380243
0.157726447035656 -0.028018360130041
0.169344067338174 -0.027406037252124
0.181288005125655 -0.026685797491401
0.193546473173512 -0.025867556204914
0.206107373853763 -0.024965053240912
0.218958311073935 -0.023994298653908
0.232086602510502 -0.022969871243425
0.245479292124814 -0.021899830401933
0.259123162949142 -0.020792898014700
0.273004750130227 -0.019657639002680
0.287110354217464 -0.018500174737170
0.301426054682610 -0.017324719241093
0.315937723657661 -0.016135667717942
0.330631039877354 -0.014937845087208
0.345491502812526 -0.013735958252775
0.360504446980386 -0.012535058581778
0.375655056417573 -0.011340065385038
0.390928379301729 -0.010154842173142
0.406309342707138 -0.008982689358011
0.421782767479884 -0.007826636528360
0.437333383217848 -0.006689882171626
0.452945843340743 -0.005575717202660
0.468604740235343 -0.004487458802721
0.484294620460936 -0.003428277450095
0.500000000000000 -0.002401035370738
0.515705379539064 -0.001408088777454
0.531395259764657 -0.000451616340402
0.547054156659257 0.000466265414399
0.562666616782152 0.001343224429125
0.578217232520115 0.002176999337874
0.593690657292863 0.002965503980885
0.609071620698271 0.003706742480928
0.624344943582427 0.004398893800062
0.639495553019615 0.005040354391750
0.654508497187474 0.005629548687858
0.669368960122646 0.006164511388831
0.684062276342339 0.006642308996390
0.698573945317390 0.007060395792248
0.712889645782536 0.007416809223707
0.726995249869774 0.007710129465407
0.740876837050858 0.007939504418534
0.754520707875186 0.008104568689535
0.767913397489498 0.008205712135451
0.781041688926065 0.008244552221293
0.793892626146237 0.008223270426370
0.806453526826489 0.008144364515164
0.818711994874345 0.008011178782860
0.830655932661826 0.007827965959773
0.842273552964344 0.007599187966997
0.853553390593274 0.007329381849485
0.864484313710706 0.007023286058889
0.875055534815230 0.006685771180812
0.885256621387895 0.006321650975079
0.895077506187845 0.005935791204010
0.904508497187474 0.005533403548922
0.913540287137281 0.005119659758985
0.922163962751008 0.004699433707751
0.930371013501972 0.004277400278491
0.938153340021932 0.003858110280527
0.945503262094184 0.003445769873328
0.952413526233010 0.003044225033024
0.958877312841991 0.002657214667465
0.964888242944126 0.002288251889457
0.970440384477113 0.001940353733564
0.975528258147577 0.001616096446347
0.980146842838472 0.001317716605402
0.984291580564316 0.001047059917656
0.987958380969374 0.000805598792390
0.991143625364344 0.000594430259982
0.993844170297569 0.000414336213974
0.996057350657239 0.000265993103500
0.997780982301540 0.000149983751472
0.999013364214136 0.000066776300853
0.999753280182866 0.000016711534892
1.000000000000000 0.000000000000000
