1.000000000000000 0.000000000000000
0.999753280182866 0.000045098661866
0.999013364214136 0.000182978377341
0.997780982301540 0.000421115182877
0.996057350657239 0.000771031482605
0.993844170297569 0.001246841067622
0.991143625364344 0.001863215767654
0.987958380969374 0.002632637775340
0.984291580564316 0.003562071935743
0.980146842838472 0.004653275761535
0.975528258147577 0.005907704241824
0.970440384477113 0.007320935555703
0.964888242944126 0.008880308048100
0.958877312841991 0.010572483382625
0.952413526233010 0.012384690152802
0.945503262094184 0.014298919481886
0.938153340021932 0.016294909534860
0.930371013501972 0.018357397241112
0.922163962751008 0.020470781493301
0.913540287137281 0.022618583871876
0.904508497187474 0.024791974205898
0.895077506187845 0.026987513069513
0.885256621387895 0.029203700113106
0.875055534815230 0.031438416873618
0.864484313710706 0.033688241943330
0.853553390593274 0.035950692251313
0.842273552964344 0.038223116715974
0.830655932661826 0.040500242780854
0.818711994874345 0.042776545076404
0.806453526826488 0.045046914178680
0.793892626146236 0.047306502065691
0.781041688926065 0.049550877583815
0.767913397489498 0.051775902156910
0.754520707875186 0.053977264852068
0.740876837050858 0.056150304491561
0.726995249869773 0.058290610803613
0.712889645782536 0.060394463061425
0.698573945317390 0.062458979085005
0.684062276342339 0.064481960606443
0.669368960122646 0.066460627681605
0.654508497187474 0.068391451507377
0.639495553019615 0.070270314618002
0.624344943582427 0.072093033015858
0.609071620698271 0.073855254056716
0.593690657292862 0.075552100816473
0.578217232520115 0.077178889656894
0.562666616782152 0.078731236564804
0.547054156659257 0.080204916993524
0.531395259764657 0.081596005982987
0.515705379539064 0.082900972042554
0.500000000000000 0.084116846924867
0.484294620460936 0.085241046865003
0.468604740235343 0.086270979429674
0.452945843340743 0.087204014893363
0.437333383217848 0.088037442947111
0.421782767479884 0.088768903765686
0.406309342707138 0.089396424047695
0.390928379301729 0.089918402122408
0.375655056417573 0.090333369809845
0.360504446980385 0.090639891023007
0.345491502812526 0.090836521461358
0.330631039877354 0.090921999923947
0.315937723657661 0.090895273104383
0.301426054682610 0.090755449061740
0.287110354217464 0.090501869548302
0.273004750130227 0.090134098595913
0.259123162949142 0.089651578694810
0.245479292124814 0.089053869161683
0.232086602510502 0.088341127536194
0.218958311073935 0.087512254739933
0.206107373853763 0.086566210402050
0.193546473173512 0.085503248216955
0.181288005125655 0.084320299027471
0.169344067338174 0.083014375781274
0.157726447035656 0.081584043980158
0.146446609406726 0.080028578556356
0.135515686289294 0.078347586675935
0.124944465184770 0.076543499998419
0.114743378612105 0.074619902708765
0.104922493812155 0.072581399200815
0.095491502812526 0.070435587626862
0.086459712862719 0.068186249012548
0.077836037248992 0.065829483797763
0.069628986498028 0.063367198346337
0.061846659978068 0.060789102337387
0.054496737905816 0.058056843609609
0.047586473766990 0.055138603388238
0.041122687158009 0.052015373460083
0.035111757055874 0.048669898868000
0.029559615522887 0.045091552794248
0.024471741852423 0.041289838713296
0.019853157161528 0.037303717135961
0.015708419435684 0.033179671403077
0.012041619030626 0.028959044146013
0.008856374635656 0.024674836554835
0.006155829702431 0.020370354449652
0.003942649342761 0.016082776433660
0.002219017698460 0.011846361027298
0.000986635785864 0.007726156472808
0.000246719817134 0.003759963855370
0.000000000000000 0.000000000000000
0.000246719817134 -0.003471915095482
0.000986635785864 -0.006510240193650
0.002219017698460 -0.008859756082524
0.003942649342761 -0.010960797491917
0.006155829702431 -0.013101615259376
0.008856374635656 -0.015308453018294
0.012041619030626 -0.017580428221779
0.015708419435684 -0.019906851026993
0.019853157161528 -0.022258130410748
0.024471741852423 -0.024617557346529
0.029559615522887 -0.026990852332940
0.035111757055874 -0.029378148786572
0.041122687158009 -0.031761751952660
0.047586473766990 -0.034132261557899
0.054496737905816 -0.036485341160986
0.061846659978068 -0.038810229698473
0.069628986498028 -0.041098969258643
0.077836037248993 -0.043348239513899
0.086459712862719 -0.045550170493657
0.095491502812526 -0.047695761194046
0.104922493812155 -0.049778873554286
0.114743378612105 -0.051791618969763
0.124944465184770 -0.053722718510034
0.135515686289294 -0.055562497272337
0.146446609406726 -0.057303140402969
0.157726447035656 -0.058939210640725
0.169344067338174 -0.060467337556557
0.181288005125655 -0.061885539905683
0.193546473173512 -0.063191408060283
0.206107373853763 -0.064384345643932
0.218958311073935 -0.065463166340985
0.232086602510502 -0.066423580952269
0.245479292124814 -0.067258531033710
0.259123162949142 -0.067962152093678
0.273004750130227 -0.068530386112798
0.287110354217464 -0.068960613100363
0.301426054682610 -0.069251155678589
0.315937723657661 -0.069401803954982
0.330631039877354 -0.069413945591237
0.345491502812526 -0.069290132798952
0.360504446980386 -0.069030618173972
0.375655056417573 -0.068633991882509
0.390928379301729 -0.068097866749456
0.406309342707138 -0.067422134187894
0.421782767479884 -0.066608685286138
0.437333383217848 -0.065660800793417
0.452945843340743 -0.064583053496267
0.468604740235343 -0.063381289787779
0.484294620460936 -0.062062720359641
0.500000000000000 -0.060634850832345
0.515705379539064 -0.059104657059310
0.531395259764657 -0.057479153008428
0.547054156659257 -0.055765393943260
0.562666616782152 -0.053970154896852
0.578217232520115 -0.052099981232370
0.593690657292863 -0.050161293617246
0.609071620698271 -0.048161768817605
0.624344943582427 -0.046109971538459
0.639495553019615 -0.044015100265541
0.654508497187474 -0.041886533143063
0.669368960122646 -0.039733822401911
0.684062276342339 -0.037566790316637
0.698573945317390 -0.035395012305487
0.712889645782536 -0.033228038535532
0.726995249869774 -0.031075596476375
0.740876837050858 -0.028946828742934
0.754520707875186 -0.026850478007510
0.767913397489498 -0.024794924815416
0.781041688926065 -0.022787987941544
0.793892626146237 -0.020836690847631
0.806453526826489 -0.018948269364295
0.818711994874345 -0.017129757932909
0.830655932661826 -0.015387197594525
0.842273552964344 -0.013725737343537
0.853553390593274 -0.012149991353095
0.864484313710706 -0.010663644153735
0.875055534815230 -0.009269243074424
0.885256621387895 -0.007969395221454
0.895077506187845 -0.006767252569049
0.904508497187474 -0.005664505330272
0.913540287137281 -0.004661423607998
0.922163962751008 -0.003758775251202
0.930371013501972 -0.002956821241389
0.938153340021932 -0.002253887796125
0.945503262094184 -0.001646896507720
0.952413526233010 -0.001133339826025
0.958877312841991 -0.000709481585667
0.964888242944126 -0.000369501825438
0.970440384477113 -0.000106916008064
0.975528258147577 0.000082628787159
0.980146842838472 0.000205548152116
0.984291580564316 0.000271020174898
0.987958380969374 0.000289275739080
0.991143625364344 0.000269666252295
0.993844170297569 0.000223430191256
0.996057350657239 0.000163074217739
0.997780982301540 0.000100918452949
0.999013364214136 0.000047866777176
0.999753280182866 0.000012428967733
1.000000000000000 0.000000000000000
