1.000000000000000 0.000000000000000
0.999753280182866 0.000034539577435
0.999013364214136 0.000138173674010
0.997780982301540 0.000310924260208
0.996057350657239 0.000552742800697
0.993844170297569 0.000863393778391
0.991143625364344 0.001242282767203
0.987958380969374 0.001688255894049
0.984291580564316 0.002199609199885
0.980146842838472 0.002774746301804
0.975528258147577 0.003412173664975
0.970440384477113 0.004110187665329
0.964888242944126 0.004866973866315
0.958877312841991 0.005680515421331
0.952413526233010 0.006548740058249
0.945503262094184 0.007469476697677
0.938153340021932 0.008440342955114
0.930371013501972 0.009459090913732
0.922163962751008 0.010523287767128
0.913540287137281 0.011630279582848
0.904508497187474 0.012777628994042
0.895077506187845 0.013962770858999
0.885256621387895 0.015182996106735
0.875055534815230 0.016435706321867
0.864484313710706 0.017718202242474
0.853553390593274 0.019027718858354
0.842273552964344 0.020361546700393
0.830655932661826 0.021716946101929
0.818711994874345 0.023091177201948
0.806453526826488 0.024481546811566
0.793892626146236 0.025885174590462
0.781041688926065 0.027299194575870
0.767913397489498 0.028720874671561
0.754520707875186 0.030147432043794
0.740876837050858 0.031575935406908
0.726995249869773 0.033003439832434
0.712889645782536 0.034427016012465
0.698573945317390 0.035843705606116
0.684062276342339 0.037250430754823
0.669368960122646 0.038644162675998
0.654508497187474 0.040021826074984
0.639495553019615 0.041380202950762
0.624344943582427 0.042716034203181
0.609071620698271 0.044026030878519
0.593690657292862 0.045306865225211
0.578217232520115 0.046555104525647
0.562666616782152 0.047767299218528
0.547054156659257 0.048940024283974
0.531395259764657 0.050069749187311
0.515705379539064 0.051152876706796
0.500000000000000 0.052185826113711
0.484294620460936 0.053165033982362
0.468604740235343 0.054086933392169
0.452945843340743 0.054947957726993
0.437333383217848 0.055744605762778
0.421782767479884 0.056473422181935
0.406309342707138 0.057131005732525
0.390928379301729 0.057714038412359
0.375655056417573 0.058219321207909
0.360504446980385 0.058643832719049
0.345491502812526 0.058984701654099
0.330631039877354 0.059239158467430
0.315937723657661 0.059404639206488
0.301426054682610 0.059478802081788
0.287110354217464 0.059459542300016
0.273004750130227 0.059345026712925
0.259123162949142 0.059133655084199
0.245479292124814 0.058824034466741
0.232086602510502 0.058415105109271
0.218958311073935 0.057906168309358
0.206107373853763 0.057296786106801
0.193546473173512 0.056586732717360
0.181288005125655 0.055776122869628
0.169344067338174 0.054865448070373
0.157726447035656 0.053855511354603
0.146446609406726 0.052747364927612
0.135515686289294 0.051542287026229
0.124944465184770 0.050241870540983
0.114743378612105 0.048848044475061
0.104922493812155 0.047362878929944
0.095491502812526 0.045788581510578
0.086459712862719 0.044127926941731
0.077836037248992 0.042383416215431
0.069628986498028 0.040557883127531
0.061846659978068 0.038654414347941
0.054496737905816 0.036676009891251
0.047586473766990 0.034625551341258
0.041122687158009 0.032506553202750
0.035111757055874 0.030321863808199
0.029559615522887 0.028074669325723
0.024471741852423 0.025768224561257
0.019853157161528 0.023404893721016
0.015708419435684 0.020988031395514
0.012041619030626 0.018520491081411
0.008856374635656 0.016003702344505
0.006155829702431 0.013441363583563
0.003942649342761 0.010834677917610
0.002219017698460 0.008185076776329
0.000986635785864 0.005495212161469
0.000246719817134 0.002761350826101
0.000000000000000 0.000000000000000
0.000246719817134 -0.002761319701554
0.000986635785864 -0.005495207846200
0.002219017698460 -0.008185062416576
0.003942649342761 -0.010834694151903
0.006155829702431 -0.013441363978856
0.008856374635656 -0.016003699382341
0.012041619030626 -0.018520493574234
0.015708419435684 -0.020988035278302
0.019853157161528 -0.023404897890506
0.024471741852423 -0.025768227742852
0.029559615522887 -0.028074674993849
0.035111757055874 -0.030321866067493
0.041122687158009 -0.032506552771405
0.047586473766990 -0.034625555073945
0.054496737905816 -0.036676011705699
0.061846659978068 -0.038654418037333
0.069628986498028 -0.040557888567162
0.077836037248993 -0.042383421032286
0.086459712862719 -0.044127928432936
0.095491502812526 -0.045788583873628
0.104922493812155 -0.047362881636656
0.114743378612105 -0.048848047479468
0.124944465184770 -0.050241873078563
0.135515686289294 -0.051542289170516
0.146446609406726 -0.052747367757142
0.157726447035656 -0.053855513629510
0.169344067338174 -0.054865451821581
0.181288005125655 -0.055776124980287
0.193546473173512 -0.056586736378241
0.206107373853763 -0.057296788993509
0.218958311073935 -0.057906170880247
0.232086602510502 -0.058415107465770
0.245479292124814 -0.058824037114512
0.259123162949142 -0.059133657641285
0.273004750130227 -0.059345029505695
0.287110354217464 -0.059459544874471
0.301426054682610 -0.059478804592022
0.315937723657661 -0.059404641702461
0.330631039877354 -0.059239161087471
0.345491502812526 -0.058984704002503
0.360504446980386 -0.058643835023886
0.375655056417573 -0.058219323589336
0.390928379301729 -0.057714040755868
0.406309342707138 -0.057131007991367
0.421782767479884 -0.056473423983589
0.437333383217848 -0.055744607724580
0.452945843340743 -0.054947959450829
0.468604740235343 -0.054086935935180
0.484294620460936 -0.053165035638162
0.500000000000000 -0.052185828341540
0.515705379539064 -0.051152878048332
0.531395259764657 -0.050069751012050
0.547054156659257 -0.048940026509276
0.562666616782152 -0.047767300016340
0.578217232520115 -0.046555106162961
0.593690657292863 -0.045306866243031
0.609071620698271 -0.044026033094371
0.624344943582427 -0.042716034802544
0.639495553019615 -0.041380204402780
0.654508497187474 -0.040021827405089
0.669368960122646 -0.038644162625351
0.684062276342339 -0.037250430923347
0.698573945317390 -0.035843707533873
0.712889645782536 -0.034427017168262
0.726995249869774 -0.033003440264661
0.740876837050858 -0.031575937289952
0.754520707875186 -0.030147433140542
0.767913397489498 -0.028720875828911
0.781041688926065 -0.027299195016386
0.793892626146237 -0.025885176201225
0.806453526826489 -0.024481549126356
0.818711994874345 -0.023091178267110
0.830655932661826 -0.021716947483927
0.842273552964344 -0.020361548122097
0.853553390593274 -0.019027719931994
0.864484313710706 -0.017718203589910
0.875055534815230 -0.016435707216111
0.885256621387895 -0.015182997680909
0.895077506187845 -0.013962771582122
0.904508497187474 -0.012777629519628
0.913540287137281 -0.011630279034166
0.922163962751008 -0.010523289136402
0.930371013501972 -0.009459090515747
0.938153340021932 -0.008440344129670
0.945503262094184 -0.007469477029267
0.952413526233010 -0.006548741974102
0.958877312841991 -0.005680514747311
0.964888242944126 -0.004866973464041
0.970440384477113 -0.004110187784214
0.975528258147577 -0.003412173731170
0.980146842838472 -0.002774746573419
0.984291580564316 -0.002199608977566
0.987958380969374 -0.001688256814773
0.991143625364344 -0.001242283492911
0.993844170297569 -0.000863393193105
0.996057350657239 -0.000552742465891
0.997780982301540 -0.000310923484067
0.999013364214136 -0.000138174922613
0.999753280182866 -0.000034540105307
1.000000000000000 0.000000000000000
