1.000000000000000 0.000000000000000
0.999753280182866 0.000057722848219
0.999013364214136 0.000229703889127
0.997780982301540 0.000512437017767
0.996057350657239 0.000900208072728
0.993844170297569 0.001385282917652
0.991143625364344 0.001958177649937
0.987958380969374 0.002607989938594
0.984291580564316 0.003322782974224
0.980146842838472 0.004090030063880
0.975528258147577 0.004897075687518
0.970440384477113 0.005731666281869
0.964888242944126 0.006582478553230
0.958877312841991 0.007439662698332
0.952413526233010 0.008295422971064
0.945503262094184 0.009144569569940
0.938153340021932 0.009985080581376
0.930371013501972 0.010818679867289
0.922163962751008 0.011651373266694
0.913540287137281 0.012494006346885
0.904508497187474 0.013362792154243
0.895077506187845 0.014279262937113
0.885256621387895 0.015255263738103
0.875055534815230 0.016289679794493
0.864484313710706 0.017379930823808
0.853553390593274 0.018522601985797
0.842273552964344 0.019713356333599
0.830655932661826 0.020946915904852
0.818711994874345 0.022217030503727
0.806453526826488 0.023516504982547
0.793892626146236 0.024837137211590
0.781041688926065 0.026171837671368
0.767913397489498 0.027514622665172
0.754520707875186 0.028859341016838
0.740876837050858 0.030199401886605
0.726995249869773 0.031527915603310
0.712889645782536 0.032837507177659
0.698573945317390 0.034120798697807
0.684062276342339 0.035371849450517
0.669368960122646 0.036589869730286
0.654508497187474 0.037775977540010
0.639495553019615 0.038931329135832
0.624344943582427 0.040057403635040
0.609071620698271 0.041156405939243
0.593690657292862 0.042230638726469
0.578217232520115 0.043278861054823
0.562666616782152 0.044297772956168
0.547054156659257 0.045282766326589
0.531395259764657 0.046229465984781
0.515705379539064 0.047133842197331
0.500000000000000 0.047992169793570
0.484294620460936 0.048799405944474
0.468604740235343 0.049549070055144
0.452945843340743 0.050233884089431
0.437333383217848 0.050846832581645
0.421782767479884 0.051381688209738
0.406309342707138 0.051831719952207
0.390928379301729 0.052192254476227
0.375655056417573 0.052466166419922
0.360504446980385 0.052660015275090
0.345491502812526 0.052782289155909
0.330631039877354 0.052840576976269
0.315937723657661 0.052842669459157
0.301426054682610 0.052796282090276
0.287110354217464 0.052705660867879
0.273004750130227 0.052569027443092
0.259123162949142 0.052379923622935
0.245479292124814 0.052133701955999
0.232086602510502 0.051827004125221
0.218958311073935 0.051456658822074
0.206107373853763 0.051020872249882
0.193546473173512 0.050518927030562
0.181288005125655 0.049904674764970
0.169344067338174 0.049108719361766
0.157726447035656 0.048065020737734
0.146446609406726 0.046726329262428
0.135515686289294 0.045118133883319
0.124944465184770 0.043377398003928
0.114743378612105 0.041628369618280
0.104922493812155 0.039975713862052
0.095491502812526 0.038492966634534
0.086459712862719 0.037123883222323
0.077836037248992 0.035703441691940
0.069628986498028 0.034111731952408
0.061846659978068 0.032341688100843
0.054496737905816 0.030446578643855
0.047586473766990 0.028477401631127
0.041122687158009 0.026484623299444
0.035111757055874 0.024515544959746
0.029559615522887 0.022608258196252
0.024471741852423 0.020793387452697
0.019853157161528 0.019031171462759
0.015708419435684 0.017154179383003
0.012041619030626 0.015104014080721
0.008856374635656 0.012934523663160
0.006155829702431 0.010718096138456
0.003942649342761 0.008497347310303
0.002219017698460 0.006298995249772
0.000986635785864 0.004141458147633
0.000246719817134 0.002038330032570
0.000000000000000 0.000000000000000
0.000246719817134 -0.002041107256203
0.000986635785864 -0.004153168520338
0.002219017698460 -0.006320143202792
0.003942649342761 -0.008520865687342
0.006155829702431 -0.010726251173411
0.008856374635656 -0.012893913229953
0.012041619030626 -0.014955695039545
0.015708419435684 -0.016803993877332
0.019853157161528 -0.018396867879621
0.024471741852423 -0.019854710767449
0.029559615522887 -0.021433098880501
0.035111757055874 -0.023209735746959
0.041122687158009 -0.025160886819637
0.047586473766990 -0.027247889942911
0.054496737905816 -0.029413550120073
0.061846659978068 -0.031571751222597
0.069628986498028 -0.033606320765208
0.077836037248993 -0.035378970822896
0.086459712862719 -0.036829813317192
0.095491502812526 -0.038058109959451
0.104922493812155 -0.039205696854114
0.114743378612105 -0.040347078831377
0.124944465184770 -0.041479084852195
0.135515686289294 -0.042591801799882
0.146446609406726 -0.043675914608338
0.157726447035656 -0.044721750749732
0.169344067338174 -0.045722600411483
0.181288005125655 -0.046673714414727
0.193546473173512 -0.047571215132498
0.206107373853763 -0.048411117864020
0.218958311073935 -0.049186689954236
0.232086602510502 -0.049886457027934
0.245479292124814 -0.050498516592404
0.259123162949142 -0.051010462347021
0.273004750130227 -0.051409735827964
0.287110354217464 -0.051683636136783
0.301426054682610 -0.051817083482293
0.315937723657661 -0.051807090587537
0.330631039877354 -0.051666429652170
0.345491502812526 -0.051417120119480
0.360504446980386 -0.051083030469801
0.375655056417573 -0.050689263011714
0.390928379301729 -0.050265195194863
0.406309342707138 -0.049835255826679
0.421782767479884 -0.049413098357766
0.437333383217848 -0.048989522477711
0.452945843340743 -0.048549625928604
0.468604740235343 -0.048081480827498
0.484294620460936 -0.047571817435663
0.500000000000000 -0.047007522019311
0.515705379539064 -0.046379047013288
0.531395259764657 -0.045682150449260
0.547054156659257 -0.044917561883132
0.562666616782152 -0.044085610769658
0.578217232520115 -0.043186437544773
0.593690657292863 -0.042220406301399
0.609071620698271 -0.041189957867560
0.624344943582427 -0.040100537629471
0.639495553019615 -0.038962510804684
0.654508497187474 -0.037786431908253
0.669368960122646 -0.036582100860552
0.684062276342339 -0.035359039110768
0.698573945317390 -0.034126993339736
0.712889645782536 -0.032892677209103
0.726995249869774 -0.031653773703761
0.740876837050858 -0.030405689233589
0.754520707875186 -0.029144053180121
0.767913397489498 -0.027865570121806
0.781041688926065 -0.026567722552743
0.793892626146237 -0.025248479709416
0.806453526826489 -0.023907894773543
0.818711994874345 -0.022554481443797
0.830655932661826 -0.021205464328509
0.842273552964344 -0.019876016456071
0.853553390593274 -0.018579549966922
0.864484313710706 -0.017327553653756
0.875055534815230 -0.016129636391582
0.885256621387895 -0.014993583121035
0.895077506187845 -0.013925452131245
0.904508497187474 -0.012929013976059
0.913540287137281 -0.011994389197129
0.922163962751008 -0.011101383991178
0.930371013501972 -0.010234449221935
0.938153340021932 -0.009382783993504
0.945503262094184 -0.008539880860336
0.952413526233010 -0.007703031088268
0.958877312841991 -0.006872846918132
0.964888242944126 -0.006052763848113
0.970440384477113 -0.005248530709538
0.975528258147577 -0.004467734142550
0.980146842838472 -0.003719298978380
0.984291580564316 -0.003013007308539
0.987958380969374 -0.002359050856876
0.991143625364344 -0.001767571769428
0.993844170297569 -0.001248274601584
0.996057350657239 -0.000810043803381
0.997780982301540 -0.000460615953390
0.999013364214136 -0.000206317267335
0.999753280182866 -0.000051821072646
1.000000000000000 0.000000000000000
