1.000000000000000 0.000000000000000
0.999753280182866 0.000016100948249
0.999013364214136 0.000064648959908
0.997780982301540 0.000146371514742
0.996057350657239 0.000262462634090
0.993844170297569 0.000414556093735
0.991143625364344 0.000604684168454
0.987958380969374 0.000835232216179
0.984291580564316 0.001108874493227
0.980146842838472 0.001428511035443
0.975528258147577 0.001797186873067
0.970440384477113 0.002218014893633
0.964888242944126 0.002694071645674
0.958877312841991 0.003228315554305
0.952413526233010 0.003823473705053
0.945503262094184 0.004481943656192
0.938153340021932 0.005205683925158
0.930371013501972 0.005996105094056
0.922163962751008 0.006853965283776
0.913540287137281 0.007779262257580
0.904508497187474 0.008771134132292
0.895077506187845 0.009827815544121
0.885256621387895 0.010947659275606
0.875055534815230 0.012129321070054
0.864484313710706 0.013370867474761
0.853553390593274 0.014669715699318
0.842273552964344 0.016022653887107
0.830655932661826 0.017426630878326
0.818711994874345 0.018878520401446
0.806453526826488 0.020374713528189
0.793892626146236 0.021911108159778
0.781041688926065 0.023482017524223
0.767913397489498 0.025080268584658
0.754520707875186 0.026697753684626
0.740876837050858 0.028325990731851
0.726995249869773 0.029959223787131
0.712889645782536 0.031593119340053
0.698573945317390 0.033223556398833
0.684062276342339 0.034845752075968
0.669368960122646 0.036453473729476
0.654508497187474 0.038039984465858
0.639495553019615 0.039598443187807
0.624344943582427 0.041121565206424
0.609071620698271 0.042601692722610
0.593690657292862 0.044031226962238
0.578217232520115 0.045404107516703
0.562666616782152 0.046715670871003
0.547054156659257 0.047962152141722
0.531395259764657 0.049136788130600
0.515705379539064 0.050230447155326
0.500000000000000 0.051232018819150
0.484294620460936 0.052133660711114
0.468604740235343 0.052931503186046
0.452945843340743 0.053626108511182
0.437333383217848 0.054212284018934
0.421782767479884 0.054673401415215
0.406309342707138 0.054982987954011
0.390928379301729 0.055121148732508
0.375655056417573 0.055097175636665
0.360504446980385 0.054938006361355
0.345491502812526 0.054676292601054
0.330631039877354 0.054326724038178
0.315937723657661 0.053891320307802
0.301426054682610 0.053364985820384
0.287110354217464 0.052746740771738
0.273004750130227 0.052039430711090
0.259123162949142 0.051248230227004
0.245479292124814 0.050378390833731
0.232086602510502 0.049435066468783
0.218958311073935 0.048423303261464
0.206107373853763 0.047348378681443
0.193546473173512 0.046215868435352
0.181288005125655 0.045029011273122
0.169344067338174 0.043789710342998
0.157726447035656 0.042500346634126
0.146446609406726 0.041164419268243
0.135515686289294 0.039784727047182
0.124944465184770 0.038362637967916
0.114743378612105 0.036900751893659
0.104922493812155 0.035403175953448
0.095491502812526 0.033875370086667
0.086459712862719 0.032322070858403
0.077836037248992 0.030747283302420
0.069628986498028 0.029156467661251
0.061846659978068 0.027547502269840
0.054496737905816 0.025915795630546
0.047586473766990 0.024262904373921
0.041122687158009 0.022595415285976
0.035111757055874 0.020924064685331
0.029559615522887 0.019263937976265
0.024471741852423 0.017633970480763
0.019853157161528 0.016034459810156
0.015708419435684 0.014407768351211
0.012041619030626 0.012724276854895
0.008856374635656 0.011001727970315
0.006155829702431 0.009293558836804
0.003942649342761 0.007508876162236
0.002219017698460 0.005596497570348
0.000986635785864 0.003667320242225
0.000246719817134 0.001788161422112
0.000000000000000 0.000000000000000
0.000246719817134 -0.001725619309933
0.000986635785864 -0.003499140914024
0.002219017698460 -0.005300904881440
0.003942649342761 -0.007088019726109
0.006155829702431 -0.008782208150367
0.008856374635656 -0.010340762276232
0.012041619030626 -0.011856513410196
0.015708419435684 -0.013321022315997
0.019853157161528 -0.014720346523926
0.024471741852423 -0.016070721588826
0.029559615522887 -0.017425336490148
0.035111757055874 -0.018796642536645
0.041122687158009 -0.020168410150240
0.047586473766990 -0.021528060726723
0.054496737905816 -0.022867391366240
0.061846659978068 -0.024181937634106
0.069628986498028 -0.025471460353018
0.077836037248993 -0.026741846209519
0.086459712862719 -0.027997476044806
0.095491502812526 -0.029232473624639
0.104922493812155 -0.030440687194242
0.114743378612105 -0.031617134748112
0.124944465184770 -0.032758201348898
0.135515686289294 -0.033861755333714
0.146446609406726 -0.034927298393214
0.157726447035656 -0.035955662466320
0.169344067338174 -0.036945280807521
0.181288005125655 -0.037892437458160
0.193546473173512 -0.038794085076658
0.206107373853763 -0.039647673623653
0.218958311073935 -0.040450543225054
0.232086602510502 -0.041199464207593
0.245479292124814 -0.041891804248752
0.259123162949142 -0.042524656123148
0.273004750130227 -0.043093617277337
0.287110354217464 -0.043592207214190
0.301426054682610 -0.044013615887427
0.315937723657661 -0.044353773655041
0.330631039877354 -0.044613482360511
0.345491502812526 -0.044798039064644
0.360504446980386 -0.044906540198230
0.375655056417573 -0.044925553013063
0.390928379301729 -0.044824501854010
0.406309342707138 -0.044577157685669
0.421782767479884 -0.044174745107196
0.437333383217848 -0.043635654545842
0.452945843340743 -0.042985855017541
0.468604740235343 -0.042241566255053
0.484294620460936 -0.041408635140300
0.500000000000000 -0.040487150918719
0.515705379539064 -0.039481344187328
0.531395259764657 -0.038398963419652
0.547054156659257 -0.037250697757968
0.562666616782152 -0.036045593746167
0.578217232520115 -0.034790864178524
0.593690657292863 -0.033491498293922
0.609071620698271 -0.032152747193947
0.624344943582427 -0.030780313896971
0.639495553019615 -0.029380025152838
0.654508497187474 -0.027957808876152
0.669368960122646 -0.026519798702381
0.684062276342339 -0.025072696738366
0.698573945317390 -0.023623090060029
0.712889645782536 -0.022177235092247
0.726995249869774 -0.020741011560448
0.740876837050858 -0.019319882460537
0.754520707875186 -0.017919115240589
0.767913397489498 -0.016544195155924
0.781041688926065 -0.015201264389699
0.793892626146237 -0.013895924744591
0.806453526826489 -0.012633195221952
0.818711994874345 -0.011418072093121
0.830655932661826 -0.010255461423781
0.842273552964344 -0.009149416802282
0.853553390593274 -0.008103129608232
0.864484313710706 -0.007118568852984
0.875055534815230 -0.006196345842194
0.885256621387895 -0.005336486402641
0.895077506187845 -0.004538503088892
0.904508497187474 -0.003801623052407
0.913540287137281 -0.003128267129604
0.922163962751008 -0.002522952960566
0.930371013501972 -0.001988142992545
0.938153340021932 -0.001524285413074
0.945503262094184 -0.001130044399292
0.952413526233010 -0.000802544473509
0.958877312841991 -0.000537616610292
0.964888242944126 -0.000330046871409
0.970440384477113 -0.000173821170199
0.975528258147577 -0.000062372394516
0.980146842838472 0.000011188102099
0.984291580564316 0.000053844624904
0.987958380969374 0.000072463921474
0.991143625364344 0.000073599900646
0.993844170297569 0.000063313951434
0.996057350657239 0.000047015564722
0.997780982301540 0.000029324502874
0.999013364214136 0.000013955685166
0.999753280182866 0.000003628150279
1.000000000000000 0.000000000000000
