1.000000000000000 0.000000000000000
0.999753280182866 0.000065330679714
0.999013364214136 0.000260077837637
0.997780982301540 0.000580554472567
0.996057350657239 0.001020772967537
0.993844170297569 0.001572624274645
0.991143625364344 0.002226199625741
0.987958380969374 0.002970128135944
0.984291580564316 0.003792001165000
0.980146842838472 0.004678852429943
0.975528258147577 0.005617656217029
0.970440384477113 0.006595890409091
0.964888242944126 0.007602111217654
0.958877312841991 0.008626517429162
0.952413526233010 0.009661574283234
0.945503262094184 0.010702605870166
0.938153340021932 0.011748375693624
0.930371013501972 0.012801709073840
0.922163962751008 0.013870058998684
0.913540287137281 0.014966108164451
0.904508497187474 0.016108392732179
0.895077506187845 0.017321629236927
0.885256621387895 0.018638245956495
0.875055534815230 0.020079775049042
0.864484313710706 0.021639905941178
0.853553390593274 0.023304156128654
0.842273552964344 0.025054205253354
0.830655932661826 0.026867399718958
0.818711994874345 0.028716741081593
0.806453526826488 0.030571041015070
0.793892626146236 0.032394228459368
0.781041688926065 0.034149932051887
0.767913397489498 0.035824479508571
0.754520707875186 0.037429729243086
0.740876837050858 0.038979105900757
0.726995249869773 0.040488970957897
0.712889645782536 0.041977448008090
0.698573945317390 0.043465837008445
0.684062276342339 0.044977621406660
0.669368960122646 0.046519733674866
0.654508497187474 0.048087068919690
0.639495553019615 0.049667778249410
0.624344943582427 0.051250879360284
0.609071620698271 0.052825336087372
0.593690657292862 0.054379385287905
0.578217232520115 0.055900080248440
0.562666616782152 0.057372693234279
0.547054156659257 0.058780299489271
0.531395259764657 0.060106459807346
0.515705379539064 0.061334722682035
0.500000000000000 0.062447434682357
0.484294620460936 0.063431817553185
0.468604740235343 0.064282309604324
0.452945843340743 0.065004384814046
0.437333383217848 0.065606966205863
0.421782767479884 0.066097386955504
0.406309342707138 0.066483579435700
0.390928379301729 0.066773789864605
0.375655056417573 0.066975137550489
0.360504446980385 0.067093828479897
0.345491502812526 0.067135295547776
0.330631039877354 0.067105078579735
0.315937723657661 0.067009113107665
0.301426054682610 0.066853502195747
0.287110354217464 0.066641791036854
0.273004750130227 0.066365296110590
0.259123162949142 0.066000125898932
0.245479292124814 0.065525467183982
0.232086602510502 0.064923577099053
0.218958311073935 0.064179402951971
0.206107373853763 0.063281025388860
0.193546473173512 0.062219516033364
0.181288005125655 0.060989389199968
0.169344067338174 0.059588506981079
0.157726447035656 0.058017253512978
0.146446609406726 0.056278537656588
0.135515686289294 0.054388903019271
0.124944465184770 0.052404372567158
0.114743378612105 0.050383405805679
0.104922493812155 0.048376193906341
0.095491502812526 0.046424702202341
0.086459712862719 0.044532129057752
0.077836037248992 0.042643458592695
0.069628986498028 0.040712081180400
0.061846659978068 0.038696089531294
0.054496737905816 0.036561511133223
0.047586473766990 0.034294615384289
0.041122687158009 0.031902644648520
0.035111757055874 0.029404213168587
0.029559615522887 0.026814490313188
0.024471741852423 0.024145032172662
0.019853157161528 0.021397345366053
0.015708419435684 0.018578829287855
0.012041619030626 0.015782690156539
0.008856374635656 0.013114658009284
0.006155829702431 0.010586401619257
0.003942649342761 0.008194252879062
0.002219017698460 0.005938296165237
0.000986635785864 0.003819610449825
0.000246719817134 0.001839668178966
0.000000000000000 0.000000000000000
0.000246719817134 -0.001698216820928
0.000986635785864 -0.003302218756222
0.002219017698460 -0.004882697932899
0.003942649342761 -0.006443591425670
0.006155829702431 -0.007977097862572
0.008856374635656 -0.009469506276229
0.012041619030626 -0.010897712568904
0.015708419435684 -0.012215377670571
0.019853157161528 -0.013352120653076
0.024471741852423 -0.014309509420784
0.029559615522887 -0.015203002360556
0.035111757055874 -0.016064897690384
0.041122687158009 -0.016868155846012
0.047586473766990 -0.017580378484022
0.054496737905816 -0.018163076078101
0.061846659978068 -0.018594975880115
0.069628986498028 -0.018879305830206
0.077836037248993 -0.019034026356356
0.086459712862719 -0.019101400568930
0.095491502812526 -0.019153623645944
0.104922493812155 -0.019279684240647
0.114743378612105 -0.019504942246283
0.124944465184770 -0.019776615238501
0.135515686289294 -0.020029659361676
0.146446609406726 -0.020178946453426
0.157726447035656 -0.020146255014845
0.169344067338174 -0.019927367298790
0.181288005125655 -0.019579348062834
0.193546473173512 -0.019167312276219
0.206107373853763 -0.018762666245041
0.218958311073935 -0.018395124652664
0.232086602510502 -0.018060785611130
0.245479292124814 -0.017750766741781
0.259123162949142 -0.017457362333843
0.273004750130227 -0.017170461920336
0.287110354217464 -0.016879036265025
0.301426054682610 -0.016571135037199
0.315937723657661 -0.016239060127402
0.330631039877354 -0.015883536000422
0.345491502812526 -0.015506138982333
0.360504446980386 -0.015108609473406
0.375655056417573 -0.014692910303887
0.390928379301729 -0.014261117514522
0.406309342707138 -0.013815586109188
0.421782767479884 -0.013359068905834
0.437333383217848 -0.012894636698378
0.452945843340743 -0.012425513167304
0.468604740235343 -0.011954921613399
0.484294620460936 -0.011486305309822
0.500000000000000 -0.011022987654359
0.515705379539064 -0.010567074382807
0.531395259764657 -0.010119931871849
0.547054156659257 -0.009682355598120
0.562666616782152 -0.009255193925293
0.578217232520115 -0.008839319887962
0.593690657292863 -0.008435550953177
0.609071620698271 -0.008044377390156
0.624344943582427 -0.007665977574493
0.639495553019615 -0.007300320380611
0.654508497187474 -0.006947338281463
0.669368960122646 -0.006606960747889
0.684062276342339 -0.006279067804297
0.698573945317390 -0.005963560173252
0.712889645782536 -0.005660419847715
0.726995249869774 -0.005369761391423
0.740876837050858 -0.005091660556991
0.754520707875186 -0.004826142373218
0.767913397489498 -0.004573192440242
0.781041688926065 -0.004332723775653
0.793892626146237 -0.004104703013794
0.806453526826489 -0.003887763652421
0.818711994874345 -0.003679264092424
0.830655932661826 -0.003476631340958
0.842273552964344 -0.003277731028966
0.853553390593274 -0.003080796645783
0.864484313710706 -0.002884436729548
0.875055534815230 -0.002687624680384
0.885256621387895 -0.002489663926420
0.895077506187845 -0.002290413694726
0.904508497187474 -0.002091525700202
0.913540287137281 -0.001895532499194
0.922163962751008 -0.001704552956098
0.930371013501972 -0.001520366432690
0.938153340021932 -0.001344419359239
0.945503262094184 -0.001177856586483
0.952413526233010 -0.001021549301941
0.958877312841991 -0.000876123592061
0.964888242944126 -0.000741993397463
0.970440384477113 -0.000619387820927
0.975528258147577 -0.000508385243490
0.980146842838472 -0.000408941158888
0.984291580564316 -0.000320916484646
0.987958380969374 -0.000244106871973
0.991143625364344 -0.000178265803974
0.993844170297569 -0.000123130851103
0.996057350657239 -0.000078441606354
0.997780982301540 -0.000043960181327
0.999013364214136 -0.000019484801864
0.999753280182866 -0.000004863120986
1.000000000000000 0.000000000000000
