1.000000000000000 0.000000000000000
0.999753280182866 0.000055583499014
0.999013364214136 0.000222770015666
0.997780982301540 0.000502880202246
0.996057350657239 0.000898055589777
0.993844170297569 0.001411224474436
0.991143625364344 0.002045999758141
0.987958380969374 0.002806587313349
0.984291580564316 0.003697643133595
0.980146842838472 0.004724130489796
0.975528258147577 0.005891135383126
0.970440384477113 0.007203685445933
0.964888242944126 0.008666520385780
0.958877312841991 0.010283879531975
0.952413526233010 0.012059229874190
0.945503262094184 0.013995031634808
0.938153340021932 0.016092454269779
0.930371013501972 0.018351113619337
0.922163962751008 0.020768801117395
0.913540287137281 0.023341218395989
0.904508497187474 0.026061698667355
0.895077506187845 0.028921331760002
0.885256621387895 0.031912427121720
0.875055534815230 0.035028340249398
0.864484313710706 0.038261159260641
0.853553390593274 0.041601605095442
0.842273552964344 0.045039098080577
0.830655932661826 0.048562518302626
0.818711994874345 0.052159864108335
0.806453526826488 0.055817935832148
0.793892626146236 0.059522299316283
0.781041688926065 0.063254929180489
0.767913397489498 0.066994970885242
0.754520707875186 0.070719846080421
0.740876837050858 0.074406311812663
0.726995249869773 0.078032588327229
0.712889645782536 0.081577275847929
0.698573945317390 0.085018759294898
0.684062276342339 0.088335018370710
0.669368960122646 0.091503588255935
0.654508497187474 0.094503493447631
0.639495553019615 0.097308750744447
0.624344943582427 0.099872710764064
0.609071620698271 0.102132014681144
0.593690657292862 0.104028187188786
0.578217232520115 0.105569262717093
0.562666616782152 0.106803119099938
0.547054156659257 0.107803884785310
0.531395259764657 0.108609470678689
0.515705379539064 0.109233497934774
0.500000000000000 0.109675206069777
0.484294620460936 0.109936017841452
0.468604740235343 0.110022853255973
0.452945843340743 0.109944228233944
0.437333383217848 0.109707373126492
0.421782767479884 0.109314163265543
0.406309342707138 0.108764799261816
0.390928379301729 0.108059160493144
0.375655056417573 0.107200324120878
0.360504446980385 0.106193289003825
0.345491502812526 0.105044109705124
0.330631039877354 0.103757749213658
0.315937723657661 0.102338423756244
0.301426054682610 0.100790520356174
0.287110354217464 0.099118055070154
0.273004750130227 0.097324436674221
0.259123162949142 0.095412231275972
0.245479292124814 0.093384795934712
0.232086602510502 0.091246641417499
0.218958311073935 0.089003282604120
0.206107373853763 0.086661180221458
0.193546473173512 0.084227407891839
0.181288005125655 0.081706979080706
0.169344067338174 0.079100220373639
0.157726447035656 0.076408778664345
0.146446609406726 0.073636293297533
0.135515686289294 0.070787926578307
0.124944465184770 0.067870034423818
0.114743378612105 0.064890491885112
0.104922493812155 0.061859009041426
0.095491502812526 0.058787178561661
0.086459712862719 0.055686824663004
0.077836037248992 0.052568512549506
0.069628986498028 0.049444710100970
0.061846659978068 0.046323073623473
0.054496737905816 0.043202461091414
0.047586473766990 0.040086863767137
0.041122687158009 0.036986461062386
0.035111757055874 0.033915258362569
0.029559615522887 0.030892799297673
0.024471741852423 0.027944580466861
0.019853157161528 0.025099053124213
0.015708419435684 0.022334187689289
0.012041619030626 0.019604941253643
0.008856374635656 0.016905693015194
0.006155829702431 0.014266972578552
0.003942649342761 0.011727868298360
0.002219017698460 0.009073750932185
0.000986635785864 0.006164743546711
0.000246719817134 0.003105072042347
0.000000000000000 0.000000000000000
0.000246719817134 -0.003052628645425
0.000986635785864 -0.005990317541371
0.002219017698460 -0.008850906145803
0.003942649342761 -0.011613317163481
0.006155829702431 -0.014218739475086
0.008856374635656 -0.016585009763993
0.012041619030626 -0.018721180428463
0.015708419435684 -0.020722891149447
0.019853157161528 -0.022648478725010
0.024471741852423 -0.024516804202347
0.029559615522887 -0.026366436600224
0.035111757055874 -0.028242612325233
0.041122687158009 -0.030135391969717
0.047586473766990 -0.032029592554765
0.054496737905816 -0.033915444873387
0.061846659978068 -0.035787945493449
0.069628986498028 -0.037644095828033
0.077836037248993 -0.039486071491057
0.086459712862719 -0.041319638452191
0.095491502812526 -0.043138650714640
0.104922493812155 -0.044931769358744
0.114743378612105 -0.046689065318368
0.124944465184770 -0.048403690180894
0.135515686289294 -0.050070752085190
0.146446609406726 -0.051687104100815
0.157726447035656 -0.053251300220847
0.169344067338174 -0.054761599448418
0.181288005125655 -0.056214250719731
0.193546473173512 -0.057606185778267
0.206107373853763 -0.058935610649841
0.218958311073935 -0.060200906859205
0.232086602510502 -0.061400153344634
0.245479292124814 -0.062531903024750
0.259123162949142 -0.063595627060508
0.273004750130227 -0.064589699461514
0.287110354217464 -0.065511190151381
0.301426054682610 -0.066357570821336
0.315937723657661 -0.067125980546326
0.330631039877354 -0.067812975778507
0.345491502812526 -0.068414423255156
0.360504446980386 -0.068926604455282
0.375655056417573 -0.069346334578755
0.390928379301729 -0.069670930079673
0.406309342707138 -0.069898059315388
0.421782767479884 -0.070025892141687
0.437333383217848 -0.070053553715320
0.452945843340743 -0.069979973343351
0.468604740235343 -0.069802973615552
0.484294620460936 -0.069516420556124
0.500000000000000 -0.069112624015796
0.515705379539064 -0.068584824987709
0.531395259764657 -0.067931044816911
0.547054156659257 -0.067151160030150
0.562666616782152 -0.066229574824694
0.578217232520115 -0.065124659126044
0.593690657292863 -0.063759186951306
0.609071620698271 -0.062087387512807
0.624344943582427 -0.060107871296593
0.639495553019615 -0.057884376132683
0.654508497187474 -0.055479402402338
0.669368960122646 -0.052937562744971
0.684062276342339 -0.050284103327394
0.698573945317390 -0.047541227403355
0.712889645782536 -0.044732372950734
0.726995249869774 -0.041881385576661
0.740876837050858 -0.039011594481480
0.754520707875186 -0.036144866689854
0.767913397489498 -0.033300792054783
0.781041688926065 -0.030496331655683
0.793892626146237 -0.027746735264393
0.806453526826489 -0.025066630451803
0.818711994874345 -0.022472711787827
0.830655932661826 -0.019982778099067
0.842273552964344 -0.017611662847168
0.853553390593274 -0.015371118865517
0.864484313710706 -0.013266538672495
0.875055534815230 -0.011296948242425
0.885256621387895 -0.009460486426032
0.895077506187845 -0.007754454281714
0.904508497187474 -0.006176691943094
0.913540287137281 -0.004739049903685
0.922163962751008 -0.003459370226198
0.930371013501972 -0.002348448481002
0.938153340021932 -0.001410519089856
0.945503262094184 -0.000644046351923
0.952413526233010 -0.000042517428387
0.958877312841991 0.000404744131457
0.964888242944126 0.000711777681676
0.970440384477113 0.000895199297725
0.975528258147577 0.000973441752031
0.980146842838472 0.000966021199329
0.984291580564316 0.000892846737859
0.987958380969374 0.000773575816640
0.991143625364344 0.000627019981747
0.993844170297569 0.000470608777525
0.996057350657239 0.000319915620041
0.997780982301540 0.000188253359843
0.999013364214136 0.000086328514350
0.999753280182866 0.000021983361220
1.000000000000000 0.000000000000000
