1.000000000000000 0.000000000000000
0.999753280182866 0.000094952002582
0.999013364214136 0.000379623055732
0.997780982301540 0.000853470912770
0.996057350657239 0.001515592937886
0.993844170297569 0.002364700590562
0.991143625364344 0.003399139729534
0.987958380969374 0.004616868255261
0.984291580564316 0.006015439061105
0.980146842838472 0.007592008716697
0.975528258147577 0.009343290896836
0.970440384477113 0.011265583320324
0.964888242944126 0.013354719888688
0.958877312841991 0.015606083199232
0.952413526233010 0.018014570202765
0.945503262094184 0.020574591837565
0.938153340021932 0.023280060065616
0.930371013501972 0.026124369689197
0.922163962751008 0.029100407924166
0.913540287137281 0.032200539646293
0.904508497187474 0.035416595357633
0.895077506187845 0.038739900150154
0.885256621387895 0.042161254385166
0.875055534815230 0.045670949875423
0.864484313710706 0.049258807463704
0.853553390593274 0.052914144805907
0.842273552964344 0.056625863870633
0.830655932661826 0.060382417104331
0.818711994874345 0.064171888384990
0.806453526826488 0.067982025830844
0.793892626146236 0.071800219956914
0.781041688926065 0.075615395749629
0.767913397489498 0.079418726339192
0.754520707875186 0.083201955699728
0.740876837050858 0.086957138987155
0.726995249869773 0.090676588418218
0.712889645782536 0.094353085370763
0.698573945317390 0.097979761098955
0.684062276342339 0.101549073922117
0.669368960122646 0.105052164406595
0.654508497187474 0.108479203444120
0.639495553019615 0.111820857680687
0.624344943582427 0.115068085966399
0.609071620698271 0.118212116795088
0.593690657292862 0.121244571332042
0.578217232520115 0.124158049664434
0.562666616782152 0.126946516402349
0.547054156659257 0.129604409480417
0.531395259764657 0.132126701653201
0.515705379539064 0.134509168511725
0.500000000000000 0.136747552633296
0.484294620460936 0.138836673627735
0.468604740235343 0.140765134295074
0.452945843340743 0.142517688799000
0.437333383217848 0.144080644779248
0.421782767479884 0.145441457919985
0.406309342707138 0.146588497177366
0.390928379301729 0.147511648030104
0.375655056417573 0.148202463123413
0.360504446980385 0.148654349841279
0.345491502812526 0.148862175984086
0.330631039877354 0.148821861350547
0.315937723657661 0.148530601702157
0.301426054682610 0.147986918132506
0.287110354217464 0.147190617998714
0.273004750130227 0.146142459447967
0.259123162949142 0.144843620126934
0.245479292124814 0.143296671412291
0.232086602510502 0.141505624173552
0.218958311073935 0.139475563318494
0.206107373853763 0.137212692232930
0.193546473173512 0.134724528547983
0.181288005125655 0.132020207735687
0.169344067338174 0.129105690514228
0.157726447035656 0.125984836160629
0.146446609406726 0.122663135693797
0.135515686289294 0.119149193388379
0.124944465184770 0.115451147715339
0.114743378612105 0.111575227323504
0.104922493812155 0.107527591214838
0.095491502812526 0.103317785129864
0.086459712862719 0.098958463466533
0.077836037248992 0.094463702258164
0.069628986498028 0.089842474948746
0.061846659978068 0.085104829266659
0.054496737905816 0.080262521923051
0.047586473766990 0.075319407974464
0.041122687158009 0.070281289246704
0.035111757055874 0.065161480454939
0.029559615522887 0.059973300486354
0.024471741852423 0.054726530239561
0.019853157161528 0.049436265651352
0.015708419435684 0.044125294051434
0.012041619030626 0.038810674149700
0.008856374635656 0.033459230024164
0.006155829702431 0.028025266091952
0.003942649342761 0.022472258732586
0.002219017698460 0.016838601875847
0.000986635785864 0.011181977153909
0.000246719817134 0.005553738176507
0.000000000000000 0.000000000000000
0.000246719817134 -0.005437442868207
0.000986635785864 -0.010721084362429
0.002219017698460 -0.015837694247680
0.003942649342761 -0.020863817042924
0.006155829702431 -0.025827686358749
0.008856374635656 -0.030719596378009
0.012041619030626 -0.035516187969675
0.015708419435684 -0.040185177768222
0.019853157161528 -0.044685940399470
0.024471741852423 -0.048972170701587
0.029559615522887 -0.053033032291470
0.035111757055874 -0.056890191830760
0.041122687158009 -0.060572206199275
0.047586473766990 -0.064075942619517
0.054496737905816 -0.067388588686884
0.061846659978068 -0.070503622670306
0.069628986498028 -0.073418263288175
0.077836037248993 -0.076128293829838
0.086459712862719 -0.078633025258212
0.095491502812526 -0.080938517580509
0.104922493812155 -0.083045584204876
0.114743378612105 -0.084948774781323
0.124944465184770 -0.086646577333423
0.135515686289294 -0.088135707135580
0.146446609406726 -0.089415482726470
0.157726447035656 -0.090489920935076
0.169344067338174 -0.091366685477025
0.181288005125655 -0.092052229151685
0.193546473173512 -0.092548233529568
0.206107373853763 -0.092859815402076
0.218958311073935 -0.092994184932046
0.232086602510502 -0.092958010683083
0.245479292124814 -0.092755420914983
0.259123162949142 -0.092392762276892
0.273004750130227 -0.091878813947603
0.287110354217464 -0.091224626925365
0.301426054682610 -0.090444711438147
0.315937723657661 -0.089552728942779
0.330631039877354 -0.088557824173368
0.345491502812526 -0.087466240237255
0.360504446980386 -0.086283542842388
0.375655056417573 -0.085016754631291
0.390928379301729 -0.083674234023973
0.406309342707138 -0.082264299069877
0.421782767479884 -0.080789779708399
0.437333383217848 -0.079250909407200
0.452945843340743 -0.077646367816301
0.468604740235343 -0.075975211737938
0.484294620460936 -0.074236985152702
0.500000000000000 -0.072431396812310
0.515705379539064 -0.070561471979632
0.531395259764657 -0.068636023209517
0.547054156659257 -0.066664559652769
0.562666616782152 -0.064656719765173
0.578217232520115 -0.062622364894632
0.593690657292863 -0.060570977771089
0.609071620698271 -0.058511025372275
0.624344943582427 -0.056447857735592
0.639495553019615 -0.054385426076261
0.654508497187474 -0.052328010124791
0.669368960122646 -0.050279753917796
0.684062276342339 -0.048244706072568
0.698573945317390 -0.046226812250321
0.712889645782536 -0.044228681042241
0.726995249869774 -0.042252038422756
0.740876837050858 -0.040298531737241
0.754520707875186 -0.038369872039060
0.767913397489498 -0.036467880105712
0.781041688926065 -0.034594342999407
0.793892626146237 -0.032751152709399
0.806453526826489 -0.030941795924963
0.818711994874345 -0.029171639519457
0.830655932661826 -0.027446077497144
0.842273552964344 -0.025769805445328
0.853553390593274 -0.024147033609526
0.864484313710706 -0.022581404114595
0.875055534815230 -0.021076068667955
0.885256621387895 -0.019633570035104
0.895077506187845 -0.018255918230204
0.904508497187474 -0.016936114281989
0.913540287137281 -0.015660439960739
0.922163962751008 -0.014418271931935
0.930371013501972 -0.013202574226172
0.938153340021932 -0.012009517607559
0.945503262094184 -0.010838166016174
0.952413526233010 -0.009690117786937
0.958877312841991 -0.008569164967580
0.964888242944126 -0.007480937824493
0.970440384477113 -0.006432539996854
0.975528258147577 -0.005432197089815
0.980146842838472 -0.004488888050463
0.984291580564316 -0.003612002341256
0.987958380969374 -0.002810998907677
0.991143625364344 -0.002095079665990
0.993844170297569 -0.001472891160113
0.996057350657239 -0.000952254611584
0.997780982301540 -0.000539912940155
0.999013364214136 -0.000241335232832
0.999753280182866 -0.000060541217268
1.000000000000000 0.000000000000000
