1.000000000000000 0.000000000000000
0.999753280182866 0.000085984185356
0.999013364214136 0.000343527974656
0.997780982301540 0.000771352325904
0.996057350657239 0.001367372184296
0.993844170297569 0.002128649412592
0.991143625364344 0.003051456193857
0.987958380969374 0.004131245642133
0.984291580564316 0.005362713940405
0.980146842838472 0.006739782454949
0.975528258147577 0.008255664025750
0.970440384477113 0.009902861657450
0.964888242944126 0.011673210107976
0.958877312841991 0.013557918766035
0.952413526233010 0.015547599481293
0.945503262094184 0.017632302086903
0.938153340021932 0.019801567223329
0.930371013501972 0.022044448944249
0.922163962751008 0.024349589977612
0.913540287137281 0.026705226627153
0.904508497187474 0.029099262181384
0.895077506187845 0.031519309370980
0.885256621387895 0.033953089180937
0.875055534815230 0.036389381530822
0.864484313710706 0.038817386814412
0.853553390593274 0.041226567010243
0.842273552964344 0.043606703929742
0.830655932661826 0.045947931248170
0.818711994874345 0.048240791195380
0.806453526826488 0.050476263716251
0.793892626146236 0.052645789801385
0.781041688926065 0.054741326988076
0.767913397489498 0.056755419536452
0.754520707875186 0.058681188381689
0.740876837050858 0.060512348947353
0.726995249869773 0.062243221286022
0.712889645782536 0.063868759882841
0.698573945317390 0.065384500878723
0.684062276342339 0.066786785035277
0.669368960122646 0.068073278748280
0.654508497187474 0.069242566923009
0.639495553019615 0.070293985235108
0.624344943582427 0.071227518354386
0.609071620698271 0.072043819990822
0.593690657292862 0.072744175347743
0.578217232520115 0.073330427323044
0.562666616782152 0.073804995048555
0.547054156659257 0.074170829259162
0.531395259764657 0.074431305212491
0.515705379539064 0.074590430519119
0.500000000000000 0.074652901952241
0.484294620460936 0.074622226363517
0.468604740235343 0.074500674373083
0.452945843340743 0.074289112780279
0.437333383217848 0.073988514585171
0.421782767479884 0.073600487789576
0.406309342707138 0.073126950891081
0.390928379301729 0.072570022703993
0.375655056417573 0.071931862546176
0.360504446980385 0.071214755748266
0.345491502812526 0.070421172450267
0.330631039877354 0.069553895513210
0.315937723657661 0.068616119324328
0.301426054682610 0.067611306868584
0.287110354217464 0.066542472261938
0.273004750130227 0.065411045404038
0.259123162949142 0.064217204519678
0.245479292124814 0.062961996298000
0.232086602510502 0.061647092284143
0.218958311073935 0.060274737245223
0.206107373853763 0.058847826325361
0.193546473173512 0.057369882838033
0.181288005125655 0.055844149908521
0.169344067338174 0.054273841086585
0.157726447035656 0.052662875961632
0.146446609406726 0.051015748235419
0.135515686289294 0.049334224502756
0.124944465184770 0.047614434812861
0.114743378612105 0.045854483282802
0.104922493812155 0.044055022554646
0.095491502812526 0.042219086041058
0.086459712862719 0.040350761247268
0.077836037248992 0.038454733087499
0.069628986498028 0.036536595072994
0.061846659978068 0.034588034999867
0.054496737905816 0.032597600713334
0.047586473766990 0.030564485510244
0.041122687158009 0.028499434095870
0.035111757055874 0.026420134682482
0.029559615522887 0.024344940721602
0.024471741852423 0.022293494025819
0.019853157161528 0.020243483866077
0.015708419435684 0.018087544815694
0.012041619030626 0.015806193040648
0.008856374635656 0.013461205330664
0.006155829702431 0.011107941937619
0.003942649342761 0.008777262958975
0.002219017698460 0.006488871618495
0.000986635785864 0.004256672080540
0.000246719817134 0.002090999574649
0.000000000000000 0.000000000000000
0.000246719817134 -0.002091035574365
0.000986635785864 -0.004256674034435
0.002219017698460 -0.006488889972390
0.003942649342761 -0.008777262608927
0.006155829702431 -0.011107943924680
0.008856374635656 -0.013461209811420
0.012041619030626 -0.015806193473500
0.015708419435684 -0.018087546506456
0.019853157161528 -0.020243493559736
0.024471741852423 -0.022293493006221
0.029559615522887 -0.024344948838145
0.035111757055874 -0.026420134579235
0.041122687158009 -0.028499437901140
0.047586473766990 -0.030564486336722
0.054496737905816 -0.032597606140515
0.061846659978068 -0.034588038099528
0.069628986498028 -0.036536597578833
0.077836037248993 -0.038454735317936
0.086459712862719 -0.040350761351786
0.095491502812526 -0.042219090923698
0.104922493812155 -0.044055024151440
0.114743378612105 -0.045854485929524
0.124944465184770 -0.047614436315921
0.135515686289294 -0.049334225611325
0.146446609406726 -0.051015751637097
0.157726447035656 -0.052662876176157
0.169344067338174 -0.054273843505695
0.181288005125655 -0.055844152815724
0.193546473173512 -0.057369885258481
0.206107373853763 -0.058847828214160
0.218958311073935 -0.060274740469524
0.232086602510502 -0.061647094486988
0.245479292124814 -0.062961997354606
0.259123162949142 -0.064217206509547
0.273004750130227 -0.065411047680773
0.287110354217464 -0.066542473139731
0.301426054682610 -0.067611308630666
0.315937723657661 -0.068616120038906
0.330631039877354 -0.069553897974181
0.345491502812526 -0.070421174223827
0.360504446980386 -0.071214757908421
0.375655056417573 -0.071931864207023
0.390928379301729 -0.072570023990710
0.406309342707138 -0.073126952548461
0.421782767479884 -0.073600489285367
0.437333383217848 -0.073988515785420
0.452945843340743 -0.074289114121370
0.468604740235343 -0.074500675554119
0.484294620460936 -0.074622227685737
0.500000000000000 -0.074652903252297
0.515705379539064 -0.074590431770124
0.531395259764657 -0.074431306271341
0.547054156659257 -0.074170830501815
0.562666616782152 -0.073804995790680
0.578217232520115 -0.073330428738973
0.593690657292863 -0.072744176427098
0.609071620698271 -0.072043821303599
0.624344943582427 -0.071227518641371
0.639495553019615 -0.070293985931992
0.654508497187474 -0.069242568867801
0.669368960122646 -0.068073279485458
0.684062276342339 -0.066786784787446
0.698573945317390 -0.065384502587674
0.712889645782536 -0.063868760514053
0.726995249869774 -0.062243221503497
0.740876837050858 -0.060512351486346
0.754520707875186 -0.058681190676408
0.767913397489498 -0.056755420262452
0.781041688926065 -0.054741328730358
0.793892626146237 -0.052645787452065
0.806453526826489 -0.050476265962665
0.818711994874345 -0.048240792260861
0.830655932661826 -0.045947931430014
0.842273552964344 -0.043606703314633
0.853553390593274 -0.041226567427364
0.864484313710706 -0.038817390263881
0.875055534815230 -0.036389385369049
0.885256621387895 -0.033953086996901
0.895077506187845 -0.031519307948314
0.904508497187474 -0.029099261573294
0.913540287137281 -0.026705225611098
0.922163962751008 -0.024349591230585
0.930371013501972 -0.022044449278096
0.938153340021932 -0.019801568714563
0.945503262094184 -0.017632302323017
0.952413526233010 -0.015547598303245
0.958877312841991 -0.013557919845500
0.964888242944126 -0.011673211829578
0.970440384477113 -0.009902857798393
0.975528258147577 -0.008255662827706
0.980146842838472 -0.006739787133657
0.984291580564316 -0.005362715251998
0.987958380969374 -0.004131249891215
0.991143625364344 -0.003051457649449
0.993844170297569 -0.002128651333091
0.996057350657239 -0.001367367849207
0.997780982301540 -0.000771355813998
0.999013364214136 -0.000343524119198
0.999753280182866 -0.000085987608330
1.000000000000000 0.000000000000000
