1.000000000000000 0.000000000000000
0.999753280182866 0.000087159263825
0.999013364214136 0.000347727228374
0.997780982301540 0.000779002891475
0.996057350657239 0.001376590967012
0.993844170297569 0.002134504343627
0.991143625364344 0.003045343982764
0.987958380969374 0.004100539141220
0.984291580564316 0.005290567343915
0.980146842838472 0.006605273680696
0.975528258147577 0.008034150170505
0.970440384477113 0.009566675003630
0.964888242944126 0.011192653874040
0.958877312841991 0.012902549969600
0.952413526233010 0.014687855214113
0.945503262094184 0.016541410880877
0.938153340021932 0.018457748073640
0.930371013501972 0.020433431619239
0.922163962751008 0.022467387210836
0.913540287137281 0.024561189861812
0.904508497187474 0.026719394995959
0.895077506187845 0.028949475986618
0.885256621387895 0.031253146043942
0.875055534815230 0.033624242526507
0.864484313710706 0.036055694557918
0.853553390593274 0.038539876290473
0.842273552964344 0.041068621463966
0.830655932661826 0.043633213167886
0.818711994874345 0.046224392134763
0.806453526826488 0.048832421828541
0.793892626146236 0.051447136537240
0.781041688926065 0.054061130241814
0.767913397489498 0.056670258751012
0.754520707875186 0.059271027899136
0.740876837050858 0.061860375717301
0.726995249869773 0.064435554457476
0.712889645782536 0.066994529371094
0.698573945317390 0.069535497639325
0.684062276342339 0.072054654064912
0.669368960122646 0.074543895718571
0.654508497187474 0.076992471265065
0.639495553019615 0.079390127835773
0.624344943582427 0.081726590389569
0.609071620698271 0.083991408343164
0.593690657292862 0.086174120511748
0.578217232520115 0.088268893153658
0.562666616782152 0.090274311492574
0.547054156659257 0.092190068458520
0.531395259764657 0.094016321931677
0.515705379539064 0.095753473202213
0.500000000000000 0.097402434412653
0.484294620460936 0.098961838785234
0.468604740235343 0.100420315894305
0.452945843340743 0.101764466639163
0.437333383217848 0.102981424554411
0.421782767479884 0.104059005196341
0.406309342707138 0.104985965754732
0.390928379301729 0.105752535578912
0.375655056417573 0.106352156792522
0.360504446980385 0.106782136540130
0.345491502812526 0.107040563369877
0.330631039877354 0.107126253722919
0.315937723657661 0.107038943048368
0.301426054682610 0.106779401713935
0.287110354217464 0.106347796781856
0.273004750130227 0.105738319887538
0.259123162949142 0.104943583445591
0.245479292124814 0.103958469975951
0.232086602510502 0.102788139455504
0.218958311073935 0.101445135577232
0.206107373853763 0.099946556307369
0.193546473173512 0.098308329406092
0.181288005125655 0.096526550700405
0.169344067338174 0.094586951251757
0.157726447035656 0.092476021786318
0.146446609406726 0.090185317503493
0.135515686289294 0.087718432792953
0.124944465184770 0.085090614037376
0.114743378612105 0.082320834731909
0.104922493812155 0.079428796843435
0.095491502812526 0.076433589541590
0.086459712862719 0.073339193329730
0.077836037248992 0.070133710019225
0.069628986498028 0.066812787490285
0.061846659978068 0.063381033272811
0.054496737905816 0.059851278486114
0.047586473766990 0.056243039488582
0.041122687158009 0.052569652002269
0.035111757055874 0.048834423371535
0.029559615522887 0.045046671716276
0.024471741852423 0.041223770183084
0.019853157161528 0.037363578390670
0.015708419435684 0.033404075373775
0.012041619030626 0.029306832816159
0.008856374635656 0.025087361292628
0.006155829702431 0.020808085391173
0.003942649342761 0.016521527088146
0.002219017698460 0.012268149809924
0.000986635785864 0.008080138549391
0.000246719817134 0.003983563872961
0.000000000000000 0.000000000000000
0.000246719817134 -0.003853975368815
0.000986635785864 -0.007662154862165
0.002219017698460 -0.011502675685003
0.003942649342761 -0.015360531240842
0.006155829702431 -0.019205797022162
0.008856374635656 -0.022999136534508
0.012041619030626 -0.026689083173732
0.015708419435684 -0.030214307360365
0.019853157161528 -0.033558329986604
0.024471741852423 -0.036754015670686
0.029559615522887 -0.039854460728855
0.035111757055874 -0.042859957614629
0.041122687158009 -0.045749423082328
0.047586473766990 -0.048511749757024
0.054496737905816 -0.051143564058239
0.061846659978068 -0.053634259670559
0.069628986498028 -0.055968851770934
0.077836037248993 -0.058139950042395
0.086459712862719 -0.060149706682841
0.095491502812526 -0.062012211565420
0.104922493812155 -0.063750322460107
0.114743378612105 -0.065375328244534
0.124944465184770 -0.066876958616073
0.135515686289294 -0.068247216727139
0.146446609406726 -0.069480164433184
0.157726447035656 -0.070572222604036
0.169344067338174 -0.071518001473330
0.181288005125655 -0.072311783155291
0.193546473173512 -0.072948918409807
0.206107373853763 -0.073427363215303
0.218958311073935 -0.073751531288095
0.232086602510502 -0.073933052779331
0.245479292124814 -0.073989068437439
0.259123162949142 -0.073937144554266
0.273004750130227 -0.073786576055775
0.287110354217464 -0.073542030616532
0.301426054682610 -0.073206733478390
0.315937723657661 -0.072784652249031
0.330631039877354 -0.072276878765532
0.345491502812526 -0.071683274969126
0.360504446980386 -0.071004665744581
0.375655056417573 -0.070242275042169
0.390928379301729 -0.069397696893255
0.406309342707138 -0.068472993520184
0.421782767479884 -0.067470321845666
0.437333383217848 -0.066391847547397
0.452945843340743 -0.065240060637921
0.468604740235343 -0.064017777756823
0.484294620460936 -0.062728108101440
0.500000000000000 -0.061374512105964
0.515705379539064 -0.059961178903916
0.531395259764657 -0.058494644129160
0.547054156659257 -0.056982298138099
0.562666616782152 -0.055431584383670
0.578217232520115 -0.053850088174203
0.593690657292863 -0.052245395412101
0.609071620698271 -0.050624718235896
0.624344943582427 -0.048992914059333
0.639495553019615 -0.047352337768133
0.654508497187474 -0.045705465824788
0.669368960122646 -0.044054830675383
0.684062276342339 -0.042402955370614
0.698573945317390 -0.040752568300271
0.712889645782536 -0.039105826554858
0.726995249869774 -0.037463996915513
0.740876837050858 -0.035827891582336
0.754520707875186 -0.034198487518415
0.767913397489498 -0.032577025536497
0.781041688926065 -0.030964920610424
0.793892626146237 -0.029363815840413
0.806453526826489 -0.027775598993701
0.818711994874345 -0.026205192356383
0.830655932661826 -0.024659721760104
0.842273552964344 -0.023145852210435
0.853553390593274 -0.021669545579433
0.864484313710706 -0.020236117180818
0.875055534815230 -0.018850211524010
0.885256621387895 -0.017515848002561
0.895077506187845 -0.016236360875525
0.904508497187474 -0.015014358779474
0.913540287137281 -0.013844368953068
0.922163962751008 -0.012715349532554
0.930371013501972 -0.011619116024613
0.938153340021932 -0.010550583199270
0.945503262094184 -0.009507445418080
0.952413526233010 -0.008489832055849
0.958877312841991 -0.007499992929071
0.964888242944126 -0.006541957408903
0.970440384477113 -0.005621194002485
0.975528258147577 -0.004744288185169
0.980146842838472 -0.003918589455420
0.984291580564316 -0.003151902004162
0.987958380969374 -0.002452175706890
0.991143625364344 -0.001827196607498
0.993844170297569 -0.001284316250635
0.996057350657239 -0.000830212517604
0.997780982301540 -0.000470667049588
0.999013364214136 -0.000210364237473
0.999753280182866 -0.000052768599362
1.000000000000000 0.000000000000000
