1.000000000000000 0.000000000000000
0.999753280182866 0.000037192244568
0.999013364214136 0.000148779982673
0.997780982301540 0.000334777833203
0.996057350657239 0.000595219032414
0.993844170297569 0.000930122950877
0.991143625364344 0.001339496259598
0.987958380969374 0.001823297652202
0.984291580564316 0.002381434076529
0.980146842838472 0.003013720989905
0.975528258147577 0.003719853032285
0.970440384477113 0.004499377473394
0.964888242944126 0.005351659949349
0.958877312841991 0.006275845624395
0.952413526233010 0.007270819005362
0.945503262094184 0.008335171226871
0.938153340021932 0.009467156109243
0.930371013501972 0.010664660354013
0.922163962751008 0.011925157928057
0.913540287137281 0.013245676930430
0.904508497187474 0.014622782184756
0.895077506187845 0.016052521737365
0.885256621387895 0.017532356569268
0.875055534815230 0.019062199898842
0.864484313710706 0.020642747412961
0.853553390593274 0.022275253906888
0.842273552964344 0.023961014786769
0.830655932661826 0.025692603326175
0.818711994874345 0.027454004732048
0.806453526826488 0.029226879707650
0.793892626146236 0.030990013820504
0.781041688926065 0.032733871615940
0.767913397489498 0.034460819286721
0.754520707875186 0.036177725989401
0.740876837050858 0.037891074251936
0.726995249869773 0.039598090163758
0.712889645782536 0.041289672946734
0.698573945317390 0.042954657391038
0.684062276342339 0.044583648953018
0.669368960122646 0.046172175494097
0.654508497187474 0.047717589792589
0.639495553019615 0.049216987396621
0.624344943582427 0.050665304686662
0.609071620698271 0.052056450151155
0.593690657292862 0.053383970162907
0.578217232520115 0.054641947444338
0.562666616782152 0.055824941839913
0.547054156659257 0.056927866646285
0.531395259764657 0.057945155537216
0.515705379539064 0.058871057598818
0.500000000000000 0.059699789535616
0.484294620460936 0.060425258452926
0.468604740235343 0.061041195224343
0.452945843340743 0.061541459301814
0.437333383217848 0.061919461526317
0.421782767479884 0.062167545680226
0.406309342707138 0.062275725412528
0.390928379301729 0.062237118516967
0.375655056417573 0.062056572858733
0.360504446980385 0.061746817844042
0.345491502812526 0.061324171398136
0.330631039877354 0.060798972347848
0.315937723657661 0.060177324492454
0.301426054682610 0.059462731521215
0.287110354217464 0.058659620761261
0.273004750130227 0.057772267647715
0.259123162949142 0.056804840894164
0.245479292124814 0.055762171694678
0.232086602510502 0.054647342424369
0.218958311073935 0.053462013038699
0.206107373853763 0.052207608576949
0.193546473173512 0.050886618588454
0.181288005125655 0.049502957788263
0.169344067338174 0.048061799114885
0.157726447035656 0.046569036271900
0.146446609406726 0.045031160835168
0.135515686289294 0.043452224115792
0.124944465184770 0.041831136615419
0.114743378612105 0.040167881872001
0.104922493812155 0.038464661258321
0.095491502812526 0.036725688521651
0.086459712862719 0.034957527593651
0.077836037248992 0.033168843741281
0.069628986498028 0.031369498471336
0.061846659978068 0.029561618108406
0.054496737905816 0.027742531201089
0.047586473766990 0.025915018917877
0.041122687158009 0.024081424981355
0.035111757055874 0.022237543313083
0.029559615522887 0.020387233944149
0.024471741852423 0.018543546289126
0.019853157161528 0.016718478560388
0.015708419435684 0.014890551253682
0.012041619030626 0.013053065696129
0.008856374635656 0.011227981703624
0.006155829702431 0.009442713462509
0.003942649342761 0.007623613785021
0.002219017698460 0.005671369017203
0.000986635785864 0.003702286952850
0.000246719817134 0.001796031153856
0.000000000000000 0.000000000000000
0.000246719817134 -0.001679366392996
0.000986635785864 -0.003358672101577
0.002219017698460 -0.005045241645935
0.003942649342761 -0.006705094148818
0.006155829702431 -0.008274615010336
0.008856374635656 -0.009690384584565
0.012041619030626 -0.011047021735269
0.015708419435684 -0.012372171705679
0.019853157161528 -0.013658586621104
0.024471741852423 -0.014898632277292
0.029559615522887 -0.016111304247701
0.035111757055874 -0.017302314165772
0.041122687158009 -0.018462063735528
0.047586473766990 -0.019589277860624
0.054496737905816 -0.020692475251272
0.061846659978068 -0.021777298592790
0.069628986498028 -0.022840957641246
0.077836037248993 -0.023884014139398
0.086459712862719 -0.024907313186936
0.095491502812526 -0.025906250598403
0.104922493812155 -0.026876301788325
0.114743378612105 -0.027814155488460
0.124944465184770 -0.028717741605187
0.135515686289294 -0.029586541868573
0.146446609406726 -0.030421787007043
0.157726447035656 -0.031226009057861
0.169344067338174 -0.031998300795000
0.181288005125655 -0.032733983785726
0.193546473173512 -0.033428576950690
0.206107373853763 -0.034077922476132
0.218958311073935 -0.034679238795833
0.232086602510502 -0.035231586792030
0.245479292124814 -0.035735132601255
0.259123162949142 -0.036189743810916
0.273004750130227 -0.036593651256954
0.287110354217464 -0.036942676500700
0.301426054682610 -0.037232675483156
0.315937723657661 -0.037460193832100
0.330631039877354 -0.037622724122305
0.345491502812526 -0.037719247446885
0.360504446980386 -0.037746206026075
0.375655056417573 -0.037694740007811
0.390928379301729 -0.037549128465785
0.406309342707138 -0.037295888635630
0.421782767479884 -0.036929977464082
0.437333383217848 -0.036457385132662
0.452945843340743 -0.035888389026753
0.468604740235343 -0.035231321170079
0.484294620460936 -0.034494513371137
0.500000000000000 -0.033686273725520
0.515705379539064 -0.032813849875985
0.531395259764657 -0.031883038459866
0.547054156659257 -0.030898123574503
0.562666616782152 -0.029864659238669
0.578217232520115 -0.028789451114704
0.593690657292863 -0.027680562378951
0.609071620698271 -0.026545267050388
0.624344943582427 -0.025389633232480
0.639495553019615 -0.024218211278722
0.654508497187474 -0.023035674035937
0.669368960122646 -0.021847366444081
0.684062276342339 -0.020659608269615
0.698573945317390 -0.019478546423785
0.712889645782536 -0.018310105356705
0.726995249869774 -0.017160517517534
0.740876837050858 -0.016035064925591
0.754520707875186 -0.014940023207026
0.767913397489498 -0.013885286371037
0.781041688926065 -0.012885451940993
0.793892626146237 -0.011954547208034
0.806453526826489 -0.011100275644228
0.818711994874345 -0.010316425451543
0.830655932661826 -0.009585888312427
0.842273552964344 -0.008894612392980
0.853553390593274 -0.008230700560172
0.864484313710706 -0.007589825773012
0.875055534815230 -0.006973595328946
0.885256621387895 -0.006383453198542
0.895077506187845 -0.005820608431409
0.904508497187474 -0.005285819930678
0.913540287137281 -0.004778646632362
0.922163962751008 -0.004298116322676
0.930371013501972 -0.003843484995537
0.938153340021932 -0.003414200352130
0.945503262094184 -0.003009885388321
0.952413526233010 -0.002630321392601
0.958877312841991 -0.002275425278388
0.964888242944126 -0.001945236057246
0.970440384477113 -0.001639886788955
0.975528258147577 -0.001359588072747
0.980146842838472 -0.001104611548971
0.984291580564316 -0.000875264255292
0.987958380969374 -0.000671875191804
0.991143625364344 -0.000494778674772
0.993844170297569 -0.000344296640395
0.996057350657239 -0.000220725764042
0.997780982301540 -0.000124325654736
0.999013364214136 -0.000055309570318
0.999753280182866 -0.000013835518315
1.000000000000000 0.000000000000000
