1.000000000000000 0.000000000000000
0.999753280182866 0.000034371733268
0.999013364214136 0.000138070972454
0.997780982301540 0.000312857200469
0.996057350657239 0.000561601563011
0.993844170297569 0.000888217785245
0.991143625364344 0.001297555485590
0.987958380969374 0.001795264063678
0.984291580564316 0.002387628094452
0.980146842838472 0.003081369397325
0.975528258147577 0.003883428678234
0.970440384477113 0.004800717192627
0.964888242944126 0.005839849798641
0.958877312841991 0.007006838604735
0.952413526233010 0.008306800799812
0.945503262094184 0.009743620554488
0.938153340021932 0.011319608216027
0.930371013501972 0.013035171383052
0.922163962751008 0.014888465894332
0.913540287137281 0.016875064850660
0.904508497187474 0.018987628682924
0.895077506187845 0.021215972400343
0.885256621387895 0.023552155594309
0.875055534815230 0.025991044363146
0.864484313710706 0.028526488070637
0.853553390593274 0.031151130332055
0.842273552964344 0.033856450746364
0.830655932661826 0.036633261355177
0.818711994874345 0.039471535081849
0.806453526826488 0.042360148358422
0.793892626146236 0.045286877569346
0.781041688926065 0.048237807654387
0.767913397489498 0.051197446051777
0.754520707875186 0.054149168699477
0.740876837050858 0.057075378037137
0.726995249869773 0.059957486366259
0.712889645782536 0.062776061293989
0.698573945317390 0.065511041049044
0.684062276342339 0.068141982686747
0.669368960122646 0.070648303323881
0.654508497187474 0.073009868707067
0.639495553019615 0.075204363726116
0.624344943582427 0.077199941794933
0.609071620698271 0.078954524872409
0.593690657292862 0.080429238324924
0.578217232520115 0.081631819957128
0.562666616782152 0.082600813884700
0.547054156659257 0.083395203642388
0.531395259764657 0.084044885603171
0.515705379539064 0.084559963890225
0.500000000000000 0.084937160087513
0.484294620460936 0.085176639253127
0.468604740235343 0.085284218226517
0.452945843340743 0.085268182213679
0.437333383217848 0.085134410040309
0.421782767479884 0.084882170686065
0.406309342707138 0.084507699665333
0.390928379301729 0.084007333218733
0.375655056417573 0.083384178190147
0.360504446980385 0.082644830636004
0.345491502812526 0.081797555422467
0.330631039877354 0.080847085562240
0.315937723657661 0.079796067164155
0.301426054682610 0.078646129496614
0.287110354217464 0.077399373801986
0.273004750130227 0.076058096124489
0.259123162949142 0.074624542692531
0.245479292124814 0.073101748498832
0.232086602510502 0.071493247171629
0.218958311073935 0.069802945310647
0.206107373853763 0.068035372457953
0.193546473173512 0.066195854303501
0.181288005125655 0.064287684076757
0.169344067338174 0.062312482009856
0.157726447035656 0.060272916467073
0.146446609406726 0.058173091735865
0.135515686289294 0.056017031089059
0.124944465184770 0.053807336115634
0.114743378612105 0.051548012058488
0.104922493812155 0.049245066684442
0.095491502812526 0.046906272999832
0.086459712862719 0.044542909356875
0.077836037248992 0.042170054570655
0.069628986498028 0.039802518681931
0.061846659978068 0.037437749897838
0.054496737905816 0.035059943273137
0.047586473766990 0.032662287589269
0.041122687158009 0.030256055242518
0.035111757055874 0.027878125010278
0.029559615522887 0.025566418328279
0.024471741852423 0.023355129664045
0.019853157161528 0.021254837393796
0.015708419435684 0.019177652803349
0.012041619030626 0.017048567668706
0.008856374635656 0.014849784426849
0.006155829702431 0.012616348326729
0.003942649342761 0.010320256380973
0.002219017698460 0.007817407742547
0.000986635785864 0.005198112160606
0.000246719817134 0.002566584133937
0.000000000000000 0.000000000000000
0.000246719817134 -0.002457964919499
0.000986635785864 -0.004903134121617
0.002219017698460 -0.007343830581507
0.003942649342761 -0.009728110119345
0.006155829702431 -0.011976191920790
0.008856374635656 -0.014019289353692
0.012041619030626 -0.015928137946154
0.015708419435684 -0.017713386334819
0.019853157161528 -0.019379468227514
0.024471741852423 -0.020974256951788
0.029559615522887 -0.022602226699310
0.035111757055874 -0.024314215921053
0.041122687158009 -0.026084898438516
0.047586473766990 -0.027882414735737
0.054496737905816 -0.029670070106377
0.061846659978068 -0.031425954214396
0.069628986498028 -0.033155568968198
0.077836037248993 -0.034875591256322
0.086459712862719 -0.036600048666405
0.095491502812526 -0.038318929307076
0.104922493812155 -0.040015698950310
0.114743378612105 -0.041678133919793
0.124944465184770 -0.043300680429320
0.135515686289294 -0.044880265291286
0.146446609406726 -0.046415643097806
0.157726447035656 -0.047907525402208
0.169344067338174 -0.049354072725776
0.181288005125655 -0.050751295076072
0.193546473173512 -0.052095641538552
0.206107373853763 -0.053384575730878
0.218958311073935 -0.054615684096405
0.232086602510502 -0.055786215958639
0.245479292124814 -0.056894084330904
0.259123162949142 -0.057937784560764
0.273004750130227 -0.058915750936819
0.287110354217464 -0.059826189125074
0.301426054682610 -0.060668187448139
0.315937723657661 -0.061439805527012
0.330631039877354 -0.062137656231510
0.345491502812526 -0.062757410854658
0.360504446980386 -0.063295017373844
0.375655056417573 -0.063746802919257
0.390928379301729 -0.064109132117147
0.406309342707138 -0.064379158410104
0.421782767479884 -0.064555485920804
0.437333383217848 -0.064640011425153
0.452945843340743 -0.064634677101060
0.468604740235343 -0.064539238977263
0.484294620460936 -0.064348577622620
0.500000000000000 -0.064055388887978
0.515705379539064 -0.063654246207785
0.531395259764657 -0.063144687877006
0.547054156659257 -0.062529403169750
0.562666616782152 -0.061797174364214
0.578217232520115 -0.060916785589311
0.593690657292863 -0.059828470215674
0.609071620698271 -0.058494608341680
0.624344943582427 -0.056909660365139
0.639495553019615 -0.055113437924022
0.654508497187474 -0.053147355367964
0.669368960122646 -0.051042446808627
0.684062276342339 -0.048820816317388
0.698573945317390 -0.046502676899351
0.712889645782536 -0.044108706928174
0.726995249869774 -0.041660166539414
0.740876837050858 -0.039177956767982
0.754520707875186 -0.036681689066962
0.767913397489498 -0.034188665431223
0.781041688926065 -0.031713194662552
0.793892626146237 -0.029268271022400
0.806453526826489 -0.026866314033848
0.818711994874345 -0.024520701919723
0.830655932661826 -0.022245597607358
0.842273552964344 -0.020053178903993
0.853553390593274 -0.017953658601134
0.864484313710706 -0.015953702255396
0.875055534815230 -0.014056118750316
0.885256621387895 -0.012262668954114
0.895077506187845 -0.010574199884851
0.904508497187474 -0.008991352795269
0.913540287137281 -0.007523952110052
0.922163962751008 -0.006186934732838
0.930371013501972 -0.004989967849633
0.938153340021932 -0.003937642387984
0.945503262094184 -0.003030056867065
0.952413526233010 -0.002263432013027
0.958877312841991 -0.001630725745554
0.964888242944126 -0.001122250761184
0.970440384477113 -0.000726279340967
0.975528258147577 -0.000429632165025
0.980146842838472 -0.000218236386048
0.984291580564316 -0.000077659908796
0.987958380969374 0.000006399085922
0.991143625364344 0.000047660700725
0.993844170297569 0.000058859808857
0.996057350657239 0.000051387255781
0.997780982301540 0.000034986183326
0.999013364214136 0.000017498855864
0.999753280182866 0.000004668924456
1.000000000000000 0.000000000000000
