1.000000000000000 0.000000000000000
0.999753280182866 0.000073423747057
0.999013364214136 0.000292864833683
0.997780982301540 0.000655849842773
0.996057350657239 0.001158349694376
0.993844170297569 0.001794889123550
0.991143625364344 0.002558728274682
0.987958380969374 0.003442066466044
0.984291580564316 0.004436295510416
0.980146842838472 0.005532273199079
0.975528258147577 0.006720618699468
0.970440384477113 0.007992066110052
0.964888242944126 0.009337764882069
0.958877312841991 0.010749665129977
0.952413526233010 0.012220842967267
0.945503262094184 0.013745877003420
0.938153340021932 0.015321178699510
0.930371013501972 0.016945352727396
0.922163962751008 0.018619545990152
0.913540287137281 0.020347762888997
0.904508497187474 0.022137244596249
0.895077506187845 0.023998227374499
0.885256621387895 0.025934868742347
0.875055534815230 0.027942277584208
0.864484313710706 0.030014562731285
0.853553390593274 0.032144966531823
0.842273552964344 0.034325920803696
0.830655932661826 0.036549002433793
0.818711994874345 0.038804982041158
0.806453526826488 0.041083742408921
0.793892626146236 0.043374654133594
0.781041688926065 0.045670424329799
0.767913397489498 0.047968532555671
0.754520707875186 0.050267012079290
0.740876837050858 0.052564398406203
0.726995249869773 0.054859561280409
0.712889645782536 0.057152036694063
0.698573945317390 0.059441797499994
0.684062276342339 0.061726586556361
0.669368960122646 0.064000629703719
0.654508497187474 0.066255482365976
0.639495553019615 0.068483133736918
0.624344943582427 0.070675516802702
0.609071620698271 0.072824411465349
0.593690657292862 0.074921644571179
0.578217232520115 0.076961626830947
0.562666616782152 0.078941904377502
0.547054156659257 0.080860539619793
0.531395259764657 0.082715906003606
0.515705379539064 0.084506682697724
0.500000000000000 0.086231642633138
0.484294620460936 0.087888491441923
0.468604740235343 0.089469150057724
0.452945843340743 0.090964078165227
0.437333383217848 0.092364364239941
0.421782767479884 0.093661607281877
0.406309342707138 0.094847984377870
0.390928379301729 0.095916400716758
0.375655056417573 0.096860560451951
0.360504446980385 0.097675043243535
0.345491502812526 0.098355230251081
0.330631039877354 0.098897331550810
0.315937723657661 0.099298430131585
0.301426054682610 0.099556547922472
0.287110354217464 0.099670438895808
0.273004750130227 0.099638600685919
0.259123162949142 0.099460556379119
0.245479292124814 0.099136816636862
0.232086602510502 0.098665816193069
0.218958311073935 0.098044890493533
0.206107373853763 0.097271791386948
0.193546473173512 0.096346363806827
0.181288005125655 0.095257673330150
0.169344067338174 0.093988942412077
0.157726447035656 0.092526911181045
0.146446609406726 0.090863582877708
0.135515686289294 0.088990567973937
0.124944465184770 0.086899268241037
0.114743378612105 0.084584663174164
0.104922493812155 0.082046033143132
0.095491502812526 0.079289649930478
0.086459712862719 0.076343972715844
0.077836037248992 0.073258569548704
0.069628986498028 0.070072640955847
0.061846659978068 0.066767100289164
0.054496737905816 0.063297878789072
0.047586473766990 0.059638572768543
0.041122687158009 0.055803951923478
0.035111757055874 0.051844868527938
0.029559615522887 0.047811966204166
0.024471741852423 0.043756333462752
0.019853157161528 0.039670730496307
0.015708419435684 0.035462735475542
0.012041619030626 0.031079100696719
0.008856374635656 0.026551317894707
0.006155829702431 0.021963544274446
0.003942649342761 0.017382196722887
0.002219017698460 0.012858273883245
0.000986635785864 0.008432288007001
0.000246719817134 0.004137204052445
0.000000000000000 0.000000000000000
0.000246719817134 -0.003956463096857
0.000986635785864 -0.007712927099944
0.002219017698460 -0.011277962187648
0.003942649342761 -0.014753821455154
0.006155829702431 -0.018181061263671
0.008856374635656 -0.021558514020102
0.012041619030626 -0.024869158976839
0.015708419435684 -0.028083159107037
0.019853157161528 -0.031161207706102
0.024471741852423 -0.034083534529674
0.029559615522887 -0.036860906004734
0.035111757055874 -0.039506020534454
0.041122687158009 -0.042033452477722
0.047586473766990 -0.044477727250690
0.054496737905816 -0.046894903732327
0.061846659978068 -0.049310698354098
0.069628986498028 -0.051689672545848
0.077836037248993 -0.053990749020053
0.086459712862719 -0.056187320504492
0.095491502812526 -0.058292213553587
0.104922493812155 -0.060335390715471
0.114743378612105 -0.062334617646262
0.124944465184770 -0.064281816788990
0.135515686289294 -0.066167218929520
0.146446609406726 -0.067982534759002
0.157726447035656 -0.069720520960639
0.169344067338174 -0.071368809095252
0.181288005125655 -0.072910453269142
0.193546473173512 -0.074327182700774
0.206107373853763 -0.075600872348994
0.218958311073935 -0.076722059138511
0.232086602510502 -0.077691454595950
0.245479292124814 -0.078515637615394
0.259123162949142 -0.079201301184706
0.273004750130227 -0.079749136123120
0.287110354217464 -0.080155998077343
0.301426054682610 -0.080417660300135
0.315937723657661 -0.080532455590028
0.330631039877354 -0.080502190749415
0.345491502812526 -0.080331235973538
0.360504446980386 -0.080024774943605
0.375655056417573 -0.079589024387782
0.390928379301729 -0.079031235450981
0.406309342707138 -0.078359559708714
0.421782767479884 -0.077580961275568
0.437333383217848 -0.076700097349933
0.452945843340743 -0.075721888511235
0.468604740235343 -0.074651749242346
0.484294620460936 -0.073495615756918
0.500000000000000 -0.072259724357622
0.515705379539064 -0.070950207685668
0.531395259764657 -0.069571107670124
0.547054156659257 -0.068125733561964
0.562666616782152 -0.066617767961668
0.578217232520115 -0.065051119251423
0.593690657292863 -0.063429878680599
0.609071620698271 -0.061758307787085
0.624344943582427 -0.060040718797941
0.639495553019615 -0.058281400978700
0.654508497187474 -0.056484786712908
0.669368960122646 -0.054655418916549
0.684062276342339 -0.052797918919836
0.698573945317390 -0.050917087008770
0.712889645782536 -0.049017419661224
0.726995249869774 -0.047102717220276
0.740876837050858 -0.045176490140773
0.754520707875186 -0.043242319272884
0.767913397489498 -0.041303978787207
0.781041688926065 -0.039365329362407
0.793892626146237 -0.037430338244089
0.806453526826489 -0.035503127800500
0.818711994874345 -0.033589198814628
0.830655932661826 -0.031695272221827
0.842273552964344 -0.029827776788497
0.853553390593274 -0.027992766248563
0.864484313710706 -0.026195912922433
0.875055534815230 -0.024442500952895
0.885256621387895 -0.022737411154360
0.895077506187845 -0.021085133923292
0.904508497187474 -0.019489591727197
0.913540287137281 -0.017947941962535
0.922163962751008 -0.016452089936640
0.930371013501972 -0.014996549474475
0.938153340021932 -0.013578654560044
0.945503262094184 -0.012198257625755
0.952413526233010 -0.010857419179354
0.958877312841991 -0.009560108601295
0.964888242944126 -0.008311880614356
0.970440384477113 -0.007119566227599
0.975528258147577 -0.005990954243707
0.980146842838472 -0.004934468604164
0.984291580564316 -0.003958853442622
0.987958380969374 -0.003072878622429
0.991143625364344 -0.002285052761375
0.993844170297569 -0.001603344384278
0.996057350657239 -0.001034954940683
0.997780982301540 -0.000586081513244
0.999013364214136 -0.000261738856279
0.999753280182866 -0.000065625253154
1.000000000000000 0.000000000000000
