1.000000000000000 0.000000000000000
0.999753280182866 0.000027044078976
0.999013364214136 0.000108314842823
0.997780982301540 0.000244209888101
0.996057350657239 0.000435389128481
0.993844170297569 0.000682742252940
0.991143625364344 0.000987359906482
0.987958380969374 0.001350505353943
0.984291580564316 0.001773564870135
0.980146842838472 0.002257997300454
0.975528258147577 0.002805283850344
0.970440384477113 0.003416851220478
0.964888242944126 0.004094019507873
0.958877312841991 0.004837925128527
0.952413526233010 0.005649444644352
0.945503262094184 0.006529116264699
0.938153340021932 0.007477067007406
0.930371013501972 0.008492937743517
0.922163962751008 0.009575792680756
0.913540287137281 0.010724053938010
0.904508497187474 0.011935430724867
0.895077506187845 0.013206890321319
0.885256621387895 0.014535451049436
0.875055534815230 0.015918285463595
0.864484313710706 0.017352079945727
0.853553390593274 0.018832980707454
0.842273552964344 0.020356597667565
0.830655932661826 0.021918011410868
0.818711994874345 0.023511775948483
0.806453526826488 0.025131907292712
0.793892626146236 0.026771856789648
0.781041688926065 0.028426027322733
0.767913397489498 0.030089606065978
0.754520707875186 0.031757852515588
0.740876837050858 0.033425666316856
0.726995249869773 0.035086412646234
0.712889645782536 0.036732460935729
0.698573945317390 0.038355814972492
0.684062276342339 0.039948755106353
0.669368960122646 0.041504750232807
0.654508497187474 0.043017632742863
0.639495553019615 0.044481037825838
0.624344943582427 0.045887810928314
0.609071620698271 0.047230546223555
0.593690657292862 0.048501755388640
0.578217232520115 0.049693804951383
0.562666616782152 0.050799382536824
0.547054156659257 0.051811275258401
0.531395259764657 0.052720050174173
0.515705379539064 0.053513852756369
0.500000000000000 0.054178348150416
0.484294620460936 0.054707216125199
0.468604740235343 0.055101800214836
0.452945843340743 0.055369814855924
0.437333383217848 0.055518843493597
0.421782767479884 0.055554263555012
0.406309342707138 0.055481056712987
0.390928379301729 0.055304205653994
0.375655056417573 0.055028869296775
0.360504446980385 0.054660542335797
0.345491502812526 0.054204608478250
0.330631039877354 0.053665352054918
0.315937723657661 0.053045971644187
0.301426054682610 0.052349098047108
0.287110354217464 0.051577775295198
0.273004750130227 0.050734625383523
0.259123162949142 0.049822177434350
0.245479292124814 0.048843491525957
0.232086602510502 0.047801689714582
0.218958311073935 0.046699953267577
0.206107373853763 0.045541874428169
0.193546473173512 0.044331464294577
0.181288005125655 0.043071568860616
0.169344067338174 0.041764276243698
0.157726447035656 0.040412206784283
0.146446609406726 0.039019072722893
0.135515686289294 0.037587905199332
0.124944465184770 0.036120573795050
0.114743378612105 0.034619911310932
0.104922493812155 0.033090174927851
0.095491502812526 0.031536888436138
0.086459712862719 0.029965782267804
0.077836037248992 0.028382732550475
0.069628986498028 0.026794418350611
0.061846659978068 0.025201102654751
0.054496737905816 0.023599785255802
0.047586473766990 0.021992662998053
0.041122687158009 0.020387621814453
0.035111757055874 0.018797996046545
0.029559615522887 0.017239499813284
0.024471741852423 0.015729356249991
0.019853157161528 0.014270356471942
0.015708419435684 0.012809805482214
0.012041619030626 0.011319339277364
0.008856374635656 0.009806173103984
0.006155829702431 0.008279048185183
0.003942649342761 0.006661000479378
0.002219017698460 0.004928253668184
0.000986635785864 0.003201699094428
0.000246719817134 0.001546649574129
0.000000000000000 0.000000000000000
0.000246719817134 -0.001447219824909
0.000986635785864 -0.002905851550371
0.002219017698460 -0.004374782344826
0.003942649342761 -0.005823983938061
0.006155829702431 -0.007193513407669
0.008856374635656 -0.008407013261604
0.012041619030626 -0.009524331347718
0.015708419435684 -0.010570499839355
0.019853157161528 -0.011549372544172
0.024471741852423 -0.012478071452206
0.029559615522887 -0.013413361936556
0.035111757055874 -0.014377472002085
0.041122687158009 -0.015358104045839
0.047586473766990 -0.016342713437646
0.054496737905816 -0.017319354994220
0.061846659978068 -0.018280955347739
0.069628986498028 -0.019227565563546
0.077836037248993 -0.020164048840146
0.086459712862719 -0.021094228617545
0.095491502812526 -0.022013318987440
0.104922493812155 -0.022915325476446
0.114743378612105 -0.023795715150594
0.124944465184770 -0.024651995358307
0.135515686289294 -0.025482843950871
0.146446609406726 -0.026288275108914
0.157726447035656 -0.027069176776412
0.169344067338174 -0.027824487235584
0.181288005125655 -0.028550683010956
0.193546473173512 -0.029244648873910
0.206107373853763 -0.029903565662228
0.218958311073935 -0.030525333155971
0.232086602510502 -0.031108623760618
0.245479292124814 -0.031652831511118
0.259123162949142 -0.032157329538780
0.273004750130227 -0.032620555300706
0.287110354217464 -0.033039687868834
0.301426054682610 -0.033411999165994
0.315937723657661 -0.033734925690997
0.330631039877354 -0.034005734971456
0.345491502812526 -0.034221965013505
0.360504446980386 -0.034380916984003
0.375655056417573 -0.034479237104914
0.390928379301729 -0.034513171119780
0.406309342707138 -0.034478617644550
0.421782767479884 -0.034371024540878
0.437333383217848 -0.034185084563811
0.452945843340743 -0.033915152096112
0.468604740235343 -0.033555610673228
0.484294620460936 -0.033099274151160
0.500000000000000 -0.032538849289814
0.515705379539064 -0.031873441997912
0.531395259764657 -0.031109256288990
0.547054156659257 -0.030260224929861
0.562666616782152 -0.029338143559549
0.578217232520115 -0.028352662629507
0.593690657292863 -0.027311866263314
0.609071620698271 -0.026223397035696
0.624344943582427 -0.025094459953021
0.639495553019615 -0.023931156863464
0.654508497187474 -0.022739475993539
0.669368960122646 -0.021525580806855
0.684062276342339 -0.020295722125495
0.698573945317390 -0.019055949713040
0.712889645782536 -0.017812571709235
0.726995249869774 -0.016573454357984
0.740876837050858 -0.015346686110028
0.754520707875186 -0.014139453603291
0.767913397489498 -0.012956872458195
0.781041688926065 -0.011801071221242
0.793892626146237 -0.010673574465842
0.806453526826489 -0.009576543181413
0.818711994874345 -0.008515219686632
0.830655932661826 -0.007497955247655
0.842273552964344 -0.006531687206014
0.853553390593274 -0.005622064030147
0.864484313710706 -0.004771681426254
0.875055534815230 -0.003979652540867
0.885256621387895 -0.003244615869316
0.895077506187845 -0.002564944868430
0.904508497187474 -0.001939167562069
0.913540287137281 -0.001371585611210
0.922163962751008 -0.000870348107784
0.930371013501972 -0.000440577817718
0.938153340021932 -0.000084470929079
0.945503262094184 0.000198392831339
0.952413526233010 0.000410709072550
0.958877312841991 0.000557100428282
0.964888242944126 0.000643765965158
0.970440384477113 0.000678134173584
0.975528258147577 0.000668516711179
0.980146842838472 0.000623776463844
0.984291580564316 0.000553006613700
0.987958380969374 0.000465229202797
0.991143625364344 0.000369113940790
0.993844170297569 0.000272721246683
0.996057350657239 0.000183276077396
0.997780982301540 0.000106967415743
0.999013364214136 0.000048784010852
0.999753280182866 0.000012383188747
1.000000000000000 0.000000000000000
