1.000000000000000 0.000000000000000
0.999753280182866 0.000060594357961
0.999013364214136 0.000242223618618
0.997780982301540 0.000544435652301
0.996057350657239 0.000966472185913
0.993844170297569 0.001507279579722
0.991143625364344 0.002165498069523
0.987958380969374 0.002939496164156
0.984291580564316 0.003827330319167
0.980146842838472 0.004826798378366
0.975528258147577 0.005935409648161
0.970440384477113 0.007150408719026
0.964888242944126 0.008468790880355
0.958877312841991 0.009887292155347
0.952413526233010 0.011402419026645
0.945503262094184 0.013010435668666
0.938153340021932 0.014707411574474
0.930371013501972 0.016489188911894
0.922163962751008 0.018351431021776
0.913540287137281 0.020289628725713
0.904508497187474 0.022299091238710
0.895077506187845 0.024374993890185
0.885256621387895 0.026512384026744
0.875055534815230 0.028706383783399
0.864484313710706 0.030952177389968
0.853553390593274 0.033244956485719
0.842273552964344 0.035579898739117
0.830655932661826 0.037952215671391
0.818711994874345 0.040357155196766
0.806453526826488 0.042790012953615
0.793892626146236 0.045246199255777
0.781041688926065 0.047721024537514
0.767913397489498 0.050209471890190
0.754520707875186 0.052706308117339
0.740876837050858 0.055206359687550
0.726995249869773 0.057704498218734
0.712889645782536 0.060195663505931
0.698573945317390 0.062674881824269
0.684062276342339 0.065137177307080
0.669368960122646 0.067577120738614
0.654508497187474 0.069988849131689
0.639495553019615 0.072366603488357
0.624344943582427 0.074704701452680
0.609071620698271 0.076997585780509
0.593690657292862 0.079239968202328
0.578217232520115 0.081426097030337
0.562666616782152 0.083549490885247
0.547054156659257 0.085603544286093
0.531395259764657 0.087581780118031
0.515705379539064 0.089478037016314
0.500000000000000 0.091286517615339
0.484294620460936 0.093001592242341
0.468604740235343 0.094616635192052
0.452945843340743 0.096124887443385
0.437333383217848 0.097519955546960
0.421782767479884 0.098796042756356
0.406309342707138 0.099947978413654
0.390928379301729 0.100971019104582
0.375655056417573 0.101859780814851
0.360504446980385 0.102607055230632
0.345491502812526 0.103206375026513
0.330631039877354 0.103652363315892
0.315937723657661 0.103940622698294
0.301426054682610 0.104067919149905
0.287110354217464 0.104031943850013
0.273004750130227 0.103829252482798
0.259123162949142 0.103456889208917
0.245479292124814 0.102913350842713
0.232086602510502 0.102196868417788
0.218958311073935 0.101305706028494
0.206107373853763 0.100238781673240
0.193546473173512 0.098997255419024
0.181288005125655 0.097581265430482
0.169344067338174 0.095989996597662
0.157726447035656 0.094224594328642
0.146446609406726 0.092289473164458
0.135515686289294 0.090186601808915
0.124944465184770 0.087915237542762
0.114743378612105 0.085475873363139
0.104922493812155 0.082873327505548
0.095491502812526 0.080115791759629
0.086459712862719 0.077209522283282
0.077836037248992 0.074157999218425
0.069628986498028 0.070968678326780
0.061846659978068 0.067642528219717
0.054496737905816 0.064179034634763
0.047586473766990 0.060585827331592
0.041122687158009 0.056872343790503
0.035111757055874 0.053043563367846
0.029559615522887 0.049110293224719
0.024471741852423 0.045091241536672
0.019853157161528 0.040993721121252
0.015708419435684 0.036776580506101
0.012041619030626 0.032402084118463
0.008856374635656 0.027867765230019
0.006155829702431 0.023227506456388
0.003942649342761 0.018534065197308
0.002219017698460 0.013830911931976
0.000986635785864 0.009154285699187
0.000246719817134 0.004535269632327
0.000000000000000 0.000000000000000
0.000246719817134 -0.004535170547947
0.000986635785864 -0.009154282719702
0.002219017698460 -0.013830922825858
0.003942649342761 -0.018534068297251
0.006155829702431 -0.023227508390591
0.008856374635656 -0.027867770309250
0.012041619030626 -0.032402092966959
0.015708419435684 -0.036776579042325
0.019853157161528 -0.040993725243140
0.024471741852423 -0.045091243117291
0.029559615522887 -0.049110296470701
0.035111757055874 -0.053043572090305
0.041122687158009 -0.056872355729252
0.047586473766990 -0.060585831024247
0.054496737905816 -0.064179039606065
0.061846659978068 -0.067642531264932
0.069628986498028 -0.070968683817311
0.077836037248993 -0.074158004421818
0.086459712862719 -0.077209526558770
0.095491502812526 -0.080115796525868
0.104922493812155 -0.082873331955551
0.114743378612105 -0.085475878605596
0.124944465184770 -0.087915243417910
0.135515686289294 -0.090186608753884
0.146446609406726 -0.092289480147203
0.157726447035656 -0.094224597030095
0.169344067338174 -0.095990001885371
0.181288005125655 -0.097581270332657
0.193546473173512 -0.098997260882712
0.206107373853763 -0.100238785474901
0.218958311073935 -0.101305710611781
0.232086602510502 -0.102196872912273
0.245479292124814 -0.102913355496202
0.259123162949142 -0.103456893110883
0.273004750130227 -0.103829256582973
0.287110354217464 -0.104031947966549
0.301426054682610 -0.104067923221107
0.315937723657661 -0.103940626643179
0.330631039877354 -0.103652367244034
0.345491502812526 -0.103206378586501
0.360504446980386 -0.102607059340436
0.375655056417573 -0.101859784430257
0.390928379301729 -0.100971022446195
0.406309342707138 -0.099947983061561
0.421782767479884 -0.098796045866486
0.437333383217848 -0.097519959428137
0.452945843340743 -0.096124891897545
0.468604740235343 -0.094616638062011
0.484294620460936 -0.093001594736543
0.500000000000000 -0.091286520106535
0.515705379539064 -0.089478039790921
0.531395259764657 -0.087581784073414
0.547054156659257 -0.085603546193034
0.562666616782152 -0.083549493632292
0.578217232520115 -0.081426100507707
0.593690657292863 -0.079239971249489
0.609071620698271 -0.076997588275866
0.624344943582427 -0.074704705290922
0.639495553019615 -0.072366604606741
0.654508497187474 -0.069988849525090
0.669368960122646 -0.067577123465386
0.684062276342339 -0.065137178785166
0.698573945317390 -0.062674884786099
0.712889645782536 -0.060195667997124
0.726995249869774 -0.057704500492881
0.740876837050858 -0.055206362269506
0.754520707875186 -0.052706309885125
0.767913397489498 -0.050209474082402
0.781041688926065 -0.047721025015790
0.793892626146237 -0.045246200877797
0.806453526826489 -0.042790017446830
0.818711994874345 -0.040357155670637
0.830655932661826 -0.037952214185721
0.842273552964344 -0.035579899724582
0.853553390593274 -0.033244958223604
0.864484313710706 -0.030952178009038
0.875055534815230 -0.028706382807799
0.885256621387895 -0.026512387255524
0.895077506187845 -0.024374992287323
0.904508497187474 -0.022299092726506
0.913540287137281 -0.020289629592640
0.922163962751008 -0.018351433946837
0.930371013501972 -0.016489189821729
0.938153340021932 -0.014707411541117
0.945503262094184 -0.013010435832637
0.952413526233010 -0.011402417334060
0.958877312841991 -0.009887291649042
0.964888242944126 -0.008468793190356
0.970440384477113 -0.007150408120252
0.975528258147577 -0.005935408661309
0.980146842838472 -0.004826796558148
0.984291580564316 -0.003827331966598
0.987958380969374 -0.002939493497563
0.991143625364344 -0.002165497655422
0.993844170297569 -0.001507279336589
0.996057350657239 -0.000966471920087
0.997780982301540 -0.000544434365346
0.999013364214136 -0.000242222415269
0.999753280182866 -0.000060592079339
1.000000000000000 0.000000000000000
