1.000000000000000 0.000000000000000
0.999753280182866 0.000027414701917
0.999013364214136 0.000109711708104
0.997780982301540 0.000247055124946
0.996057350657239 0.000439702736410
0.993844170297569 0.000688003399811
0.991143625364344 0.000992371700180
0.987958380969374 0.001353271979436
0.984291580564316 0.001771190046303
0.980146842838472 0.002246598746311
0.975528258147577 0.002779930048006
0.970440384477113 0.003371533721607
0.964888242944126 0.004021639368457
0.958877312841991 0.004730316268384
0.952413526233010 0.005497423087377
0.945503262094184 0.006322564743939
0.938153340021932 0.007205053122962
0.930371013501972 0.008143852962884
0.922163962751008 0.009137543407469
0.913540287137281 0.010184268109870
0.904508497187474 0.011281699128572
0.895077506187845 0.012426983602463
0.885256621387895 0.013616251714270
0.875055534815230 0.014844523458622
0.864484313710706 0.016105972876607
0.853553390593274 0.017393917550622
0.842273552964344 0.018701134372754
0.830655932661826 0.020022637346279
0.818711994874345 0.021355064791465
0.806453526826488 0.022695055379621
0.793892626146236 0.024039306785106
0.781041688926065 0.025382208657267
0.767913397489498 0.026716151200597
0.754520707875186 0.028032683652791
0.740876837050858 0.029323196051175
0.726995249869773 0.030579889826148
0.712889645782536 0.031795425928709
0.698573945317390 0.032962426431496
0.684062276342339 0.034072886451468
0.669368960122646 0.035117344185019
0.654508497187474 0.036085677568149
0.639495553019615 0.036968047942890
0.624344943582427 0.037756094935248
0.609071620698271 0.038440226284428
0.593690657292862 0.039013438191066
0.578217232520115 0.039481312279291
0.562666616782152 0.039860738498597
0.547054156659257 0.040174779809215
0.531395259764657 0.040434170679519
0.515705379539064 0.040640574600269
0.500000000000000 0.040787972627921
0.484294620460936 0.040873696542160
0.468604740235343 0.040897960496167
0.452945843340743 0.040862673342423
0.437333383217848 0.040769481796062
0.421782767479884 0.040619443107122
0.406309342707138 0.040413368546655
0.390928379301729 0.040152093239726
0.375655056417573 0.039836563377728
0.360504446980385 0.039467744930894
0.345491502812526 0.039046761001362
0.330631039877354 0.038575010952187
0.315937723657661 0.038054139008199
0.301426054682610 0.037485984639238
0.287110354217464 0.036872348129655
0.273004750130227 0.036213849153239
0.259123162949142 0.035510836910160
0.245479292124814 0.034764157116738
0.232086602510502 0.033975401568769
0.218958311073935 0.033146910949733
0.206107373853763 0.032281595164604
0.193546473173512 0.031382365587863
0.181288005125655 0.030451259342067
0.169344067338174 0.029489299876059
0.157726447035656 0.028498069884704
0.146446609406726 0.027479949440931
0.135515686289294 0.026436618585278
0.124944465184770 0.025368938463106
0.114743378612105 0.024278487850437
0.104922493812155 0.023168028732405
0.095491502812526 0.022041331170516
0.086459712862719 0.020904996351679
0.077836037248992 0.019768084908286
0.069628986498028 0.018638715886671
0.061846659978068 0.017512289740020
0.054496737905816 0.016378922397643
0.047586473766990 0.015234705670701
0.041122687158009 0.014088095382323
0.035111757055874 0.012960941013060
0.029559615522887 0.011872888190122
0.024471741852423 0.010840292281330
0.019853157161528 0.009856602292149
0.015708419435684 0.008855528687308
0.012041619030626 0.007803471861600
0.008856374635656 0.006718940999823
0.006155829702431 0.005657023419850
0.003942649342761 0.004514910357395
0.002219017698460 0.003298660427986
0.000986635785864 0.002115609549606
0.000246719817134 0.001008712127576
0.000000000000000 0.000000000000000
0.000246719817134 -0.000930798364354
0.000986635785864 -0.001862488074897
0.002219017698460 -0.002789749010729
0.003942649342761 -0.003692208073842
0.006155829702431 -0.004521638060434
0.008856374635656 -0.005214373954922
0.012041619030626 -0.005855660421323
0.015708419435684 -0.006435170484108
0.019853157161528 -0.006936164069002
0.024471741852423 -0.007382187844762
0.029559615522887 -0.007836744818647
0.035111757055874 -0.008323181111855
0.041122687158009 -0.008831324466372
0.047586473766990 -0.009346981120158
0.054496737905816 -0.009852125235494
0.061846659978068 -0.010338675817634
0.069628986498028 -0.010812471569435
0.077836037248993 -0.011284893973005
0.086459712862719 -0.011764173663816
0.095491502812526 -0.012244055730037
0.104922493812155 -0.012715372078925
0.114743378612105 -0.013172273661903
0.124944465184770 -0.013614014185537
0.135515686289294 -0.014041030273916
0.146446609406726 -0.014454795529029
0.157726447035656 -0.014857368128492
0.169344067338174 -0.015248842776629
0.181288005125655 -0.015627110447577
0.193546473173512 -0.015990232115003
0.206107373853763 -0.016336320632662
0.218958311073935 -0.016664249402709
0.232086602510502 -0.016973637797774
0.245479292124814 -0.017264584486138
0.259123162949142 -0.017537276576500
0.273004750130227 -0.017791526020974
0.287110354217464 -0.018026822617637
0.301426054682610 -0.018242732447599
0.315937723657661 -0.018438712148430
0.330631039877354 -0.018613371035483
0.345491502812526 -0.018765058564738
0.360504446980386 -0.018892455150282
0.375655056417573 -0.018995187334381
0.390928379301729 -0.019073713422067
0.406309342707138 -0.019128584172135
0.421782767479884 -0.019159487292445
0.437333383217848 -0.019165341255366
0.452945843340743 -0.019144674062127
0.468604740235343 -0.019096284606250
0.484294620460936 -0.019018895661969
0.500000000000000 -0.018911276674688
0.515705379539064 -0.018773469523488
0.531395259764657 -0.018607912333300
0.547054156659257 -0.018420031902087
0.562666616782152 -0.018207713071353
0.578217232520115 -0.017959969322879
0.593690657292863 -0.017654197391357
0.609071620698271 -0.017273748226680
0.624344943582427 -0.016812889389143
0.639495553019615 -0.016277388618534
0.654508497187474 -0.015675476759231
0.669368960122646 -0.015014597434769
0.684062276342339 -0.014304347405225
0.698573945317390 -0.013554570374971
0.712889645782536 -0.012774324301122
0.726995249869774 -0.011971801854983
0.740876837050858 -0.011154671322783
0.754520707875186 -0.010330081802729
0.767913397489498 -0.009504505990750
0.781041688926065 -0.008683567414974
0.793892626146237 -0.007872344803798
0.806453526826489 -0.007075641550747
0.818711994874345 -0.006298462335747
0.830655932661826 -0.005546054281086
0.842273552964344 -0.004822905902065
0.853553390593274 -0.004132792709221
0.864484313710706 -0.003478587490218
0.875055534815230 -0.002862242014218
0.885256621387895 -0.002285113969906
0.895077506187845 -0.001747995100618
0.904508497187474 -0.001251494255093
0.913540287137281 -0.000800659397058
0.922163962751008 -0.000403531031776
0.930371013501972 -0.000065325211623
0.938153340021932 0.000211432508222
0.945503262094184 0.000426635425631
0.952413526233010 0.000582282042172
0.958877312841991 0.000682161901832
0.964888242944126 0.000731537120788
0.970440384477113 0.000736824515859
0.975528258147577 0.000705280886114
0.980146842838472 0.000644699314845
0.984291580564316 0.000563115586185
0.987958380969374 0.000468531622170
0.991143625364344 0.000368660055842
0.993844170297569 0.000270685749961
0.996057350657239 0.000181060581888
0.997780982301540 0.000105317008466
0.999013364214136 0.000047920807882
0.999753280182866 0.000012147963060
1.000000000000000 0.000000000000000
