1.000000000000000 0.000000000000000
0.999753280182866 0.000057093945122
0.999013364214136 0.000228110844258
0.997780982301540 0.000512252366753
0.996057350657239 0.000908184429175
0.993844170297569 0.001414052169606
0.991143625364344 0.002027471783430
0.987958380969374 0.002745551685284
0.984291580564316 0.003564886717945
0.980146842838472 0.004481569728654
0.975528258147577 0.005491215781490
0.970440384477113 0.006588956312866
0.964888242944126 0.007769465653965
0.958877312841991 0.009026965711601
0.952413526233010 0.010355254467061
0.945503262094184 0.011747709751265
0.938153340021932 0.013197323532026
0.930371013501972 0.014696712022199
0.922163962751008 0.016238144851509
0.913540287137281 0.017813561415539
0.904508497187474 0.019414605245351
0.895077506187845 0.021032636556446
0.885256621387895 0.022659097208368
0.875055534815230 0.024286293474014
0.864484313710706 0.025906877845957
0.853553390593274 0.027513684263297
0.842273552964344 0.029099791023402
0.830655932661826 0.030658535621831
0.818711994874345 0.032183565324694
0.806453526826488 0.033668866333271
0.793892626146236 0.035108769507756
0.781041688926065 0.036498170741766
0.767913397489498 0.037832660724733
0.754520707875186 0.039108424247456
0.740876837050858 0.040322127641797
0.726995249869773 0.041470979728294
0.712889645782536 0.042552678507003
0.698573945317390 0.043565532786338
0.684062276342339 0.044508013515232
0.669368960122646 0.045377515655678
0.654508497187474 0.046171302599028
0.639495553019615 0.046886905667828
0.624344943582427 0.047522328617080
0.609071620698271 0.048075662000616
0.593690657292862 0.048545652414838
0.578217232520115 0.048932991508100
0.562666616782152 0.049240603411093
0.547054156659257 0.049473121493025
0.531395259764657 0.049635082660460
0.515705379539064 0.049731702541541
0.500000000000000 0.049768886062818
0.484294620460936 0.049749848178921
0.468604740235343 0.049674983140021
0.452945843340743 0.049540931007583
0.437333383217848 0.049344609652475
0.421782767479884 0.049083766205753
0.406309342707138 0.048755868011221
0.390928379301729 0.048359662051320
0.375655056417573 0.047896275045438
0.360504446980385 0.047369466693821
0.345491502812526 0.046784042283669
0.330631039877354 0.046144461255631
0.315937723657661 0.045455347389715
0.301426054682610 0.044721405903566
0.287110354217464 0.043946567839171
0.273004750130227 0.043129517411184
0.259123162949142 0.042267045490340
0.245479292124814 0.041356762538618
0.232086602510502 0.040397032621974
0.218958311073935 0.039387120571297
0.206107373853763 0.038326864245169
0.193546473173512 0.037217399878716
0.181288005125655 0.036063410876123
0.169344067338174 0.034873477879622
0.157726447035656 0.033656043958231
0.146446609406726 0.032419616697786
0.135515686289294 0.031167491858392
0.124944465184770 0.029897265542401
0.114743378612105 0.028606864547240
0.104922493812155 0.027296483706825
0.095491502812526 0.025968060912651
0.086459712862719 0.024629210566936
0.077836037248992 0.023291986164606
0.069628986498028 0.021965716785172
0.061846659978068 0.020637312932604
0.054496737905816 0.019286577585191
0.047586473766990 0.017906030701257
0.041122687158009 0.016510379222398
0.035111757055874 0.015130321244854
0.029559615522887 0.013789361647398
0.024471741852423 0.012505375154674
0.019853157161528 0.011251881374511
0.015708419435684 0.009938111315809
0.012041619030626 0.008582627136217
0.008856374635656 0.007245259221414
0.006155829702431 0.005939618524892
0.003942649342761 0.004669488657324
0.002219017698460 0.003438029932695
0.000986635785864 0.002247867588127
0.000246719817134 0.001101233632648
0.000000000000000 0.000000000000000
0.000246719817134 -0.001101225732440
0.000986635785864 -0.002247855386454
0.002219017698460 -0.003438026071398
0.003942649342761 -0.004669487948980
0.006155829702431 -0.005939619530921
0.008856374635656 -0.007245258108503
0.012041619030626 -0.008582628406662
0.015708419435684 -0.009938113204902
0.019853157161528 -0.011251885643038
0.024471741852423 -0.012505373820467
0.029559615522887 -0.013789364021800
0.035111757055874 -0.015130322729092
0.041122687158009 -0.016510384524112
0.047586473766990 -0.017906033821385
0.054496737905816 -0.019286577248373
0.061846659978068 -0.020637313948758
0.069628986498028 -0.021965717596840
0.077836037248993 -0.023291988432390
0.086459712862719 -0.024629210673916
0.095491502812526 -0.025968062331892
0.104922493812155 -0.027296486259263
0.114743378612105 -0.028606866938227
0.124944465184770 -0.029897267100996
0.135515686289294 -0.031167492918755
0.146446609406726 -0.032419617904469
0.157726447035656 -0.033656045314754
0.169344067338174 -0.034873479299935
0.181288005125655 -0.036063412638874
0.193546473173512 -0.037217402028786
0.206107373853763 -0.038326865251155
0.218958311073935 -0.039387122020404
0.232086602510502 -0.040397033364373
0.245479292124814 -0.041356763928715
0.259123162949142 -0.042267046706610
0.273004750130227 -0.043129518878005
0.287110354217464 -0.043946568853609
0.301426054682610 -0.044721406519833
0.315937723657661 -0.045455348419394
0.330631039877354 -0.046144461725293
0.345491502812526 -0.046784043430480
0.360504446980386 -0.047369467987523
0.375655056417573 -0.047896275822008
0.390928379301729 -0.048359662742518
0.406309342707138 -0.048755868772688
0.421782767479884 -0.049083767089746
0.437333383217848 -0.049344610392603
0.452945843340743 -0.049540931704987
0.468604740235343 -0.049674983931468
0.484294620460936 -0.049749848902172
0.500000000000000 -0.049768886778629
0.515705379539064 -0.049731703292045
0.531395259764657 -0.049635083334408
0.547054156659257 -0.049473122282618
0.562666616782152 -0.049240603958729
0.578217232520115 -0.048932991916796
0.593690657292863 -0.048545652962234
0.609071620698271 -0.048075662403756
0.624344943582427 -0.047522329779074
0.639495553019615 -0.046886905729629
0.654508497187474 -0.046171303761643
0.669368960122646 -0.045377516119592
0.684062276342339 -0.044508014265396
0.698573945317390 -0.043565533012416
0.712889645782536 -0.042552678763475
0.726995249869774 -0.041470980394979
0.740876837050858 -0.040322128306049
0.754520707875186 -0.039108423194599
0.767913397489498 -0.037832661615594
0.781041688926065 -0.036498172385383
0.793892626146237 -0.035108770814354
0.806453526826489 -0.033668867790258
0.818711994874345 -0.032183566210179
0.830655932661826 -0.030658534667425
0.842273552964344 -0.029099790778416
0.853553390593274 -0.027513686275929
0.864484313710706 -0.025906877697659
0.875055534815230 -0.024286295062662
0.885256621387895 -0.022659095432590
0.895077506187845 -0.021032635341811
0.904508497187474 -0.019414608100873
0.913540287137281 -0.017813562231775
0.922163962751008 -0.016238144369213
0.930371013501972 -0.014696711530538
0.938153340021932 -0.013197324094276
0.945503262094184 -0.011747711290109
0.952413526233010 -0.010355252292898
0.958877312841991 -0.009026966341787
0.964888242944126 -0.007769467660080
0.970440384477113 -0.006588956927574
0.975528258147577 -0.005491217050668
0.980146842838472 -0.004481571084551
0.984291580564316 -0.003564886325408
0.987958380969374 -0.002745552699956
0.991143625364344 -0.002027470664047
0.993844170297569 -0.001414052363825
0.996057350657239 -0.000908186108698
0.997780982301540 -0.000512253117755
0.999013364214136 -0.000228113532380
0.999753280182866 -0.000057095752286
1.000000000000000 0.000000000000000
