1.000000000000000 0.000000000000000
0.999753280182866 0.000030595064987
0.999013364214136 0.000122757941246
0.997780982301540 0.000277605566215
0.996057350657239 0.000496972970261
0.993844170297569 0.000783362459745
0.991143625364344 0.001139884073951
0.987958380969374 0.001570166889020
0.984291580564316 0.002078267901610
0.980146842838472 0.002668545456395
0.975528258147577 0.003345550951662
0.970440384477113 0.004113858444415
0.964888242944126 0.004977928842366
0.958877312841991 0.005941935419483
0.952413526233010 0.007009579624360
0.945503262094184 0.008183927241376
0.938153340021932 0.009467196080579
0.930371013501972 0.010860580430094
0.922163962751008 0.012364062408469
0.913540287137281 0.013976212804022
0.904508497187474 0.015694016822904
0.895077506187845 0.017512839069979
0.885256621387895 0.019428419738735
0.875055534815230 0.021437150798699
0.864484313710706 0.023534408346905
0.853553390593274 0.025714474611575
0.842273552964344 0.027970636515815
0.830655932661826 0.030296913545661
0.818711994874345 0.032687474524226
0.806453526826488 0.035135838303731
0.793892626146236 0.037634816461418
0.781041688926065 0.040175877706322
0.767913397489498 0.042749194119546
0.754520707875186 0.045344064577835
0.740876837050858 0.047949285574291
0.726995249869773 0.050555320968441
0.712889645782536 0.053153383406161
0.698573945317390 0.055734569216276
0.684062276342339 0.058289288943394
0.669368960122646 0.060806525660609
0.654508497187474 0.063274878650801
0.639495553019615 0.065682401589908
0.624344943582427 0.068013484258018
0.609071620698271 0.070250494085940
0.593690657292862 0.072375588927943
0.578217232520115 0.074375761633883
0.562666616782152 0.076241489031499
0.547054156659257 0.077965471411924
0.531395259764657 0.079534713190425
0.515705379539064 0.080931352701566
0.500000000000000 0.082133501897155
0.484294620460936 0.083128187161491
0.468604740235343 0.083914192772972
0.452945843340743 0.084495808658152
0.437333383217848 0.084878853836775
0.421782767479884 0.085067534640330
0.406309342707138 0.085065613685292
0.390928379301729 0.084878154130397
0.375655056417573 0.084517375571497
0.360504446980385 0.083999567215539
0.345491502812526 0.083342865557901
0.330631039877354 0.082557539511266
0.315937723657661 0.081648476746380
0.301426054682610 0.080617703987781
0.287110354217464 0.079468424295690
0.273004750130227 0.078205020290150
0.259123162949142 0.076832480614363
0.245479292124814 0.075356450193837
0.232086602510502 0.073782015521523
0.218958311073935 0.072113339522495
0.206107373853763 0.070355064233140
0.193546473173512 0.068512622075564
0.181288005125655 0.066590719358868
0.169344067338174 0.064593238752424
0.157726447035656 0.062525095902606
0.146446609406726 0.060392451351523
0.135515686289294 0.058200456970646
0.124944465184770 0.055951799194097
0.114743378612105 0.053650299153125
0.104922493812155 0.051301897961289
0.095491502812526 0.048914500609106
0.086459712862719 0.046495832818265
0.077836037248992 0.044053026534334
0.069628986498028 0.041595034197365
0.061846659978068 0.039125401768120
0.054496737905816 0.036643469838130
0.047586473766990 0.034154624846110
0.041122687158009 0.031667789035013
0.035111757055874 0.029192414062282
0.029559615522887 0.026743814878749
0.024471741852423 0.024343595167199
0.019853157161528 0.022007680138653
0.015708419435684 0.019700706118083
0.012041619030626 0.017397578645259
0.008856374635656 0.015101435454636
0.006155829702431 0.012782187456042
0.003942649342761 0.010373618984394
0.002219017698460 0.007799454143536
0.000986635785864 0.005155760217353
0.000246719817134 0.002534239618304
0.000000000000000 0.000000000000000
0.000246719817134 -0.002415513955291
0.000986635785864 -0.004826120019186
0.002219017698460 -0.007251242546553
0.003942649342761 -0.009651681363533
0.006155829702431 -0.011964731932123
0.008856374635656 -0.014112100107126
0.012041619030626 -0.016102202549988
0.015708419435684 -0.018009361378068
0.019853157161528 -0.019877734913214
0.024471741852423 -0.021716056499270
0.029559615522887 -0.023565572774699
0.035111757055874 -0.025443334742479
0.041122687158009 -0.027331683705615
0.047586473766990 -0.029217255131951
0.054496737905816 -0.031092811832967
0.061846659978068 -0.032953476197136
0.069628986498028 -0.034794765574703
0.077836037248993 -0.036617568078076
0.086459712862719 -0.038423274265434
0.095491502812526 -0.040205026549454
0.104922493812155 -0.041955153733954
0.114743378612105 -0.043667512337807
0.124944465184770 -0.045337004255854
0.135515686289294 -0.046960363919100
0.146446609406726 -0.048536311547943
0.157726447035656 -0.050065509657587
0.169344067338174 -0.051545215562959
0.181288005125655 -0.052969475681462
0.193546473173512 -0.054332454241163
0.206107373853763 -0.055629194331660
0.218958311073935 -0.056855650408691
0.232086602510502 -0.058009052705946
0.245479292124814 -0.059087546679110
0.259123162949142 -0.060089692287204
0.273004750130227 -0.061012265776504
0.287110354217464 -0.061849643493485
0.301426054682610 -0.062596518607467
0.315937723657661 -0.063248392197567
0.330631039877354 -0.063802022645982
0.345491502812526 -0.064255804428252
0.360504446980386 -0.064605670053825
0.375655056417573 -0.064842924004340
0.390928379301729 -0.064951111833645
0.406309342707138 -0.064914642643393
0.421782767479884 -0.064721319932671
0.437333383217848 -0.064364804181972
0.452945843340743 -0.063840527419437
0.468604740235343 -0.063144092790593
0.484294620460936 -0.062271367740022
0.500000000000000 -0.061219916324000
0.515705379539064 -0.059991728428346
0.531395259764657 -0.058596555958067
0.547054156659257 -0.057051118187712
0.562666616782152 -0.055371727587387
0.578217232520115 -0.053575558132105
0.593690657292863 -0.051681429420167
0.609071620698271 -0.049706099525764
0.624344943582427 -0.047662854057506
0.639495553019615 -0.045559335050607
0.654508497187474 -0.043403789308428
0.669368960122646 -0.041207146250705
0.684062276342339 -0.038984851452908
0.698573945317390 -0.036752586666411
0.712889645782536 -0.034523908912066
0.726995249869774 -0.032308408863157
0.740876837050858 -0.030114051609105
0.754520707875186 -0.027948356045550
0.767913397489498 -0.025819165766790
0.781041688926065 -0.023734967650691
0.793892626146237 -0.021703479528717
0.806453526826489 -0.019731840976250
0.818711994874345 -0.017828244815956
0.830655932661826 -0.016001582435547
0.842273552964344 -0.014259274126643
0.853553390593274 -0.012607266805973
0.864484313710706 -0.011049219248777
0.875055534815230 -0.009586282068819
0.885256621387895 -0.008218694599119
0.895077506187845 -0.006945927252087
0.904508497187474 -0.005767077211408
0.913540287137281 -0.004687965293373
0.922163962751008 -0.003718207639560
0.930371013501972 -0.002863531142469
0.938153340021932 -0.002125848970593
0.945503262094184 -0.001503720056125
0.952413526233010 -0.000992806993001
0.958877312841991 -0.000586328787197
0.964888242944126 -0.000275540431064
0.970440384477113 -0.000050179945070
0.975528258147577 0.000101074658125
0.980146842838472 0.000190176748599
0.984291580564316 0.000229298359706
0.987958380969374 0.000230443593355
0.991143625364344 0.000205093208136
0.993844170297569 0.000163880329842
0.996057350657239 0.000116304456577
0.997780982301540 0.000070483264969
0.999013364214136 0.000032949070651
0.999753280182866 0.000008481958207
1.000000000000000 0.000000000000000
