1.000000000000000 0.000000000000000
0.999753280182866 0.000046177298642
0.999013364214136 0.000184605191892
0.997780982301540 0.000414937466702
0.996057350657239 0.000736619799700
0.993844170297569 0.001148855530996
0.991143625364344 0.001650613191987
0.987958380969374 0.002240615910370
0.984291580564316 0.002917339396160
0.980146842838472 0.003678995523994
0.975528258147577 0.004523521605244
0.970440384477113 0.005448578626797
0.964888242944126 0.006451522919086
0.958877312841991 0.007529416469720
0.952413526233010 0.008678995160872
0.945503262094184 0.009896669552568
0.938153340021932 0.011178507017049
0.930371013501972 0.012520233567328
0.922163962751008 0.013917214864978
0.913540287137281 0.015364451316276
0.904508497187474 0.016856579248564
0.895077506187845 0.018387857921195
0.885256621387895 0.019952392389108
0.875055534815230 0.021545085955937
0.864484313710706 0.023161201904553
0.853553390593274 0.024796048397584
0.842273552964344 0.026444995891046
0.830655932661826 0.028103509767226
0.818711994874345 0.029767163735370
0.806453526826488 0.031431645536313
0.793892626146236 0.033092855496059
0.781041688926065 0.034746294917435
0.767913397489498 0.036386559550783
0.754520707875186 0.038007745736248
0.740876837050858 0.039604027400424
0.726995249869773 0.041169544474946
0.712889645782536 0.042698475445519
0.698573945317390 0.044185014212240
0.684062276342339 0.045623544426785
0.669368960122646 0.047009360672106
0.654508497187474 0.048338238716540
0.639495553019615 0.049606236833919
0.624344943582427 0.050809630873914
0.609071620698271 0.051944910764309
0.593690657292862 0.053008852921555
0.578217232520115 0.053998717338114
0.562666616782152 0.054912280167485
0.547054156659257 0.055747816461381
0.531395259764657 0.056503852054669
0.515705379539064 0.057179243550701
0.500000000000000 0.057773220184340
0.484294620460936 0.058285039062400
0.468604740235343 0.058713973617313
0.452945843340743 0.059059273909029
0.437333383217848 0.059320409932702
0.421782767479884 0.059497202129375
0.406309342707138 0.059590202060373
0.390928379301729 0.059599589874356
0.375655056417573 0.059523761184354
0.360504446980385 0.059359628519151
0.345491502812526 0.059103583996211
0.330631039877354 0.058753074710285
0.315937723657661 0.058306195490491
0.301426054682610 0.057761678342688
0.287110354217464 0.057119141928026
0.273004750130227 0.056379622550002
0.259123162949142 0.055545301474497
0.245479292124814 0.054618918197048
0.232086602510502 0.053603904477565
0.218958311073935 0.052504135181046
0.206107373853763 0.051324328558494
0.193546473173512 0.050069608168593
0.181288005125655 0.048739857590553
0.169344067338174 0.047330887090557
0.157726447035656 0.045839453862281
0.146446609406726 0.044264619123030
0.135515686289294 0.042612366866376
0.124944465184770 0.040897976792349
0.114743378612105 0.039137901907535
0.104922493812155 0.037347718288458
0.095491502812526 0.035542485329873
0.086459712862719 0.033722034717535
0.077836037248992 0.031872973174935
0.069628986498028 0.029986545396157
0.061846659978068 0.028064386078740
0.054496737905816 0.026117829680168
0.047586473766990 0.024163408860230
0.041122687158009 0.022218240594584
0.035111757055874 0.020294669866951
0.029559615522887 0.018403016009559
0.024471741852423 0.016553041205924
0.019853157161528 0.014730132470816
0.015708419435684 0.012887433000763
0.012041619030626 0.011059452812718
0.008856374635656 0.009300325335546
0.006155829702431 0.007605738066794
0.003942649342761 0.005969926608157
0.002219017698460 0.004391292792285
0.000986635785864 0.002869761932788
0.000246719817134 0.001405775149227
0.000000000000000 0.000000000000000
0.000246719817134 -0.001405777707802
0.000986635785864 -0.002869782332103
0.002219017698460 -0.004391311230591
0.003942649342761 -0.005969919909165
0.006155829702431 -0.007605743080675
0.008856374635656 -0.009300326415052
0.012041619030626 -0.011059450217566
0.015708419435684 -0.012887438128193
0.019853157161528 -0.014730138364810
0.024471741852423 -0.016553043009868
0.029559615522887 -0.018403019249990
0.035111757055874 -0.020294671244711
0.041122687158009 -0.022218242234919
0.047586473766990 -0.024163412586354
0.054496737905816 -0.026117835561710
0.061846659978068 -0.028064388466600
0.069628986498028 -0.029986547095903
0.077836037248993 -0.031872972052937
0.086459712862719 -0.033722037845961
0.095491502812526 -0.035542484664744
0.104922493812155 -0.037347720467715
0.114743378612105 -0.039137901622634
0.124944465184770 -0.040897980367846
0.135515686289294 -0.042612368199640
0.146446609406726 -0.044264620106328
0.157726447035656 -0.045839455309000
0.169344067338174 -0.047330888929635
0.181288005125655 -0.048739858964777
0.193546473173512 -0.050069609319487
0.206107373853763 -0.051324330656394
0.218958311073935 -0.052504135848116
0.232086602510502 -0.053603905936927
0.245479292124814 -0.054618918997785
0.259123162949142 -0.055545302067603
0.273004750130227 -0.056379624456951
0.287110354217464 -0.057119142783340
0.301426054682610 -0.057761679210765
0.315937723657661 -0.058306196812712
0.330631039877354 -0.058753075848263
0.345491502812526 -0.059103585133821
0.360504446980386 -0.059359629763180
0.375655056417573 -0.059523762201727
0.390928379301729 -0.059599590891713
0.406309342707138 -0.059590203027765
0.421782767479884 -0.059497202937480
0.437333383217848 -0.059320410705141
0.452945843340743 -0.059059274801357
0.468604740235343 -0.058713974482356
0.484294620460936 -0.058285039570579
0.500000000000000 -0.057773221013163
0.515705379539064 -0.057179244283972
0.531395259764657 -0.056503853481209
0.547054156659257 -0.055747817166244
0.562666616782152 -0.054912280273900
0.578217232520115 -0.053998717925096
0.593690657292863 -0.053008854295965
0.609071620698271 -0.051944911918131
0.624344943582427 -0.050809631148792
0.639495553019615 -0.049606236893030
0.654508497187474 -0.048338238719106
0.669368960122646 -0.047009361807585
0.684062276342339 -0.045623543873551
0.698573945317390 -0.044185014694434
0.712889645782536 -0.042698475680444
0.726995249869774 -0.041169544862779
0.740876837050858 -0.039604028479887
0.754520707875186 -0.038007745434903
0.767913397489498 -0.036386559840370
0.781041688926065 -0.034746294481502
0.793892626146237 -0.033092857202528
0.806453526826489 -0.031431644362236
0.818711994874345 -0.029767164244163
0.830655932661826 -0.028103509772670
0.842273552964344 -0.026444995577823
0.853553390593274 -0.024796049600933
0.864484313710706 -0.023161202547875
0.875055534815230 -0.021545086606914
0.885256621387895 -0.019952393698573
0.895077506187845 -0.018387856748962
0.904508497187474 -0.016856578932131
0.913540287137281 -0.015364452058309
0.922163962751008 -0.013917215146660
0.930371013501972 -0.012520236021261
0.938153340021932 -0.011178508321183
0.945503262094184 -0.009896668709255
0.952413526233010 -0.008678995880148
0.958877312841991 -0.007529416984922
0.964888242944126 -0.006451524982894
0.970440384477113 -0.005448578156506
0.975528258147577 -0.004523522548634
0.980146842838472 -0.003678994525823
0.984291580564316 -0.002917340242761
0.987958380969374 -0.002240616108050
0.991143625364344 -0.001650610208377
0.993844170297569 -0.001148856876531
0.996057350657239 -0.000736621240080
0.997780982301540 -0.000414938845228
0.999013364214136 -0.000184605950797
0.999753280182866 -0.000046178753075
1.000000000000000 0.000000000000000
