1.000000000000000 0.000000000000000
0.999753280182866 0.000085243807929
0.999013364214136 0.000339994029198
0.997780982301540 0.000761302589154
0.996057350657239 0.001344375181753
0.993844170297569 0.002082711050365
0.991143625364344 0.002968302336884
0.987958380969374 0.003991894718461
0.984291580564316 0.005143286308935
0.980146842838472 0.006411643441126
0.975528258147577 0.007785888847963
0.970440384477113 0.009255035423387
0.964888242944126 0.010808628135262
0.958877312841991 0.012437106124365
0.952413526233010 0.014132218669179
0.945503262094184 0.015887417094703
0.938153340021932 0.017698258868605
0.930371013501972 0.019562787600821
0.922163962751008 0.021481907208707
0.913540287137281 0.023459758106071
0.904508497187474 0.025504131910145
0.895077506187845 0.027626209979352
0.885256621387895 0.029830698346436
0.875055534815230 0.032112283368088
0.864484313710706 0.034464724560136
0.853553390593274 0.036880944198469
0.842273552964344 0.039353145894520
0.830655932661826 0.041872754370804
0.818711994874345 0.044430474344940
0.806453526826488 0.047016180315689
0.793892626146236 0.049619383972602
0.781041688926065 0.052232445980415
0.767913397489498 0.054852223641573
0.754520707875186 0.057476042463900
0.740876837050858 0.060101710350885
0.726995249869773 0.062727348586459
0.712889645782536 0.065351665386704
0.698573945317390 0.067973946312694
0.684062276342339 0.070591150166409
0.669368960122646 0.073197198497894
0.654508497187474 0.075783453893387
0.639495553019615 0.078341622516919
0.624344943582427 0.080863451760861
0.609071620698271 0.083340544330979
0.593690657292862 0.085764599832498
0.578217232520115 0.088127511734226
0.562666616782152 0.090421451384016
0.547054156659257 0.092638816818898
0.531395259764657 0.094772234123093
0.515705379539064 0.096814548503533
0.500000000000000 0.098759109110271
0.484294620460936 0.100600094071529
0.468604740235343 0.102333964585394
0.452945843340743 0.103958511254774
0.437333383217848 0.105471556030539
0.421782767479884 0.106871812776074
0.406309342707138 0.108158930742818
0.390928379301729 0.109329851671512
0.375655056417573 0.110378085268938
0.360504446980385 0.111290170585079
0.345491502812526 0.112052915155263
0.330631039877354 0.112655605292303
0.315937723657661 0.113088211816404
0.301426054682610 0.113342625045139
0.287110354217464 0.113414870695197
0.273004750130227 0.113308774801825
0.259123162949142 0.113034348668095
0.245479292124814 0.112601816462910
0.232086602510502 0.112009539888758
0.218958311073935 0.111244350763097
0.206107373853763 0.110293769394711
0.193546473173512 0.109148183620071
0.181288005125655 0.107800500109702
0.169344067338174 0.106245036092025
0.157726447035656 0.104479441741677
0.146446609406726 0.102504286913938
0.135515686289294 0.100320548255582
0.124944465184770 0.097927459667049
0.114743378612105 0.095327773416495
0.104922493812155 0.092528510446784
0.095491502812526 0.089538413599377
0.086459712862719 0.086345801167625
0.077836037248992 0.082912202048711
0.069628986498028 0.079229912478095
0.061846659978068 0.075414947737276
0.054496737905816 0.071660629078081
0.047586473766990 0.068113697290837
0.041122687158009 0.064707901830647
0.035111757055874 0.061209390128296
0.029559615522887 0.057402002115782
0.024471741852423 0.053041741858929
0.019853157161528 0.047956798338414
0.015708419435684 0.042335579065992
0.012041619030626 0.036540212647947
0.008856374635656 0.030842289005899
0.006155829702431 0.025280809379730
0.003942649342761 0.019872491814287
0.002219017698460 0.014630288268705
0.000986635785864 0.009565088160979
0.000246719817134 0.004685772915041
0.000000000000000 0.000000000000000
0.000246719817134 -0.004485712204543
0.000986635785864 -0.008765834510164
0.002219017698460 -0.012849150627985
0.003942649342761 -0.016840836264386
0.006155829702431 -0.020800361099880
0.008856374635656 -0.024731588636748
0.012041619030626 -0.028619122274688
0.015708419435684 -0.032434204477661
0.019853157161528 -0.036139081354303
0.024471741852423 -0.039711416460467
0.029559615522887 -0.043153373641409
0.035111757055874 -0.046475484051033
0.041122687158009 -0.049694960468219
0.047586473766990 -0.052846110160723
0.054496737905816 -0.055982249745049
0.061846659978068 -0.059119016763756
0.069628986498028 -0.062194490175225
0.077836037248993 -0.065133230788079
0.086459712862719 -0.067890167253768
0.095491502812526 -0.070497778925445
0.104922493812155 -0.073028411504517
0.114743378612105 -0.075519855774536
0.124944465184770 -0.077956551743927
0.135515686289294 -0.080310032025386
0.146446609406726 -0.082552344360609
0.157726447035656 -0.084655060494082
0.169344067338174 -0.086599722388652
0.181288005125655 -0.088380316681816
0.193546473173512 -0.089994241401298
0.206107373853763 -0.091439754500363
0.218958311073935 -0.092713737715014
0.232086602510502 -0.093806954778392
0.245479292124814 -0.094709009413001
0.259123162949142 -0.095414321452165
0.273004750130227 -0.095927181416702
0.287110354217464 -0.096266291841815
0.301426054682610 -0.096455387866663
0.315937723657661 -0.096514837326267
0.330631039877354 -0.096445242248702
0.345491502812526 -0.096241508216816
0.360504446980386 -0.095898986292713
0.375655056417573 -0.095413607159615
0.390928379301729 -0.094781494931703
0.406309342707138 -0.093998870994750
0.421782767479884 -0.093067748115526
0.437333383217848 -0.091995442203191
0.452945843340743 -0.090791509960641
0.468604740235343 -0.089466477355038
0.484294620460936 -0.088031237240279
0.500000000000000 -0.086497440423404
0.515705379539064 -0.084876121238987
0.531395259764657 -0.083173232834478
0.547054156659257 -0.081393466668746
0.562666616782152 -0.079541656005622
0.578217232520115 -0.077622918234698
0.593690657292863 -0.075642631812569
0.609071620698271 -0.073606360522108
0.624344943582427 -0.071519745072365
0.639495553019615 -0.069388487316376
0.654508497187474 -0.067218432891465
0.669368960122646 -0.065015457425013
0.684062276342339 -0.062785485939733
0.698573945317390 -0.060534784766045
0.712889645782536 -0.058268514270658
0.726995249869774 -0.055990027765169
0.740876837050858 -0.053701556203284
0.754520707875186 -0.051405535037089
0.767913397489498 -0.049104852374397
0.781041688926065 -0.046802614784403
0.793892626146237 -0.044502270784027
0.806453526826489 -0.042207560324554
0.818711994874345 -0.039925414614681
0.830655932661826 -0.037665410509267
0.842273552964344 -0.035436749548343
0.853553390593274 -0.033247925947865
0.864484313710706 -0.031106770876637
0.875055534815230 -0.029020426987374
0.885256621387895 -0.026995374898636
0.895077506187845 -0.025037374341942
0.904508497187474 -0.023151379179427
0.913540287137281 -0.021333114380979
0.922163962751008 -0.019571045648217
0.930371013501972 -0.017856984805024
0.938153340021932 -0.016186461037910
0.945503262094184 -0.014558312713181
0.952413526233010 -0.012974300043017
0.958877312841991 -0.011438730618376
0.964888242944126 -0.009958050859804
0.970440384477113 -0.008540454548606
0.975528258147577 -0.007195454715088
0.980146842838472 -0.005933513321972
0.984291580564316 -0.004765586009469
0.987958380969374 -0.003702782436440
0.991143625364344 -0.002755933817830
0.993844170297569 -0.001935257838612
0.996057350657239 -0.001250017991817
0.997780982301540 -0.000708232319728
0.999013364214136 -0.000316408133539
0.999753280182866 -0.000079347633865
1.000000000000000 0.000000000000000
