1.000000000000000 0.000000000000000
0.999753280182866 0.000048460835378
0.999013364214136 0.000193807147659
0.997780982301540 0.000435909513821
0.996057350657239 0.000774563325555
0.993844170297569 0.001209475646195
0.991143625364344 0.001740280427091
0.987958380969374 0.002366533013719
0.984291580564316 0.003087704928982
0.980146842838472 0.003903206971648
0.975528258147577 0.004812370459142
0.970440384477113 0.005814467243671
0.964888242944126 0.006908701808257
0.958877312841991 0.008094221016750
0.952413526233010 0.009370116905437
0.945503262094184 0.010735433005814
0.938153340021932 0.012189163587083
0.930371013501972 0.013730263378747
0.922163962751008 0.015357639481200
0.913540287137281 0.017070178396954
0.904508497187474 0.018866724538734
0.895077506187845 0.020745959540108
0.885256621387895 0.022704217279479
0.875055534815230 0.024735247112005
0.864484313710706 0.026831658619019
0.853553390593274 0.028984919310026
0.842273552964344 0.031185823022657
0.830655932661826 0.033428342496650
0.818711994874345 0.035708310580288
0.806453526826488 0.038021578499960
0.793892626146236 0.040363934150718
0.781041688926065 0.042727684708988
0.767913397489498 0.045102221477784
0.754520707875186 0.047475794827340
0.740876837050858 0.049836690114815
0.726995249869773 0.052177187849271
0.712889645782536 0.054491739099937
0.698573945317390 0.056774990636495
0.684062276342339 0.059019832467930
0.669368960122646 0.061214453927535
0.654508497187474 0.063345478081268
0.639495553019615 0.065400167582348
0.624344943582427 0.067368596041502
0.609071620698271 0.069242361118931
0.593690657292862 0.071013472489324
0.578217232520115 0.072671768356353
0.562666616782152 0.074206222557474
0.547054156659257 0.075605401308329
0.531395259764657 0.076856629360178
0.515705379539064 0.077945728188825
0.500000000000000 0.078856428381612
0.484294620460936 0.079581089808577
0.468604740235343 0.080121683029973
0.452945843340743 0.080486625686329
0.437333383217848 0.080683824809716
0.421782767479884 0.080715934507805
0.406309342707138 0.080583183101689
0.390928379301729 0.080286960797468
0.375655056417573 0.079837516705961
0.360504446980385 0.079250712870890
0.345491502812526 0.078544600062684
0.330631039877354 0.077725908544551
0.315937723657661 0.076792812884321
0.301426054682610 0.075737864523641
0.287110354217464 0.074560361092270
0.273004750130227 0.073268866173235
0.259123162949142 0.071880668443449
0.245479292124814 0.070412655161232
0.232086602510502 0.068871390798604
0.218958311073935 0.067253768736131
0.206107373853763 0.065554817697093
0.193546473173512 0.063771481606286
0.181288005125655 0.061906015146587
0.169344067338174 0.059965096335968
0.157726447035656 0.057957091774986
0.146446609406726 0.055890738268616
0.135515686289294 0.053773152333931
0.124944465184770 0.051605835563865
0.114743378612105 0.049391182334912
0.104922493812155 0.047133743112027
0.095491502812526 0.044840111509245
0.086459712862719 0.042519270038445
0.077836037248992 0.040182675809702
0.069628986498028 0.037843308733631
0.061846659978068 0.035503379882962
0.054496737905816 0.033154698543850
0.047586473766990 0.030795476075252
0.041122687158009 0.028433459437535
0.035111757055874 0.026088991672699
0.029559615522887 0.023786817505179
0.024471741852423 0.021553346567151
0.019853157161528 0.019409519919610
0.015708419435684 0.017312820010158
0.012041619030626 0.015217781504708
0.008856374635656 0.013123249788328
0.006155829702431 0.011047471957801
0.003942649342761 0.008975540708850
0.002219017698460 0.006745603422992
0.000986635785864 0.004433031468364
0.000246719817134 0.002158647334658
0.000000000000000 0.000000000000000
0.000246719817134 -0.001990905313461
0.000986635785864 -0.003877721130843
0.002219017698460 -0.005734210373082
0.003942649342761 -0.007543630738456
0.006155829702431 -0.009264117274069
0.008856374635656 -0.010822153155026
0.012041619030626 -0.012202892175554
0.015708419435684 -0.013460081396775
0.019853157161528 -0.014637029722848
0.024471741852423 -0.015748905307414
0.029559615522887 -0.016846918978455
0.035111757055874 -0.017971726029801
0.041122687158009 -0.019110608783263
0.047586473766990 -0.020246818354525
0.054496737905816 -0.021363621239795
0.061846659978068 -0.022450387237467
0.069628986498028 -0.023510289688091
0.077836037248993 -0.024554712391602
0.086459712862719 -0.025596045163874
0.095491502812526 -0.026625557191201
0.104922493812155 -0.027627106369167
0.114743378612105 -0.028589831820972
0.124944465184770 -0.029516066512935
0.135515686289294 -0.030413426983528
0.146446609406726 -0.031292432218594
0.157726447035656 -0.032167329017042
0.169344067338174 -0.033029565943675
0.181288005125655 -0.033843058191133
0.193546473173512 -0.034562330707962
0.206107373853763 -0.035139595150818
0.218958311073935 -0.035546630150436
0.232086602510502 -0.035802333067228
0.245479292124814 -0.035936287789351
0.259123162949142 -0.035981206726665
0.273004750130227 -0.035975475076559
0.287110354217464 -0.035961449238817
0.301426054682610 -0.035987244019675
0.315937723657661 -0.036102455589780
0.330631039877354 -0.036359301455993
0.345491502812526 -0.036833422328545
0.360504446980386 -0.037547524195369
0.375655056417573 -0.038411709472313
0.390928379301729 -0.039152353212036
0.406309342707138 -0.039514642976012
0.421782767479884 -0.039393381129267
0.437333383217848 -0.038928749307113
0.452945843340743 -0.038329469413715
0.468604740235343 -0.037703291304434
0.484294620460936 -0.037041935488421
0.500000000000000 -0.036268061094197
0.515705379539064 -0.035348141128849
0.531395259764657 -0.034284654345025
0.547054156659257 -0.033111938962167
0.562666616782152 -0.031854898139451
0.578217232520115 -0.030529759102143
0.593690657292863 -0.029145786597333
0.609071620698271 -0.027711623706118
0.624344943582427 -0.026235537444894
0.639495553019615 -0.024723508097880
0.654508497187474 -0.023182208350041
0.669368960122646 -0.021620460849198
0.684062276342339 -0.020051051443049
0.698573945317390 -0.018486924270897
0.712889645782536 -0.016939009468929
0.726995249869774 -0.015414434533471
0.740876837050858 -0.013918930910719
0.754520707875186 -0.012457793157354
0.767913397489498 -0.011036417777868
0.781041688926065 -0.009660490268897
0.793892626146237 -0.008334947933687
0.806453526826489 -0.007064521117324
0.818711994874345 -0.005855661514434
0.830655932661826 -0.004716200481402
0.842273552964344 -0.003652364617937
0.853553390593274 -0.002668856630379
0.864484313710706 -0.001767397282473
0.875055534815230 -0.000946571697486
0.885256621387895 -0.000204268880595
0.895077506187845 0.000462211819749
0.904508497187474 0.001055359136591
0.913540287137281 0.001568940037410
0.922163962751008 0.001991762289292
0.930371013501972 0.002317263055119
0.938153340021932 0.002543246137512
0.945503262094184 0.002671399976620
0.952413526233010 0.002706793260742
0.958877312841991 0.002657355417783
0.964888242944126 0.002533355506774
0.970440384477113 0.002346880899030
0.975528258147577 0.002111322539115
0.980146842838472 0.001840871526124
0.984291580564316 0.001550036407802
0.987958380969374 0.001253173349519
0.991143625364344 0.000964067588089
0.993844170297569 0.000695519766751
0.996057350657239 0.000459001318155
0.997780982301540 0.000264341213033
0.999013364214136 0.000119459300837
0.999753280182866 0.000030162230914
1.000000000000000 0.000000000000000
