1.000000000000000 0.000000000000000
0.999753280182866 0.000027531165894
0.999013364214136 0.000110313025974
0.997780982301540 0.000248910992761
0.996057350657239 0.000444246498230
0.993844170297569 0.000697568781652
0.991143625364344 0.001010419976743
0.987958380969374 0.001384575232250
0.984291580564316 0.001822000075569
0.980146842838472 0.002324762838053
0.975528258147577 0.002894968002758
0.970440384477113 0.003534673999137
0.964888242944126 0.004245788524469
0.958877312841991 0.005029980541773
0.952413526233010 0.005888574642972
0.945503262094184 0.006822444437771
0.938153340021932 0.007831911606442
0.930371013501972 0.008916625142252
0.922163962751008 0.010075471272773
0.913540287137281 0.011306453942035
0.904508497187474 0.012606609960484
0.895077506187845 0.013971992262422
0.885256621387895 0.015399346284905
0.875055534815230 0.016886341768419
0.864484313710706 0.018430302251536
0.853553390593274 0.020028131378953
0.842273552964344 0.021676210485008
0.830655932661826 0.023369545594780
0.818711994874345 0.025101976062549
0.806453526826488 0.026866637675976
0.793892626146236 0.028655953646116
0.781041688926065 0.030463445740256
0.767913397489498 0.032283579844107
0.754520707875186 0.034110819438591
0.740876837050858 0.035939218433839
0.726995249869773 0.037761308658100
0.712889645782536 0.039568611808384
0.698573945317390 0.041352285374332
0.684062276342339 0.043103904023065
0.669368960122646 0.044816733596209
0.654508497187474 0.046484649033084
0.639495553019615 0.048101124619019
0.624344943582427 0.049657744167496
0.609071620698271 0.051145213799178
0.593690657292862 0.052554078537134
0.578217232520115 0.053876019590393
0.562666616782152 0.055104050123024
0.547054156659257 0.056231881163857
0.531395259764657 0.057249150721888
0.515705379539064 0.058141616032276
0.500000000000000 0.058891167860669
0.484294620460936 0.059489823577270
0.468604740235343 0.059939706536128
0.452945843340743 0.060250863864462
0.437333383217848 0.060432532136590
0.421782767479884 0.060489679404392
0.406309342707138 0.060425613161868
0.390928379301729 0.060244055050945
0.375655056417573 0.059951373261011
0.360504446980385 0.059555871143344
0.345491502812526 0.059066190076366
0.330631039877354 0.058487797268473
0.315937723657661 0.057823625780827
0.301426054682610 0.057075133626270
0.287110354217464 0.056244636153524
0.273004750130227 0.055334537097950
0.259123162949142 0.054347356072345
0.245479292124814 0.053286193006820
0.232086602510502 0.052154541687590
0.218958311073935 0.050956226104749
0.206107373853763 0.049695581147086
0.193546473173512 0.048377384490165
0.181288005125655 0.047005125432107
0.169344067338174 0.045581552479554
0.157726447035656 0.044109913739719
0.146446609406726 0.042594526756564
0.135515686289294 0.041038729085330
0.124944465184770 0.039443926792320
0.114743378612105 0.037812624453983
0.104922493812155 0.036148954046829
0.095491502812526 0.034458508930048
0.086459712862719 0.032747745361741
0.077836037248992 0.031023745657433
0.069628986498028 0.029294482205746
0.061846659978068 0.027559298718050
0.054496737905816 0.025812899438196
0.047586473766990 0.024056137004182
0.041122687158009 0.022297769439132
0.035111757055874 0.020555217803061
0.029559615522887 0.018847945627941
0.024471741852423 0.017196276033127
0.019853157161528 0.015604433222102
0.015708419435684 0.014012884964096
0.012041619030626 0.012385811035475
0.008856374635656 0.010727925465041
0.006155829702431 0.009053023132324
0.003942649342761 0.007294193137079
0.002219017698460 0.005412161398541
0.000986635785864 0.003526588867518
0.000246719817134 0.001708583112020
0.000000000000000 0.000000000000000
0.000246719817134 -0.001602587248888
0.000986635785864 -0.003216595062630
0.002219017698460 -0.004844576471916
0.003942649342761 -0.006455950522708
0.006155829702431 -0.007992410305665
0.008856374635656 -0.009376468568850
0.012041619030626 -0.010647135126120
0.015708419435684 -0.011836984531349
0.019853157161528 -0.012957360847397
0.024471741852423 -0.014027346765250
0.029559615522887 -0.015107876062048
0.035111757055874 -0.016223013118555
0.041122687158009 -0.017357974324312
0.047586473766990 -0.018497409855439
0.054496737905816 -0.019626170736023
0.061846659978068 -0.020735586588863
0.069628986498028 -0.021826590193826
0.077836037248993 -0.022906205760105
0.086459712862719 -0.023979968724653
0.095491502812526 -0.025041856559159
0.104922493812155 -0.026083970545369
0.114743378612105 -0.027100476617929
0.124944465184770 -0.028088829753852
0.135515686289294 -0.029047984504062
0.146446609406726 -0.029978510404064
0.157726447035656 -0.030882120963425
0.169344067338174 -0.031757776328267
0.181288005125655 -0.032601204549560
0.193546473173512 -0.033408476239289
0.206107373853763 -0.034175958148935
0.218958311073935 -0.034900771360818
0.232086602510502 -0.035580949267726
0.245479292124814 -0.036215233067681
0.259123162949142 -0.036802402899982
0.273004750130227 -0.037340538973687
0.287110354217464 -0.037826609460321
0.301426054682610 -0.038257764051186
0.315937723657661 -0.038631565699072
0.330631039877354 -0.038946005808545
0.345491502812526 -0.039199915293956
0.360504446980386 -0.039391112397461
0.375655056417573 -0.039515111874124
0.390928379301729 -0.039564944950245
0.406309342707138 -0.039533453509145
0.421782767479884 -0.039414808193910
0.437333383217848 -0.039204786188890
0.452945843340743 -0.038899509492215
0.468604740235343 -0.038493767340273
0.484294620460936 -0.037978888410099
0.500000000000000 -0.037345253253071
0.515705379539064 -0.036591277507937
0.531395259764657 -0.035724679095958
0.547054156659257 -0.034763003486174
0.562666616782152 -0.033720386324685
0.578217232520115 -0.032607545628799
0.593690657292863 -0.031432091916894
0.609071620698271 -0.030201644454668
0.624344943582427 -0.028924161922738
0.639495553019615 -0.027607346596273
0.654508497187474 -0.026258735567153
0.669368960122646 -0.024885597879841
0.684062276342339 -0.023494608131413
0.698573945317390 -0.022092123720611
0.712889645782536 -0.020684884986684
0.726995249869774 -0.019281401316156
0.740876837050858 -0.017890421179860
0.754520707875186 -0.016519813531677
0.767913397489498 -0.015175474640534
0.781041688926065 -0.013860510072431
0.793892626146237 -0.012577376698024
0.806453526826489 -0.011329058667666
0.818711994874345 -0.010121719235491
0.830655932661826 -0.008964622464770
0.842273552964344 -0.007865482849125
0.853553390593274 -0.006830543742276
0.864484313710706 -0.005862365544401
0.875055534815230 -0.004959263710116
0.885256621387895 -0.004119149088604
0.895077506187845 -0.003339775925616
0.904508497187474 -0.002619198928715
0.913540287137281 -0.001962092208833
0.922163962751008 -0.001377495285160
0.930371013501972 -0.000871178530258
0.938153340021932 -0.000445726459933
0.945503262094184 -0.000100878354574
0.952413526233010 0.000166096956019
0.958877312841991 0.000360026641792
0.964888242944126 0.000487453733004
0.970440384477113 0.000556258075168
0.975528258147577 0.000575284080061
0.980146842838472 0.000553980308069
0.984291580564316 0.000502053225959
0.987958380969374 0.000429141034930
0.991143625364344 0.000344511554800
0.993844170297569 0.000256784984217
0.996057350657239 0.000173689820592
0.997780982301540 0.000101846298359
0.999013364214136 0.000046595129775
0.999753280182866 0.000011849158327
1.000000000000000 0.000000000000000
