1.000000000000000 0.000000000000000
0.999753280182866 0.000052188140570
0.999013364214136 0.000209052800286
0.997780982301540 0.000471491568638
0.996057350657239 0.000840986391958
0.993844170297569 0.001319553680664
0.991143625364344 0.001909704170223
0.987958380969374 0.002614378102111
0.984291580564316 0.003436879961278
0.980146842838472 0.004380777214379
0.975528258147577 0.005449799320324
0.970440384477113 0.006647747680385
0.964888242944126 0.007978354688923
0.958877312841991 0.009445159211486
0.952413526233010 0.011051380277203
0.945503262094184 0.012799758953641
0.938153340021932 0.014692408924742
0.930371013501972 0.016730674390340
0.922163962751008 0.018914984001161
0.913540287137281 0.021244672308431
0.904508497187474 0.023717850432817
0.895077506187845 0.026331332142207
0.885256621387895 0.029081073733286
0.875055534815230 0.031962130627018
0.864484313710706 0.034968142833651
0.853553390593274 0.038091267121382
0.842273552964344 0.041322381284851
0.830655932661826 0.044653141377870
0.818711994874345 0.048075079092200
0.806453526826488 0.051578775950983
0.793892626146236 0.055153769487744
0.781041688926065 0.058787994326339
0.767913397489498 0.062467846422695
0.754520707875186 0.066178687226828
0.740876837050858 0.069905278399499
0.726995249869773 0.073634381844801
0.712889645782536 0.077353697902827
0.698573945317390 0.081050458365270
0.684062276342339 0.084710138258119
0.669368960122646 0.088315040509387
0.654508497187474 0.091846031008299
0.639495553019615 0.095284724591681
0.624344943582427 0.098617009364203
0.609071620698271 0.101831556514918
0.593690657292862 0.104917472549711
0.578217232520115 0.107852760600063
0.562666616782152 0.110608487064311
0.547054156659257 0.113153064659342
0.531395259764657 0.115461438582744
0.515705379539064 0.117515328384445
0.500000000000000 0.119298726203539
0.484294620460936 0.120798365119424
0.468604740235343 0.122004733049205
0.452945843340743 0.122909507860400
0.437333383217848 0.123507245491098
0.421782767479884 0.123804271250930
0.406309342707138 0.123811518505984
0.390928379301729 0.123541359623649
0.375655056417573 0.123011061264599
0.360504446980385 0.122241955278673
0.345491502812526 0.121256592209767
0.330631039877354 0.120071853780925
0.315937723657661 0.118695321539055
0.301426054682610 0.117133296471659
0.287110354217464 0.115392463607183
0.273004750130227 0.113480786289509
0.259123162949142 0.111407177493735
0.245479292124814 0.109180961535996
0.232086602510502 0.106810955135938
0.218958311073935 0.104303473079953
0.206107373853763 0.101664724646425
0.193546473173512 0.098902197363490
0.181288005125655 0.096023374465103
0.169344067338174 0.093035305343817
0.157726447035656 0.089945728088032
0.146446609406726 0.086764243509752
0.135515686289294 0.083499430886166
0.124944465184770 0.080152960306273
0.114743378612105 0.076726427965125
0.104922493812155 0.073224519530921
0.095491502812526 0.069654954714341
0.086459712862719 0.066029006230700
0.077836037248992 0.062362706745496
0.069628986498028 0.058674863070363
0.061846659978068 0.054977496262974
0.054496737905816 0.051264472116536
0.047586473766990 0.047534393708055
0.041122687158009 0.043795859317677
0.035111757055874 0.040076120130471
0.029559615522887 0.036412138700372
0.024471741852423 0.032843762443747
0.019853157161528 0.029412450654470
0.015708419435684 0.026112884909066
0.012041619030626 0.022900252523786
0.008856374635656 0.019766296252637
0.006155829702431 0.016691085274865
0.003942649342761 0.013596442759513
0.002219017698460 0.010376051732640
0.000986635785864 0.006976136063902
0.000246719817134 0.003486931213703
0.000000000000000 0.000000000000000
0.000246719817134 -0.003402965443985
0.000986635785864 -0.006669044816678
0.002219017698460 -0.009876359434192
0.003942649342761 -0.013056389556225
0.006155829702431 -0.016195547304605
0.008856374635656 -0.019263600545487
0.012041619030626 -0.022115063112981
0.015708419435684 -0.024674057887346
0.019853157161528 -0.027143582075804
0.024471741852423 -0.029588987503816
0.029559615522887 -0.032045485256072
0.035111757055874 -0.034561216740175
0.041122687158009 -0.037122363165227
0.047586473766990 -0.039699564215110
0.054496737905816 -0.042265218462335
0.061846659978068 -0.044796557735849
0.069628986498028 -0.047287100708458
0.077836037248993 -0.049741943142360
0.086459712862719 -0.052171023532554
0.095491502812526 -0.054568339004630
0.104922493812155 -0.056914867327416
0.114743378612105 -0.059195469600539
0.124944465184770 -0.061403572551090
0.135515686289294 -0.063538578215598
0.146446609406726 -0.065602701218687
0.157726447035656 -0.067602212279134
0.169344067338174 -0.069538911851070
0.181288005125655 -0.071404134135747
0.193546473173512 -0.073187414078922
0.206107373853763 -0.074878709723012
0.218958311073935 -0.076470754061435
0.232086602510502 -0.077959881563647
0.245479292124814 -0.079345502618443
0.259123162949142 -0.080628031271350
0.273004750130227 -0.081802993389524
0.287110354217464 -0.082862028900851
0.301426054682610 -0.083794855830809
0.315937723657661 -0.084592415744344
0.330631039877354 -0.085247342811366
0.345491502812526 -0.085753663411567
0.360504446980386 -0.086104947671203
0.375655056417573 -0.086288792344873
0.390928379301729 -0.086284965937731
0.406309342707138 -0.086073304138114
0.421782767479884 -0.085635543928123
0.437333383217848 -0.084957143340933
0.452945843340743 -0.084025308309828
0.468604740235343 -0.082831459324255
0.484294620460936 -0.081381855329362
0.500000000000000 -0.079687617200412
0.515705379539064 -0.077760629074217
0.531395259764657 -0.075615263476473
0.547054156659257 -0.073268386740333
0.562666616782152 -0.070740049050445
0.578217232520115 -0.068058359048075
0.593690657292863 -0.065259429501332
0.609071620698271 -0.062374540972892
0.624344943582427 -0.059425455066594
0.639495553019615 -0.056420709908612
0.654508497187474 -0.053369891924020
0.669368960122646 -0.050286706007143
0.684062276342339 -0.047190442887131
0.698573945317390 -0.044100259844576
0.712889645782536 -0.041033517463677
0.726995249869774 -0.038005238908741
0.740876837050858 -0.035028950409622
0.754520707875186 -0.032116975332104
0.767913397489498 -0.029279964711727
0.781041688926065 -0.026526538948744
0.793892626146237 -0.023864258957596
0.806453526826489 -0.021300260954037
0.818711994874345 -0.018846025059307
0.830655932661826 -0.016515073314526
0.842273552964344 -0.014318385733131
0.853553390593274 -0.012264204678938
0.864484313710706 -0.010355669395417
0.875055534815230 -0.008590686743055
0.885256621387895 -0.006966137599380
0.895077506187845 -0.005478097978347
0.904508497187474 -0.004122517076590
0.913540287137281 -0.002906990753613
0.922163962751008 -0.001843980770394
0.930371013501972 -0.000940174621411
0.938153340021932 -0.000196752362319
0.945503262094184 0.000389942993096
0.952413526233010 0.000827720411820
0.958877312841991 0.001127860266012
0.964888242944126 0.001304433954500
0.970440384477113 0.001373638618529
0.975528258147577 0.001353140850301
0.980146842838472 0.001261448807767
0.984291580564316 0.001117311208091
0.987958380969374 0.000939152034852
0.991143625364344 0.000744545312897
0.993844170297569 0.000549740285034
0.996057350657239 0.000369233146346
0.997780982301540 0.000215405114139
0.999013364214136 0.000098207057071
0.999753280182866 0.000024924163281
1.000000000000000 0.000000000000000
