1.000000000000000 0.000000000000000
0.999753280182866 0.000047754961100
0.999013364214136 0.000193868249610
0.997780982301540 0.000446623524001
0.996057350657239 0.000819034077475
0.993844170297569 0.001327580148871
0.991143625364344 0.001990400387226
0.987958380969374 0.002824846082425
0.984291580564316 0.003844422964065
0.980146842838472 0.005055003391584
0.975528258147577 0.006454175100180
0.970440384477113 0.008043369178718
0.964888242944126 0.009822527237602
0.958877312841991 0.011785412680145
0.952413526233010 0.013920309417800
0.945503262094184 0.016213043668402
0.938153340021932 0.018643232282726
0.930371013501972 0.021189558201747
0.922163962751008 0.023838101579063
0.913540287137281 0.026575395178184
0.904508497187474 0.029396059947331
0.895077506187845 0.032301065992195
0.885256621387895 0.035295598260906
0.875055534815230 0.038389770408644
0.864484313710706 0.041590948166609
0.853553390593274 0.044902528602184
0.842273552964344 0.048327885543761
0.830655932661826 0.051869892592681
0.818711994874345 0.055525388756145
0.806453526826488 0.059288852265000
0.793892626146236 0.063156518466985
0.781041688926065 0.067124364256857
0.767913397489498 0.071186906594032
0.754520707875186 0.075338606639775
0.740876837050858 0.079572109941884
0.726995249869773 0.083877393829331
0.712889645782536 0.088242806173779
0.698573945317390 0.092656610807333
0.684062276342339 0.097107812963427
0.669368960122646 0.101583467553488
0.654508497187474 0.106067783691107
0.639495553019615 0.110542510348393
0.624344943582427 0.114987951045018
0.609071620698271 0.119383256636012
0.593690657292862 0.123706129298981
0.578217232520115 0.127932334417395
0.562666616782152 0.132035225628411
0.547054156659257 0.135983855541298
0.531395259764657 0.139739226762370
0.515705379539064 0.143248952052165
0.500000000000000 0.146445899464518
0.484294620460936 0.149259661706979
0.468604740235343 0.151648483879841
0.452945843340743 0.153586781738273
0.437333383217848 0.155063331150642
0.421782767479884 0.156085858381510
0.406309342707138 0.156676701090630
0.390928379301729 0.156855112131446
0.375655056417573 0.156639971988567
0.360504446980385 0.156052870764088
0.345491502812526 0.155112848554022
0.330631039877354 0.153839704857692
0.315937723657661 0.152282357876633
0.301426054682610 0.150467373344607
0.287110354217464 0.148345858478127
0.273004750130227 0.145953908942021
0.259123162949142 0.143371719759810
0.245479292124814 0.140575781519889
0.232086602510502 0.137561976816519
0.218958311073935 0.134358161294642
0.206107373853763 0.130971328259718
0.193546473173512 0.127410173658931
0.181288005125655 0.123686303853573
0.169344067338174 0.119809244126811
0.157726447035656 0.115789895876524
0.146446609406726 0.111640927751149
0.135515686289294 0.107376027754181
0.124944465184770 0.103007065261069
0.114743378612105 0.098542299527043
0.104922493812155 0.093991189014375
0.095491502812526 0.089364549000550
0.086459712862719 0.084673324587371
0.077836037248992 0.079929290401172
0.069628986498028 0.075145031790258
0.061846659978068 0.070332552178852
0.054496737905816 0.065506346943146
0.047586473766990 0.060676891350802
0.041122687158009 0.055855269760253
0.035111757055874 0.051056384105111
0.029559615522887 0.046284475103067
0.024471741852423 0.041543328571661
0.019853157161528 0.036838201000451
0.015708419435684 0.032182062289002
0.012041619030626 0.027586006171743
0.008856374635656 0.023072708395060
0.006155829702431 0.018673930626268
0.003942649342761 0.014462028226894
0.002219017698460 0.010517435208944
0.000986635785864 0.006803104405430
0.000246719817134 0.003296106350047
0.000000000000000 0.000000000000000
0.000246719817134 -0.002863022604976
0.000986635785864 -0.005224295267560
0.002219017698460 -0.007146484533126
0.003942649342761 -0.008839492109546
0.006155829702431 -0.010402058813873
0.008856374635656 -0.011891199816388
0.012041619030626 -0.013346823898774
0.015708419435684 -0.014708643753801
0.019853157161528 -0.015971014293865
0.024471741852423 -0.017171726752465
0.029559615522887 -0.018315039193913
0.035111757055874 -0.019400742069670
0.041122687158009 -0.020419437496677
0.047586473766990 -0.021360972935454
0.054496737905816 -0.022221443123898
0.061846659978068 -0.023006410787772
0.069628986498028 -0.023724270736807
0.077836037248993 -0.024376615505276
0.086459712862719 -0.024967553847325
0.095491502812526 -0.025498557742383
0.104922493812155 -0.025969940784634
0.114743378612105 -0.026383338393424
0.124944465184770 -0.026741373696793
0.135515686289294 -0.027046836342065
0.146446609406726 -0.027302431511262
0.157726447035656 -0.027506984354086
0.169344067338174 -0.027656734935016
0.181288005125655 -0.027749792360202
0.193546473173512 -0.027786985327155
0.206107373853763 -0.027770949973882
0.218958311073935 -0.027704957355966
0.232086602510502 -0.027591672000231
0.245479292124814 -0.027433471564008
0.259123162949142 -0.027232762260845
0.273004750130227 -0.026992056542788
0.287110354217464 -0.026713935233896
0.301426054682610 -0.026401219255742
0.315937723657661 -0.026056361090802
0.330631039877354 -0.025680810596450
0.345491502812526 -0.025274231778405
0.360504446980386 -0.024834909585927
0.375655056417573 -0.024360525451593
0.390928379301729 -0.023850209584295
0.406309342707138 -0.023302386543337
0.421782767479884 -0.022714635623390
0.437333383217848 -0.022087633493823
0.452945843340743 -0.021422725262961
0.468604740235343 -0.020720552638640
0.484294620460936 -0.019985199939799
0.500000000000000 -0.019223423113699
0.515705379539064 -0.018443311954788
0.531395259764657 -0.017653109945378
0.547054156659257 -0.016860367684468
0.562666616782152 -0.016069333462898
0.578217232520115 -0.015283693263852
0.593690657292863 -0.014508296688429
0.609071620698271 -0.013745316387102
0.624344943582427 -0.012995511742394
0.639495553019615 -0.012260798234091
0.654508497187474 -0.011543429210365
0.669368960122646 -0.010845573890453
0.684062276342339 -0.010168855781090
0.698573945317390 -0.009515449036217
0.712889645782536 -0.008887353600908
0.726995249869774 -0.008284886066805
0.740876837050858 -0.007708239999171
0.754520707875186 -0.007157423686472
0.767913397489498 -0.006632141386211
0.781041688926065 -0.006132104335709
0.793892626146237 -0.005656815428603
0.806453526826489 -0.005205427107235
0.818711994874345 -0.004778322531968
0.830655932661826 -0.004376570631834
0.842273552964344 -0.003998804446960
0.853553390593274 -0.003642426748530
0.864484313710706 -0.003304300308614
0.875055534815230 -0.002980973105594
0.885256621387895 -0.002668551974426
0.895077506187845 -0.002361776212500
0.904508497187474 -0.002054625681646
0.913540287137281 -0.001745715557786
0.922163962751008 -0.001437298756208
0.930371013501972 -0.001133349334750
0.938153340021932 -0.000840202703583
0.945503262094184 -0.000563513821319
0.952413526233010 -0.000311434809677
0.958877312841991 -0.000091120092828
0.964888242944126 0.000093072260363
0.970440384477113 0.000236937020842
0.975528258147577 0.000338937003572
0.980146842838472 0.000400994879516
0.984291580564316 0.000425547208753
0.987958380969374 0.000411853328283
0.991143625364344 0.000364490967680
0.993844170297569 0.000293124361794
0.996057350657239 0.000210148776335
0.997780982301540 0.000128640371786
0.999013364214136 0.000060620771593
0.999753280182866 0.000015685724255
1.000000000000000 0.000000000000000
