1.000000000000000 0.000000000000000
0.999753280182866 0.000035140119227
0.999013364214136 0.000140023869906
0.997780982301540 0.000313190754931
0.996057350657239 0.000552752809756
0.993844170297569 0.000857186850970
0.991143625364344 0.001226446154954
0.987958380969374 0.001663261663111
0.984291580564316 0.002173950715344
0.980146842838472 0.002769881790659
0.975528258147577 0.003468044401724
0.970440384477113 0.004270332063635
0.964888242944126 0.005155477919492
0.958877312841991 0.006087251421189
0.952413526233010 0.007045870737586
0.945503262094184 0.008043624361892
0.938153340021932 0.009102839112585
0.930371013501972 0.010235988421069
0.922163962751008 0.011430400707544
0.913540287137281 0.012666699913430
0.904508497187474 0.013931099203362
0.895077506187845 0.015230099053255
0.885256621387895 0.016576120843481
0.875055534815230 0.017978646890248
0.864484313710706 0.019433531079637
0.853553390593274 0.020931840454718
0.842273552964344 0.022464272925276
0.830655932661826 0.024023538936255
0.818711994874345 0.025602439392943
0.806453526826488 0.027194106629466
0.793892626146236 0.028795290725496
0.781041688926065 0.030405370335406
0.767913397489498 0.032022351903993
0.754520707875186 0.033640016008464
0.740876837050858 0.035247991429595
0.726995249869773 0.036836066486859
0.712889645782536 0.038398763771318
0.698573945317390 0.039935312212150
0.684062276342339 0.041445233148354
0.669368960122646 0.042921927324122
0.654508497187474 0.044354250520699
0.639495553019615 0.045729486512463
0.624344943582427 0.047038531519798
0.609071620698271 0.048274268270401
0.593690657292862 0.049430640913329
0.578217232520115 0.050506229527026
0.562666616782152 0.051503622416008
0.547054156659257 0.052428829971155
0.531395259764657 0.053282699323161
0.515705379539064 0.054060444530782
0.500000000000000 0.054753880382515
0.484294620460936 0.055359812673142
0.468604740235343 0.055884925164724
0.452945843340743 0.056339283401293
0.437333383217848 0.056731969274259
0.421782767479884 0.057063425242783
0.406309342707138 0.057332013237244
0.390928379301729 0.057535778463904
0.375655056417573 0.057672436849035
0.360504446980385 0.057739779917232
0.345491502812526 0.057735924637242
0.330631039877354 0.057659186695120
0.315937723657661 0.057508142897068
0.301426054682610 0.057281939693078
0.287110354217464 0.056983755014693
0.273004750130227 0.056619944334654
0.259123162949142 0.056197226219387
0.245479292124814 0.055719911634718
0.232086602510502 0.055190382364914
0.218958311073935 0.054610776228542
0.206107373853763 0.053985904926674
0.193546473173512 0.053323057301501
0.181288005125655 0.052630272054425
0.169344067338174 0.051912965411399
0.157726447035656 0.051171291351865
0.146446609406726 0.050406456795777
0.135515686289294 0.049611515039760
0.124944465184770 0.048763803164040
0.114743378612105 0.047836825730826
0.104922493812155 0.046819777738920
0.095491502812526 0.045726816435963
0.086459712862719 0.044583995791515
0.077836037248992 0.043405097368925
0.069628986498028 0.042156403176155
0.061846659978068 0.040790566605913
0.054496737905816 0.039280027675867
0.047586473766990 0.037624843925832
0.041122687158009 0.035842421544691
0.035111757055874 0.033954705011689
0.029559615522887 0.031937772207528
0.024471741852423 0.029767358437434
0.019853157161528 0.027505822453156
0.015708419435684 0.025183905280480
0.012041619030626 0.022773773182271
0.008856374635656 0.020173554670941
0.006155829702431 0.017307958573987
0.003942649342761 0.014131091540560
0.002219017698460 0.010793923170107
0.000986635785864 0.007221182988479
0.000246719817134 0.003654529224842
0.000000000000000 0.000000000000000
0.000246719817134 -0.003093339447102
0.000986635785864 -0.005471085714291
0.002219017698460 -0.007654382462782
0.003942649342761 -0.009457984827931
0.006155829702431 -0.011207748902819
0.008856374635656 -0.012806587927478
0.012041619030626 -0.014311826751521
0.015708419435684 -0.015611638647774
0.019853157161528 -0.016851820932422
0.024471741852423 -0.018120881717935
0.029559615522887 -0.019414634038311
0.035111757055874 -0.020643817664192
0.041122687158009 -0.021801054081867
0.047586473766990 -0.022908025139801
0.054496737905816 -0.023977538176765
0.061846659978068 -0.025035799308785
0.069628986498028 -0.026097031501680
0.077836037248993 -0.027144176458685
0.086459712862719 -0.028154041784357
0.095491502812526 -0.029111097703016
0.104922493812155 -0.030020062116624
0.114743378612105 -0.030893903898948
0.124944465184770 -0.031743763200901
0.135515686289294 -0.032568429803500
0.146446609406726 -0.033363622802251
0.157726447035656 -0.034125174925687
0.169344067338174 -0.034846891410740
0.181288005125655 -0.035521355816480
0.193546473173512 -0.036143043961471
0.206107373853763 -0.036710974572499
0.218958311073935 -0.037228287026360
0.232086602510502 -0.037698174264931
0.245479292124814 -0.038117191852976
0.259123162949142 -0.038478654989764
0.273004750130227 -0.038775317523612
0.287110354217464 -0.038999989863464
0.301426054682610 -0.039144994048914
0.315937723657661 -0.039203545032159
0.330631039877354 -0.039171122594181
0.345491502812526 -0.039047207434919
0.360504446980386 -0.038831835476590
0.375655056417573 -0.038524452986513
0.390928379301729 -0.038123727344381
0.406309342707138 -0.037627771410394
0.421782767479884 -0.037033515337065
0.437333383217848 -0.036333577868987
0.452945843340743 -0.035520020659291
0.468604740235343 -0.034586755642703
0.484294620460936 -0.033529242020358
0.500000000000000 -0.032345251219254
0.515705379539064 -0.031037324866308
0.531395259764657 -0.029615962637636
0.547054156659257 -0.028099081628040
0.562666616782152 -0.026502711302745
0.578217232520115 -0.024840973837442
0.593690657292863 -0.023126242484463
0.609071620698271 -0.021373815784094
0.624344943582427 -0.019602434814576
0.639495553019615 -0.017835074982215
0.654508497187474 -0.016094357151922
0.669368960122646 -0.014402471165820
0.684062276342339 -0.012782841322036
0.698573945317390 -0.011254018954516
0.712889645782536 -0.009824125858574
0.726995249869774 -0.008486323761429
0.740876837050858 -0.007233783343056
0.754520707875186 -0.006066706177373
0.767913397489498 -0.004992410646190
0.781041688926065 -0.004017951640315
0.793892626146237 -0.003144373500211
0.806453526826489 -0.002366774668176
0.818711994874345 -0.001678162407152
0.830655932661826 -0.001073611378603
0.842273552964344 -0.000550753919723
0.853553390593274 -0.000107433330223
0.864484313710706 0.000260871351203
0.875055534815230 0.000564874123621
0.885256621387895 0.000816001627226
0.895077506187845 0.001021687722531
0.904508497187474 0.001178249288637
0.913540287137281 0.001279482208364
0.922163962751008 0.001323262633869
0.930371013501972 0.001318781624818
0.938153340021932 0.001278825471203
0.945503262094184 0.001213940566626
0.952413526233010 0.001130322305317
0.958877312841991 0.001031756613542
0.964888242944126 0.000922069794931
0.970440384477113 0.000806311007301
0.975528258147577 0.000689953731934
0.980146842838472 0.000577243406465
0.984291580564316 0.000469195868036
0.987958380969374 0.000364808686504
0.991143625364344 0.000265051772847
0.993844170297569 0.000175673521859
0.996057350657239 0.000104888463108
0.997780982301540 0.000054591064744
0.999013364214136 0.000022598046216
0.999753280182866 0.000005373326268
1.000000000000000 0.000000000000000
