1.000000000000000 0.000000000000000
0.999753280182866 0.000035142124384
0.999013364214136 0.000140024195458
0.997780982301540 0.000313190818943
0.996057350657239 0.000552751462547
0.993844170297569 0.000857187856761
0.991143625364344 0.001226448238886
0.987958380969374 0.001663263504359
0.984291580564316 0.002173950898578
0.980146842838472 0.002769881166135
0.975528258147577 0.003468044353850
0.970440384477113 0.004270330924952
0.964888242944126 0.005155478873407
0.958877312841991 0.006087251138372
0.952413526233010 0.007045867466074
0.945503262094184 0.008043623934688
0.938153340021932 0.009102841964265
0.930371013501972 0.010235995565018
0.922163962751008 0.011430405699439
0.913540287137281 0.012666695442246
0.904508497187474 0.013931076982554
0.895077506187845 0.015230071515300
0.885256621387895 0.016576130506977
0.875055534815230 0.017978734276385
0.864484313710706 0.019433658539511
0.853553390593274 0.020931836537195
0.842273552964344 0.022463930186192
0.830655932661826 0.024022978879176
0.818711994874345 0.025602326644601
0.806453526826488 0.027195350175053
0.793892626146236 0.028797690232209
0.781041688926065 0.030406210914747
0.767913397489498 0.032017939813499
0.754520707875186 0.033630574103468
0.740876837050858 0.035242423181997
0.726995249869773 0.036852005443922
0.712889645782536 0.038457461080835
0.698573945317390 0.040056800020291
0.684062276342339 0.041648197133367
0.669368960122646 0.043224181736816
0.654508497187474 0.044772964105473
0.639495553019615 0.046281239935262
0.624344943582427 0.047739341774884
0.609071620698271 0.049140074944426
0.593690657292862 0.050477574214275
0.578217232520115 0.051745883510226
0.562666616782152 0.052938984108513
0.547054156659257 0.054051012036443
0.531395259764657 0.055076990475751
0.515705379539064 0.056012713517410
0.500000000000000 0.056853940186033
0.484294620460936 0.057599742652672
0.468604740235343 0.058254724459124
0.452945843340743 0.058825755835341
0.437333383217848 0.059318919385359
0.421782767479884 0.059733738788308
0.406309342707138 0.060068246782183
0.390928379301729 0.060320365506606
0.375655056417573 0.060487931005995
0.360504446980385 0.060568996558788
0.345491502812526 0.060562212309415
0.330631039877354 0.060468975288446
0.315937723657661 0.060292619221424
0.301426054682610 0.060036746803196
0.287110354217464 0.059703779544821
0.273004750130227 0.059295234981396
0.259123162949142 0.058812914411196
0.245479292124814 0.058261205906907
0.232086602510502 0.057647242639805
0.218958311073935 0.056978664180774
0.206107373853763 0.056254913692477
0.193546473173512 0.055467507188782
0.181288005125655 0.054606473130274
0.169344067338174 0.053671645343957
0.157726447035656 0.052681317065309
0.146446609406726 0.051656485888297
0.135515686289294 0.050606364348179
0.124944465184770 0.049520391105180
0.114743378612105 0.048381291002106
0.104922493812155 0.047185162073501
0.095491502812526 0.045950013037191
0.086459712862719 0.044703756684440
0.077836037248992 0.043459618397836
0.069628986498028 0.042175525589350
0.061846659978068 0.040793472524242
0.054496737905816 0.039277620198633
0.047586473766990 0.037622467782421
0.041122687158009 0.035841799212384
0.035111757055874 0.033954888340437
0.029559615522887 0.031937757415595
0.024471741852423 0.029767324387924
0.019853157161528 0.027505838700354
0.015708419435684 0.025183894734889
0.012041619030626 0.022773777933663
0.008856374635656 0.020173576219231
0.006155829702431 0.017307995153692
0.003942649342761 0.014131083661111
0.002219017698460 0.010793914797084
0.000986635785864 0.007221176798572
0.000246719817134 0.003654526187583
0.000000000000000 0.000000000000000
0.000246719817134 -0.003093316293783
0.000986635785864 -0.005471128704423
0.002219017698460 -0.007654391726292
0.003942649342761 -0.009457979423652
0.006155829702431 -0.011207749951407
0.008856374635656 -0.012806589567556
0.012041619030626 -0.014311830870341
0.015708419435684 -0.015611639289481
0.019853157161528 -0.016851823246722
0.024471741852423 -0.018120881601986
0.029559615522887 -0.019414636753522
0.035111757055874 -0.020643822087326
0.041122687158009 -0.021801056112745
0.047586473766990 -0.022908027812389
0.054496737905816 -0.023977540994805
0.061846659978068 -0.025035799344122
0.069628986498028 -0.026097033317627
0.077836037248993 -0.027144179125469
0.086459712862719 -0.028154044268480
0.095491502812526 -0.029111099045446
0.104922493812155 -0.030020063144896
0.114743378612105 -0.030893905117313
0.124944465184770 -0.031743763422481
0.135515686289294 -0.032568432025875
0.146446609406726 -0.033363624186827
0.157726447035656 -0.034125176600025
0.169344067338174 -0.034846893038438
0.181288005125655 -0.035521357014717
0.193546473173512 -0.036143045226837
0.206107373853763 -0.036710976155517
0.218958311073935 -0.037228288310089
0.232086602510502 -0.037698175354762
0.245479292124814 -0.038117193288669
0.259123162949142 -0.038478656128265
0.273004750130227 -0.038775318690140
0.287110354217464 -0.038999991162958
0.301426054682610 -0.039144995277702
0.315937723657661 -0.039203546218458
0.330631039877354 -0.039171123720575
0.345491502812526 -0.039047208714636
0.360504446980386 -0.038831836595023
0.375655056417573 -0.038524453985041
0.390928379301729 -0.038123728494169
0.406309342707138 -0.037627772643871
0.421782767479884 -0.037033515836820
0.437333383217848 -0.036333579112175
0.452945843340743 -0.035520021907540
0.468604740235343 -0.034586756895420
0.484294620460936 -0.033529243276420
0.500000000000000 -0.032345252476434
0.515705379539064 -0.031037324823621
0.531395259764657 -0.029615963884082
0.547054156659257 -0.028099081468779
0.562666616782152 -0.026502712513759
0.578217232520115 -0.024840975023098
0.593690657292863 -0.023126242231039
0.609071620698271 -0.021373815519196
0.624344943582427 -0.019602434549453
0.639495553019615 -0.017835076027127
0.654508497187474 -0.016094358148530
0.669368960122646 -0.014402472110132
0.684062276342339 -0.012782842210705
0.698573945317390 -0.011254017861193
0.712889645782536 -0.009824126638397
0.726995249869774 -0.008486324489731
0.740876837050858 -0.007233784022495
0.754520707875186 -0.006066706808692
0.767913397489498 -0.004992411229726
0.781041688926065 -0.004017952177081
0.793892626146237 -0.003144373147090
0.806453526826489 -0.002366774396903
0.818711994874345 -0.001678162206765
0.830655932661826 -0.001073611241417
0.842273552964344 -0.000550754689784
0.853553390593274 -0.000107433298048
0.864484313710706 0.000260871342424
0.875055534815230 0.000564873656548
0.885256621387895 0.000816001570264
0.895077506187845 0.001021687648636
0.904508497187474 0.001178249020438
0.913540287137281 0.001279482004556
0.922163962751008 0.001323262486944
0.930371013501972 0.001318781464551
0.938153340021932 0.001278825280772
0.945503262094184 0.001213940518778
0.952413526233010 0.001130322275923
0.958877312841991 0.001031756598407
0.964888242944126 0.000922069790170
0.970440384477113 0.000806311008790
0.975528258147577 0.000689953736649
0.980146842838472 0.000577243412546
0.984291580564316 0.000469195875473
0.987958380969374 0.000364808694829
0.991143625364344 0.000265051781014
0.993844170297569 0.000175673527628
0.996057350657239 0.000104888466089
0.997780982301540 0.000054591065843
0.999013364214136 0.000022598046456
0.999753280182866 0.000005373326283
1.000000000000000 0.000000000000000
