1.000000000000000 0.000000000000000
0.999753280182866 0.000104952358896
0.999013364214136 0.000419150309361
0.997780982301540 0.000940566137686
0.996057350657239 0.001665886272877
0.993844170297569 0.002590536500250
0.991143625364344 0.003708751376434
0.987958380969374 0.005013671731035
0.984291580564316 0.006497433215596
0.980146842838472 0.008151308085472
0.975528258147577 0.009965793228346
0.970440384477113 0.011930788990998
0.964888242944126 0.014035707437084
0.958877312841991 0.016269606629911
0.952413526233010 0.018621385044508
0.945503262094184 0.021079871270685
0.938153340021932 0.023633991248775
0.930371013501972 0.026272905587719
0.922163962751008 0.028986119141828
0.913540287137281 0.031763615975783
0.904508497187474 0.034595975424226
0.895077506187845 0.037474468671798
0.885256621387895 0.040391127113417
0.875055534815230 0.043338828294979
0.864484313710706 0.046311420357076
0.853553390593274 0.049303793466681
0.842273552964344 0.052311940451194
0.830655932661826 0.055332994034131
0.818711994874345 0.058365293431584
0.806453526826488 0.061408390485724
0.793892626146236 0.064463056140150
0.781041688926065 0.067530221960584
0.767913397489498 0.070610772138228
0.754520707875186 0.073706526479144
0.740876837050858 0.076820402490360
0.726995249869773 0.079955805152043
0.712889645782536 0.083118029629843
0.698573945317390 0.086313087925405
0.684062276342339 0.089537816236279
0.669368960122646 0.092774866189653
0.654508497187474 0.095996105009407
0.639495553019615 0.099174452681777
0.624344943582427 0.102281936699237
0.609071620698271 0.105289506854325
0.593690657292862 0.108168557334824
0.578217232520115 0.110908305960152
0.562666616782152 0.113521821884105
0.547054156659257 0.116024103178927
0.531395259764657 0.118431019493863
0.515705379539064 0.120760050851601
0.500000000000000 0.123026249977512
0.484294620460936 0.125237801816858
0.468604740235343 0.127372735563849
0.452945843340743 0.129396163857094
0.437333383217848 0.131277474868592
0.421782767479884 0.132986104129552
0.406309342707138 0.134491449058693
0.390928379301729 0.135773435893834
0.375655056417573 0.136823919722760
0.360504446980385 0.137655221721704
0.345491502812526 0.138282168170168
0.330631039877354 0.138716640177167
0.315937723657661 0.138973238223220
0.301426054682610 0.139065150084315
0.287110354217464 0.138995332981522
0.273004750130227 0.138747415921240
0.259123162949142 0.138288955248310
0.245479292124814 0.137594448623630
0.232086602510502 0.136642681780499
0.218958311073935 0.135415385818487
0.206107373853763 0.133899690599624
0.193546473173512 0.132083445097337
0.181288005125655 0.129951407260195
0.169344067338174 0.127482263263682
0.157726447035656 0.124656540931893
0.146446609406726 0.121462048326356
0.135515686289294 0.117902200600425
0.124944465184770 0.114005970256275
0.114743378612105 0.109804295255411
0.104922493812155 0.105328312439684
0.095491502812526 0.100607868569698
0.086459712862719 0.095644047773402
0.077836037248992 0.090408108272034
0.069628986498028 0.084876210597820
0.061846659978068 0.079072660015454
0.054496737905816 0.073062801779350
0.047586473766990 0.066922482929298
0.041122687158009 0.060680319582865
0.035111757055874 0.054285578162057
0.029559615522887 0.047640535162805
0.024471741852423 0.040553123681248
0.019853157161528 0.033216527788632
0.015708419435684 0.026758976586891
0.012041619030626 0.021584594844129
0.008856374635656 0.017335705437635
0.006155829702431 0.013633264179068
0.003942649342761 0.010327714294778
0.002219017698460 0.007346400437564
0.000986635785864 0.004647554923341
0.000246719817134 0.002204790964245
0.000000000000000 0.000000000000000
0.000246719817134 -0.001979838153243
0.000986635785864 -0.003744383071552
0.002219017698460 -0.005332035534715
0.003942649342761 -0.006830437076187
0.006155829702431 -0.008275888897515
0.008856374635656 -0.009690141473898
0.012041619030626 -0.011100734008027
0.015708419435684 -0.012552519758128
0.019853157161528 -0.013986239543715
0.024471741852423 -0.015180842441287
0.029559615522887 -0.015877784765326
0.035111757055874 -0.015996490538523
0.041122687158009 -0.015589372807367
0.047586473766990 -0.014749720227414
0.054496737905816 -0.013621396846277
0.061846659978068 -0.012260067341107
0.069628986498028 -0.010575484771351
0.077836037248993 -0.008441649025440
0.086459712862719 -0.005781885958644
0.095491502812526 -0.002674889005327
0.104922493812155 0.000732064951821
0.114743378612105 0.004331366082274
0.124944465184770 0.008106082687929
0.135515686289294 0.012042010027817
0.146446609406726 0.016121195518108
0.157726447035656 0.020321051206221
0.169344067338174 0.024584515295826
0.181288005125655 0.028825946090833
0.193546473173512 0.032947973434617
0.206107373853763 0.036848672107910
0.218958311073935 0.040466648502959
0.232086602510502 0.043798733018844
0.245479292124814 0.046845860836566
0.259123162949142 0.049610943010215
0.273004750130227 0.052098531191664
0.287110354217464 0.054314794931381
0.301426054682610 0.056267654752209
0.315937723657661 0.057964421561727
0.330631039877354 0.059411971626927
0.345491502812526 0.060617273697974
0.360504446980386 0.061589139180376
0.375655056417573 0.062338401531876
0.390928379301729 0.062877754018308
0.406309342707138 0.063219184903063
0.421782767479884 0.063370101246878
0.437333383217848 0.063325587393023
0.452945843340743 0.063080187816726
0.468604740235343 0.062630026515706
0.484294620460936 0.061969924135086
0.500000000000000 0.061097581142103
0.515705379539064 0.060018749572407
0.531395259764657 0.058760174697830
0.547054156659257 0.057363173535275
0.562666616782152 0.055865954499596
0.578217232520115 0.054307757370638
0.593690657292863 0.052728992562987
0.609071620698271 0.051159053483059
0.624344943582427 0.049606164789783
0.639495553019615 0.048044390546635
0.654508497187474 0.046448531728989
0.669368960122646 0.044797505011353
0.684062276342339 0.043071224122331
0.698573945317390 0.041248680793361
0.712889645782536 0.039321292150341
0.726995249869774 0.037309530207646
0.740876837050858 0.035243488849503
0.754520707875186 0.033153268420757
0.767913397489498 0.031065529149637
0.781041688926065 0.029005040618170
0.793892626146237 0.026994316739459
0.806453526826489 0.025051848932704
0.818711994874345 0.023177999611600
0.830655932661826 0.021356466919147
0.842273552964344 0.019573337822177
0.853553390593274 0.017817047342523
0.864484313710706 0.016078531273925
0.875055534815230 0.014351129151927
0.885256621387895 0.012630447814041
0.895077506187845 0.010914413408063
0.904508497187474 0.009203851336020
0.913540287137281 0.007531019683535
0.922163962751008 0.005950515602641
0.930371013501972 0.004504930212798
0.938153340021932 0.003223817220028
0.945503262094184 0.002124955459305
0.952413526233010 0.001215735298864
0.958877312841991 0.000494623140910
0.964888242944126 -0.000047332871519
0.970440384477113 -0.000424992456670
0.975528258147577 -0.000657675423447
0.980146842838472 -0.000767770742268
0.984291580564316 -0.000779449175985
0.987958380969374 -0.000717486971731
0.991143625364344 -0.000606206969562
0.993844170297569 -0.000468548570609
0.996057350657239 -0.000325263133818
0.997780982301540 -0.000194238131317
0.999013364214136 -0.000089947043964
0.999753280182866 -0.000023034681089
1.000000000000000 0.000000000000000
