1.000000000000000 0.000000000000000
0.999753280182866 0.000067927090020
0.999013364214136 0.000271439763869
0.997780982301540 0.000609743976915
0.996057350657239 0.001081502459898
0.993844170297569 0.001684883662922
0.991143625364344 0.002417542568203
0.987958380969374 0.003276672474472
0.984291580564316 0.004259007783783
0.980146842838472 0.005360849623555
0.975528258147577 0.006578127166351
0.970440384477113 0.007906400819151
0.964888242944126 0.009340923911205
0.958877312841991 0.010876660338556
0.952413526233010 0.012508345220463
0.945503262094184 0.014230523814060
0.938153340021932 0.016037600273359
0.930371013501972 0.017923861011336
0.922163962751008 0.019883554499152
0.913540287137281 0.021910905844671
0.904508497187474 0.024000178023503
0.895077506187845 0.026145706442751
0.885256621387895 0.028341936741949
0.875055534815230 0.030583484372140
0.864484313710706 0.032865148143433
0.853553390593274 0.035181950010502
0.842273552964344 0.037529174354859
0.830655932661826 0.039902388546148
0.818711994874345 0.042297484437151
0.806453526826488 0.044710622787690
0.793892626146236 0.047138414261059
0.781041688926065 0.049573821823541
0.767913397489498 0.052006562176280
0.754520707875186 0.054425189655217
0.740876837050858 0.056817981554843
0.726995249869773 0.059172759383510
0.712889645782536 0.061476867121064
0.698573945317390 0.063717595081161
0.684062276342339 0.065883767531383
0.669368960122646 0.067970165219923
0.654508497187474 0.069973379470687
0.639495553019615 0.071890244180532
0.624344943582427 0.073717990669366
0.609071620698271 0.075454710596151
0.593690657292862 0.077098641529620
0.578217232520115 0.078645016645466
0.562666616782152 0.080087409848131
0.547054156659257 0.081418328996807
0.531395259764657 0.082630913764404
0.515705379539064 0.083718838020315
0.500000000000000 0.084676085895470
0.484294620460936 0.085497335366170
0.468604740235343 0.086178024549300
0.452945843340743 0.086714239847143
0.437333383217848 0.087102673343032
0.421782767479884 0.087340603951367
0.406309342707138 0.087425878616927
0.390928379301729 0.087357095005410
0.375655056417573 0.087134117710664
0.360504446980385 0.086757742521052
0.345491502812526 0.086229567083057
0.330631039877354 0.085551785501868
0.315937723657661 0.084727296906252
0.301426054682610 0.083759727918159
0.287110354217464 0.082652849841910
0.273004750130227 0.081410416768354
0.259123162949142 0.080036173246695
0.245479292124814 0.078534691085194
0.232086602510502 0.076911298311278
0.218958311073935 0.075172035053322
0.206107373853763 0.073323683721836
0.193546473173512 0.071373800160017
0.181288005125655 0.069332888056921
0.169344067338174 0.067213678396022
0.157726447035656 0.065029510702965
0.146446609406726 0.062793488085912
0.135515686289294 0.060507755064049
0.124944465184770 0.058160350079533
0.114743378612105 0.055741207063350
0.104922493812155 0.053244830396330
0.095491502812526 0.050669636507918
0.086459712862719 0.048024773731016
0.077836037248992 0.045329135838200
0.069628986498028 0.042603982619769
0.061846659978068 0.039872058631010
0.054496737905816 0.037157078313429
0.047586473766990 0.034482765819979
0.041122687158009 0.031847933584579
0.035111757055874 0.029224047317904
0.029559615522887 0.026590337908708
0.024471741852423 0.023934364930994
0.019853157161528 0.021238894613855
0.015708419435684 0.018502465092916
0.012041619030626 0.015801837586328
0.008856374635656 0.013214561627474
0.006155829702431 0.010740547229664
0.003942649342761 0.008375213261435
0.002219017698460 0.006117772762898
0.000986635785864 0.003968730250687
0.000246719817134 0.001929053648572
0.000000000000000 0.000000000000000
0.000246719817134 -0.001820138236726
0.000986635785864 -0.003606501123705
0.002219017698460 -0.005404771719298
0.003942649342761 -0.007203801322837
0.006155829702431 -0.008982186942349
0.008856374635656 -0.010706934069234
0.012041619030626 -0.012323229896754
0.015708419435684 -0.013734708656308
0.019853157161528 -0.014872721765488
0.024471741852423 -0.015809656878604
0.029559615522887 -0.016760174072595
0.035111757055874 -0.017784573689696
0.041122687158009 -0.018841679516735
0.047586473766990 -0.019874260144117
0.054496737905816 -0.020807935078835
0.061846659978068 -0.021598691242369
0.069628986498028 -0.022239537288617
0.077836037248993 -0.022734082804448
0.086459712862719 -0.023097213343516
0.095491502812526 -0.023356509139632
0.104922493812155 -0.023551431320389
0.114743378612105 -0.023705294756805
0.124944465184770 -0.023814635364511
0.135515686289294 -0.023875971041225
0.146446609406726 -0.023885967887131
0.157726447035656 -0.023841133106703
0.169344067338174 -0.023733418539446
0.181288005125655 -0.023550634531766
0.193546473173512 -0.023279178623605
0.206107373853763 -0.022905612547934
0.218958311073935 -0.022425040735669
0.232086602510502 -0.021844369924719
0.245479292124814 -0.021173647490208
0.259123162949142 -0.020424341268709
0.273004750130227 -0.019610177303628
0.287110354217464 -0.018746541818593
0.301426054682610 -0.017851309149366
0.315937723657661 -0.016940060161003
0.330631039877354 -0.016022568791788
0.345491502812526 -0.015107373862213
0.360504446980386 -0.014202919611979
0.375655056417573 -0.013318247826302
0.390928379301729 -0.012464521309608
0.406309342707138 -0.011648724717523
0.421782767479884 -0.010868742204767
0.437333383217848 -0.010107400496772
0.452945843340743 -0.009342261747104
0.468604740235343 -0.008553427206990
0.484294620460936 -0.007717587456904
0.500000000000000 -0.006812749562899
0.515705379539064 -0.005832629979163
0.531395259764657 -0.004792222012374
0.547054156659257 -0.003727975879139
0.562666616782152 -0.002672232197756
0.578217232520115 -0.001656098349325
0.593690657292863 -0.000712657237764
0.609071620698271 0.000134766820331
0.624344943582427 0.000877060577532
0.639495553019615 0.001527400483369
0.654508497187474 0.002100272128792
0.669368960122646 0.002607453526292
0.684062276342339 0.003060935385481
0.698573945317390 0.003472937709316
0.712889645782536 0.003851609102630
0.726995249869774 0.004193718644745
0.740876837050858 0.004493030830126
0.754520707875186 0.004743524126408
0.767913397489498 0.004940453531724
0.781041688926065 0.005079913142220
0.793892626146237 0.005158801664032
0.806453526826489 0.005175518523677
0.818711994874345 0.005133145912217
0.830655932661826 0.005039435996540
0.842273552964344 0.004901664745551
0.853553390593274 0.004726739964166
0.864484313710706 0.004521108632687
0.875055534815230 0.004290763944531
0.885256621387895 0.004041241896017
0.895077506187845 0.003777624248015
0.904508497187474 0.003504543667712
0.913540287137281 0.003226197694117
0.922163962751008 0.002946357409873
0.930371013501972 0.002668390562778
0.938153340021932 0.002395276059971
0.945503262094184 0.002129630145437
0.952413526233010 0.001873726677475
0.958877312841991 0.001629525562547
0.964888242944126 0.001398698875819
0.970440384477113 0.001182654835270
0.975528258147577 0.000982568904895
0.980146842838472 0.000799407633447
0.984291580564316 0.000633955223665
0.987958380969374 0.000486839632800
0.991143625364344 0.000358555000528
0.993844170297569 0.000249482188728
0.996057350657239 0.000159910379505
0.997780982301540 0.000090050616440
0.999013364214136 0.000040053338197
0.999753280182866 0.000010017844079
1.000000000000000 0.000000000000000
