1.000000000000000 0.000000000000000
0.999753280182866 0.000101249938707
0.999013364214136 0.000404062989686
0.997780982301540 0.000905580499192
0.996057350657239 0.001601159864292
0.993844170297569 0.002484373778526
0.991143625364344 0.003547193069186
0.987958380969374 0.004780110748070
0.984291580564316 0.006172315467751
0.980146842838472 0.007711903561066
0.975528258147577 0.009386081289058
0.970440384477113 0.011181388194694
0.964888242944126 0.013083961065745
0.958877312841991 0.015079749950527
0.952413526233010 0.017154780957335
0.945503262094184 0.019295379382854
0.938153340021932 0.021488424791821
0.930371013501972 0.023721568128963
0.922163962751008 0.025983447208242
0.913540287137281 0.028263884182459
0.904508497187474 0.030554090101238
0.895077506187845 0.032846818697313
0.885256621387895 0.035136526993236
0.875055534815230 0.037419532132075
0.864484313710706 0.039694107826333
0.853553390593274 0.041960623734104
0.842273552964344 0.044221620169287
0.830655932661826 0.046481909332222
0.818711994874345 0.048748618335242
0.806453526826488 0.051031190431692
0.793892626146236 0.053342198166254
0.781041688926065 0.055690965349460
0.767913397489498 0.058070784879718
0.754520707875186 0.060463471683748
0.740876837050858 0.062850847404360
0.726995249869773 0.065212839810275
0.712889645782536 0.067528487669443
0.698573945317390 0.069775087102240
0.684062276342339 0.071930193259856
0.669368960122646 0.073983536476085
0.654508497187474 0.075931090430312
0.639495553019615 0.077771486030642
0.624344943582427 0.079503286701167
0.609071620698271 0.081125639463586
0.593690657292862 0.082638398205126
0.578217232520115 0.084041397993681
0.562666616782152 0.085334460790882
0.547054156659257 0.086517352841203
0.531395259764657 0.087590481341035
0.515705379539064 0.088554699455371
0.500000000000000 0.089410816306108
0.484294620460936 0.090161511328338
0.468604740235343 0.090812103373193
0.452945843340743 0.091370183924363
0.437333383217848 0.091844203436008
0.421782767479884 0.092241895038566
0.406309342707138 0.092572317082445
0.390928379301729 0.092844276168132
0.375655056417573 0.093054685875300
0.360504446980385 0.093193801363788
0.345491502812526 0.093248145071773
0.330631039877354 0.093206048321270
0.315937723657661 0.093057544547831
0.301426054682610 0.092792984074943
0.287110354217464 0.092407083245303
0.273004750130227 0.091899972884872
0.259123162949142 0.091277506778822
0.245479292124814 0.090546055553123
0.232086602510502 0.089711570979115
0.218958311073935 0.088780326596791
0.206107373853763 0.087759955194476
0.193546473173512 0.086654895247857
0.181288005125655 0.085452650150780
0.169344067338174 0.084113826879710
0.157726447035656 0.082605758521199
0.146446609406726 0.080903942929353
0.135515686289294 0.078991642352478
0.124944465184770 0.076860050820686
0.114743378612105 0.074507863976020
0.104922493812155 0.071940891707251
0.095491502812526 0.069171504146977
0.086459712862719 0.066213515781105
0.077836037248992 0.063074231933915
0.069628986498028 0.059754103708430
0.061846659978068 0.056246549775765
0.054496737905816 0.052536280139734
0.047586473766990 0.048595169066867
0.041122687158009 0.044388690360418
0.035111757055874 0.039966062148033
0.029559615522887 0.035478518048481
0.024471741852423 0.031095206485655
0.019853157161528 0.026917898579792
0.015708419435684 0.022963551455214
0.012041619030626 0.019239027010837
0.008856374635656 0.015750225385609
0.006155829702431 0.012502080224137
0.003942649342761 0.009498874991208
0.002219017698460 0.006744171360284
0.000986635785864 0.004241108853149
0.000246719817134 0.001992359160670
0.000000000000000 0.000000000000000
0.000246719817134 -0.001734121061343
0.000986635785864 -0.003208588676580
0.002219017698460 -0.004430129072334
0.003942649342761 -0.005450014105705
0.006155829702431 -0.006299846235626
0.008856374635656 -0.006991655843931
0.012041619030626 -0.007533610318633
0.015708419435684 -0.007933871978485
0.019853157161528 -0.008203802398228
0.024471741852423 -0.008361776578139
0.029559615522887 -0.008440010294698
0.035111757055874 -0.008447082061761
0.041122687158009 -0.008376487892881
0.047586473766990 -0.008247431082660
0.054496737905816 -0.008112379557252
0.061846659978068 -0.008005403777278
0.069628986498028 -0.007924274900956
0.077836037248993 -0.007863975709064
0.086459712862719 -0.007817764238371
0.095491502812526 -0.007776805108963
0.104922493812155 -0.007730031343316
0.114743378612105 -0.007670412472358
0.124944465184770 -0.007597967843762
0.135515686289294 -0.007513170789441
0.146446609406726 -0.007417056844732
0.157726447035656 -0.007311102925055
0.169344067338174 -0.007197304735129
0.181288005125655 -0.007078125259205
0.193546473173512 -0.006956605312723
0.206107373853763 -0.006836014817119
0.218958311073935 -0.006717806865641
0.232086602510502 -0.006601582839096
0.245479292124814 -0.006486579037844
0.259123162949142 -0.006372045050199
0.273004750130227 -0.006257049081335
0.287110354217464 -0.006140566476805
0.301426054682610 -0.006021432208038
0.315937723657661 -0.005898934301671
0.330631039877354 -0.005773350519904
0.345491502812526 -0.005645134510762
0.360504446980386 -0.005514776336130
0.375655056417573 -0.005382783474288
0.390928379301729 -0.005249737270817
0.406309342707138 -0.005116129297355
0.421782767479884 -0.004982229882513
0.437333383217848 -0.004848101488240
0.452945843340743 -0.004713726777702
0.468604740235343 -0.004579128354217
0.484294620460936 -0.004444313090770
0.500000000000000 -0.004309286737586
0.515705379539064 -0.004174128188163
0.531395259764657 -0.004038969326911
0.547054156659257 -0.003903987243717
0.562666616782152 -0.003769349930476
0.578217232520115 -0.003635221217955
0.593690657292863 -0.003501769343236
0.609071620698271 -0.003369146405862
0.624344943582427 -0.003237487589924
0.639495553019615 -0.003106913214877
0.654508497187474 -0.002977542334127
0.669368960122646 -0.002849495187084
0.684062276342339 -0.002722889959429
0.698573945317390 -0.002597844736361
0.712889645782536 -0.002474479019973
0.726995249869774 -0.002352916531562
0.740876837050858 -0.002233279263187
0.754520707875186 -0.002115686990311
0.767913397489498 -0.002000257635510
0.781041688926065 -0.001887106739752
0.793892626146237 -0.001776347161933
0.806453526826489 -0.001668089111165
0.818711994874345 -0.001562439344670
0.830655932661826 -0.001459501586558
0.842273552964344 -0.001359377086703
0.853553390593274 -0.001262164323106
0.864484313710706 -0.001167959022653
0.875055534815230 -0.001076853734473
0.885256621387895 -0.000988938393295
0.895077506187845 -0.000904299687774
0.904508497187474 -0.000823020713849
0.913540287137281 -0.000745181835302
0.922163962751008 -0.000670859647429
0.930371013501972 -0.000600127662116
0.938153340021932 -0.000533055497861
0.945503262094184 -0.000469709378365
0.952413526233010 -0.000410151969192
0.958877312841991 -0.000354442147120
0.964888242944126 -0.000302634831644
0.970440384477113 -0.000254781237632
0.975528258147577 -0.000210928742910
0.980146842838472 -0.000171120731060
0.984291580564316 -0.000135396489102
0.987958380969374 -0.000103791443240
0.991143625364344 -0.000076336833058
0.993844170297569 -0.000053059916047
0.996057350657239 -0.000033983498555
0.997780982301540 -0.000019126775220
0.999013364214136 -0.000008504271002
0.999753280182866 -0.000002126588655
1.000000000000000 0.000000000000000
