1.000000000000000 0.000000000000000
0.999753280182866 0.000010858085296
0.999013364214136 0.000044761454461
0.997780982301540 0.000105588830061
0.996057350657239 0.000199453528063
0.993844170297569 0.000334176011193
0.991143625364344 0.000518562069300
0.987958380969374 0.000761475170452
0.984291580564316 0.001070754683727
0.980146842838472 0.001452859806628
0.975528258147577 0.001912672934222
0.970440384477113 0.002451764081225
0.964888242944126 0.003067740680163
0.958877312841991 0.003760578177961
0.952413526233010 0.004532782629513
0.945503262094184 0.005385889501847
0.938153340021932 0.006320907849447
0.930371013501972 0.007340295801987
0.922163962751008 0.008446774319701
0.913540287137281 0.009642728337467
0.904508497187474 0.010930423394524
0.895077506187845 0.012312102642092
0.885256621387895 0.013789696409140
0.875055534815230 0.015364394628213
0.864484313710706 0.017034956304307
0.853553390593274 0.018798377165859
0.842273552964344 0.020650457135639
0.830655932661826 0.022586756634182
0.818711994874345 0.024602938498145
0.806453526826488 0.026694070775538
0.793892626146236 0.028852881267552
0.781041688926065 0.031067042349376
0.767913397489498 0.033321398283080
0.754520707875186 0.035597382311387
0.740876837050858 0.037865240011303
0.726995249869773 0.040084701539547
0.712889645782536 0.042212818911246
0.698573945317390 0.044214779062094
0.684062276342339 0.046071120723810
0.669368960122646 0.047761367406329
0.654508497187474 0.049280096380957
0.639495553019615 0.050644735425182
0.624344943582427 0.051880654876997
0.609071620698271 0.053007569285779
0.593690657292862 0.054034375045666
0.578217232520115 0.054966978766197
0.562666616782152 0.055810180688493
0.547054156659257 0.056568217055646
0.531395259764657 0.057245070605656
0.515705379539064 0.057844427883358
0.500000000000000 0.058369256578894
0.484294620460936 0.058822476168273
0.468604740235343 0.059206891199382
0.452945843340743 0.059523876536414
0.437333383217848 0.059774053847300
0.421782767479884 0.059957672687432
0.406309342707138 0.060075346113175
0.390928379301729 0.060128137044109
0.375655056417573 0.060117489835603
0.360504446980385 0.060044620595773
0.345491502812526 0.059910249440817
0.330631039877354 0.059715089859646
0.315937723657661 0.059459771095257
0.301426054682610 0.059144673093419
0.287110354217464 0.058770038681379
0.273004750130227 0.058336187186124
0.259123162949142 0.057843527280759
0.245479292124814 0.057291985015584
0.232086602510502 0.056681901219051
0.218958311073935 0.056013847715740
0.206107373853763 0.055287480076721
0.193546473173512 0.054503152212758
0.181288005125655 0.053661084023098
0.169344067338174 0.052759702927081
0.157726447035656 0.051796188551295
0.146446609406726 0.050769581724405
0.135515686289294 0.049677464751504
0.124944465184770 0.048516146327653
0.114743378612105 0.047284549329304
0.104922493812155 0.045980109191430
0.095491502812526 0.044595780351015
0.086459712862719 0.043127435339664
0.077836037248992 0.041573768480809
0.069628986498028 0.039927545823013
0.061846659978068 0.038185379015775
0.054496737905816 0.036349346707918
0.047586473766990 0.034413555238846
0.041122687158009 0.032373978139834
0.035111757055874 0.030237213981308
0.029559615522887 0.028000801024303
0.024471741852423 0.025661183809451
0.019853157161528 0.023231679928500
0.015708419435684 0.020725440517394
0.012041619030626 0.018154530162537
0.008856374635656 0.015552328349386
0.006155829702431 0.012932081292152
0.003942649342761 0.010270933129887
0.002219017698460 0.007590310935130
0.000986635785864 0.004959231111787
0.000246719817134 0.002420949566992
0.000000000000000 0.000000000000000
0.000246719817134 -0.002420912175488
0.000986635785864 -0.004959246274793
0.002219017698460 -0.007590307525509
0.003942649342761 -0.010270921463446
0.006155829702431 -0.012932081597737
0.008856374635656 -0.015552330525943
0.012041619030626 -0.018154536460494
0.015708419435684 -0.020725441837169
0.019853157161528 -0.023231682055857
0.024471741852423 -0.025661186875557
0.029559615522887 -0.028000800154721
0.035111757055874 -0.030237215690880
0.041122687158009 -0.032373981726127
0.047586473766990 -0.034413559021829
0.054496737905816 -0.036349350819088
0.061846659978068 -0.038185380268285
0.069628986498028 -0.039927549464342
0.077836037248993 -0.041573772115260
0.086459712862719 -0.043127436820563
0.095491502812526 -0.044595781998728
0.104922493812155 -0.045980111891843
0.114743378612105 -0.047284550527647
0.124944465184770 -0.048516148912078
0.135515686289294 -0.049677465717033
0.146446609406726 -0.050769583887444
0.157726447035656 -0.051796189552374
0.169344067338174 -0.052759704264888
0.181288005125655 -0.053661085657506
0.193546473173512 -0.054503154530803
0.206107373853763 -0.055287481888093
0.218958311073935 -0.056013849678809
0.232086602510502 -0.056681902530136
0.245479292124814 -0.057291987161527
0.259123162949142 -0.057843528350431
0.273004750130227 -0.058336188663124
0.287110354217464 -0.058770040141502
0.301426054682610 -0.059144674532116
0.315937723657661 -0.059459772327631
0.330631039877354 -0.059715091614072
0.345491502812526 -0.059910250928547
0.360504446980386 -0.060044621939459
0.375655056417573 -0.060117491206918
0.390928379301729 -0.060128138405544
0.406309342707138 -0.060075347445433
0.421782767479884 -0.059957673887775
0.437333383217848 -0.059774054991332
0.452945843340743 -0.059523877937101
0.468604740235343 -0.059206892415305
0.484294620460936 -0.058822477114064
0.500000000000000 -0.058369257747753
0.515705379539064 -0.057844429081744
0.531395259764657 -0.057245071796153
0.547054156659257 -0.056568218216145
0.562666616782152 -0.055810181786282
0.578217232520115 -0.054966979323152
0.593690657292863 -0.054034375553403
0.609071620698271 -0.053007570619447
0.624344943582427 -0.051880655539989
0.639495553019615 -0.050644736065076
0.654508497187474 -0.049280096635449
0.669368960122646 -0.047761369181391
0.684062276342339 -0.046071121248065
0.698573945317390 -0.044214780061989
0.712889645782536 -0.042212819015123
0.726995249869774 -0.040084702600095
0.740876837050858 -0.037865241711085
0.754520707875186 -0.035597382104137
0.767913397489498 -0.033321398848188
0.781041688926065 -0.031067043214689
0.793892626146237 -0.028852882023277
0.806453526826489 -0.026694070234419
0.818711994874345 -0.024602940124611
0.830655932661826 -0.022586757369713
0.842273552964344 -0.020650456885326
0.853553390593274 -0.018798377528157
0.864484313710706 -0.017034956029733
0.875055534815230 -0.015364394528742
0.885256621387895 -0.013789696789033
0.895077506187845 -0.012312101517987
0.904508497187474 -0.010930423516257
0.913540287137281 -0.009642728269273
0.922163962751008 -0.008446773777980
0.930371013501972 -0.007340296774382
0.938153340021932 -0.006320907631831
0.945503262094184 -0.005385891350397
0.952413526233010 -0.004532783107437
0.958877312841991 -0.003760577831481
0.964888242944126 -0.003067740525337
0.970440384477113 -0.002451763079879
0.975528258147577 -0.001912673185477
0.980146842838472 -0.001452860258860
0.984291580564316 -0.001070754986937
0.987958380969374 -0.000761475913789
0.991143625364344 -0.000518561020207
0.993844170297569 -0.000334176084345
0.996057350657239 -0.000199452914691
0.997780982301540 -0.000105588704375
0.999013364214136 -0.000044761565423
0.999753280182866 -0.000010858297031
1.000000000000000 0.000000000000000
