1.000000000000000 0.000000000000000
0.999753280182866 0.000024779530223
0.999013364214136 0.000100075148439
0.997780982301540 0.000228703327870
0.996057350657239 0.000415206180291
0.993844170297569 0.000665614112089
0.991143625364344 0.000987121937589
0.987958380969374 0.001387680758195
0.984291580564316 0.001875480006285
0.980146842838472 0.002457947235441
0.975528258147577 0.003140617913681
0.970440384477113 0.003926433760633
0.964888242944126 0.004815426226624
0.958877312841991 0.005809819961995
0.952413526233010 0.006913319730150
0.945503262094184 0.008128697105238
0.938153340021932 0.009457553295902
0.930371013501972 0.010900127176950
0.922163962751008 0.012455022908553
0.913540287137281 0.014119027248725
0.904508497187474 0.015889416161456
0.895077506187845 0.017764283238451
0.885256621387895 0.019740708025086
0.875055534815230 0.021814895677872
0.864484313710706 0.023982609305118
0.853553390593274 0.026238820436914
0.842273552964344 0.028577431207605
0.830655932661826 0.030992013839160
0.818711994874345 0.033475782324870
0.806453526826488 0.036021026852955
0.793892626146236 0.038619785771049
0.781041688926065 0.041264258262344
0.767913397489498 0.043946348426089
0.754520707875186 0.046657479838291
0.740876837050858 0.049389601756057
0.726995249869773 0.052134729587723
0.712889645782536 0.054884517162769
0.698573945317390 0.057630015860080
0.684062276342339 0.060361571953939
0.669368960122646 0.063069315140987
0.654508497187474 0.065743938074187
0.639495553019615 0.068377556279209
0.624344943582427 0.070962550636203
0.609071620698271 0.073490902382907
0.593690657292862 0.075953542532113
0.578217232520115 0.078341213109525
0.562666616782152 0.080644998277762
0.547054156659257 0.082857061641683
0.531395259764657 0.084970157874610
0.515705379539064 0.086977259571190
0.500000000000000 0.088869959650096
0.484294620460936 0.090639484440496
0.468604740235343 0.092277373407544
0.452945843340743 0.093774409400655
0.437333383217848 0.095120880224695
0.421782767479884 0.096308135390458
0.406309342707138 0.097329166299423
0.390928379301729 0.098179195943876
0.375655056417573 0.098854011765423
0.360504446980385 0.099349797348201
0.345491502812526 0.099663033341793
0.330631039877354 0.099790731243311
0.315937723657661 0.099730447660605
0.301426054682610 0.099480128864636
0.287110354217464 0.099038326845487
0.273004750130227 0.098404272016495
0.259123162949142 0.097577985776903
0.245479292124814 0.096559867992389
0.232086602510502 0.095350133184023
0.218958311073935 0.093948281187454
0.206107373853763 0.092354927783976
0.193546473173512 0.090572108940877
0.181288005125655 0.088602544779262
0.169344067338174 0.086450894002585
0.157726447035656 0.084122363427217
0.146446609406726 0.081623118395772
0.135515686289294 0.078961305653306
0.124944465184770 0.076146551730293
0.114743378612105 0.073190061919691
0.104922493812155 0.070104685375262
0.095491502812526 0.066899083028563
0.086459712862719 0.063581263354359
0.077836037248992 0.060162892077205
0.069628986498028 0.056659632117176
0.061846659978068 0.053090892974962
0.054496737905816 0.049476862399307
0.047586473766990 0.045827021973352
0.041122687158009 0.042150547439472
0.035111757055874 0.038462471097384
0.029559615522887 0.034776046025861
0.024471741852423 0.031111282365899
0.019853157161528 0.027492482238920
0.015708419435684 0.023915742588489
0.012041619030626 0.020380842882604
0.008856374635656 0.016908073674962
0.006155829702431 0.013536456452248
0.003942649342761 0.010348887805529
0.002219017698460 0.007453546171263
0.000986635785864 0.004790452582575
0.000246719817134 0.002281504126907
0.000000000000000 0.000000000000000
0.000246719817134 -0.002057984214545
0.000986635785864 -0.004170141412079
0.002219017698460 -0.006251287904191
0.003942649342761 -0.008192436952252
0.006155829702431 -0.009966374177973
0.008856374635656 -0.011627542256712
0.012041619030626 -0.013305110833080
0.015708419435684 -0.015103515726773
0.019853157161528 -0.016977919234285
0.024471741852423 -0.018865653312572
0.029559615522887 -0.020709005916022
0.035111757055874 -0.022488831520376
0.041122687158009 -0.024210794151819
0.047586473766990 -0.025896580109935
0.054496737905816 -0.027551222929082
0.061846659978068 -0.029159845746824
0.069628986498028 -0.030710889749695
0.077836037248993 -0.032196639996242
0.086459712862719 -0.033612578042401
0.095491502812526 -0.034958845188860
0.104922493812155 -0.036237709094718
0.114743378612105 -0.037446323740863
0.124944465184770 -0.038581076503501
0.135515686289294 -0.039640894499185
0.146446609406726 -0.040623090368772
0.157726447035656 -0.041524431320195
0.169344067338174 -0.042343250138588
0.181288005125655 -0.043077979270733
0.193546473173512 -0.043726907818194
0.206107373853763 -0.044289332143964
0.218958311073935 -0.044764916783357
0.232086602510502 -0.045151674529102
0.245479292124814 -0.045447991305327
0.259123162949142 -0.045652882669040
0.273004750130227 -0.045765864499721
0.287110354217464 -0.045786916923332
0.301426054682610 -0.045716748602179
0.315937723657661 -0.045556075192242
0.330631039877354 -0.045305570538100
0.345491502812526 -0.044966640283514
0.360504446980386 -0.044539952437283
0.375655056417573 -0.044025327818395
0.390928379301729 -0.043422570055343
0.406309342707138 -0.042731894772653
0.421782767479884 -0.041953997078655
0.437333383217848 -0.041089789333216
0.452945843340743 -0.040140938688179
0.468604740235343 -0.039110245890010
0.484294620460936 -0.038001215593425
0.500000000000000 -0.036818132520444
0.515705379539064 -0.035566449504916
0.531395259764657 -0.034252318446904
0.547054156659257 -0.032882671652893
0.562666616782152 -0.031466238205169
0.578217232520115 -0.030013662492736
0.593690657292863 -0.028537737419538
0.609071620698271 -0.027050242264330
0.624344943582427 -0.025561454149023
0.639495553019615 -0.024079703036478
0.654508497187474 -0.022612911981437
0.669368960122646 -0.021168402597235
0.684062276342339 -0.019751952604755
0.698573945317390 -0.018368906136777
0.712889645782536 -0.017023995396708
0.726995249869774 -0.015720712178494
0.740876837050858 -0.014461679184267
0.754520707875186 -0.013249072699566
0.767913397489498 -0.012084844554864
0.781041688926065 -0.010970643860539
0.793892626146237 -0.009907771948821
0.806453526826489 -0.008897318304125
0.818711994874345 -0.007940854121141
0.830655932661826 -0.007040317394147
0.842273552964344 -0.006197037457020
0.853553390593274 -0.005411660397831
0.864484313710706 -0.004683852442657
0.875055534815230 -0.004012731938896
0.885256621387895 -0.003397075696339
0.895077506187845 -0.002835849869792
0.904508497187474 -0.002328368596906
0.913540287137281 -0.001873427524123
0.922163962751008 -0.001469386288790
0.930371013501972 -0.001115152352323
0.938153340021932 -0.000809475866809
0.945503262094184 -0.000550288090508
0.952413526233010 -0.000335036633806
0.958877312841991 -0.000161193342861
0.964888242944126 -0.000025619190597
0.970440384477113 0.000075476169947
0.975528258147577 0.000145114156157
0.980146842838472 0.000185401678217
0.984291580564316 0.000199980317474
0.987958380969374 0.000193670230031
0.991143625364344 0.000171079865119
0.993844170297569 0.000137243102888
0.996057350657239 0.000098159584711
0.997780982301540 0.000059967678315
0.999013364214136 0.000028217367979
0.999753280182866 0.000007294602830
1.000000000000000 0.000000000000000
