1.000000000000000 0.000000000000000
0.999753280182866 0.000040941752126
0.999013364214136 0.000164817115791
0.997780982301540 0.000374631962895
0.996057350657239 0.000674906161787
0.993844170297569 0.001070932696445
0.991143625364344 0.001567754178085
0.987958380969374 0.002168833185069
0.984291580564316 0.002874859533307
0.980146842838472 0.003684925982164
0.975528258147577 0.004595367278070
0.970440384477113 0.005597996104822
0.964888242944126 0.006683205569303
0.958877312841991 0.007843429810693
0.952413526233010 0.009069372234332
0.945503262094184 0.010351255324617
0.938153340021932 0.011685752269992
0.930371013501972 0.013072839744300
0.922163962751008 0.014514231746678
0.913540287137281 0.016009962824398
0.904508497187474 0.017558496760560
0.895077506187845 0.019158898459853
0.885256621387895 0.020809819264814
0.875055534815230 0.022508709079331
0.864484313710706 0.024252906441587
0.853553390593274 0.026039438412972
0.842273552964344 0.027863339033989
0.830655932661826 0.029718771689641
0.818711994874345 0.031599563320235
0.806453526826488 0.033500421955064
0.793892626146236 0.035416572301911
0.781041688926065 0.037343217496635
0.767913397489498 0.039274109702432
0.754520707875186 0.041201026991218
0.740876837050858 0.043115196658450
0.726995249869773 0.045008536764653
0.712889645782536 0.046874204772048
0.698573945317390 0.048706081180133
0.684062276342339 0.050497989759425
0.669368960122646 0.052244439460719
0.654508497187474 0.053940326382610
0.639495553019615 0.055580575385334
0.624344943582427 0.057159515458618
0.609071620698271 0.058671259905101
0.593690657292862 0.060110078241291
0.578217232520115 0.061471398928228
0.562666616782152 0.062751348141283
0.547054156659257 0.063946485812600
0.531395259764657 0.065054457434725
0.515705379539064 0.066073852159475
0.500000000000000 0.067003946380509
0.484294620460936 0.067842890703544
0.468604740235343 0.068587215696436
0.452945843340743 0.069233406266888
0.437333383217848 0.069778902614393
0.421782767479884 0.070223320367167
0.406309342707138 0.070566986730453
0.390928379301729 0.070810335453467
0.375655056417573 0.070952576175467
0.360504446980385 0.070992884831236
0.345491502812526 0.070931029954796
0.330631039877354 0.070767861931228
0.315937723657661 0.070505041702694
0.301426054682610 0.070144488319122
0.287110354217464 0.069685617888439
0.273004750130227 0.069126757082457
0.259123162949142 0.068467012539792
0.245479292124814 0.067707101249492
0.232086602510502 0.066849372231248
0.218958311073935 0.065896740561196
0.206107373853763 0.064849935744228
0.193546473173512 0.063707815663617
0.181288005125655 0.062469813078196
0.169344067338174 0.061136517621470
0.157726447035656 0.059708661292489
0.146446609406726 0.058188721702338
0.135515686289294 0.056578652895004
0.124944465184770 0.054878276968798
0.114743378612105 0.053089280711922
0.104922493812155 0.051214270950817
0.095491502812526 0.049254659346166
0.086459712862719 0.047214315278313
0.077836037248992 0.045096659406501
0.069628986498028 0.042895423578515
0.061846659978068 0.040608261350126
0.054496737905816 0.038237797106148
0.047586473766990 0.035786307077828
0.041122687158009 0.033261910324382
0.035111757055874 0.030677260715717
0.029559615522887 0.028040628566449
0.024471741852423 0.025368274146022
0.019853157161528 0.022679341238847
0.015708419435684 0.019970961113700
0.012041619030626 0.017252658742197
0.008856374635656 0.014545540443366
0.006155829702431 0.011855500755002
0.003942649342761 0.009226198354252
0.002219017698460 0.006722178158538
0.000986635785864 0.004320619549862
0.000246719817134 0.002028589386571
0.000000000000000 0.000000000000000
0.000246719817134 -0.001906777348312
0.000986635785864 -0.003780019635247
0.002219017698460 -0.005461291316180
0.003942649342761 -0.006936642266673
0.006155829702431 -0.008271612452888
0.008856374635656 -0.009577480429311
0.012041619030626 -0.010915239746405
0.015708419435684 -0.012220329685925
0.019853157161528 -0.013434797691041
0.024471741852423 -0.014524089051347
0.029559615522887 -0.015474528435585
0.035111757055874 -0.016292325376850
0.041122687158009 -0.016998642997017
0.047586473766990 -0.017595763858903
0.054496737905816 -0.018086075388969
0.061846659978068 -0.018484897903347
0.069628986498028 -0.018800639944070
0.077836037248993 -0.019033865772461
0.086459712862719 -0.019190154416467
0.095491502812526 -0.019276257579460
0.104922493812155 -0.019295339902145
0.114743378612105 -0.019253298720319
0.124944465184770 -0.019157609989662
0.135515686289294 -0.019011599120943
0.146446609406726 -0.018816525436939
0.157726447035656 -0.018575233949740
0.169344067338174 -0.018290239411659
0.181288005125655 -0.017963412494805
0.193546473173512 -0.017597397636950
0.206107373853763 -0.017195110066717
0.218958311073935 -0.016758210864838
0.232086602510502 -0.016288393904922
0.245479292124814 -0.015787717435354
0.259123162949142 -0.015258287751982
0.273004750130227 -0.014702151303633
0.287110354217464 -0.014121734377949
0.301426054682610 -0.013519546808535
0.315937723657661 -0.012898189485654
0.330631039877354 -0.012260390310472
0.345491502812526 -0.011608831381096
0.360504446980386 -0.010945476652960
0.375655056417573 -0.010271335255525
0.390928379301729 -0.009587489181972
0.406309342707138 -0.008895717739562
0.421782767479884 -0.008198826681860
0.437333383217848 -0.007499954741069
0.452945843340743 -0.006802169818934
0.468604740235343 -0.006108072203561
0.484294620460936 -0.005419984609460
0.500000000000000 -0.004740158101755
0.515705379539064 -0.004071247432061
0.531395259764657 -0.003416236286541
0.547054156659257 -0.002778343044055
0.562666616782152 -0.002160326308107
0.578217232520115 -0.001564365353316
0.593690657292863 -0.000991874979036
0.609071620698271 -0.000444137319153
0.624344943582427 0.000077692962085
0.639495553019615 0.000572800396462
0.654508497187474 0.001040571270238
0.669368960122646 0.001480433748425
0.684062276342339 0.001891519861416
0.698573945317390 0.002272975859344
0.712889645782536 0.002624030506450
0.726995249869774 0.002943886365119
0.740876837050858 0.003231488828382
0.754520707875186 0.003485797751897
0.767913397489498 0.003706211031595
0.781041688926065 0.003892926591359
0.793892626146237 0.004046716228853
0.806453526826489 0.004168694663999
0.818711994874345 0.004259686226063
0.830655932661826 0.004319848827453
0.842273552964344 0.004349308256453
0.853553390593274 0.004348613979319
0.864484313710706 0.004318490886160
0.875055534815230 0.004259809842132
0.885256621387895 0.004173847151497
0.895077506187845 0.004062162570125
0.904508497187474 0.003926186271643
0.913540287137281 0.003767558140556
0.922163962751008 0.003588398486374
0.930371013501972 0.003390739885099
0.938153340021932 0.003176089155089
0.945503262094184 0.002946575099058
0.952413526233010 0.002704972252257
0.958877312841991 0.002454345327896
0.964888242944126 0.002198107970084
0.970440384477113 0.001940150735437
0.975528258147577 0.001683994307007
0.980146842838472 0.001430992717128
0.984291580564316 0.001183668317707
0.987958380969374 0.000946240354801
0.991143625364344 0.000723510476620
0.993844170297569 0.000520556271864
0.996057350657239 0.000343298762333
0.997780982301540 0.000197773808475
0.999013364214136 0.000089436914130
0.999753280182866 0.000022596224562
1.000000000000000 0.000000000000000
