1.000000000000000 0.000000000000000
0.999753280182866 0.000028123642337
0.999013364214136 0.000113724517018
0.997780982301540 0.000260392802839
0.996057350657239 0.000473743429770
0.993844170297569 0.000760864983276
0.991143625364344 0.001129552649039
0.987958380969374 0.001587327512851
0.984291580564316 0.002140330297702
0.980146842838472 0.002794238084459
0.975528258147577 0.003554941574079
0.970440384477113 0.004426658054676
0.964888242944126 0.005411581209848
0.958877312841991 0.006512360775919
0.952413526233010 0.007731196652637
0.945503262094184 0.009068456488888
0.938153340021932 0.010523648868913
0.930371013501972 0.012097511702264
0.922163962751008 0.013790003798751
0.913540287137281 0.015599821939052
0.904508497187474 0.017524634829201
0.895077506187845 0.019560907204750
0.885256621387895 0.021703523228577
0.875055534815230 0.023946654964163
0.864484313710706 0.026284891059941
0.853553390593274 0.028712070836980
0.842273552964344 0.031220957946490
0.830655932661826 0.033804652019030
0.818711994874345 0.036456038851829
0.806453526826488 0.039167215639659
0.793892626146236 0.041929709499024
0.781041688926065 0.044734528745549
0.767913397489498 0.047572029253751
0.754520707875186 0.050432120679463
0.740876837050858 0.053304792789515
0.726995249869773 0.056179540588891
0.712889645782536 0.059045953788798
0.698573945317390 0.061894124810804
0.684062276342339 0.064714693646568
0.669368960122646 0.067498010205471
0.654508497187474 0.070233884582752
0.639495553019615 0.072911593101693
0.624344943582427 0.075520396925403
0.609071620698271 0.078049612658250
0.593690657292862 0.080488595865600
0.578217232520115 0.082826778454440
0.562666616782152 0.085053381967353
0.547054156659257 0.087156926702287
0.531395259764657 0.089126302140590
0.515705379539064 0.090950913791015
0.500000000000000 0.092620423389697
0.484294620460936 0.094125640312238
0.468604740235343 0.095459265641013
0.452945843340743 0.096616643654652
0.437333383217848 0.097594989424294
0.421782767479884 0.098391931414287
0.406309342707138 0.099005942995172
0.390928379301729 0.099436440278222
0.375655056417573 0.099682688360733
0.360504446980385 0.099744148718837
0.345491502812526 0.099620818461640
0.330631039877354 0.099312591754262
0.315937723657661 0.098819341443290
0.301426054682610 0.098141577332731
0.287110354217464 0.097280619930346
0.273004750130227 0.096238686208098
0.259123162949142 0.095019060665304
0.245479292124814 0.093625380696982
0.232086602510502 0.092061684862719
0.218958311073935 0.090333139195858
0.206107373853763 0.088444186807554
0.193546473173512 0.086398862554065
0.181288005125655 0.084201884584859
0.169344067338174 0.081859579411501
0.157726447035656 0.079379473453451
0.146446609406726 0.076770715636026
0.135515686289294 0.074041987205127
0.124944465184770 0.071201105739589
0.114743378612105 0.068257417155216
0.104922493812155 0.065220463915467
0.095491502812526 0.062098608417538
0.086459712862719 0.058902753255865
0.077836037248992 0.055643583648542
0.069628986498028 0.052330444929223
0.061846659978068 0.048976417333313
0.054496737905816 0.045590450197617
0.047586473766990 0.042174800281864
0.041122687158009 0.038738202070772
0.035111757055874 0.035294317673509
0.029559615522887 0.031861407132571
0.024471741852423 0.028466674400863
0.019853157161528 0.025119881632295
0.015708419435684 0.021802235903250
0.012041619030626 0.018512306664262
0.008856374635656 0.015283318893076
0.006155829702431 0.012201392120015
0.003942649342761 0.009386499597054
0.002219017698460 0.006879244197434
0.000986635785864 0.004539112249522
0.000246719817134 0.002276812052796
0.000000000000000 0.000000000000000
0.000246719817134 -0.002324954670752
0.000986635785864 -0.004537229539693
0.002219017698460 -0.006469066390967
0.003942649342761 -0.008122834611590
0.006155829702431 -0.009602241779875
0.008856374635656 -0.011022133768359
0.012041619030626 -0.012541769235111
0.015708419435684 -0.014173100293673
0.019853157161528 -0.015851017973400
0.024471741852423 -0.017505989310265
0.029559615522887 -0.019096386527250
0.035111757055874 -0.020619746612545
0.041122687158009 -0.022091302260558
0.047586473766990 -0.023531306449114
0.054496737905816 -0.024930050930892
0.061846659978068 -0.026273891887273
0.069628986498028 -0.027554004040365
0.077836037248993 -0.028765010207976
0.086459712862719 -0.029905292237519
0.095491502812526 -0.030977991934063
0.104922493812155 -0.031984358014570
0.114743378612105 -0.032920445907396
0.124944465184770 -0.033784344562331
0.135515686289294 -0.034575312660032
0.146446609406726 -0.035291728967492
0.157726447035656 -0.035933040538767
0.169344067338174 -0.036499843624339
0.181288005125655 -0.036990552037483
0.193546473173512 -0.037402254286856
0.206107373853763 -0.037733334838160
0.218958311073935 -0.037983764908795
0.232086602510502 -0.038155540707746
0.245479292124814 -0.038252342328992
0.259123162949142 -0.038276313139513
0.273004750130227 -0.038227185398430
0.287110354217464 -0.038103766037320
0.301426054682610 -0.037905624126739
0.315937723657661 -0.037633166660700
0.330631039877354 -0.037287492186577
0.345491502812526 -0.036870186370695
0.360504446980386 -0.036382881510797
0.375655056417573 -0.035827227780671
0.390928379301729 -0.035205334256468
0.406309342707138 -0.034519265188621
0.421782767479884 -0.033770901078684
0.437333383217848 -0.032962415114907
0.452945843340743 -0.032095809345391
0.468604740235343 -0.031172431223344
0.484294620460936 -0.030193069284885
0.500000000000000 -0.029158940747734
0.515705379539064 -0.028073678518713
0.531395259764657 -0.026942361735248
0.547054156659257 -0.025771122081506
0.562666616782152 -0.024566137738590
0.578217232520115 -0.023333551453288
0.593690657292863 -0.022079487371622
0.609071620698271 -0.020811053877962
0.624344943582427 -0.019536795744358
0.639495553019615 -0.018267575629926
0.654508497187474 -0.017013745117229
0.669368960122646 -0.015783630530969
0.684062276342339 -0.014581574462334
0.698573945317390 -0.013410883396197
0.712889645782536 -0.012274986672703
0.726995249869774 -0.011178107602847
0.740876837050858 -0.010124733853771
0.754520707875186 -0.009118975256821
0.767913397489498 -0.008163587440508
0.781041688926065 -0.007258911994731
0.793892626146237 -0.006404669097610
0.806453526826489 -0.005600538427941
0.818711994874345 -0.004847038755160
0.830655932661826 -0.004145450774552
0.842273552964344 -0.003496500486684
0.853553390593274 -0.002900470473716
0.864484313710706 -0.002357357106494
0.875055534815230 -0.001866706516135
0.885256621387895 -0.001427557582019
0.895077506187845 -0.001038378896088
0.904508497187474 -0.000697059593336
0.913540287137281 -0.000401172856817
0.922163962751008 -0.000148128767603
0.930371013501972 0.000063265772214
0.938153340021932 0.000233872619533
0.945503262094184 0.000365483893666
0.952413526233010 0.000460670873666
0.958877312841991 0.000522604980704
0.964888242944126 0.000555000386666
0.970440384477113 0.000561987046711
0.975528258147577 0.000546341078690
0.980146842838472 0.000509114911124
0.984291580564316 0.000453299287742
0.987958380969374 0.000383605347929
0.991143625364344 0.000306112529155
0.993844170297569 0.000227355118964
0.996057350657239 0.000153469053574
0.997780982301540 0.000089889089967
0.999013364214136 0.000041100797992
0.999753280182866 0.000010449281955
1.000000000000000 0.000000000000000
