1.000000000000000 0.000000000000000
0.999753280182866 0.000037440807845
0.999013364214136 0.000153162028062
0.997780982301540 0.000356327815822
0.996057350657239 0.000658753675869
0.993844170297569 0.001069636127435
0.991143625364344 0.001588630412622
0.987958380969374 0.002210234101263
0.984291580564316 0.002929459339657
0.980146842838472 0.003736746269286
0.975528258147577 0.004630207086244
0.970440384477113 0.005614536632736
0.964888242944126 0.006695717877205
0.958877312841991 0.007877301410422
0.952413526233010 0.009163101834485
0.945503262094184 0.010553255924994
0.938153340021932 0.012043914448621
0.930371013501972 0.013630308430585
0.922163962751008 0.015309319915126
0.913540287137281 0.017077473060141
0.904508497187474 0.018929556752386
0.895077506187845 0.020858439128179
0.885256621387895 0.022855687215003
0.875055534815230 0.024911798293687
0.864484313710706 0.027015839427701
0.853553390593274 0.029153575051978
0.842273552964344 0.031307578069687
0.830655932661826 0.033463741220551
0.818711994874345 0.035619766596301
0.806453526826488 0.037774819296263
0.793892626146236 0.039915343820848
0.781041688926065 0.042020296145064
0.767913397489498 0.044072028278328
0.754520707875186 0.046058331597252
0.740876837050858 0.047971201248626
0.726995249869773 0.049818965704866
0.712889645782536 0.051613014311422
0.698573945317390 0.053357743720536
0.684062276342339 0.055047163011198
0.669368960122646 0.056678433332176
0.654508497187474 0.058251842768391
0.639495553019615 0.059768784665258
0.624344943582427 0.061226784209003
0.609071620698271 0.062622201292395
0.593690657292862 0.063951561867855
0.578217232520115 0.065211564506211
0.562666616782152 0.066399541508927
0.547054156659257 0.067513771755352
0.531395259764657 0.068551974990501
0.515705379539064 0.069511064437581
0.500000000000000 0.070386520787650
0.484294620460936 0.071174200739665
0.468604740235343 0.071870977279375
0.452945843340743 0.072475065340314
0.437333383217848 0.072985867312270
0.421782767479884 0.073403953604150
0.406309342707138 0.073726672073612
0.390928379301729 0.073948650521787
0.375655056417573 0.074067059279870
0.360504446980385 0.074080914034455
0.345491502812526 0.073990465123676
0.330631039877354 0.073794111280259
0.315937723657661 0.073489989364157
0.301426054682610 0.073077891598934
0.287110354217464 0.072558849393268
0.273004750130227 0.071933754625226
0.259123162949142 0.071201846486257
0.245479292124814 0.070362625358626
0.232086602510502 0.069416154003052
0.218958311073935 0.068362900298198
0.206107373853763 0.067203327850125
0.193546473173512 0.065938290827527
0.181288005125655 0.064569772988978
0.169344067338174 0.063101443003281
0.157726447035656 0.061537290607825
0.146446609406726 0.059877389155734
0.135515686289294 0.058122127272733
0.124944465184770 0.056273025246509
0.114743378612105 0.054333405861781
0.104922493812155 0.052308101913831
0.095491502812526 0.050203497110993
0.086459712862719 0.048026312501921
0.077836037248992 0.045778789412864
0.069628986498028 0.043464682149161
0.061846659978068 0.041088107251484
0.054496737905816 0.038655517602653
0.047586473766990 0.036175547339649
0.041122687158009 0.033658437779627
0.035111757055874 0.031113015899456
0.029559615522887 0.028535132066990
0.024471741852423 0.025929764675817
0.019853157161528 0.023313267338871
0.015708419435684 0.020711258330817
0.012041619030626 0.018104845874250
0.008856374635656 0.015456594132162
0.006155829702431 0.012748164687847
0.003942649342761 0.009933781104984
0.002219017698460 0.007016643124623
0.000986635785864 0.004262918544837
0.000246719817134 0.001970615048921
0.000000000000000 0.000000000000000
0.000246719817134 -0.001768851930361
0.000986635785864 -0.003496944481087
0.002219017698460 -0.005109703479201
0.003942649342761 -0.006478359867881
0.006155829702431 -0.007643460594146
0.008856374635656 -0.008762570912925
0.012041619030626 -0.009923178296514
0.015708419435684 -0.011059317768652
0.019853157161528 -0.012109420802452
0.024471741852423 -0.013065935234758
0.029559615522887 -0.013963990121336
0.035111757055874 -0.014827611634344
0.041122687158009 -0.015636746337504
0.047586473766990 -0.016372728035293
0.054496737905816 -0.017031979337814
0.061846659978068 -0.017623573822866
0.069628986498028 -0.018154773465427
0.077836037248993 -0.018622014505736
0.086459712862719 -0.019023519083527
0.095491502812526 -0.019358190633485
0.104922493812155 -0.019626843083653
0.114743378612105 -0.019832137423324
0.124944465184770 -0.019977737863954
0.135515686289294 -0.020068620792066
0.146446609406726 -0.020105954951327
0.157726447035656 -0.020087894873276
0.169344067338174 -0.020015047897701
0.181288005125655 -0.019891633253347
0.193546473173512 -0.019722984655729
0.206107373853763 -0.019511068729124
0.218958311073935 -0.019254522577339
0.232086602510502 -0.018954163463818
0.245479292124814 -0.018615420029550
0.259123162949142 -0.018245013259371
0.273004750130227 -0.017846380813485
0.287110354217464 -0.017418204943210
0.301426054682610 -0.016960547210885
0.315937723657661 -0.016476419079267
0.330631039877354 -0.015970946496183
0.345491502812526 -0.015446690757737
0.360504446980386 -0.014904412398841
0.375655056417573 -0.014344490113823
0.390928379301729 -0.013770803883366
0.406309342707138 -0.013188175997376
0.421782767479884 -0.012600239180490
0.437333383217848 -0.012007686161359
0.452945843340743 -0.011410319024967
0.468604740235343 -0.010809470407727
0.484294620460936 -0.010207016761818
0.500000000000000 -0.009605033956223
0.515705379539064 -0.009005311220765
0.531395259764657 -0.008409486944931
0.547054156659257 -0.007819081168874
0.562666616782152 -0.007235526359360
0.578217232520115 -0.006659835974238
0.593690657292863 -0.006092083251821
0.609071620698271 -0.005531800679212
0.624344943582427 -0.004977700387148
0.639495553019615 -0.004426638928498
0.654508497187474 -0.003875308606547
0.669368960122646 -0.003320404670083
0.684062276342339 -0.002757749526843
0.698573945317390 -0.002187381352299
0.712889645782536 -0.001614705675290
0.726995249869774 -0.001048142508235
0.740876837050858 -0.000488050304948
0.754520707875186 0.000071752326804
0.767913397489498 0.000636922018260
0.781041688926065 0.001203601115434
0.793892626146237 0.001765568471867
0.806453526826489 0.002311653382158
0.818711994874345 0.002825547424446
0.830655932661826 0.003289747898828
0.842273552964344 0.003684982468828
0.853553390593274 0.003988537670324
0.864484313710706 0.004183839307065
0.875055534815230 0.004270630556581
0.885256621387895 0.004257101674083
0.895077506187845 0.004155096983312
0.904508497187474 0.003988226888797
0.913540287137281 0.003780891869990
0.922163962751008 0.003549026119711
0.930371013501972 0.003298004486580
0.938153340021932 0.003031781437381
0.945503262094184 0.002755232994954
0.952413526233010 0.002473855215295
0.958877312841991 0.002192671657422
0.964888242944126 0.001916140261400
0.970440384477113 0.001648237279145
0.975528258147577 0.001393138397886
0.980146842838472 0.001156475154047
0.984291580564316 0.000942535221991
0.987958380969374 0.000752099156822
0.991143625364344 0.000583221724906
0.993844170297569 0.000435215689437
0.996057350657239 0.000302381244145
0.997780982301540 0.000183412297411
0.999013364214136 0.000086442253734
0.999753280182866 0.000022420046282
1.000000000000000 0.000000000000000
