1.000000000000000 0.000000000000000
0.999753280182866 0.000009399756611
0.999013364214136 0.000048514997633
0.997780982301540 0.000145016006283
0.996057350657239 0.000327944044229
0.993844170297569 0.000610025809006
0.991143625364344 0.001001245127668
0.987958380969374 0.001504213700625
0.984291580564316 0.002117157988612
0.980146842838472 0.002828264243403
0.975528258147577 0.003614481290507
0.970440384477113 0.004449135827565
0.964888242944126 0.005312607122780
0.958877312841991 0.006190355749199
0.952413526233010 0.007076442527708
0.945503262094184 0.007984674827655
0.938153340021932 0.008935155419228
0.930371013501972 0.009928787862748
0.922163962751008 0.010963203728252
0.913540287137281 0.012038018822290
0.904508497187474 0.013157744093657
0.895077506187845 0.014330044041842
0.885256621387895 0.015555254991255
0.875055534815230 0.016832215108911
0.864484313710706 0.018167453254143
0.853553390593274 0.019564922399659
0.842273552964344 0.021021063494077
0.830655932661826 0.022531112533530
0.818711994874345 0.024089896820294
0.806453526826488 0.025689785003104
0.793892626146236 0.027323809848287
0.781041688926065 0.028988005867543
0.767913397489498 0.030678461150997
0.754520707875186 0.032390038861673
0.740876837050858 0.034122581410337
0.726995249869773 0.035874173646959
0.712889645782536 0.037635780165292
0.698573945317390 0.039395224325084
0.684062276342339 0.041149647966698
0.669368960122646 0.042896378908972
0.654508497187474 0.044632532991824
0.639495553019615 0.046356144942039
0.624344943582427 0.048061375497238
0.609071620698271 0.049739886537974
0.593690657292862 0.051382507190022
0.578217232520115 0.052981497481529
0.562666616782152 0.054532433344007
0.547054156659257 0.056037185946784
0.531395259764657 0.057494761755785
0.515705379539064 0.058899449745877
0.500000000000000 0.060240176853688
0.484294620460936 0.061508358544794
0.468604740235343 0.062702444315010
0.452945843340743 0.063819451555117
0.437333383217848 0.064856441860070
0.421782767479884 0.065815406269686
0.406309342707138 0.066691843432852
0.390928379301729 0.067472513270392
0.375655056417573 0.068151047422212
0.360504446980385 0.068724874113510
0.345491502812526 0.069192506537458
0.330631039877354 0.069558313708237
0.315937723657661 0.069825731682447
0.301426054682610 0.069982874476033
0.287110354217464 0.070015655128075
0.273004750130227 0.069916985151183
0.259123162949142 0.069698104313584
0.245479292124814 0.069366040918803
0.232086602510502 0.068919340513552
0.218958311073935 0.068349510596597
0.206107373853763 0.067645012366354
0.193546473173512 0.066802085851525
0.181288005125655 0.065827322495540
0.169344067338174 0.064729514589148
0.157726447035656 0.063507482407120
0.146446609406726 0.062167360650809
0.135515686289294 0.060704641969511
0.124944465184770 0.059103112771281
0.114743378612105 0.057368353002920
0.104922493812155 0.055520241807025
0.095491502812526 0.053563295379946
0.086459712862719 0.051495792473776
0.077836037248992 0.049314246956579
0.069628986498028 0.047014892100557
0.061846659978068 0.044600328741579
0.054496737905816 0.042082307477144
0.047586473766990 0.039482652125756
0.041122687158009 0.036813853439348
0.035111757055874 0.034072044808460
0.029559615522887 0.031247798529333
0.024471741852423 0.028345123120144
0.019853157161528 0.025392158870983
0.015708419435684 0.022418650027198
0.012041619030626 0.019450474624436
0.008856374635656 0.016500784206063
0.006155829702431 0.013551100944754
0.003942649342761 0.010585549799021
0.002219017698460 0.007678657143471
0.000986635785864 0.004901911725300
0.000246719817134 0.002334089749216
0.000000000000000 0.000000000000000
0.000246719817134 -0.002334138340427
0.000986635785864 -0.004901911492370
0.002219017698460 -0.007678654404666
0.003942649342761 -0.010585563958730
0.006155829702431 -0.013551091680126
0.008856374635656 -0.016500783301927
0.012041619030626 -0.019450466750605
0.015708419435684 -0.022418656969715
0.019853157161528 -0.025392157646794
0.024471741852423 -0.028345122711280
0.029559615522887 -0.031247807606055
0.035111757055874 -0.034072045611992
0.041122687158009 -0.036813857138071
0.047586473766990 -0.039482651476365
0.054496737905816 -0.042082306208121
0.061846659978068 -0.044600327675254
0.069628986498028 -0.047014890935826
0.077836037248993 -0.049314244426134
0.086459712862719 -0.051495791962362
0.095491502812526 -0.053563297594095
0.104922493812155 -0.055520245075675
0.114743378612105 -0.057368356185713
0.124944465184770 -0.059103114082626
0.135515686289294 -0.060704643726241
0.146446609406726 -0.062167362528392
0.157726447035656 -0.063507484796918
0.169344067338174 -0.064729514798922
0.181288005125655 -0.065827324316046
0.193546473173512 -0.066802087088657
0.206107373853763 -0.067645014445156
0.218958311073935 -0.068349511711050
0.232086602510502 -0.068919342350358
0.245479292124814 -0.069366042413208
0.259123162949142 -0.069698105533217
0.273004750130227 -0.069916986448086
0.287110354217464 -0.070015656471439
0.301426054682610 -0.069982875919172
0.315937723657661 -0.069825732787964
0.330631039877354 -0.069558314784546
0.345491502812526 -0.069192508021169
0.360504446980386 -0.068724875304977
0.375655056417573 -0.068151048836497
0.390928379301729 -0.067472514893685
0.406309342707138 -0.066691844159319
0.421782767479884 -0.065815407171362
0.437333383217848 -0.064856443457008
0.452945843340743 -0.063819451960369
0.468604740235343 -0.062702445071342
0.484294620460936 -0.061508359759360
0.500000000000000 -0.060240177962727
0.515705379539064 -0.058899451085537
0.531395259764657 -0.057494762756496
0.547054156659257 -0.056037187236259
0.562666616782152 -0.054532432881011
0.578217232520115 -0.052981498576440
0.593690657292863 -0.051382507430902
0.609071620698271 -0.049739887193006
0.624344943582427 -0.048061377084665
0.639495553019615 -0.046356146142008
0.654508497187474 -0.044632533945586
0.669368960122646 -0.042896378999595
0.684062276342339 -0.041149649489535
0.698573945317390 -0.039395224847792
0.712889645782536 -0.037635780605696
0.726995249869774 -0.035874175794559
0.740876837050858 -0.034122582765592
0.754520707875186 -0.032390040137331
0.767913397489498 -0.030678461938653
0.781041688926065 -0.028988007910488
0.793892626146237 -0.027323810235466
0.806453526826489 -0.025689784239239
0.818711994874345 -0.024089897042401
0.830655932661826 -0.022531113131553
0.842273552964344 -0.021021065981561
0.853553390593274 -0.019564921846191
0.864484313710706 -0.018167453871688
0.875055534815230 -0.016832214370908
0.885256621387895 -0.015555256200351
0.895077506187845 -0.014330044880526
0.904508497187474 -0.013157744670496
0.913540287137281 -0.012038018939025
0.922163962751008 -0.010963205955162
0.930371013501972 -0.009928787738178
0.938153340021932 -0.008935155723810
0.945503262094184 -0.007984676320717
0.952413526233010 -0.007076443523680
0.958877312841991 -0.006190356885775
0.964888242944126 -0.005312608993058
0.970440384477113 -0.004449134835531
0.975528258147577 -0.003614481298842
0.980146842838472 -0.002828262842434
0.984291580564316 -0.002117158625496
0.987958380969374 -0.001504212101005
0.991143625364344 -0.001001243877006
0.993844170297569 -0.000610026433176
0.996057350657239 -0.000327943946471
0.997780982301540 -0.000145015956349
0.999013364214136 -0.000048514327442
0.999753280182866 -0.000009399996416
1.000000000000000 0.000000000000000
