1.000000000000000 0.000000000000000
0.999753280182866 0.000005268937427
0.999013364214136 0.000023697719542
0.997780982301540 0.000062982331784
0.996057350657239 0.000135366662471
0.993844170297569 0.000254039454405
0.991143625364344 0.000424172597451
0.987958380969374 0.000647109000266
0.984291580564316 0.000927305664079
0.980146842838472 0.001265135061927
0.975528258147577 0.001655606504024
0.970440384477113 0.002095714678701
0.964888242944126 0.002582934508812
0.958877312841991 0.003113017285527
0.952413526233010 0.003678762883725
0.945503262094184 0.004269494129956
0.938153340021932 0.004882841271208
0.930371013501972 0.005526574770318
0.922163962751008 0.006203040836557
0.913540287137281 0.006912491793926
0.904508497187474 0.007658260352793
0.895077506187845 0.008441975307815
0.885256621387895 0.009260493480431
0.875055534815230 0.010112483727770
0.864484313710706 0.010998570382631
0.853553390593274 0.011919098801440
0.842273552964344 0.012874691141521
0.830655932661826 0.013867156034896
0.818711994874345 0.014893417192706
0.806453526826488 0.015945034700945
0.793892626146236 0.017020755599527
0.781041688926065 0.018122592347654
0.767913397489498 0.019249169542916
0.754520707875186 0.020397182413805
0.740876837050858 0.021563907617617
0.726995249869773 0.022743344707127
0.712889645782536 0.023928882795699
0.698573945317390 0.025115449410797
0.684062276342339 0.026300143092565
0.669368960122646 0.027480456202072
0.654508497187474 0.028653750516096
0.639495553019615 0.029817677659570
0.624344943582427 0.030972758545678
0.609071620698271 0.032115490637195
0.593690657292862 0.033236494884000
0.578217232520115 0.034333465718505
0.562666616782152 0.035406595591473
0.547054156659257 0.036454875609573
0.531395259764657 0.037475751761759
0.515705379539064 0.038465063013925
0.500000000000000 0.039416450962397
0.484294620460936 0.040326415679040
0.468604740235343 0.041194640333989
0.452945843340743 0.042018455835175
0.437333383217848 0.042794637192872
0.421782767479884 0.043520830282660
0.406309342707138 0.044196096805553
0.390928379301729 0.044818825443604
0.375655056417573 0.045381746989380
0.360504446980385 0.045881767449648
0.345491502812526 0.046321574774702
0.330631039877354 0.046702708732297
0.315937723657661 0.047019374181848
0.301426054682610 0.047258492372811
0.287110354217464 0.047417389592432
0.273004750130227 0.047499135431621
0.259123162949142 0.047506733551281
0.245479292124814 0.047434979961869
0.232086602510502 0.047283806700205
0.218958311073935 0.047053695036365
0.206107373853763 0.046737153790457
0.193546473173512 0.046326147908097
0.181288005125655 0.045823665552356
0.169344067338174 0.045233643797359
0.157726447035656 0.044556750844892
0.146446609406726 0.043795198148411
0.135515686289294 0.042945082822198
0.124944465184770 0.041993041551675
0.114743378612105 0.040941687517953
0.104922493812155 0.039800594355667
0.095491502812526 0.038573481862085
0.086459712862719 0.037260989580156
0.077836037248992 0.035860307984083
0.069628986498028 0.034365189556848
0.061846659978068 0.032774053616123
0.054496737905816 0.031093619161759
0.047586473766990 0.029338531443387
0.041122687158009 0.027518365962132
0.035111757055874 0.025628983929483
0.029559615522887 0.023654794234157
0.024471741852423 0.021589370811230
0.019853157161528 0.019456744833229
0.015708419435684 0.017288250901919
0.012041619030626 0.015109745722008
0.008856374635656 0.012919039750714
0.006155829702431 0.010686271841434
0.003942649342761 0.008378767484933
0.002219017698460 0.006082852756173
0.000986635785864 0.003882157746409
0.000246719817134 0.001841790989032
0.000000000000000 0.000000000000000
0.000246719817134 -0.001841792984048
0.000986635785864 -0.003882149473746
0.002219017698460 -0.006082839629067
0.003942649342761 -0.008378766796268
0.006155829702431 -0.010686265706319
0.008856374635656 -0.012919032662527
0.012041619030626 -0.015109749205502
0.015708419435684 -0.017288246033728
0.019853157161528 -0.019456743936365
0.024471741852423 -0.021589368349565
0.029559615522887 -0.023654794314589
0.035111757055874 -0.025628984809927
0.041122687158009 -0.027518369076056
0.047586473766990 -0.029338532991416
0.054496737905816 -0.031093620660694
0.061846659978068 -0.032774056430282
0.069628986498028 -0.034365190177727
0.077836037248993 -0.035860308620905
0.086459712862719 -0.037260990963345
0.095491502812526 -0.038573484763216
0.104922493812155 -0.039800594276972
0.114743378612105 -0.040941689833959
0.124944465184770 -0.041993042391733
0.135515686289294 -0.042945084803772
0.146446609406726 -0.043795199463913
0.157726447035656 -0.044556752208845
0.169344067338174 -0.045233645923398
0.181288005125655 -0.045823666883333
0.193546473173512 -0.046326149377871
0.206107373853763 -0.046737154971135
0.218958311073935 -0.047053696270059
0.232086602510502 -0.047283807768841
0.245479292124814 -0.047434981122352
0.259123162949142 -0.047506734678405
0.273004750130227 -0.047499136533782
0.287110354217464 -0.047417390755571
0.301426054682610 -0.047258493363732
0.315937723657661 -0.047019375282176
0.330631039877354 -0.046702709887131
0.345491502812526 -0.046321575613895
0.360504446980386 -0.045881768270277
0.375655056417573 -0.045381748088984
0.390928379301729 -0.044818826926971
0.406309342707138 -0.044196097382287
0.421782767479884 -0.043520831003718
0.437333383217848 -0.042794637356620
0.452945843340743 -0.042018457097983
0.468604740235343 -0.041194641643422
0.484294620460936 -0.040326416740440
0.500000000000000 -0.039416452161108
0.515705379539064 -0.038465064181700
0.531395259764657 -0.037475752543284
0.547054156659257 -0.036454875129537
0.562666616782152 -0.035406595776851
0.578217232520115 -0.034333466735568
0.593690657292863 -0.033236495612185
0.609071620698271 -0.032115492146540
0.624344943582427 -0.030972758686575
0.639495553019615 -0.029817677608059
0.654508497187474 -0.028653750673895
0.669368960122646 -0.027480456386468
0.684062276342339 -0.026300143500106
0.698573945317390 -0.025115450269783
0.712889645782536 -0.023928882939186
0.726995249869774 -0.022743344693985
0.740876837050858 -0.021563907701674
0.754520707875186 -0.020397183250070
0.767913397489498 -0.019249170239164
0.781041688926065 -0.018122592219003
0.793892626146237 -0.017020755673662
0.806453526826489 -0.015945035553749
0.818711994874345 -0.014893418145891
0.830655932661826 -0.013867157391434
0.842273552964344 -0.012874691575532
0.853553390593274 -0.011919098971229
0.864484313710706 -0.010998570436491
0.875055534815230 -0.010112483719005
0.885256621387895 -0.009260492437171
0.895077506187845 -0.008441975860364
0.904508497187474 -0.007658260426595
0.913540287137281 -0.006912491983021
0.922163962751008 -0.006203040990070
0.930371013501972 -0.005526575112342
0.938153340021932 -0.004882841292952
0.945503262094184 -0.004269494102455
0.952413526233010 -0.003678763490539
0.958877312841991 -0.003113017542789
0.964888242944126 -0.002582933609806
0.970440384477113 -0.002095715184240
0.975528258147577 -0.001655606808338
0.980146842838472 -0.001265134836761
0.984291580564316 -0.000927304609468
0.987958380969374 -0.000647109150784
0.991143625364344 -0.000424173213909
0.993844170297569 -0.000254040076278
0.996057350657239 -0.000135366734410
0.997780982301540 -0.000062982290339
0.999013364214136 -0.000023697654114
0.999753280182866 -0.000005268921048
1.000000000000000 0.000000000000000
