1.000000000000000 0.000000000000000
0.999753280182866 0.000001112935758
0.999013364214136 0.000013406864526
0.997780982301540 0.000056541385135
0.996057350657239 0.000139581104969
0.993844170297569 0.000255563997327
0.991143625364344 0.000416172495559
0.987958380969374 0.000632603193766
0.984291580564316 0.000900465946984
0.980146842838472 0.001218665469343
0.975528258147577 0.001591339915151
0.970440384477113 0.002013136918027
0.964888242944126 0.002473748570492
0.958877312841991 0.002969094596067
0.952413526233010 0.003494248839136
0.945503262094184 0.004040976737435
0.938153340021932 0.004605770253619
0.930371013501972 0.005190409916710
0.922163962751008 0.005798705909970
0.913540287137281 0.006434798264023
0.904508497187474 0.007100491045836
0.895077506187845 0.007797012640688
0.885256621387895 0.008524930324240
0.875055534815230 0.009282550536295
0.864484313710706 0.010067148781175
0.853553390593274 0.010878413896784
0.842273552964344 0.011717158521202
0.830655932661826 0.012584817860235
0.818711994874345 0.013479879482380
0.806453526826488 0.014398797876602
0.793892626146236 0.015341911182301
0.781041688926065 0.016310396643550
0.767913397489498 0.017303022434372
0.754520707875186 0.018315619405778
0.740876837050858 0.019341694083064
0.726995249869773 0.020384318531429
0.712889645782536 0.021445800705095
0.698573945317390 0.022523099744725
0.684062276342339 0.023610514364476
0.669368960122646 0.024707142348813
0.654508497187474 0.025811931099369
0.639495553019615 0.026919779874756
0.624344943582427 0.028022848482675
0.609071620698271 0.029116163127601
0.593690657292862 0.030199162389954
0.578217232520115 0.031266781581509
0.562666616782152 0.032314381542982
0.547054156659257 0.033341675657384
0.531395259764657 0.034349869600564
0.515705379539064 0.035336915341742
0.500000000000000 0.036289300523288
0.484294620460936 0.037200507635381
0.468604740235343 0.038073414688596
0.452945843340743 0.038909284308932
0.437333383217848 0.039707038565344
0.421782767479884 0.040462500067565
0.406309342707138 0.041170687107444
0.390928379301729 0.041826401379982
0.375655056417573 0.042424768671573
0.360504446980385 0.042965800862567
0.345491502812526 0.043453099634863
0.330631039877354 0.043883106935549
0.315937723657661 0.044250759962714
0.301426054682610 0.044550869806663
0.287110354217464 0.044772853391578
0.273004750130227 0.044916508865838
0.259123162949142 0.044990891347403
0.245479292124814 0.044991419568666
0.232086602510502 0.044915928394658
0.218958311073935 0.044762185601812
0.206107373853763 0.044521862174656
0.193546473173512 0.044187268513501
0.181288005125655 0.043764327886697
0.169344067338174 0.043258735350318
0.157726447035656 0.042670623361444
0.146446609406726 0.042000109756587
0.135515686289294 0.041240542333839
0.124944465184770 0.040376012023433
0.114743378612105 0.039408698439938
0.104922493812155 0.038350906907458
0.095491502812526 0.037210472420482
0.086459712862719 0.035989445586263
0.077836037248992 0.034682255514420
0.069628986498028 0.033276262631719
0.061846659978068 0.031768471642010
0.054496737905816 0.030171116671211
0.047586473766990 0.028498442407255
0.041122687158009 0.026760182061298
0.035111757055874 0.024955626336005
0.029559615522887 0.023061289563736
0.024471741852423 0.021063880430645
0.019853157161528 0.019001080144919
0.015708419435684 0.016898911016480
0.012041619030626 0.014772596291378
0.008856374635656 0.012644246666733
0.006155829702431 0.010478874408916
0.003942649342761 0.008210361927628
0.002219017698460 0.005918764686142
0.000986635785864 0.003713820266226
0.000246719817134 0.001736880030498
0.000000000000000 0.000000000000000
0.000246719817134 -0.001736845985545
0.000986635785864 -0.003713798487094
0.002219017698460 -0.005918756267078
0.003942649342761 -0.008210362471202
0.006155829702431 -0.010478880685577
0.008856374635656 -0.012644245811566
0.012041619030626 -0.014772596885278
0.015708419435684 -0.016898906036091
0.019853157161528 -0.019001080251891
0.024471741852423 -0.021063878471563
0.029559615522887 -0.023061286885974
0.035111757055874 -0.024955630546581
0.041122687158009 -0.026760184739548
0.047586473766990 -0.028498446764528
0.054496737905816 -0.030171117787541
0.061846659978068 -0.031768474671175
0.069628986498028 -0.033276261244801
0.077836037248993 -0.034682257870507
0.086459712862719 -0.035989446680033
0.095491502812526 -0.037210474639937
0.104922493812155 -0.038350909261628
0.114743378612105 -0.039408700451649
0.124944465184770 -0.040376013356913
0.135515686289294 -0.041240543528142
0.146446609406726 -0.042000111042413
0.157726447035656 -0.042670624725855
0.169344067338174 -0.043258735909831
0.181288005125655 -0.043764329121028
0.193546473173512 -0.044187269898155
0.206107373853763 -0.044521863506961
0.218958311073935 -0.044762186813416
0.232086602510502 -0.044915929706236
0.245479292124814 -0.044991420714414
0.259123162949142 -0.044990892486258
0.273004750130227 -0.044916509915687
0.287110354217464 -0.044772854390268
0.301426054682610 -0.044550870923296
0.315937723657661 -0.044250761358712
0.330631039877354 -0.043883108195151
0.345491502812526 -0.043453100504984
0.360504446980386 -0.042965801833162
0.375655056417573 -0.042424769408306
0.390928379301729 -0.041826402863278
0.406309342707138 -0.041170688314119
0.421782767479884 -0.040462501070502
0.437333383217848 -0.039707039439762
0.452945843340743 -0.038909285334372
0.468604740235343 -0.038073415876455
0.484294620460936 -0.037200508874582
0.500000000000000 -0.036289302026710
0.515705379539064 -0.035336915329002
0.531395259764657 -0.034349870494719
0.547054156659257 -0.033341676049930
0.562666616782152 -0.032314383221735
0.578217232520115 -0.031266782995747
0.593690657292863 -0.030199162719407
0.609071620698271 -0.029116164029025
0.624344943582427 -0.028022849043591
0.639495553019615 -0.026919780200054
0.654508497187474 -0.025811931567232
0.669368960122646 -0.024707142607536
0.684062276342339 -0.023610514026112
0.698573945317390 -0.022523099466970
0.712889645782536 -0.021445800809998
0.726995249869774 -0.020384318399094
0.740876837050858 -0.019341694662553
0.754520707875186 -0.018315619952494
0.767913397489498 -0.017303022959685
0.781041688926065 -0.016310397009581
0.793892626146237 -0.015341911616661
0.806453526826489 -0.014398797649816
0.818711994874345 -0.013479880377883
0.830655932661826 -0.012584819039808
0.842273552964344 -0.011717158793054
0.853553390593274 -0.010878414024028
0.864484313710706 -0.010067148880869
0.875055534815230 -0.009282550440707
0.885256621387895 -0.008524929616346
0.895077506187845 -0.007797012517087
0.904508497187474 -0.007100490881055
0.913540287137281 -0.006434798590566
0.922163962751008 -0.005798706321247
0.930371013501972 -0.005190410080420
0.938153340021932 -0.004605770308505
0.945503262094184 -0.004040977648504
0.952413526233010 -0.003494249863051
0.958877312841991 -0.002969095711480
0.964888242944126 -0.002473748897798
0.970440384477113 -0.002013136197660
0.975528258147577 -0.001591339852431
0.980146842838472 -0.001218665725343
0.984291580564316 -0.000900464927247
0.987958380969374 -0.000632603207659
0.991143625364344 -0.000416172561825
0.993844170297569 -0.000255564414968
0.996057350657239 -0.000139580820756
0.997780982301540 -0.000056541913330
0.999013364214136 -0.000013406972036
0.999753280182866 -0.000001112967362
1.000000000000000 0.000000000000000
