1.000000000000000 0.000000000000000
0.999753280182866 0.000026458591062
0.999013364214136 0.000106970970406
0.997780982301540 0.000244819206288
0.996057350657239 0.000445072021252
0.993844170297569 0.000713963181965
0.991143625364344 0.001058052400310
0.987958380969374 0.001483143330868
0.984291580564316 0.001993267158788
0.980146842838472 0.002592633053384
0.975528258147577 0.003285462545300
0.970440384477113 0.004074341853197
0.964888242944126 0.004960375025070
0.958877312841991 0.005944337977078
0.952413526233010 0.007025295282492
0.945503262094184 0.008200127246344
0.938153340021932 0.009465633632308
0.930371013501972 0.010818337209055
0.922163962751008 0.012252990781469
0.913540287137281 0.013763393743258
0.904508497187474 0.015343630644203
0.895077506187845 0.016986633201191
0.885256621387895 0.018684239567844
0.875055534815230 0.020428551545722
0.864484313710706 0.022211363141650
0.853553390593274 0.024023509386158
0.842273552964344 0.025856164737667
0.830655932661826 0.027700974603874
0.818711994874345 0.029549056063092
0.806453526826488 0.031392523312133
0.793892626146236 0.033225589884728
0.781041688926065 0.035043018579380
0.767913397489498 0.036840348960871
0.754520707875186 0.038614966112486
0.740876837050858 0.040365484633638
0.726995249869773 0.042090837999966
0.712889645782536 0.043789496399623
0.698573945317390 0.045459781708722
0.684062276342339 0.047100389441583
0.669368960122646 0.048708922604597
0.654508497187474 0.050282411548155
0.639495553019615 0.051817746036945
0.624344943582427 0.053311640142569
0.609071620698271 0.054760650144984
0.593690657292862 0.056161226209449
0.578217232520115 0.057510032003015
0.562666616782152 0.058804019028543
0.547054156659257 0.060040443092330
0.531395259764657 0.061216210096283
0.515705379539064 0.062327854535197
0.500000000000000 0.063371385654128
0.484294620460936 0.064342995528058
0.468604740235343 0.065239299047571
0.452945843340743 0.066057304161057
0.437333383217848 0.066794210952322
0.421782767479884 0.067447123323676
0.406309342707138 0.068013370794424
0.390928379301729 0.068490410123552
0.375655056417573 0.068875102368550
0.360504446980385 0.069164042935878
0.345491502812526 0.069353712402819
0.330631039877354 0.069441292669190
0.315937723657661 0.069424793545837
0.301426054682610 0.069303003128550
0.287110354217464 0.069074363557479
0.273004750130227 0.068737003938183
0.259123162949142 0.068288865689514
0.245479292124814 0.067728165160656
0.232086602510502 0.067052333384567
0.218958311073935 0.066258230427269
0.206107373853763 0.065344532756845
0.193546473173512 0.064310974321383
0.181288005125655 0.063158974862848
0.169344067338174 0.061890579394865
0.157726447035656 0.060505921458210
0.146446609406726 0.059003893700712
0.135515686289294 0.057385854711491
0.124944465184770 0.055652960356741
0.114743378612105 0.053807147834622
0.104922493812155 0.051853147040294
0.095491502812526 0.049793951780182
0.086459712862719 0.047632274383193
0.077836037248992 0.045374450645613
0.069628986498028 0.043024883076728
0.061846659978068 0.040587204106669
0.054496737905816 0.038070791614026
0.047586473766990 0.035481293498271
0.041122687158009 0.032822826474639
0.035111757055874 0.030107202157530
0.029559615522887 0.027348308395676
0.024471741852423 0.024565475473105
0.019853157161528 0.021788137662675
0.015708419435684 0.019015519186389
0.012041619030626 0.016229463157711
0.008856374635656 0.013433453110091
0.006155829702431 0.010676412843679
0.003942649342761 0.008072368122673
0.002219017698460 0.005766186273608
0.000986635785864 0.003714321003277
0.000246719817134 0.001808645550895
0.000000000000000 0.000000000000000
0.000246719817134 -0.001843944019743
0.000986635785864 -0.003740654003297
0.002219017698460 -0.005552105059804
0.003942649342761 -0.007118314029301
0.006155829702431 -0.008424130591824
0.008856374635656 -0.009549696258777
0.012041619030626 -0.010666135557927
0.015708419435684 -0.011869593265606
0.019853157161528 -0.013108127146738
0.024471741852423 -0.014309657501544
0.029559615522887 -0.015414083324755
0.035111757055874 -0.016415364943046
0.041122687158009 -0.017332790073794
0.047586473766990 -0.018200742286432
0.054496737905816 -0.019021190205740
0.061846659978068 -0.019782204142132
0.069628986498028 -0.020475154941560
0.077836037248993 -0.021095810132316
0.086459712862719 -0.021644711627103
0.095491502812526 -0.022127095437445
0.104922493812155 -0.022548961464639
0.114743378612105 -0.022909893125492
0.124944465184770 -0.023210323297127
0.135515686289294 -0.023452315580777
0.146446609406726 -0.023637504547173
0.157726447035656 -0.023767779299762
0.169344067338174 -0.023846669822755
0.181288005125655 -0.023876994080472
0.193546473173512 -0.023860044945522
0.206107373853763 -0.023797928832522
0.218958311073935 -0.023692905382055
0.232086602510502 -0.023545610695056
0.245479292124814 -0.023356641948215
0.259123162949142 -0.023127049554265
0.273004750130227 -0.022858119409384
0.287110354217464 -0.022551380506737
0.301426054682610 -0.022208768076109
0.315937723657661 -0.021832256678597
0.330631039877354 -0.021423564577461
0.345491502812526 -0.020984739172893
0.360504446980386 -0.020517728140104
0.375655056417573 -0.020024114704200
0.390928379301729 -0.019505356719370
0.406309342707138 -0.018962940195919
0.421782767479884 -0.018398424022462
0.437333383217848 -0.017813334279734
0.452945843340743 -0.017209230111989
0.468604740235343 -0.016587756512875
0.484294620460936 -0.015950522432731
0.500000000000000 -0.015299143483090
0.515705379539064 -0.014635407363691
0.531395259764657 -0.013961496030600
0.547054156659257 -0.013280040375073
0.562666616782152 -0.012593648662773
0.578217232520115 -0.011904626818280
0.593690657292863 -0.011214628436060
0.609071620698271 -0.010525123386814
0.624344943582427 -0.009837791549707
0.639495553019615 -0.009155296106531
0.654508497187474 -0.008480671790193
0.669368960122646 -0.007816880128761
0.684062276342339 -0.007166013066839
0.698573945317390 -0.006529380705774
0.712889645782536 -0.005907876131281
0.726995249869774 -0.005302833474593
0.740876837050858 -0.004717633623580
0.754520707875186 -0.004156593323670
0.767913397489498 -0.003623339638976
0.781041688926065 -0.003119741696048
0.793892626146237 -0.002645730170782
0.806453526826489 -0.002200499986448
0.818711994874345 -0.001783916798141
0.830655932661826 -0.001397213269356
0.842273552964344 -0.001042351340902
0.853553390593274 -0.000720619212997
0.864484313710706 -0.000432288799540
0.875055534815230 -0.000176263731327
0.885256621387895 0.000048853530266
0.895077506187845 0.000244475901100
0.904508497187474 0.000411245591432
0.913540287137281 0.000549581005611
0.922163962751008 0.000660412154451
0.930371013501972 0.000744645741648
0.938153340021932 0.000802576057569
0.945503262094184 0.000835124783038
0.952413526233010 0.000843929903899
0.958877312841991 0.000830767824075
0.964888242944126 0.000797728816370
0.970440384477113 0.000747609331477
0.975528258147577 0.000683482070375
0.980146842838472 0.000607823555583
0.984291580564316 0.000523749997849
0.987958380969374 0.000435150314355
0.991143625364344 0.000345229532740
0.993844170297569 0.000256734413341
0.996057350657239 0.000174085143961
0.997780982301540 0.000102509282791
0.999013364214136 0.000047089690909
0.999753280182866 0.000012009570852
1.000000000000000 0.000000000000000
