1.000000000000000 0.000000000000000
0.999753280182866 0.000033753879412
0.999013364214136 0.000136933067762
0.997780982301540 0.000315034268652
0.996057350657239 0.000576320126203
0.993844170297569 0.000930465646762
0.991143625364344 0.001386661792987
0.987958380969374 0.001951166102822
0.984291580564316 0.002624659093897
0.980146842838472 0.003404590960501
0.975528258147577 0.004285030911263
0.970440384477113 0.005252511335121
0.964888242944126 0.006288862940862
0.958877312841991 0.007381416885315
0.952413526233010 0.008516723155032
0.945503262094184 0.009679580376649
0.938153340021932 0.010863239578485
0.930371013501972 0.012068631359599
0.922163962751008 0.013300275630669
0.913540287137281 0.014561995645607
0.904508497187474 0.015853877339543
0.895077506187845 0.017176971721450
0.885256621387895 0.018532836063616
0.875055534815230 0.019921082906556
0.864484313710706 0.021340868464048
0.853553390593274 0.022791886468776
0.842273552964344 0.024272551059752
0.830655932661826 0.025780248951056
0.818711994874345 0.027312319279544
0.806453526826488 0.028866422934251
0.793892626146236 0.030440617447484
0.781041688926065 0.032033331158235
0.767913397489498 0.033642609764159
0.754520707875186 0.035265438169068
0.740876837050858 0.036898040835257
0.726995249869773 0.038536633128392
0.712889645782536 0.040177519419687
0.698573945317390 0.041817163430210
0.684062276342339 0.043452133648648
0.669368960122646 0.045077513493765
0.654508497187474 0.046686918524921
0.639495553019615 0.048272979198224
0.624344943582427 0.049829188056903
0.609071620698271 0.051350152218900
0.593690657292862 0.052831639680387
0.578217232520115 0.054269370656795
0.562666616782152 0.055659054834348
0.547054156659257 0.056996515860998
0.531395259764657 0.058277690784894
0.515705379539064 0.059498627512914
0.500000000000000 0.060655441428697
0.484294620460936 0.061744359253817
0.468604740235343 0.062761692884001
0.452945843340743 0.063703618491513
0.437333383217848 0.064566361523755
0.421782767479884 0.065346359963063
0.406309342707138 0.066040028715285
0.390928379301729 0.066643815585522
0.375655056417573 0.067154668022003
0.360504446980385 0.067570134257472
0.345491502812526 0.067888358269277
0.330631039877354 0.068107421566628
0.315937723657661 0.068224792566943
0.301426054682610 0.068236564722333
0.287110354217464 0.068139640940884
0.273004750130227 0.067931798948664
0.259123162949142 0.067611316300616
0.245479292124814 0.067177579169188
0.232086602510502 0.066629275594860
0.218958311073935 0.065963591445193
0.206107373853763 0.065178886536217
0.193546473173512 0.064274437486664
0.181288005125655 0.063250405330576
0.169344067338174 0.062108182996396
0.157726447035656 0.060849775698828
0.146446609406726 0.059474588675616
0.135515686289294 0.057983588305007
0.124944465184770 0.056378750399407
0.114743378612105 0.054660278584940
0.104922493812155 0.052829874504703
0.095491502812526 0.050891307433146
0.086459712862719 0.048845702418236
0.077836037248992 0.046695814556104
0.069628986498028 0.044448080540324
0.061846659978068 0.042104932547976
0.054496737905816 0.039671601334530
0.047586473766990 0.037158310966995
0.041122687158009 0.034569846559050
0.035111757055874 0.031914197607010
0.029559615522887 0.029206151980919
0.024471741852423 0.026450432233072
0.019853157161528 0.023658466587197
0.015708419435684 0.020854062378934
0.012041619030626 0.018038824641878
0.008856374635656 0.015218243385529
0.006155829702431 0.012415067531422
0.003942649342761 0.009629827978290
0.002219017698460 0.006910810368984
0.000986635785864 0.004391886413083
0.000246719817134 0.002096785547557
0.000000000000000 0.000000000000000
0.000246719817134 -0.001929916679876
0.000986635785864 -0.003859910234582
0.002219017698460 -0.005819202386785
0.003942649342761 -0.007764993045426
0.006155829702431 -0.009620473230992
0.008856374635656 -0.011337012155559
0.012041619030626 -0.012951838650749
0.015708419435684 -0.014564730301566
0.019853157161528 -0.016173816085117
0.024471741852423 -0.017732016458733
0.029559615522887 -0.019200621815005
0.035111757055874 -0.020559363494426
0.041122687158009 -0.021810035571091
0.047586473766990 -0.022974918203589
0.054496737905816 -0.024072524490842
0.061846659978068 -0.025098438594915
0.069628986498028 -0.026052325392285
0.077836037248993 -0.026937544923309
0.086459712862719 -0.027752440188416
0.095491502812526 -0.028497204602088
0.104922493812155 -0.029175142081955
0.114743378612105 -0.029786580302459
0.124944465184770 -0.030330147835401
0.135515686289294 -0.030807044563744
0.146446609406726 -0.031218179721047
0.157726447035656 -0.031563798948951
0.169344067338174 -0.031845599424008
0.181288005125655 -0.032065741209064
0.193546473173512 -0.032225589148569
0.206107373853763 -0.032326855187651
0.218958311073935 -0.032372190621523
0.232086602510502 -0.032362911576001
0.245479292124814 -0.032299961193469
0.259123162949142 -0.032184820947954
0.273004750130227 -0.032019773159312
0.287110354217464 -0.031807804515609
0.301426054682610 -0.031552876347364
0.315937723657661 -0.031258089156047
0.330631039877354 -0.030924723560706
0.345491502812526 -0.030553292142945
0.360504446980386 -0.030144559382936
0.375655056417573 -0.029699878232715
0.390928379301729 -0.029221108491658
0.406309342707138 -0.028710228718241
0.421782767479884 -0.028169078872476
0.437333383217848 -0.027598940983410
0.452945843340743 -0.027000983701207
0.468604740235343 -0.026376503289378
0.484294620460936 -0.025726487517822
0.500000000000000 -0.025051764052719
0.515705379539064 -0.024353307684373
0.531395259764657 -0.023632332299765
0.547054156659257 -0.022890303529055
0.562666616782152 -0.022128796369034
0.578217232520115 -0.021349239801217
0.593690657292863 -0.020552647995191
0.609071620698271 -0.019739862427103
0.624344943582427 -0.018912037928640
0.639495553019615 -0.018071505130434
0.654508497187474 -0.017220873305209
0.669368960122646 -0.016363146427149
0.684062276342339 -0.015502606518148
0.698573945317390 -0.014645006620856
0.712889645782536 -0.013796757067185
0.726995249869774 -0.012963256147864
0.740876837050858 -0.012147541136098
0.754520707875186 -0.011351383125697
0.767913397489498 -0.010576450482831
0.781041688926065 -0.009824667560101
0.793892626146237 -0.009098298863102
0.806453526826489 -0.008399504749077
0.818711994874345 -0.007729878507275
0.830655932661826 -0.007090245736623
0.842273552964344 -0.006480878473353
0.853553390593274 -0.005901946350696
0.864484313710706 -0.005353649943909
0.875055534815230 -0.004836335140953
0.885256621387895 -0.004350162717908
0.895077506187845 -0.003894764567212
0.904508497187474 -0.003468070352625
0.913540287137281 -0.003067450476274
0.922163962751008 -0.002690760787546
0.930371013501972 -0.002336042520739
0.938153340021932 -0.002001396157684
0.945503262094184 -0.001685408462547
0.952413526233010 -0.001387486184102
0.958877312841991 -0.001110273604542
0.964888242944126 -0.000857058228344
0.970440384477113 -0.000629737236755
0.975528258147577 -0.000431184817256
0.980146842838472 -0.000267269438639
0.984291580564316 -0.000140164315827
0.987958380969374 -0.000048398765407
0.991143625364344 0.000009617888548
0.993844170297569 0.000037167797496
0.996057350657239 0.000041488227993
0.997780982301540 0.000031693134290
0.999013364214136 0.000016885209409
0.999753280182866 0.000004655765659
1.000000000000000 0.000000000000000
