1.000000000000000 0.000000000000000
0.999753280182866 0.000052703661360
0.999013364214136 0.000209828682236
0.997780982301540 0.000468469704933
0.996057350657239 0.000823890439542
0.993844170297569 0.001269707713078
0.991143625364344 0.001798151064480
0.987958380969374 0.002400340391626
0.984291580564316 0.003066660204166
0.980146842838472 0.003787150259122
0.975528258147577 0.004551973063389
0.970440384477113 0.005351862347074
0.964888242944126 0.006178646543888
0.958877312841991 0.007025764786021
0.952413526233010 0.007888793752378
0.945503262094184 0.008765994039016
0.938153340021932 0.009658856529719
0.930371013501972 0.010572635399737
0.922163962751008 0.011516903670079
0.913540287137281 0.012506092898101
0.904508497187474 0.013560065880266
0.895077506187845 0.014703630472845
0.885256621387895 0.015948749509635
0.875055534815230 0.017289237223376
0.864484313710706 0.018715597325940
0.853553390593274 0.020215248832131
0.842273552964344 0.021772485485021
0.830655932661826 0.023368391674956
0.818711994874345 0.024980774012699
0.806453526826488 0.026584267158348
0.793892626146236 0.028150827972250
0.781041688926065 0.029667979228154
0.767913397489498 0.031141834032122
0.754520707875186 0.032581477730202
0.740876837050858 0.033997857335834
0.726995249869773 0.035403423156387
0.712889645782536 0.036813266591662
0.698573945317390 0.038243369778669
0.684062276342339 0.039703858418522
0.669368960122646 0.041190144928722
0.654508497187474 0.042689580421003
0.639495553019615 0.044190812612417
0.624344943582427 0.045681803680122
0.609071620698271 0.047149557968680
0.593690657292862 0.048580669501561
0.578217232520115 0.049968056807387
0.562666616782152 0.051309319288593
0.547054156659257 0.052603659547524
0.531395259764657 0.053850569729532
0.515705379539064 0.055049523496327
0.500000000000000 0.056199929669383
0.484294620460936 0.057303105277351
0.468604740235343 0.058364126049467
0.452945843340743 0.059389162881432
0.437333383217848 0.060384739656588
0.421782767479884 0.061356905599542
0.406309342707138 0.062312185660796
0.390928379301729 0.063256098128127
0.375655056417573 0.064177400308954
0.360504446980385 0.065055989578594
0.345491502812526 0.065871289418969
0.330631039877354 0.066604284114850
0.315937723657661 0.067237683283133
0.301426054682610 0.067755381377500
0.287110354217464 0.068144895394340
0.273004750130227 0.068397816365735
0.259123162949142 0.068509037601153
0.245479292124814 0.068474902979913
0.232086602510502 0.068293003098499
0.218958311073935 0.067962530090586
0.206107373853763 0.067483707141761
0.193546473173512 0.066859457422498
0.181288005125655 0.066098449846904
0.169344067338174 0.065216154818400
0.157726447035656 0.064226978700738
0.146446609406726 0.063147301622556
0.135515686289294 0.061965489112991
0.124944465184770 0.060644361333959
0.114743378612105 0.059149404727380
0.104922493812155 0.057456995925692
0.095491502812526 0.055552851328045
0.086459712862719 0.053438152840521
0.077836037248992 0.051126952448996
0.069628986498028 0.048640964541025
0.061846659978068 0.046049885117900
0.054496737905816 0.043445849690601
0.047586473766990 0.040904195413444
0.041122687158009 0.038427970167876
0.035111757055874 0.035948719604197
0.029559615522887 0.033418991099501
0.024471741852423 0.030813982151599
0.019853157161528 0.028105732410351
0.015708419435684 0.025234615997732
0.012041619030626 0.022186985687041
0.008856374635656 0.019009284206870
0.006155829702431 0.015770967895431
0.003942649342761 0.012521625862815
0.002219017698460 0.009296358858856
0.000986635785864 0.006121459101275
0.000246719817134 0.003017206570114
0.000000000000000 0.000000000000000
0.000246719817134 -0.003017247502365
0.000986635785864 -0.006121453211732
0.002219017698460 -0.009296385688631
0.003942649342761 -0.012521624357554
0.006155829702431 -0.015770967998060
0.008856374635656 -0.019009286863752
0.012041619030626 -0.022186984667533
0.015708419435684 -0.025234615324481
0.019853157161528 -0.028105741276221
0.024471741852423 -0.030813988579129
0.029559615522887 -0.033418994185671
0.035111757055874 -0.035948725230304
0.041122687158009 -0.038427969708950
0.047586473766990 -0.040904196913086
0.054496737905816 -0.043445855545688
0.061846659978068 -0.046049885093630
0.069628986498028 -0.048640969708371
0.077836037248993 -0.051126957860938
0.086459712862719 -0.053438155622296
0.095491502812526 -0.055552851381035
0.104922493812155 -0.057456998136586
0.114743378612105 -0.059149407271340
0.124944465184770 -0.060644364204926
0.135515686289294 -0.061965491114514
0.146446609406726 -0.063147304221393
0.157726447035656 -0.064226980015024
0.169344067338174 -0.065216156218788
0.181288005125655 -0.066098451726187
0.193546473173512 -0.066859459121897
0.206107373853763 -0.067483709301115
0.218958311073935 -0.067962532011631
0.232086602510502 -0.068293005177033
0.245479292124814 -0.068474904852163
0.259123162949142 -0.068509039492608
0.273004750130227 -0.068397818067733
0.287110354217464 -0.068144897107960
0.301426054682610 -0.067755382796901
0.315937723657661 -0.067237685300501
0.330631039877354 -0.066604286125260
0.345491502812526 -0.065871291939693
0.360504446980386 -0.065055991468913
0.375655056417573 -0.064177402048004
0.390928379301729 -0.063256098759647
0.406309342707138 -0.062312187507488
0.421782767479884 -0.061356907056153
0.437333383217848 -0.060384740912637
0.452945843340743 -0.059389164308809
0.468604740235343 -0.058364126617237
0.484294620460936 -0.057303106533066
0.500000000000000 -0.056199930934029
0.515705379539064 -0.055049525310924
0.531395259764657 -0.053850571020139
0.547054156659257 -0.052603660262618
0.562666616782152 -0.051309320837776
0.578217232520115 -0.049968057811395
0.593690657292863 -0.048580670129739
0.609071620698271 -0.047149559140709
0.624344943582427 -0.045681805470544
0.639495553019615 -0.044190812886144
0.654508497187474 -0.042689581677296
0.669368960122646 -0.041190145627642
0.684062276342339 -0.039703859699544
0.698573945317390 -0.038243370497246
0.712889645782536 -0.036813266932761
0.726995249869774 -0.035403422774129
0.740876837050858 -0.033997859364371
0.754520707875186 -0.032581477955830
0.767913397489498 -0.031141833323392
0.781041688926065 -0.029667979594306
0.793892626146237 -0.028150827277463
0.806453526826489 -0.026584268597125
0.818711994874345 -0.024980773970555
0.830655932661826 -0.023368391247161
0.842273552964344 -0.021772486968626
0.853553390593274 -0.020215248400752
0.864484313710706 -0.018715597071779
0.875055534815230 -0.017289237879131
0.885256621387895 -0.015948749760504
0.895077506187845 -0.014703629515439
0.904508497187474 -0.013560066611531
0.913540287137281 -0.012506093151642
0.922163962751008 -0.011516904893703
0.930371013501972 -0.010572635982203
0.938153340021932 -0.009658855657177
0.945503262094184 -0.008765995087868
0.952413526233010 -0.007888792007091
0.958877312841991 -0.007025762811873
0.964888242944126 -0.006178645892028
0.970440384477113 -0.005351860506768
0.975528258147577 -0.004551970995916
0.980146842838472 -0.003787149740467
0.984291580564316 -0.003066658573938
0.987958380969374 -0.002400341655324
0.991143625364344 -0.001798151439341
0.993844170297569 -0.001269706876481
0.996057350657239 -0.000823887050538
0.997780982301540 -0.000468468293317
0.999013364214136 -0.000209831545325
0.999753280182866 -0.000052702952219
1.000000000000000 0.000000000000000
