1.000000000000000 0.000000000000000
0.999753280182866 0.000058996877229
0.999013364214136 0.000238983553343
0.997780982301540 0.000548629984567
0.996057350657239 0.001001230763321
0.993844170297569 0.001612912270427
0.991143625364344 0.002400027993260
0.987958380969374 0.003375685910148
0.984291580564316 0.004545758503528
0.980146842838472 0.005913052836129
0.975528258147577 0.007479439141822
0.970440384477113 0.009239227973823
0.964888242944126 0.011178859175771
0.958877312841991 0.013287653445475
0.952413526233010 0.015553504588633
0.945503262094184 0.017959148263434
0.938153340021932 0.020490425056340
0.930371013501972 0.023140414951283
0.922163962751008 0.025902666323751
0.913540287137281 0.028773836472760
0.904508497187474 0.031759983725450
0.895077506187845 0.034872024061150
0.885256621387895 0.038121272826043
0.875055534815230 0.041499421009406
0.864484313710706 0.044988318151098
0.853553390593274 0.048564175993729
0.842273552964344 0.052185426386667
0.830655932661826 0.055793913863943
0.818711994874345 0.059325526972119
0.806453526826488 0.062711596367191
0.793892626146236 0.065879797444110
0.781041688926065 0.068760890117276
0.767913397489498 0.071360570779436
0.754520707875186 0.073729607635657
0.740876837050858 0.075917970103558
0.726995249869773 0.077955447024729
0.712889645782536 0.079864046067577
0.698573945317390 0.081653790256971
0.684062276342339 0.083314043040855
0.669368960122646 0.084803455863984
0.654508497187474 0.086102833671470
0.639495553019615 0.087236311572039
0.624344943582427 0.088290351093765
0.609071620698271 0.089323029928282
0.593690657292862 0.090338397662603
0.578217232520115 0.091257190879789
0.562666616782152 0.092011174272441
0.547054156659257 0.092581018136210
0.531395259764657 0.092998395091664
0.515705379539064 0.093307362347631
0.500000000000000 0.093521516088931
0.484294620460936 0.093637792357518
0.468604740235343 0.093642557600095
0.452945843340743 0.093532321235084
0.437333383217848 0.093309594835494
0.421782767479884 0.092980278078028
0.406309342707138 0.092547871098604
0.390928379301729 0.092013124356195
0.375655056417573 0.091376115861700
0.360504446980385 0.090637395138271
0.345491502812526 0.089798587158893
0.330631039877354 0.088862031126842
0.315937723657661 0.087830138470260
0.301426054682610 0.086704472662463
0.287110354217464 0.085486707599714
0.273004750130227 0.084178852549573
0.259123162949142 0.082783327498012
0.245479292124814 0.081303263313004
0.232086602510502 0.079741908114944
0.218958311073935 0.078101733437198
0.206107373853763 0.076383961365465
0.193546473173512 0.074590534711408
0.181288005125655 0.072724187290137
0.169344067338174 0.070787871509313
0.157726447035656 0.068785755058146
0.146446609406726 0.066721865089586
0.135515686289294 0.064598662203669
0.124944465184770 0.062419591366947
0.114743378612105 0.060188619536610
0.104922493812155 0.057907354357022
0.095491502812526 0.055577791054203
0.086459712862719 0.053204607404287
0.077836037248992 0.050791202435889
0.069628986498028 0.048341544914327
0.061846659978068 0.045863537990832
0.054496737905816 0.043356766672193
0.047586473766990 0.040815847255947
0.041122687158009 0.038244478811848
0.035111757055874 0.035631410518010
0.029559615522887 0.032945918705622
0.024471741852423 0.030175743690113
0.019853157161528 0.027310294775177
0.015708419435684 0.024320597444610
0.012041619030626 0.021195145693325
0.008856374635656 0.017964184176422
0.006155829702431 0.014710631231360
0.003942649342761 0.011534821467401
0.002219017698460 0.008465313950844
0.000986635785864 0.005447763317297
0.000246719817134 0.002561544920372
0.000000000000000 0.000000000000000
0.000246719817134 -0.002187561364619
0.000986635785864 -0.003985823703743
0.002219017698460 -0.005521807096862
0.003942649342761 -0.006928462207821
0.006155829702431 -0.008268742132169
0.008856374635656 -0.009621645555220
0.012041619030626 -0.010982523317704
0.015708419435684 -0.012306413112068
0.019853157161528 -0.013603362830602
0.024471741852423 -0.014929854187325
0.029559615522887 -0.016286368629625
0.035111757055874 -0.017653094765039
0.041122687158009 -0.019010647706368
0.047586473766990 -0.020344634303492
0.054496737905816 -0.021651032191446
0.061846659978068 -0.022934923434185
0.069628986498028 -0.024206708401309
0.077836037248993 -0.025464184300406
0.086459712862719 -0.026701064995511
0.095491502812526 -0.027913031405110
0.104922493812155 -0.029096951157706
0.114743378612105 -0.030250883604618
0.124944465184770 -0.031375232339285
0.135515686289294 -0.032470674924474
0.146446609406726 -0.033535318861176
0.157726447035656 -0.034566963711751
0.169344067338174 -0.035564356711012
0.181288005125655 -0.036525495841767
0.193546473173512 -0.037447717743057
0.206107373853763 -0.038329099235986
0.218958311073935 -0.039168444093414
0.232086602510502 -0.039965346387235
0.245479292124814 -0.040720503192006
0.259123162949142 -0.041433799200334
0.273004750130227 -0.042102964751211
0.287110354217464 -0.042724272733943
0.301426054682610 -0.043294485015980
0.315937723657661 -0.043811691445023
0.330631039877354 -0.044275526136358
0.345491502812526 -0.044686067245592
0.360504446980386 -0.045042753708212
0.375655056417573 -0.045344002971030
0.390928379301729 -0.045588387892651
0.406309342707138 -0.045774055502274
0.421782767479884 -0.045898270554200
0.437333383217848 -0.045957971167883
0.452945843340743 -0.045950284410651
0.468604740235343 -0.045873098303045
0.484294620460936 -0.045725209487867
0.500000000000000 -0.045505540495387
0.515705379539064 -0.045210280820267
0.531395259764657 -0.044834013284121
0.547054156659257 -0.044370243608759
0.562666616782152 -0.043814459235217
0.578217232520115 -0.043164665375237
0.593690657292863 -0.042422097179566
0.609071620698271 -0.041580616158399
0.624344943582427 -0.040626197971025
0.639495553019615 -0.039541805581131
0.654508497187474 -0.038301547220906
0.669368960122646 -0.036865334242559
0.684062276342339 -0.035170850436183
0.698573945317390 -0.033177765425880
0.712889645782536 -0.030894614110774
0.726995249869774 -0.028390540703059
0.740876837050858 -0.025738521701398
0.754520707875186 -0.023011449562462
0.767913397489498 -0.020294451268862
0.781041688926065 -0.017666771707555
0.793892626146237 -0.015183222757946
0.806453526826489 -0.012866235069162
0.818711994874345 -0.010721169408342
0.830655932661826 -0.008753666217785
0.842273552964344 -0.006964418468878
0.853553390593274 -0.005350076261285
0.864484313710706 -0.003906011968519
0.875055534815230 -0.002626762226433
0.885256621387895 -0.001507859069004
0.895077506187845 -0.000544601488388
0.904508497187474 0.000269310564939
0.913540287137281 0.000941095938581
0.922163962751008 0.001477312228422
0.930371013501972 0.001885421901484
0.938153340021932 0.002174550839877
0.945503262094184 0.002354717151650
0.952413526233010 0.002434755485753
0.958877312841991 0.002424641870098
0.964888242944126 0.002336129847712
0.970440384477113 0.002182216404431
0.975528258147577 0.001976389345376
0.980146842838472 0.001732710059213
0.984291580564316 0.001465596432402
0.987958380969374 0.001189368283333
0.991143625364344 0.000917822321130
0.993844170297569 0.000663830012077
0.996057350657239 0.000438968332438
0.997780982301540 0.000253190685271
0.999013364214136 0.000114541884178
0.999753280182866 0.000028939190219
1.000000000000000 0.000000000000000
