1.000000000000000 0.000000000000000
0.999753280182866 0.000074939024563
0.999013364214136 0.000302845506177
0.997780982301540 0.000692646168405
0.996057350657239 0.001258094034773
0.993844170297569 0.002016003578154
0.991143625364344 0.002983616743526
0.987958380969374 0.004175043012823
0.984291580564316 0.005597447558125
0.980146842838472 0.007256138804833
0.975528258147577 0.009154961529647
0.970440384477113 0.011289987974155
0.964888242944126 0.013649720375332
0.958877312841991 0.016221021558513
0.952413526233010 0.018983762339152
0.945503262094184 0.021909680496986
0.938153340021932 0.024972588486461
0.930371013501972 0.028146060321480
0.922163962751008 0.031399719667787
0.913540287137281 0.034713894911396
0.904508497187474 0.038081542919753
0.895077506187845 0.041498139816675
0.885256621387895 0.044965386455028
0.875055534815230 0.048492712827927
0.864484313710706 0.052094280673682
0.853553390593274 0.055776334080518
0.842273552964344 0.059530459492397
0.830655932661826 0.063346597111183
0.818711994874345 0.067191852969342
0.806453526826488 0.070996588816268
0.793892626146236 0.074681656941899
0.781041688926065 0.078175211247223
0.767913397489498 0.081420924535066
0.754520707875186 0.084365490054909
0.740876837050858 0.087002077252344
0.726995249869773 0.089375909456481
0.712889645782536 0.091536098811406
0.698573945317390 0.093504889540040
0.684062276342339 0.095290031868316
0.669368960122646 0.096898503689773
0.654508497187474 0.098338655423390
0.639495553019615 0.099620517284238
0.624344943582427 0.100753951361711
0.609071620698271 0.101736117215961
0.593690657292862 0.102558520402593
0.578217232520115 0.103215036033695
0.562666616782152 0.103727905495451
0.547054156659257 0.104137666485537
0.531395259764657 0.104470524323287
0.515705379539064 0.104705297499832
0.500000000000000 0.104757808785606
0.484294620460936 0.104578865306287
0.468604740235343 0.104165415532368
0.452945843340743 0.103590969223727
0.437333383217848 0.102921234077530
0.421782767479884 0.102185410913607
0.406309342707138 0.101393006413067
0.390928379301729 0.100536394004885
0.375655056417573 0.099583856058601
0.360504446980385 0.098478873461686
0.345491502812526 0.097159232424422
0.330631039877354 0.095635946076723
0.315937723657661 0.093965618451735
0.301426054682610 0.092226426249354
0.287110354217464 0.090440821361745
0.273004750130227 0.088593583366736
0.259123162949142 0.086652622155522
0.245479292124814 0.084605743056773
0.232086602510502 0.082456801655431
0.218958311073935 0.080217100937005
0.206107373853763 0.077894995870290
0.193546473173512 0.075495774592886
0.181288005125655 0.073024982531263
0.169344067338174 0.070487692602029
0.157726447035656 0.067886888357143
0.146446609406726 0.065225681529273
0.135515686289294 0.062508807441054
0.124944465184770 0.059741494485644
0.114743378612105 0.056930284942416
0.104922493812155 0.054083072926266
0.095491502812526 0.051205447921932
0.086459712862719 0.048303461312477
0.077836037248992 0.045385302690252
0.069628986498028 0.042455949514163
0.061846659978068 0.039519339172846
0.054496737905816 0.036584016197518
0.047586473766990 0.033661526132342
0.041122687158009 0.030766464323790
0.035111757055874 0.027917738755584
0.029559615522887 0.025115717140410
0.024471741852423 0.022336287314690
0.019853157161528 0.019572427926264
0.015708419435684 0.016855296891166
0.012041619030626 0.014276159328224
0.008856374635656 0.011920388864476
0.006155829702431 0.009818355093494
0.003942649342761 0.007805331334646
0.002219017698460 0.005764154440905
0.000986635785864 0.003710570546288
0.000246719817134 0.001765925847008
0.000000000000000 0.000000000000000
0.000246719817134 -0.001557823993413
0.000986635785864 -0.003015041378985
0.002219017698460 -0.004444548672594
0.003942649342761 -0.005827113543209
0.006155829702431 -0.007090621842294
0.008856374635656 -0.008139556008118
0.012041619030626 -0.008974569563500
0.015708419435684 -0.009726192136604
0.019853157161528 -0.010695666486177
0.024471741852423 -0.012058931305707
0.029559615522887 -0.013721921631417
0.035111757055874 -0.015454745330421
0.041122687158009 -0.017007837314808
0.047586473766990 -0.018382231180679
0.054496737905816 -0.019660878203471
0.061846659978068 -0.020960579017891
0.069628986498028 -0.022318206275060
0.077836037248993 -0.023701961094394
0.086459712862719 -0.025069834421619
0.095491502812526 -0.026391987516279
0.104922493812155 -0.027669868209597
0.114743378612105 -0.028913138975974
0.124944465184770 -0.030131999159973
0.135515686289294 -0.031324800827818
0.146446609406726 -0.032484243870388
0.157726447035656 -0.033604295881345
0.169344067338174 -0.034680933577356
0.181288005125655 -0.035712773972923
0.193546473173512 -0.036699291828734
0.206107373853763 -0.037639451601387
0.218958311073935 -0.038529682395112
0.232086602510502 -0.039366584187509
0.245479292124814 -0.040147009463874
0.259123162949142 -0.040867825736609
0.273004750130227 -0.041526055588702
0.287110354217464 -0.042119078531448
0.301426054682610 -0.042643948539943
0.315937723657661 -0.043097685496219
0.330631039877354 -0.043477643327514
0.345491502812526 -0.043780150278219
0.360504446980386 -0.044001111859040
0.375655056417573 -0.044136380644109
0.390928379301729 -0.044180599293492
0.406309342707138 -0.044127498218378
0.421782767479884 -0.043970129235349
0.437333383217848 -0.043701954267420
0.452945843340743 -0.043317750908945
0.468604740235343 -0.042814933138419
0.484294620460936 -0.042183907672303
0.500000000000000 -0.041406686656477
0.515705379539064 -0.040461639090061
0.531395259764657 -0.039317142446759
0.547054156659257 -0.037923054890389
0.562666616782152 -0.036204784895704
0.578217232520115 -0.034098826812219
0.593690657292863 -0.031631342656871
0.609071620698271 -0.028871275392464
0.624344943582427 -0.025911727950164
0.639495553019615 -0.022842895058808
0.654508497187474 -0.019758490558908
0.669368960122646 -0.016751153269516
0.684062276342339 -0.013883357781153
0.698573945317390 -0.011183809260072
0.712889645782536 -0.008658418277334
0.726995249869774 -0.006316416968317
0.740876837050858 -0.004158665907344
0.754520707875186 -0.002180159629003
0.767913397489498 -0.000375111894500
0.781041688926065 0.001261773416728
0.793892626146237 0.002730955194889
0.806453526826489 0.004031726406386
0.818711994874345 0.005164805831742
0.830655932661826 0.006132865151020
0.842273552964344 0.006941408413219
0.853553390593274 0.007597454411161
0.864484313710706 0.008108762875880
0.875055534815230 0.008482569140277
0.885256621387895 0.008722258946448
0.895077506187845 0.008831838476924
0.904508497187474 0.008817271754749
0.913540287137281 0.008686108416111
0.922163962751008 0.008446957977931
0.930371013501972 0.008109775134023
0.938153340021932 0.007685882486608
0.945503262094184 0.007187586353376
0.952413526233010 0.006627262847512
0.958877312841991 0.006018021895308
0.964888242944126 0.005373842912106
0.970440384477113 0.004709430604767
0.975528258147577 0.004040728883753
0.980146842838472 0.003383511104278
0.984291580564316 0.002752566559698
0.987958380969374 0.002161563726449
0.991143625364344 0.001622923683875
0.993844170297569 0.001147687006754
0.996057350657239 0.000745422087749
0.997780982301540 0.000424098246555
0.999013364214136 0.000190018662989
0.999753280182866 0.000047735730236
1.000000000000000 0.000000000000000
