1.000000000000000 0.000000000000000
0.999753280182866 0.000046618971733
0.999013364214136 0.000186442233581
0.997780982301540 0.000419375893445
0.996057350657239 0.000745236437725
0.993844170297569 0.001163766032119
0.991143625364344 0.001674577933648
0.987958380969374 0.002277153845272
0.984291580564316 0.002970805760726
0.980146842838472 0.003754592729947
0.975528258147577 0.004627170917884
0.970440384477113 0.005586752455124
0.964888242944126 0.006631062619978
0.958877312841991 0.007757457561517
0.952413526233010 0.008962889907610
0.945503262094184 0.010243782867540
0.938153340021932 0.011596088674574
0.930371013501972 0.013015289203828
0.922163962751008 0.014496421539354
0.913540287137281 0.016034592460191
0.904508497187474 0.017624719413359
0.895077506187845 0.019261474169873
0.885256621387895 0.020939310558450
0.875055534815230 0.022653679755966
0.864484313710706 0.024401175993431
0.853553390593274 0.026177859004627
0.842273552964344 0.027979236896977
0.830655932661826 0.029801394903432
0.818711994874345 0.031640665814947
0.806453526826488 0.033492834576959
0.793892626146236 0.035353329856899
0.781041688926065 0.037217294155777
0.767913397489498 0.039079449593030
0.754520707875186 0.040933895927064
0.740876837050858 0.042773936495360
0.726995249869773 0.044592502228515
0.712889645782536 0.046382922173619
0.698573945317390 0.048137958757170
0.684062276342339 0.049849625717937
0.669368960122646 0.051514465524750
0.654508497187474 0.053127266996474
0.639495553019615 0.054680332604901
0.624344943582427 0.056172883547617
0.609071620698271 0.057602888820764
0.593690657292862 0.058965419915571
0.578217232520115 0.060260706667083
0.562666616782152 0.061487958333973
0.547054156659257 0.062641983354509
0.531395259764657 0.063719539501758
0.515705379539064 0.064717144481748
0.500000000000000 0.065626875962314
0.484294620460936 0.066440951241989
0.468604740235343 0.067152560425646
0.452945843340743 0.067755005567501
0.437333383217848 0.068241538174028
0.421782767479884 0.068605526699865
0.406309342707138 0.068846042124686
0.390928379301729 0.068966181826814
0.375655056417573 0.068968664862190
0.360504446980385 0.068856864885209
0.345491502812526 0.068634571731609
0.330631039877354 0.068302950058623
0.315937723657661 0.067864019040269
0.301426054682610 0.067322139757337
0.287110354217464 0.066679531984669
0.273004750130227 0.065938349621037
0.259123162949142 0.065101650771751
0.245479292124814 0.064171169399558
0.232086602510502 0.063148815564557
0.218958311073935 0.062036229644081
0.206107373853763 0.060833348963660
0.193546473173512 0.059539781477366
0.181288005125655 0.058154260484754
0.169344067338174 0.056676452270033
0.157726447035656 0.055110556420352
0.146446609406726 0.053464758188225
0.135515686289294 0.051743772812441
0.124944465184770 0.049952256765320
0.114743378612105 0.048095727006332
0.104922493812155 0.046177494859863
0.095491502812526 0.044199381991844
0.086459712862719 0.042161252389246
0.077836037248992 0.040063051882714
0.069628986498028 0.037905856346194
0.061846659978068 0.035693068654792
0.054496737905816 0.033429663300651
0.047586473766990 0.031123443689841
0.041122687158009 0.028783959195044
0.035111757055874 0.026422780658159
0.029559615522887 0.024051295230204
0.024471741852423 0.021677757687814
0.019853157161528 0.019316330782640
0.015708419435684 0.016984257085691
0.012041619030626 0.014687686707495
0.008856374635656 0.012427882551986
0.006155829702431 0.010225270632520
0.003942649342761 0.008081563785997
0.002219017698460 0.005984978399713
0.000986635785864 0.003935043790842
0.000246719817134 0.001948736942828
0.000000000000000 0.000000000000000
0.000246719817134 -0.001902703860972
0.000986635785864 -0.003817071414020
0.002219017698460 -0.005718201750639
0.003942649342761 -0.007601562111812
0.006155829702431 -0.009484047979837
0.008856374635656 -0.011392145383057
0.012041619030626 -0.013320698203523
0.015708419435684 -0.015262842159951
0.019853157161528 -0.017214470425474
0.024471741852423 -0.019166836664851
0.029559615522887 -0.021106320794142
0.035111757055874 -0.023019290275556
0.041122687158009 -0.024889203881366
0.047586473766990 -0.026702063027121
0.054496737905816 -0.028446227863333
0.061846659978068 -0.030114433036030
0.069628986498028 -0.031702721268381
0.077836037248993 -0.033210700183852
0.086459712862719 -0.034641173798564
0.095491502812526 -0.035998779164250
0.104922493812155 -0.037289390318503
0.114743378612105 -0.038518244903314
0.124944465184770 -0.039690595615044
0.135515686289294 -0.040811372590109
0.146446609406726 -0.041881276166997
0.157726447035656 -0.042897701847125
0.169344067338174 -0.043861222609686
0.181288005125655 -0.044772040272725
0.193546473173512 -0.045625689123151
0.206107373853763 -0.046418638478860
0.218958311073935 -0.047151653112430
0.232086602510502 -0.047823261077518
0.245479292124814 -0.048433037001157
0.259123162949142 -0.048980832570488
0.273004750130227 -0.049466289315796
0.287110354217464 -0.049888999697890
0.301426054682610 -0.050248726162573
0.315937723657661 -0.050543951323414
0.330631039877354 -0.050771806536748
0.345491502812526 -0.050929774328432
0.360504446980386 -0.051016319018329
0.375655056417573 -0.051030386273745
0.390928379301729 -0.050969621644322
0.406309342707138 -0.050832391642627
0.421782767479884 -0.050618274151435
0.437333383217848 -0.050327166305621
0.452945843340743 -0.049959612438528
0.468604740235343 -0.049517042591937
0.484294620460936 -0.049000947618979
0.500000000000000 -0.048413739579430
0.515705379539064 -0.047760714442235
0.531395259764657 -0.047046305191806
0.547054156659257 -0.046273649324149
0.562666616782152 -0.045448438880033
0.578217232520115 -0.044575505668579
0.593690657292863 -0.043655920652695
0.609071620698271 -0.042693081513699
0.624344943582427 -0.041690715959706
0.639495553019615 -0.040647639212645
0.654508497187474 -0.039564588494870
0.669368960122646 -0.038444140070793
0.684062276342339 -0.037286025354604
0.698573945317390 -0.036090829334510
0.712889645782536 -0.034860739885396
0.726995249869774 -0.033598693842500
0.740876837050858 -0.032307578001992
0.754520707875186 -0.030991374836634
0.767913397489498 -0.029655493603863
0.781041688926065 -0.028304427867302
0.793892626146237 -0.026943880544873
0.806453526826489 -0.025578190952713
0.818711994874345 -0.024210552055660
0.830655932661826 -0.022846060720124
0.842273552964344 -0.021490145031404
0.853553390593274 -0.020144496172827
0.864484313710706 -0.018811482817688
0.875055534815230 -0.017495104380362
0.885256621387895 -0.016198844658517
0.895077506187845 -0.014925710729428
0.904508497187474 -0.013679154129133
0.913540287137281 -0.012462966809880
0.922163962751008 -0.011281515451696
0.930371013501972 -0.010139579478187
0.938153340021932 -0.009041776845389
0.945503262094184 -0.007992688451343
0.952413526233010 -0.006996464510204
0.958877312841991 -0.006057113027511
0.964888242944126 -0.005178404393552
0.970440384477113 -0.004363412424595
0.975528258147577 -0.003614474815187
0.980146842838472 -0.002933295593040
0.984291580564316 -0.002321228554054
0.987958380969374 -0.001779350303181
0.991143625364344 -0.001308507640934
0.993844170297569 -0.000909334557813
0.996057350657239 -0.000582282670248
0.997780982301540 -0.000327656405502
0.999013364214136 -0.000145661449583
0.999753280182866 -0.000036420524659
1.000000000000000 0.000000000000000
