1.000000000000000 0.000000000000000
0.999753280182866 0.000111444482833
0.999013364214136 0.000443777728865
0.997780982301540 0.000991113310846
0.996057350657239 0.001743854066269
0.993844170297569 0.002689073523406
0.991143625364344 0.003810988527933
0.987958380969374 0.005091500167501
0.984291580564316 0.006510873699317
0.980146842838472 0.008048409551041
0.975528258147577 0.009683175857072
0.970440384477113 0.011394757603414
0.964888242944126 0.013163951941657
0.958877312841991 0.014973506844475
0.952413526233010 0.016808782786437
0.945503262094184 0.018658421907895
0.938153340021932 0.020514945564473
0.930371013501972 0.022375372093219
0.922163962751008 0.024241790536940
0.913540287137281 0.026121986742246
0.904508497187474 0.028029897795746
0.895077506187845 0.029986196745073
0.885256621387895 0.032002307387150
0.875055534815230 0.034076996464512
0.864484313710706 0.036208480220347
0.853553390593274 0.038395507617797
0.842273552964344 0.040637318448514
0.830655932661826 0.042933671171816
0.818711994874345 0.045284883437578
0.806453526826488 0.047691681375537
0.793892626146236 0.050155714564119
0.781041688926065 0.052669361404684
0.767913397489498 0.055216095364167
0.754520707875186 0.057775767328168
0.740876837050858 0.060327001591982
0.726995249869773 0.062846799848405
0.712889645782536 0.065310108431244
0.698573945317390 0.067691646832409
0.684062276342339 0.069972421081268
0.669368960122646 0.072159755915513
0.654508497187474 0.074270302197701
0.639495553019615 0.076321043119736
0.624344943582427 0.078329298342560
0.609071620698271 0.080317117706598
0.593690657292862 0.082306745604631
0.578217232520115 0.084285940375504
0.562666616782152 0.086220479246978
0.547054156659257 0.088060965340105
0.531395259764657 0.089760930285927
0.515705379539064 0.091274943312154
0.500000000000000 0.092550405419631
0.484294620460936 0.093565136751214
0.468604740235343 0.094341136837099
0.452945843340743 0.094919926106867
0.437333383217848 0.095349478764909
0.421782767479884 0.095671666524630
0.406309342707138 0.095931285359783
0.390928379301729 0.096169738125619
0.375655056417573 0.096376309164980
0.360504446980385 0.096515059769500
0.345491502812526 0.096542275187820
0.330631039877354 0.096418761384997
0.315937723657661 0.096109196682045
0.301426054682610 0.095578108694356
0.287110354217464 0.094806028035271
0.273004750130227 0.093792269850801
0.259123162949142 0.092552547378821
0.245479292124814 0.091103232022611
0.232086602510502 0.089459111307502
0.218958311073935 0.087635922924051
0.206107373853763 0.085649627096699
0.193546473173512 0.083515659032652
0.181288005125655 0.081247184049431
0.169344067338174 0.078853998031189
0.157726447035656 0.076346690120972
0.146446609406726 0.073737779782682
0.135515686289294 0.071032044009766
0.124944465184770 0.068226158371486
0.114743378612105 0.065317466345143
0.104922493812155 0.062307882726051
0.095491502812526 0.059202908447104
0.086459712862719 0.056019553806118
0.077836037248992 0.052784524214378
0.069628986498028 0.049523382088144
0.061846659978068 0.046234432794824
0.054496737905816 0.042904855132042
0.047586473766990 0.039534063963802
0.041122687158009 0.036142711905075
0.035111757055874 0.032769608746391
0.029559615522887 0.029450632458192
0.024471741852423 0.026218987574991
0.019853157161528 0.023090304434402
0.015708419435684 0.020051696117659
0.012041619030626 0.017137752061982
0.008856374635656 0.014387366395847
0.006155829702431 0.011765486667481
0.003942649342761 0.009246007931168
0.002219017698460 0.006815768685408
0.000986635785864 0.004467348563598
0.000246719817134 0.002196402836146
0.000000000000000 0.000000000000000
0.000246719817134 -0.002213328205784
0.000986635785864 -0.004513995200045
0.002219017698460 -0.006889271606746
0.003942649342761 -0.009322745261238
0.006155829702431 -0.011792235811985
0.008856374635656 -0.014266113493048
0.012041619030626 -0.016695246445684
0.015708419435684 -0.018998061505930
0.019853157161528 -0.021098991864813
0.024471741852423 -0.023009882346990
0.029559615522887 -0.024831046226779
0.035111757055874 -0.026595579226696
0.041122687158009 -0.028293459865978
0.047586473766990 -0.029922526832087
0.054496737905816 -0.031488392085094
0.061846659978068 -0.033000338063765
0.069628986498028 -0.034475795505883
0.077836037248993 -0.035948098957027
0.086459712862719 -0.037409100821955
0.095491502812526 -0.038755702173433
0.104922493812155 -0.039849324128699
0.114743378612105 -0.040627457635607
0.124944465184770 -0.041126941868271
0.135515686289294 -0.041407878416046
0.146446609406726 -0.041547812731472
0.157726447035656 -0.041639444153166
0.169344067338174 -0.041707840532788
0.181288005125655 -0.041729639047286
0.193546473173512 -0.041671932121828
0.206107373853763 -0.041501667588393
0.218958311073935 -0.041193642702848
0.232086602510502 -0.040739550557921
0.245479292124814 -0.040131586462881
0.259123162949142 -0.039362050226511
0.273004750130227 -0.038424274122755
0.287110354217464 -0.037311831119197
0.301426054682610 -0.036015884963657
0.315937723657661 -0.034544900918349
0.330631039877354 -0.032928238370209
0.345491502812526 -0.031210661511851
0.360504446980386 -0.029439826441371
0.375655056417573 -0.027665808969426
0.390928379301729 -0.025943952602073
0.406309342707138 -0.024324217618180
0.421782767479884 -0.022842413998576
0.437333383217848 -0.021500568771218
0.452945843340743 -0.020294928699166
0.468604740235343 -0.019224459203696
0.484294620460936 -0.018287382143469
0.500000000000000 -0.017480093219155
0.515705379539064 -0.016795500728223
0.531395259764657 -0.016217763684930
0.547054156659257 -0.015724794056712
0.562666616782152 -0.015295880732563
0.578217232520115 -0.014910220301868
0.593690657292863 -0.014546768812239
0.609071620698271 -0.014187915835962
0.624344943582427 -0.013822561581425
0.639495553019615 -0.013449843272148
0.654508497187474 -0.013068996016591
0.669368960122646 -0.012678801770306
0.684062276342339 -0.012278802364619
0.698573945317390 -0.011867546066976
0.712889645782536 -0.011447716538148
0.726995249869774 -0.011032005542185
0.740876837050858 -0.010635988368922
0.754520707875186 -0.010274395661331
0.767913397489498 -0.009959818873536
0.781041688926065 -0.009703311750568
0.793892626146237 -0.009514443787334
0.806453526826489 -0.009399415558526
0.818711994874345 -0.009345464001853
0.830655932661826 -0.009322561692358
0.842273552964344 -0.009304479856244
0.853553390593274 -0.009268786081447
0.864484313710706 -0.009197005250807
0.875055534815230 -0.009074470906486
0.885256621387895 -0.008890195920730
0.895077506187845 -0.008636711207068
0.904508497187474 -0.008310050228957
0.913540287137281 -0.007914541456249
0.922163962751008 -0.007461101639437
0.930371013501972 -0.006960752480824
0.938153340021932 -0.006424239310235
0.945503262094184 -0.005861996681165
0.952413526233010 -0.005284106635854
0.958877312841991 -0.004700254010455
0.964888242944126 -0.004119678889629
0.970440384477113 -0.003551146690749
0.975528258147577 -0.003002892971607
0.980146842838472 -0.002482592330826
0.984291580564316 -0.001997315268397
0.987958380969374 -0.001553499923596
0.991143625364344 -0.001156903056482
0.993844170297569 -0.000812586206115
0.996057350657239 -0.000524881972781
0.997780982301540 -0.000297364411106
0.999013364214136 -0.000132835879077
0.999753280182866 -0.000033310495419
1.000000000000000 0.000000000000000
