1.000000000000000 0.000000000000000
0.999753280182866 0.000024171707578
0.999013364214136 0.000096856378512
0.997780982301540 0.000218554707676
0.996057350657239 0.000390076421513
0.993844170297569 0.000612516664876
0.991143625364344 0.000887208189359
0.987958380969374 0.001215667452574
0.984291580564316 0.001599535659771
0.980146842838472 0.002040493101556
0.975528258147577 0.002540184841320
0.970440384477113 0.003100125391100
0.964888242944126 0.003721600167340
0.958877312841991 0.004405551039003
0.952413526233010 0.005152485857724
0.945503262094184 0.005962346683832
0.938153340021932 0.006834404968490
0.930371013501972 0.007767151284545
0.922163962751008 0.008758174186591
0.913540287137281 0.009804055423014
0.904508497187474 0.010900274584815
0.895077506187845 0.012041125154512
0.885256621387895 0.013219549680658
0.875055534815230 0.014428661326468
0.864484313710706 0.015664031784348
0.853553390593274 0.016921586333856
0.842273552964344 0.018196987001966
0.830655932661826 0.019485670104358
0.818711994874345 0.020782855539479
0.806453526826488 0.022083548940653
0.793892626146236 0.023382541645986
0.781041688926065 0.024674610101214
0.767913397489498 0.025956258887284
0.754520707875186 0.027225940098414
0.740876837050858 0.028482424781750
0.726995249869773 0.029724848028163
0.712889645782536 0.030952591692279
0.698573945317390 0.032165493883798
0.684062276342339 0.033363648135195
0.669368960122646 0.034545499007599
0.654508497187474 0.035708233577542
0.639495553019615 0.036848365081300
0.624344943582427 0.037962719902110
0.609071620698271 0.039048034575492
0.593690657292862 0.040101116260384
0.578217232520115 0.041119956412772
0.562666616782152 0.042104778903106
0.547054156659257 0.043058288720455
0.531395259764657 0.043982874210613
0.515705379539064 0.044881350929985
0.500000000000000 0.045757635982069
0.484294620460936 0.046611994004017
0.468604740235343 0.047439438909946
0.452945843340743 0.048225372895229
0.437333383217848 0.048954141640241
0.421782767479884 0.049612050385395
0.406309342707138 0.050184638851275
0.390928379301729 0.050659570107649
0.375655056417573 0.051030776324157
0.360504446980385 0.051300138312307
0.345491502812526 0.051474418163596
0.330631039877354 0.051559111923146
0.315937723657661 0.051559845263199
0.301426054682610 0.051482570007576
0.287110354217464 0.051332577736184
0.273004750130227 0.051107172251012
0.259123162949142 0.050798304992545
0.245479292124814 0.050399195666316
0.232086602510502 0.049904441156906
0.218958311073935 0.049310174559000
0.206107373853763 0.048613863605078
0.193546473173512 0.047814482082683
0.181288005125655 0.046915315415912
0.169344067338174 0.045924342376822
0.157726447035656 0.044850345325013
0.146446609406726 0.043703679337775
0.135515686289294 0.042479835087104
0.124944465184770 0.041149045484612
0.114743378612105 0.039682195617928
0.104922493812155 0.038059994140128
0.095491502812526 0.036270343228577
0.086459712862719 0.034338957861569
0.077836037248992 0.032328900476817
0.069628986498028 0.030299104275272
0.061846659978068 0.028319787405951
0.054496737905816 0.026463631057582
0.047586473766990 0.024779678374019
0.041122687158009 0.023239991565793
0.035111757055874 0.021736321569111
0.029559615522887 0.020184816570390
0.024471741852423 0.018522233047260
0.019853157161528 0.016679885672287
0.015708419435684 0.014621577458039
0.012041619030626 0.012457797747928
0.008856374635656 0.010327338556268
0.006155829702431 0.008286899509179
0.003942649342761 0.006359620177348
0.002219017698460 0.004559220940989
0.000986635785864 0.002894967271852
0.000246719817134 0.001373516009198
0.000000000000000 0.000000000000000
0.000246719817134 -0.001221788296197
0.000986635785864 -0.002332413270319
0.002219017698460 -0.003389266190485
0.003942649342761 -0.004404323207741
0.006155829702431 -0.005386498503420
0.008856374635656 -0.006349842439932
0.012041619030626 -0.007322920337229
0.015708419435684 -0.008357829906616
0.019853157161528 -0.009445441328907
0.024471741852423 -0.010540446683153
0.029559615522887 -0.011619867157612
0.035111757055874 -0.012671525576048
0.041122687158009 -0.013679655904465
0.047586473766990 -0.014625200853923
0.054496737905816 -0.015483998684806
0.061846659978068 -0.016234424654089
0.069628986498028 -0.016863576341932
0.077836037248993 -0.017367791829440
0.086459712862719 -0.017758966217192
0.095491502812526 -0.018065559378336
0.104922493812155 -0.018325877692926
0.114743378612105 -0.018559789003749
0.124944465184770 -0.018771637625757
0.135515686289294 -0.018967814720018
0.146446609406726 -0.019157122902937
0.157726447035656 -0.019347314597412
0.169344067338174 -0.019536027148620
0.181288005125655 -0.019713842728520
0.193546473173512 -0.019870561226433
0.206107373853763 -0.019995294748206
0.218958311073935 -0.020084306341796
0.232086602510502 -0.020138143883302
0.245479292124814 -0.020158424568968
0.259123162949142 -0.020147034802520
0.273004750130227 -0.020106503608718
0.287110354217464 -0.020039894981984
0.301426054682610 -0.019950670369683
0.315937723657661 -0.019842196597571
0.330631039877354 -0.019717185030080
0.345491502812526 -0.019578649966974
0.360504446980386 -0.019429824618650
0.375655056417573 -0.019274066767999
0.390928379301729 -0.019115701952481
0.406309342707138 -0.018957135731848
0.421782767479884 -0.018795848514801
0.437333383217848 -0.018626787690167
0.452945843340743 -0.018443860235298
0.468604740235343 -0.018241486672059
0.484294620460936 -0.018013676544603
0.500000000000000 -0.017754679164527
0.515705379539064 -0.017462382517784
0.531395259764657 -0.017136602572477
0.547054156659257 -0.016778352812768
0.562666616782152 -0.016388748085530
0.578217232520115 -0.015968748429647
0.593690657292863 -0.015519050450701
0.609071620698271 -0.015044089857424
0.624344943582427 -0.014552006634847
0.639495553019615 -0.014052359534458
0.654508497187474 -0.013554246226242
0.669368960122646 -0.013066070990643
0.684062276342339 -0.012597016803780
0.698573945317390 -0.012151794981733
0.712889645782536 -0.011727545439374
0.726995249869774 -0.011312146392935
0.740876837050858 -0.010894010881486
0.754520707875186 -0.010463458497137
0.767913397489498 -0.010011576082507
0.781041688926065 -0.009530823253859
0.793892626146237 -0.009014985215411
0.806453526826489 -0.008468136045840
0.818711994874345 -0.007903779756533
0.830655932661826 -0.007334753716305
0.842273552964344 -0.006772301770102
0.853553390593274 -0.006226159111329
0.864484313710706 -0.005704554950281
0.875055534815230 -0.005214238536158
0.885256621387895 -0.004760589797702
0.895077506187845 -0.004346317802977
0.904508497187474 -0.003966861662626
0.913540287137281 -0.003615587338481
0.922163962751008 -0.003287213516466
0.930371013501972 -0.002977553976142
0.938153340021932 -0.002683466301476
0.945503262094184 -0.002402755417086
0.952413526233010 -0.002134067772586
0.958877312841991 -0.001876791152513
0.964888242944126 -0.001630943435553
0.970440384477113 -0.001397072189632
0.975528258147577 -0.001176140893940
0.980146842838472 -0.000969434736913
0.984291580564316 -0.000778451972167
0.987958380969374 -0.000604815163825
0.991143625364344 -0.000450181122402
0.993844170297569 -0.000316160124696
0.996057350657239 -0.000204240809638
0.997780982301540 -0.000115733375242
0.999013364214136 -0.000051710241659
0.999753280182866 -0.000012968801714
1.000000000000000 0.000000000000000
