1.000000000000000 0.000000000000000
0.999753280182866 0.000056891077794
0.999013364214136 0.000226956147633
0.997780982301540 0.000508396780958
0.996057350657239 0.000898277724489
0.993844170297569 0.001392619184081
0.991143625364344 0.001986534251758
0.987958380969374 0.002674389358767
0.984291580564316 0.003449997390417
0.980146842838472 0.004306829349643
0.975528258147577 0.005238270980031
0.970440384477113 0.006237875795606
0.964888242944126 0.007299638025759
0.958877312841991 0.008418284427293
0.952413526233010 0.009589573612770
0.945503262094184 0.010810577640874
0.938153340021932 0.012079998133378
0.930371013501972 0.013398457961166
0.922163962751008 0.014768796471607
0.913540287137281 0.016196359091473
0.904508497187474 0.017689271697129
0.895077506187845 0.019258349179590
0.885256621387895 0.020907448576559
0.875055534815230 0.022631411591378
0.864484313710706 0.024423292948557
0.853553390593274 0.026274712307854
0.842273552964344 0.028175790592380
0.830655932661826 0.030115121446403
0.818711994874345 0.032079737315464
0.806453526826488 0.034055264080327
0.793892626146236 0.036025698729637
0.781041688926065 0.037981540221474
0.767913397489498 0.039919472464418
0.754520707875186 0.041837667845039
0.740876837050858 0.043734567906304
0.726995249869773 0.045609150592176
0.712889645782536 0.047461075952777
0.698573945317390 0.049290235657405
0.684062276342339 0.051095449457646
0.669368960122646 0.052871023259578
0.654508497187474 0.054609826102303
0.639495553019615 0.056305029541303
0.624344943582427 0.057949900588118
0.609071620698271 0.059537316632546
0.593690657292862 0.061060500464051
0.578217232520115 0.062517374343622
0.562666616782152 0.063908822035558
0.547054156659257 0.065237763261223
0.531395259764657 0.066506882127558
0.515705379539064 0.067719266702936
0.500000000000000 0.068879523508486
0.484294620460936 0.069986386011475
0.468604740235343 0.071031589184104
0.452945843340743 0.072003494742038
0.437333383217848 0.072890029605197
0.421782767479884 0.073680506895904
0.406309342707138 0.074364538477910
0.390928379301729 0.074932752299175
0.375655056417573 0.075379029237193
0.360504446980385 0.075699114654361
0.345491502812526 0.075890068794626
0.330631039877354 0.075949392836169
0.315937723657661 0.075875711172203
0.301426054682610 0.075668754407618
0.287110354217464 0.075325838153981
0.273004750130227 0.074840885446925
0.259123162949142 0.074204815688821
0.245479292124814 0.073410997602778
0.232086602510502 0.072454763326661
0.218958311073935 0.071333149078391
0.206107373853763 0.070045175908385
0.193546473173512 0.068591852430438
0.181288005125655 0.066980334460774
0.169344067338174 0.065222283634801
0.157726447035656 0.063330687321593
0.146446609406726 0.061318568307297
0.135515686289294 0.059189658606941
0.124944465184770 0.056934862812946
0.114743378612105 0.054548083379397
0.104922493812155 0.052028277071676
0.095491502812526 0.049380264678794
0.086459712862719 0.046647079526573
0.077836037248992 0.043901603458751
0.069628986498028 0.041197358236942
0.061846659978068 0.038506852268502
0.054496737905816 0.035771390451456
0.047586473766990 0.032958481361223
0.041122687158009 0.030088587112233
0.035111757055874 0.027220295202734
0.029559615522887 0.024401243978662
0.024471741852423 0.021669247819124
0.019853157161528 0.019022960270172
0.015708419435684 0.016425340167154
0.012041619030626 0.013922273450943
0.008856374635656 0.011565318310232
0.006155829702431 0.009339846285014
0.003942649342761 0.007236337331681
0.002219017698460 0.005251312093144
0.000986635785864 0.003383588877162
0.000246719817134 0.001633057472350
0.000000000000000 0.000000000000000
0.000246719817134 -0.001515629931593
0.000986635785864 -0.002962844206149
0.002219017698460 -0.004389707127270
0.003942649342761 -0.005783411152391
0.006155829702431 -0.007116003356624
0.008856374635656 -0.008342316359177
0.012041619030626 -0.009382748737683
0.015708419435684 -0.010086430808810
0.019853157161528 -0.010341412504882
0.024471741852423 -0.010261083268628
0.029559615522887 -0.010201622049957
0.035111757055874 -0.010280483402912
0.041122687158009 -0.010445558472007
0.047586473766990 -0.010612671972788
0.054496737905816 -0.010662223160101
0.061846659978068 -0.010533115789310
0.069628986498028 -0.010238820023325
0.077836037248993 -0.009811640073766
0.086459712862719 -0.009278115256446
0.095491502812526 -0.008634455601275
0.104922493812155 -0.007873887088337
0.114743378612105 -0.006987872993477
0.124944465184770 -0.005965349158064
0.135515686289294 -0.004795350547645
0.146446609406726 -0.003465442793528
0.157726447035656 -0.001970745072228
0.169344067338174 -0.000350520212514
0.181288005125655 0.001309638256168
0.193546473173512 0.002909441874747
0.206107373853763 0.004337991539663
0.218958311073935 0.005544198298563
0.232086602510502 0.006544281534651
0.245479292124814 0.007371259055429
0.259123162949142 0.008058121543534
0.273004750130227 0.008645143239462
0.287110354217464 0.009176344317626
0.301426054682610 0.009703157075709
0.315937723657661 0.010262798193198
0.330631039877354 0.010853707690408
0.345491502812526 0.011464476179166
0.360504446980386 0.012081672907821
0.375655056417573 0.012692248770858
0.390928379301729 0.013280803162927
0.406309342707138 0.013834249160635
0.421782767479884 0.014346479134212
0.437333383217848 0.014820839562080
0.452945843340743 0.015264862891179
0.468604740235343 0.015684283350368
0.484294620460936 0.016086421335080
0.500000000000000 0.016478600678882
0.515705379539064 0.016860414441204
0.531395259764657 0.017222704651747
0.547054156659257 0.017546795924149
0.562666616782152 0.017815925732070
0.578217232520115 0.018014288699257
0.593690657292863 0.018124915552753
0.609071620698271 0.018136890837449
0.624344943582427 0.018047803656370
0.639495553019615 0.017867811659203
0.654508497187474 0.017608495442578
0.669368960122646 0.017279738359928
0.684062276342339 0.016891651058337
0.698573945317390 0.016454326830477
0.712889645782536 0.015976243169532
0.726995249869774 0.015460915180541
0.740876837050858 0.014910505287622
0.754520707875186 0.014327127149942
0.767913397489498 0.013713178742369
0.781041688926065 0.013071195007532
0.793892626146237 0.012403844649759
0.806453526826489 0.011713993135680
0.818711994874345 0.011004946374403
0.830655932661826 0.010280454327350
0.842273552964344 0.009544252113276
0.853553390593274 0.008800051245007
0.864484313710706 0.008051524826186
0.875055534815230 0.007302297450910
0.885256621387895 0.006555927427539
0.895077506187845 0.005815888166225
0.904508497187474 0.005085925484847
0.913540287137281 0.004376681700656
0.922163962751008 0.003703894089289
0.930371013501972 0.003079739610644
0.938153340021932 0.002512814873040
0.945503262094184 0.002008472316251
0.952413526233010 0.001569180566313
0.958877312841991 0.001194917120564
0.964888242944126 0.000883547299894
0.970440384477113 0.000631219439587
0.975528258147577 0.000432746021448
0.980146842838472 0.000281980380898
0.984291580564316 0.000172171501631
0.987958380969374 0.000096302032575
0.991143625364344 0.000047399133917
0.993844170297569 0.000018818836415
0.996057350657239 0.000004497875799
0.997780982301540 -0.000000829156324
0.999013364214136 -0.000001448744658
0.999753280182866 -0.000000525602515
1.000000000000000 0.000000000000000
