1.000000000000000 0.000000000000000
0.999753280182866 0.000047736393656
0.999013364214136 0.000190983065185
0.997780982301540 0.000429839996008
0.996057350657239 0.000764445981904
0.993844170297569 0.001194964698942
0.991143625364344 0.001721539510809
0.987958380969374 0.002344241576881
0.984291580564316 0.003063001445345
0.980146842838472 0.003877563256268
0.975528258147577 0.004787385841159
0.970440384477113 0.005791571819153
0.964888242944126 0.006888773577125
0.958877312841991 0.008077098310667
0.952413526233010 0.009354010049906
0.945503262094184 0.010716240695254
0.938153340021932 0.012159676531266
0.930371013501972 0.013679278050334
0.922163962751008 0.015268975106757
0.913540287137281 0.016921588254375
0.904508497187474 0.018628760079226
0.895077506187845 0.020380988217697
0.885256621387895 0.022170660813707
0.875055534815230 0.023992687429096
0.864484313710706 0.025842246803857
0.853553390593274 0.027714679189446
0.842273552964344 0.029605532998164
0.830655932661826 0.031510574983792
0.818711994874345 0.033425824458106
0.806453526826488 0.035347551988845
0.793892626146236 0.037272336730272
0.781041688926065 0.039195662010681
0.767913397489498 0.041111995161768
0.754520707875186 0.043015611306239
0.740876837050858 0.044900855121419
0.726995249869773 0.046762117486002
0.712889645782536 0.048593731421673
0.698573945317390 0.050390306262727
0.684062276342339 0.052147695278404
0.669368960122646 0.053865549655570
0.654508497187474 0.055545095760875
0.639495553019615 0.057187826676192
0.624344943582427 0.058795373320165
0.609071620698271 0.060370701991853
0.593690657292862 0.061916735089005
0.578217232520115 0.063427051016751
0.562666616782152 0.064889604243342
0.547054156659257 0.066288794805014
0.531395259764657 0.067610013773747
0.515705379539064 0.068838823277468
0.500000000000000 0.069959158365802
0.484294620460936 0.070964061033159
0.468604740235343 0.071857657008788
0.452945843340743 0.072649700334318
0.437333383217848 0.073351394707054
0.421782767479884 0.073972649411968
0.406309342707138 0.074524595914367
0.390928379301729 0.075016921049914
0.375655056417573 0.075448748304702
0.360504446980385 0.075815052036801
0.345491502812526 0.076109125276292
0.330631039877354 0.076324876580293
0.315937723657661 0.076458297681067
0.301426054682610 0.076506976762748
0.287110354217464 0.076458321570669
0.273004750130227 0.076286918601567
0.259123162949142 0.075955485371864
0.245479292124814 0.075432749097171
0.232086602510502 0.074692076979999
0.218958311073935 0.073710411646481
0.206107373853763 0.072469225627726
0.193546473173512 0.070956471368406
0.181288005125655 0.069222190839892
0.169344067338174 0.067363062584994
0.157726447035656 0.065469785217528
0.146446609406726 0.063618516467449
0.135515686289294 0.061802016501225
0.124944465184770 0.059913659338577
0.114743378612105 0.057852955207244
0.104922493812155 0.055542025191253
0.095491502812526 0.052921035004469
0.086459712862719 0.050043821829326
0.077836037248992 0.047052475056225
0.069628986498028 0.044060057424653
0.061846659978068 0.041068062728487
0.054496737905816 0.038026535494238
0.047586473766990 0.034912828921175
0.041122687158009 0.031728167842752
0.035111757055874 0.028477641414894
0.029559615522887 0.025155068952838
0.024471741852423 0.021738867030036
0.019853157161528 0.018284389376751
0.015708419435684 0.015085128332081
0.012041619030626 0.012319345915212
0.008856374635656 0.009948541864626
0.006155829702431 0.007842402537065
0.003942649342761 0.005942281226339
0.002219017698460 0.004220626148876
0.000986635785864 0.002662182211446
0.000246719817134 0.001257377323927
0.000000000000000 0.000000000000000
0.000246719817134 -0.001114590796034
0.000986635785864 -0.002126419290441
0.002219017698460 -0.003084631205840
0.003942649342761 -0.003993401937732
0.006155829702431 -0.004850396836252
0.008856374635656 -0.005650947690484
0.012041619030626 -0.006387284223736
0.015708419435684 -0.007038606568985
0.019853157161528 -0.007536333540359
0.024471741852423 -0.007840947051312
0.029559615522887 -0.008023243730896
0.035111757055874 -0.008108958615168
0.041122687158009 -0.008077255663159
0.047586473766990 -0.007901469737051
0.054496737905816 -0.007546102129903
0.061846659978068 -0.006980463914433
0.069628986498028 -0.006188030289770
0.077836037248993 -0.005163284322959
0.086459712862719 -0.003937567409377
0.095491502812526 -0.002602455250424
0.104922493812155 -0.001281619772266
0.114743378612105 -0.000041923449399
0.124944465184770 0.001128487770376
0.135515686289294 0.002251123015361
0.146446609406726 0.003356789098368
0.157726447035656 0.004476975743884
0.169344067338174 0.005610814416631
0.181288005125655 0.006723253629207
0.193546473173512 0.007775762583010
0.206107373853763 0.008724945529049
0.218958311073935 0.009552831347778
0.232086602510502 0.010267127733411
0.245479292124814 0.010883725411447
0.259123162949142 0.011419290707584
0.273004750130227 0.011894175564921
0.287110354217464 0.012330974664143
0.301426054682610 0.012756096956276
0.315937723657661 0.013185819450260
0.330631039877354 0.013605615849423
0.345491502812526 0.013993186686709
0.360504446980386 0.014324590571699
0.375655056417573 0.014575759750112
0.390928379301729 0.014717901024903
0.406309342707138 0.014728160760353
0.421782767479884 0.014602540032697
0.437333383217848 0.014359143864788
0.452945843340743 0.014027504890952
0.468604740235343 0.013633291308184
0.484294620460936 0.013205121232752
0.500000000000000 0.012772510261817
0.515705379539064 0.012350782820552
0.531395259764657 0.011940467741886
0.547054156659257 0.011525509313515
0.562666616782152 0.011092184503515
0.578217232520115 0.010628300837754
0.593690657292863 0.010119518327869
0.609071620698271 0.009558198068912
0.624344943582427 0.008946402443959
0.639495553019615 0.008299915928703
0.654508497187474 0.007635966547755
0.669368960122646 0.006969224351372
0.684062276342339 0.006313996418125
0.698573945317390 0.005684089128797
0.712889645782536 0.005090096794646
0.726995249869774 0.004533024339527
0.740876837050858 0.004011060781271
0.754520707875186 0.003522062144196
0.767913397489498 0.003064113745532
0.781041688926065 0.002635268015923
0.793892626146237 0.002233849351278
0.806453526826489 0.001857560561386
0.818711994874345 0.001500489399470
0.830655932661826 0.001152825880437
0.842273552964344 0.000806308804489
0.853553390593274 0.000454040887623
0.864484313710706 0.000090551385848
0.875055534815230 -0.000288255524366
0.885256621387895 -0.000685145209788
0.895077506187845 -0.001101680596588
0.904508497187474 -0.001537238248005
0.913540287137281 -0.001971524100119
0.922163962751008 -0.002369311080532
0.930371013501972 -0.002703697578742
0.938153340021932 -0.002956168752867
0.945503262094184 -0.003115815340640
0.952413526233010 -0.003178462380003
0.958877312841991 -0.003145775696542
0.964888242944126 -0.003024354599512
0.970440384477113 -0.002824822613775
0.975528258147577 -0.002560923194352
0.980146842838472 -0.002248638797202
0.984291580564316 -0.001905339439651
0.987958380969374 -0.001548974654226
0.991143625364344 -0.001197313036640
0.993844170297569 -0.000867251090616
0.996057350657239 -0.000574194964046
0.997780982301540 -0.000331511168484
0.999013364214136 -0.000150079161474
0.999753280182866 -0.000037934436993
1.000000000000000 0.000000000000000
