1.000000000000000 0.000000000000000
0.999753280182866 0.000031087191832
0.999013364214136 0.000124209213722
0.997780982301540 0.000278936204690
0.996057350657239 0.000494573268555
0.993844170297569 0.000770154214177
0.991143625364344 0.001104471470356
0.987958380969374 0.001496092250622
0.984291580564316 0.001943381170096
0.980146842838472 0.002444537652466
0.975528258147577 0.002997623457921
0.970440384477113 0.003600597784811
0.964888242944126 0.004251361361129
0.958877312841991 0.004947789871935
0.952413526233010 0.005687783921478
0.945503262094184 0.006469309506744
0.938153340021932 0.007290441351416
0.930371013501972 0.008149410369377
0.922163962751008 0.009044646630174
0.913540287137281 0.009974819365199
0.904508497187474 0.010938881857710
0.895077506187845 0.011936127497134
0.885256621387895 0.012965984166126
0.875055534815230 0.014027572483281
0.864484313710706 0.015120020390763
0.853553390593274 0.016242660129964
0.842273552964344 0.017395042645333
0.830655932661826 0.018576930228472
0.818711994874345 0.019788338974839
0.806453526826488 0.021029459450345
0.793892626146236 0.022300928595827
0.781041688926065 0.023602043886366
0.767913397489498 0.024929893138157
0.754520707875186 0.026280458094317
0.740876837050858 0.027649558023088
0.726995249869773 0.029032701203589
0.712889645782536 0.030425097199238
0.698573945317390 0.031821712278193
0.684062276342339 0.033217347483331
0.669368960122646 0.034606988899466
0.654508497187474 0.035985642535405
0.639495553019615 0.037348175011480
0.624344943582427 0.038689499936279
0.609071620698271 0.040004291894112
0.593690657292862 0.041287101356782
0.578217232520115 0.042535032929707
0.562666616782152 0.043747186633920
0.547054156659257 0.044924120224076
0.531395259764657 0.046066319212564
0.515705379539064 0.047174338277824
0.500000000000000 0.048249872352776
0.484294620460936 0.049291365783731
0.468604740235343 0.050291826015291
0.452945843340743 0.051241737388613
0.437333383217848 0.052130999484061
0.421782767479884 0.052950866116628
0.406309342707138 0.053692007807742
0.390928379301729 0.054346624227476
0.375655056417573 0.054919997360583
0.360504446980385 0.055425200651414
0.345491502812526 0.055878825151683
0.330631039877354 0.056281160768707
0.315937723657661 0.056620192089327
0.301426054682610 0.056877094166618
0.287110354217464 0.057042640771470
0.273004750130227 0.057118730440954
0.259123162949142 0.057117049553600
0.245479292124814 0.057048678330715
0.232086602510502 0.056908912044608
0.218958311073935 0.056674595428760
0.206107373853763 0.056323100487891
0.193546473173512 0.055837565628856
0.181288005125655 0.055230244277493
0.169344067338174 0.054538651476337
0.157726447035656 0.053797194304323
0.146446609406726 0.053037162957090
0.135515686289294 0.052244170586781
0.124944465184770 0.051359207118552
0.114743378612105 0.050325936381852
0.104922493812155 0.049104149007898
0.095491502812526 0.047665226272753
0.086459712862719 0.046033486682515
0.077836037248992 0.044267450366815
0.069628986498028 0.042417075673640
0.061846659978068 0.040482572384810
0.054496737905816 0.038445815726144
0.047586473766990 0.036300748502902
0.041122687158009 0.034044471714726
0.035111757055874 0.031677429807769
0.029559615522887 0.029212546175097
0.024471741852423 0.026675221192941
0.019853157161528 0.024075724556807
0.015708419435684 0.021379243966894
0.012041619030626 0.018560734842631
0.008856374635656 0.015632280101576
0.006155829702431 0.012688092394677
0.003942649342761 0.009873683647775
0.002219017698460 0.007228629015283
0.000986635785864 0.004713485380035
0.000246719817134 0.002307716912515
0.000000000000000 0.000000000000000
0.000246719817134 -0.002299077692973
0.000986635785864 -0.004670713069609
0.002219017698460 -0.007044547016935
0.003942649342761 -0.009322127091334
0.006155829702431 -0.011368217809288
0.008856374635656 -0.013129571036502
0.012041619030626 -0.014689151763356
0.015708419435684 -0.016174852180988
0.019853157161528 -0.017587795396279
0.024471741852423 -0.018896177299470
0.029559615522887 -0.020083840940260
0.035111757055874 -0.021135790709925
0.041122687158009 -0.022049994397111
0.047586473766990 -0.022844606948299
0.054496737905816 -0.023557821292313
0.061846659978068 -0.024212742790506
0.069628986498028 -0.024825184857079
0.077836037248993 -0.025421960697973
0.086459712862719 -0.026015207833236
0.095491502812526 -0.026588102037229
0.104922493812155 -0.027120527452449
0.114743378612105 -0.027604412152515
0.124944465184770 -0.028044486496099
0.135515686289294 -0.028448608113384
0.146446609406726 -0.028828038775706
0.157726447035656 -0.029195729568833
0.169344067338174 -0.029557783055272
0.181288005125655 -0.029916205478099
0.193546473173512 -0.030274443634833
0.206107373853763 -0.030634937885596
0.218958311073935 -0.030994419142026
0.232086602510502 -0.031342629034709
0.245479292124814 -0.031667134721873
0.259123162949142 -0.031958646206671
0.273004750130227 -0.032214561794002
0.287110354217464 -0.032439832567030
0.301426054682610 -0.032640156875660
0.315937723657661 -0.032816565223884
0.330631039877354 -0.032964224915088
0.345491502812526 -0.033076939531410
0.360504446980386 -0.033146735494488
0.375655056417573 -0.033163163906541
0.390928379301729 -0.033111926598770
0.406309342707138 -0.032982616812647
0.421782767479884 -0.032772284407918
0.437333383217848 -0.032487329068577
0.452945843340743 -0.032136854326871
0.468604740235343 -0.031728756481320
0.484294620460936 -0.031272299953806
0.500000000000000 -0.030776528338558
0.515705379539064 -0.030246428648917
0.531395259764657 -0.029683142964275
0.547054156659257 -0.029084545479981
0.562666616782152 -0.028449503915836
0.578217232520115 -0.027777167918539
0.593690657292863 -0.027066412539164
0.609071620698271 -0.026317924428979
0.624344943582427 -0.025534341907065
0.639495553019615 -0.024720443652566
0.654508497187474 -0.023881045987113
0.669368960122646 -0.023020668137761
0.684062276342339 -0.022143858509353
0.698573945317390 -0.021255079051595
0.712889645782536 -0.020358795967212
0.726995249869774 -0.019459694373264
0.740876837050858 -0.018562287946618
0.754520707875186 -0.017670838768357
0.767913397489498 -0.016789342048058
0.781041688926065 -0.015921460127013
0.793892626146237 -0.015070763010334
0.806453526826489 -0.014239563381206
0.818711994874345 -0.013428044154273
0.830655932661826 -0.012635157013283
0.842273552964344 -0.011860311960359
0.853553390593274 -0.011103114818992
0.864484313710706 -0.010363421755853
0.875055534815230 -0.009641322172250
0.885256621387895 -0.008937123676178
0.895077506187845 -0.008251355448157
0.904508497187474 -0.007584557597903
0.913540287137281 -0.006936979713692
0.922163962751008 -0.006309049733037
0.930371013501972 -0.005701533720169
0.938153340021932 -0.005115486704384
0.945503262094184 -0.004552218487737
0.952413526233010 -0.004013241433956
0.958877312841991 -0.003500236889956
0.964888242944126 -0.003015002561350
0.970440384477113 -0.002559418388760
0.975528258147577 -0.002135395020769
0.980146842838472 -0.001744841171936
0.984291580564316 -0.001389612712379
0.987958380969374 -0.001071487192424
0.991143625364344 -0.000792116241460
0.993844170297569 -0.000553003472542
0.996057350657239 -0.000355472275339
0.997780982301540 -0.000200637378125
0.999013364214136 -0.000089390884512
0.999753280182866 -0.000022380440382
1.000000000000000 0.000000000000000
