1.000000000000000 0.000000000000000
0.999753280182866 0.000047879419292
0.999013364214136 0.000190908477616
0.997780982301540 0.000427294618719
0.996057350657239 0.000754266694919
0.993844170297569 0.001168328532481
0.991143625364344 0.001665677081240
0.987958380969374 0.002242669388704
0.984291580564316 0.002896431702072
0.980146842838472 0.003625493738725
0.975528258147577 0.004430548565597
0.970440384477113 0.005315249808388
0.964888242944126 0.006287091336114
0.958877312841991 0.007358336216440
0.952413526233010 0.008546387023733
0.945503262094184 0.009842237805014
0.938153340021932 0.011183705645233
0.930371013501972 0.012529794535317
0.922163962751008 0.013927221984265
0.913540287137281 0.015415637559214
0.904508497187474 0.016988992371425
0.895077506187845 0.018621409299303
0.885256621387895 0.020271472969885
0.875055534815230 0.021918776633357
0.864484313710706 0.023571450192178
0.853553390593274 0.025243360333925
0.842273552964344 0.026955602310976
0.830655932661826 0.028738823780731
0.818711994874345 0.030610691266696
0.806453526826488 0.032530637615270
0.793892626146236 0.034429133631740
0.781041688926065 0.036281581490386
0.767913397489498 0.038121690675391
0.754520707875186 0.039988568091015
0.740876837050858 0.041899382717494
0.726995249869773 0.043849152709482
0.712889645782536 0.045823817479480
0.698573945317390 0.047809933004770
0.684062276342339 0.049788464765556
0.669368960122646 0.051745833328111
0.654508497187474 0.053680384812482
0.639495553019615 0.055606371483674
0.624344943582427 0.057527636766366
0.609071620698271 0.059434768361109
0.593690657292862 0.061310228578423
0.578217232520115 0.063146480053263
0.562666616782152 0.064948010548252
0.547054156659257 0.066721644337653
0.531395259764657 0.068480996136058
0.515705379539064 0.070246715614794
0.500000000000000 0.072003880771718
0.484294620460936 0.073712845012382
0.468604740235343 0.075327523332954
0.452945843340743 0.076794365807784
0.437333383217848 0.078061121145566
0.421782767479884 0.079156833273417
0.406309342707138 0.080161833165733
0.390928379301729 0.081180462598673
0.375655056417573 0.082232651856380
0.360504446980385 0.083247233220591
0.345491502812526 0.084174745115697
0.330631039877354 0.084982460610423
0.315937723657661 0.085650197710103
0.301426054682610 0.086170474597743
0.287110354217464 0.086542933307400
0.273004750130227 0.086771888997058
0.259123162949142 0.086907035377404
0.245479292124814 0.087015757442502
0.232086602510502 0.087126661224160
0.218958311073935 0.087146403385845
0.206107373853763 0.086961300025167
0.193546473173512 0.086541194620852
0.181288005125655 0.085971932387915
0.169344067338174 0.085292478117909
0.157726447035656 0.084452595562294
0.146446609406726 0.083363554711517
0.135515686289294 0.081977087120369
0.124944465184770 0.080272876854498
0.114743378612105 0.078267653408419
0.104922493812155 0.076032131575642
0.095491502812526 0.073625236183454
0.086459712862719 0.071080102624970
0.077836037248992 0.068312389176958
0.069628986498028 0.065180184319634
0.061846659978068 0.061695287039073
0.054496737905816 0.057939170444025
0.047586473766990 0.053989057301088
0.041122687158009 0.049946579626868
0.035111757055874 0.045898077483808
0.029559615522887 0.041829779877789
0.024471741852423 0.037747710114205
0.019853157161528 0.033684528670507
0.015708419435684 0.029605144925140
0.012041619030626 0.025470104897381
0.008856374635656 0.021358582900055
0.006155829702431 0.017352873011178
0.003942649342761 0.013495897638647
0.002219017698460 0.009815156680127
0.000986635785864 0.006329808004725
0.000246719817134 0.003054454222390
0.000000000000000 0.000000000000000
0.000246719817134 -0.002824483676681
0.000986635785864 -0.005411845912430
0.002219017698460 -0.007756867351734
0.003942649342761 -0.009891407576084
0.006155829702431 -0.011837784074421
0.008856374635656 -0.013531278417227
0.012041619030626 -0.014834622191047
0.015708419435684 -0.015586294712784
0.019853157161528 -0.015907677897106
0.024471741852423 -0.016202175094317
0.029559615522887 -0.016699787363988
0.035111757055874 -0.017251880692709
0.041122687158009 -0.017641875858045
0.047586473766990 -0.017680722119303
0.054496737905816 -0.017550796743801
0.061846659978068 -0.017498773133401
0.069628986498028 -0.017531552690094
0.077836037248993 -0.017631258977752
0.086459712862719 -0.017810112482780
0.095491502812526 -0.018202934090749
0.104922493812155 -0.018849426583532
0.114743378612105 -0.019576218398469
0.124944465184770 -0.020315705583919
0.135515686289294 -0.021195609430129
0.146446609406726 -0.022239888851801
0.157726447035656 -0.023382738785479
0.169344067338174 -0.024580986024098
0.181288005125655 -0.025807798581316
0.193546473173512 -0.027035300359891
0.206107373853763 -0.028228675394908
0.218958311073935 -0.029351075768030
0.232086602510502 -0.030378611100251
0.245479292124814 -0.031297593962499
0.259123162949142 -0.032105562249723
0.273004750130227 -0.032816750920759
0.287110354217464 -0.033461055470854
0.301426054682610 -0.034044740461991
0.315937723657661 -0.034554289387389
0.330631039877354 -0.034969406177094
0.345491502812526 -0.035289167106911
0.360504446980386 -0.035522725977702
0.375655056417573 -0.035679626075154
0.390928379301729 -0.035750872584778
0.406309342707138 -0.035727158039664
0.421782767479884 -0.035608278307699
0.437333383217848 -0.035416462728474
0.452945843340743 -0.035177025508258
0.468604740235343 -0.034905816188756
0.484294620460936 -0.034614553937634
0.500000000000000 -0.034301934887345
0.515705379539064 -0.033931292046083
0.531395259764657 -0.033476899763529
0.547054156659257 -0.032937564515982
0.562666616782152 -0.032337361605920
0.578217232520115 -0.031701578887533
0.593690657292863 -0.031038605886435
0.609071620698271 -0.030352685645731
0.624344943582427 -0.029643652105465
0.639495553019615 -0.028902477980390
0.654508497187474 -0.028123678903983
0.669368960122646 -0.027307178995685
0.684062276342339 -0.026456055434166
0.698573945317390 -0.025575468064995
0.712889645782536 -0.024671999658490
0.726995249869774 -0.023752954348770
0.740876837050858 -0.022825894433945
0.754520707875186 -0.021900083244668
0.767913397489498 -0.020982104980720
0.781041688926065 -0.020061105884270
0.793892626146237 -0.019114595207293
0.806453526826489 -0.018123590550572
0.818711994874345 -0.017096951811890
0.830655932661826 -0.016072010123981
0.842273552964344 -0.015072384190706
0.853553390593274 -0.014088240085154
0.864484313710706 -0.013105216894120
0.875055534815230 -0.012133254029480
0.885256621387895 -0.011209865195975
0.895077506187845 -0.010362320122197
0.904508497187474 -0.009556151451267
0.913540287137281 -0.008704398495297
0.922163962751008 -0.007826675775601
0.930371013501972 -0.007031983103665
0.938153340021932 -0.006310058337630
0.945503262094184 -0.005592364233861
0.952413526233010 -0.004889427890131
0.958877312841991 -0.004236901066682
0.964888242944126 -0.003641547514875
0.970440384477113 -0.003095158364292
0.975528258147577 -0.002592305687643
0.980146842838472 -0.002130157985534
0.984291580564316 -0.001707955042992
0.987958380969374 -0.001326513038952
0.991143625364344 -0.000987751564448
0.993844170297569 -0.000694270583597
0.996057350657239 -0.000448957270950
0.997780982301540 -0.000254652146339
0.999013364214136 -0.000113873074598
0.999753280182866 -0.000028574852896
1.000000000000000 0.000000000000000
