1.000000000000000 0.000000000000000
0.999753280182866 0.000009137598404
0.999013364214136 0.000036021988417
0.997780982301540 0.000079420137008
0.996057350657239 0.000138426655346
0.993844170297569 0.000214171339540
0.991143625364344 0.000312160770124
0.987958380969374 0.000445249446059
0.984291580564316 0.000637230466281
0.980146842838472 0.000927058647841
0.975528258147577 0.001367473649256
0.970440384477113 0.001919040898720
0.964888242944126 0.002420324166999
0.958877312841991 0.002896315891275
0.952413526233010 0.003553037429732
0.945503262094184 0.004411520945469
0.938153340021932 0.005406513217735
0.930371013501972 0.006510481268935
0.922163962751008 0.007722530138198
0.913540287137281 0.009036000977151
0.904508497187474 0.010433803936707
0.895077506187845 0.011892370902414
0.885256621387895 0.013399586515016
0.875055534815230 0.014962860080323
0.864484313710706 0.016593083886864
0.853553390593274 0.018292079058883
0.842273552964344 0.020050932691361
0.830655932661826 0.021858033743071
0.818711994874345 0.023698435670533
0.806453526826488 0.025553074127722
0.793892626146236 0.027401412568043
0.781041688926065 0.029240074242109
0.767913397489498 0.031086702781861
0.754520707875186 0.032960657134515
0.740876837050858 0.034868336259932
0.726995249869773 0.036802906034185
0.712889645782536 0.038751670322211
0.698573945317390 0.040697350169057
0.684062276342339 0.042612835910993
0.669368960122646 0.044477491463541
0.654508497187474 0.046283739303106
0.639495553019615 0.048038013171078
0.624344943582427 0.049735345706785
0.609071620698271 0.051359252134016
0.593690657292862 0.052884901004717
0.578217232520115 0.054301873576422
0.562666616782152 0.055615760451440
0.547054156659257 0.056850301135789
0.531395259764657 0.058017574243090
0.515705379539064 0.059111835416990
0.500000000000000 0.060107512103093
0.484294620460936 0.060987230379548
0.468604740235343 0.061761609424856
0.452945843340743 0.062462208769918
0.437333383217848 0.063123746134699
0.421782767479884 0.063744141812652
0.406309342707138 0.064302072951977
0.390928379301729 0.064765518522046
0.375655056417573 0.065127690519990
0.360504446980385 0.065398648328342
0.345491502812526 0.065597186039475
0.330631039877354 0.065734831608241
0.315937723657661 0.065815270702148
0.301426054682610 0.065838293500613
0.287110354217464 0.065804374319761
0.273004750130227 0.065715614701255
0.259123162949142 0.065575037144659
0.245479292124814 0.065386110681642
0.232086602510502 0.065148021944049
0.218958311073935 0.064850174411937
0.206107373853763 0.064482099318960
0.193546473173512 0.064034860163814
0.181288005125655 0.063498365649735
0.169344067338174 0.062858954906259
0.157726447035656 0.062105865638739
0.146446609406726 0.061232535126563
0.135515686289294 0.060230247817514
0.124944465184770 0.059087008656999
0.114743378612105 0.057793355765939
0.104922493812155 0.056345333777408
0.095491502812526 0.054741938137474
0.086459712862719 0.052987714395221
0.077836037248992 0.051074536303173
0.069628986498028 0.048961088609488
0.061846659978068 0.046616328170849
0.054496737905816 0.044071777991892
0.047586473766990 0.041388378493241
0.041122687158009 0.038656422181157
0.035111757055874 0.035919248945845
0.029559615522887 0.033057867401258
0.024471741852423 0.030055939134754
0.019853157161528 0.027025795917608
0.015708419435684 0.023991267771444
0.012041619030626 0.020945697570379
0.008856374635656 0.017897542324501
0.006155829702431 0.014843159336700
0.003942649342761 0.011784007071262
0.002219017698460 0.008716232649614
0.000986635785864 0.005649971046110
0.000246719817134 0.002476132798696
0.000000000000000 0.000000000000000
0.000246719817134 -0.001836004107704
0.000986635785864 -0.003386080963024
0.002219017698460 -0.004836355018640
0.003942649342761 -0.006390832329752
0.006155829702431 -0.007878521822815
0.008856374635656 -0.009291367616810
0.012041619030626 -0.010547620164414
0.015708419435684 -0.011631740273393
0.019853157161528 -0.012479293046113
0.024471741852423 -0.013307406990871
0.029559615522887 -0.014077329174971
0.035111757055874 -0.014789907258863
0.041122687158009 -0.015509368788852
0.047586473766990 -0.016245394888138
0.054496737905816 -0.016989993811948
0.061846659978068 -0.017722862050565
0.069628986498028 -0.018424438742859
0.077836037248993 -0.019078171493467
0.086459712862719 -0.019689245888807
0.095491502812526 -0.020281436410782
0.104922493812155 -0.020867158629869
0.114743378612105 -0.021438351929935
0.124944465184770 -0.021986561782863
0.135515686289294 -0.022508627057407
0.146446609406726 -0.023006448233786
0.157726447035656 -0.023482232523752
0.169344067338174 -0.023936969695437
0.181288005125655 -0.024370734807930
0.193546473173512 -0.024784592746429
0.206107373853763 -0.025179733520829
0.218958311073935 -0.025554460604159
0.232086602510502 -0.025905101184785
0.245479292124814 -0.026227046707723
0.259123162949142 -0.026517931326068
0.273004750130227 -0.026780105064171
0.287110354217464 -0.027019496122830
0.301426054682610 -0.027242537672857
0.315937723657661 -0.027451353564770
0.330631039877354 -0.027640149783538
0.345491502812526 -0.027801742306073
0.360504446980386 -0.027930608793065
0.375655056417573 -0.028024225761736
0.390928379301729 -0.028080902463126
0.406309342707138 -0.028100888419936
0.421782767479884 -0.028087689405380
0.437333383217848 -0.028048348167583
0.452945843340743 -0.027989400210074
0.468604740235343 -0.027911294237648
0.484294620460936 -0.027810271016247
0.500000000000000 -0.027680783911212
0.515705379539064 -0.027522183017791
0.531395259764657 -0.027336906870332
0.547054156659257 -0.027129355984802
0.562666616782152 -0.026899532685246
0.578217232520115 -0.026644106042040
0.593690657292863 -0.026357603194774
0.609071620698271 -0.026037649438849
0.624344943582427 -0.025685346579216
0.639495553019615 -0.025303796288171
0.654508497187474 -0.024895381146059
0.669368960122646 -0.024461034645655
0.684062276342339 -0.024001048597631
0.698573945317390 -0.023514540197850
0.712889645782536 -0.022999352371362
0.726995249869774 -0.022452937201924
0.740876837050858 -0.021878141034528
0.754520707875186 -0.021282472057160
0.767913397489498 -0.020673502072223
0.781041688926065 -0.020051702945762
0.793892626146237 -0.019412898391696
0.806453526826489 -0.018753921613264
0.818711994874345 -0.018079074126027
0.830655932661826 -0.017401494088734
0.842273552964344 -0.016730478423779
0.853553390593274 -0.016052608726545
0.864484313710706 -0.015341996331909
0.875055534815230 -0.014578560617438
0.885256621387895 -0.013769048654569
0.895077506187845 -0.012940162051591
0.904508497187474 -0.012115089173467
0.913540287137281 -0.011313417808100
0.922163962751008 -0.010550743856760
0.930371013501972 -0.009833684961875
0.938153340021932 -0.009127770030137
0.945503262094184 -0.008391512666637
0.952413526233010 -0.007607785272817
0.958877312841991 -0.006785872235729
0.964888242944126 -0.005953480040623
0.970440384477113 -0.005174788404856
0.975528258147577 -0.004439647486586
0.980146842838472 -0.003670898570217
0.984291580564316 -0.002881342479292
0.987958380969374 -0.002146876459935
0.991143625364344 -0.001513724908806
0.993844170297569 -0.001000836091879
0.996057350657239 -0.000608542054550
0.997780982301540 -0.000326359580683
0.999013364214136 -0.000139529646145
0.999753280182866 -0.000034009232047
1.000000000000000 0.000000000000000
