1.000000000000000 0.000000000000000
0.999753280182866 -0.000000292133700
0.999013364214136 0.000000876363138
0.997780982301540 0.000009428537805
0.996057350657239 0.000034531320108
0.993844170297569 0.000087544650755
0.991143625364344 0.000180555660882
0.987958380969374 0.000324517941267
0.984291580564316 0.000527007340554
0.980146842838472 0.000789638737450
0.975528258147577 0.001106216167911
0.970440384477113 0.001477808752083
0.964888242944126 0.001917572090527
0.958877312841991 0.002433426905097
0.952413526233010 0.003029173765467
0.945503262094184 0.003722259251837
0.938153340021932 0.004535964982282
0.930371013501972 0.005469946157331
0.922163962751008 0.006503119427834
0.913540287137281 0.007612969338328
0.904508497187474 0.008786920694785
0.895077506187845 0.010011354755728
0.885256621387895 0.011279724038432
0.875055534815230 0.012597069060795
0.864484313710706 0.013970800990570
0.853553390593274 0.015401673206504
0.842273552964344 0.016882451299862
0.830655932661826 0.018403894675476
0.818711994874345 0.019953637716827
0.806453526826488 0.021515580501411
0.793892626146236 0.023071912486418
0.781041688926065 0.024620073819363
0.767913397489498 0.026174886636649
0.754520707875186 0.027752653058844
0.740876837050858 0.029359249795624
0.726995249869773 0.030988472827595
0.712889645782536 0.032629633288575
0.698573945317390 0.034268087425622
0.684062276342339 0.035881151054709
0.669368960122646 0.037451189361820
0.654508497187474 0.038971993586877
0.639495553019615 0.040448963085973
0.624344943582427 0.041877945217167
0.609071620698271 0.043245153593045
0.593690657292862 0.044529956922452
0.578217232520115 0.045723377065818
0.562666616782152 0.046829938104834
0.547054156659257 0.047869667375551
0.531395259764657 0.048852289505588
0.515705379539064 0.049773748296777
0.500000000000000 0.050611733654191
0.484294620460936 0.051353086619250
0.468604740235343 0.052004928975824
0.452945843340743 0.052595376310565
0.437333383217848 0.053151834980514
0.421782767479884 0.053674043617900
0.406309342707138 0.054143588654737
0.390928379301729 0.054533713131213
0.375655056417573 0.054838944503660
0.360504446980385 0.055067030902074
0.345491502812526 0.055234339554134
0.330631039877354 0.055350218030346
0.315937723657661 0.055418125460249
0.301426054682610 0.055437481696637
0.287110354217464 0.055408791761271
0.273004750130227 0.055333784401499
0.259123162949142 0.055215029264611
0.245479292124814 0.055056027084767
0.232086602510502 0.054855195567821
0.218958311073935 0.054604408671371
0.206107373853763 0.054294401632989
0.193546473173512 0.053918041002469
0.181288005125655 0.053466264405240
0.169344067338174 0.052927828788774
0.157726447035656 0.052293706928050
0.146446609406726 0.051557994858346
0.135515686289294 0.050713945942661
0.124944465184770 0.049751016637866
0.114743378612105 0.048661541030372
0.104922493812155 0.047442392571111
0.095491502812526 0.046092611576323
0.086459712862719 0.044615229653923
0.077836037248992 0.043004650500646
0.069628986498028 0.041224213140899
0.061846659978068 0.039249972928477
0.054496737905816 0.037107261430886
0.047586473766990 0.034847318200587
0.041122687158009 0.032547236928218
0.035111757055874 0.030242491889823
0.029559615522887 0.027832538438339
0.024471741852423 0.025304644133950
0.019853157161528 0.022752830156269
0.015708419435684 0.020197420012284
0.012041619030626 0.017632628097569
0.008856374635656 0.015065145167595
0.006155829702431 0.012492784908258
0.003942649342761 0.009916715438924
0.002219017698460 0.007333247858112
0.000986635785864 0.004751229855670
0.000246719817134 0.002072241839746
0.000000000000000 0.000000000000000
0.000246719817134 -0.001541075127451
0.000986635785864 -0.002863325705447
0.002219017698460 -0.004077684966583
0.003942649342761 -0.005388691249740
0.006155829702431 -0.006641026056757
0.008856374635656 -0.007831833551004
0.012041619030626 -0.008889455888362
0.015708419435684 -0.009801954600278
0.019853157161528 -0.010516185648077
0.024471741852423 -0.011213103234330
0.029559615522887 -0.011861753287553
0.035111757055874 -0.012461450880955
0.041122687158009 -0.013066964891799
0.047586473766990 -0.013686677430566
0.054496737905816 -0.014313557384075
0.061846659978068 -0.014930968054601
0.069628986498028 -0.015522300630031
0.077836037248993 -0.016073092770817
0.086459712862719 -0.016587470759330
0.095491502812526 -0.017085896684094
0.104922493812155 -0.017578644079539
0.114743378612105 -0.018059403467330
0.124944465184770 -0.018521100895242
0.135515686289294 -0.018961065200880
0.146446609406726 -0.019380619726743
0.157726447035656 -0.019781403186107
0.169344067338174 -0.020164197700829
0.181288005125655 -0.020529197350308
0.193546473173512 -0.020877374888462
0.206107373853763 -0.021209942235424
0.218958311073935 -0.021525398736481
0.232086602510502 -0.021820607866983
0.245479292124814 -0.022091620734433
0.259123162949142 -0.022336256538275
0.273004750130227 -0.022556680158845
0.287110354217464 -0.022758012849438
0.301426054682610 -0.022945697854101
0.315937723657661 -0.023121697042713
0.330631039877354 -0.023280932370423
0.345491502812526 -0.023417131662440
0.360504446980386 -0.023525467715737
0.375655056417573 -0.023603950968056
0.390928379301729 -0.023651311705102
0.406309342707138 -0.023667823534385
0.421782767479884 -0.023656557190611
0.437333383217848 -0.023623354254445
0.452945843340743 -0.023573770981196
0.468604740235343 -0.023508064569806
0.484294620460936 -0.023423084245652
0.500000000000000 -0.023314120547925
0.515705379539064 -0.023180586422969
0.531395259764657 -0.023024471698628
0.547054156659257 -0.022849387485098
0.562666616782152 -0.022655413679481
0.578217232520115 -0.022439872307379
0.593690657292863 -0.022198436009102
0.609071620698271 -0.021929135937314
0.624344943582427 -0.021632771457580
0.639495553019615 -0.021311624875209
0.654508497187474 -0.020967556927032
0.669368960122646 -0.020601452958671
0.684062276342339 -0.020213879827832
0.698573945317390 -0.019804204144192
0.712889645782536 -0.019370384553731
0.726995249869774 -0.018909987878304
0.740876837050858 -0.018425410725534
0.754520707875186 -0.017923261661497
0.767913397489498 -0.017410204195647
0.781041688926065 -0.016886632832811
0.793892626146237 -0.016348862713894
0.806453526826489 -0.015794060723075
0.818711994874345 -0.015225802592104
0.830655932661826 -0.014655220324810
0.842273552964344 -0.014090189210244
0.853553390593274 -0.013519378210542
0.864484313710706 -0.012920900663469
0.875055534815230 -0.012277833687051
0.885256621387895 -0.011595894117685
0.895077506187845 -0.010897668951116
0.904508497187474 -0.010202734659947
0.913540287137281 -0.009527655570114
0.922163962751008 -0.008885651895653
0.930371013501972 -0.008282250230373
0.938153340021932 -0.007688015267990
0.945503262094184 -0.007067548525094
0.952413526233010 -0.006406593883157
0.958877312841991 -0.005713802169760
0.964888242944126 -0.005012974116995
0.970440384477113 -0.004357742328737
0.975528258147577 -0.003738871974780
0.980146842838472 -0.003091019263640
0.984291580564316 -0.002425502784042
0.987958380969374 -0.001806604414251
0.991143625364344 -0.001273264990451
0.993844170297569 -0.000841407697289
0.996057350657239 -0.000511286119818
0.997780982301540 -0.000274022656716
0.999013364214136 -0.000117083106154
0.999753280182866 -0.000028525464654
1.000000000000000 0.000000000000000
