1.000000000000000 0.000000000000000
0.999960230957490 0.000003140552353
0.999840779307863 0.000012574073919
0.999641210529644 0.000028336229279
0.999360797228021 0.000050486696472
0.998998514316801 0.000079109523252
0.998553032213900 0.000114313627073
0.998022707990690 0.000156233439845
0.997405574397798 0.000205029698491
0.996699326671855 0.000260890382116
0.995901307009056 0.000324031795994
0.995008486572186 0.000394699801604
0.994017444878169 0.000473171190302
0.992924346393000 0.000559755195883
0.991724914140514 0.000654795137913
0.990414400110916 0.000758670183090
0.988987552234751 0.000871797205601
0.987438577668557 0.000994632719010
0.985761102120488 0.001127674841082
0.983948124928840 0.001271465238281
0.981991969594854 0.001426590977540
0.979884229465316 0.001593686188076
0.977615708262638 0.001773433403870
0.975176355173315 0.001966564416097
0.972555194233904 0.002173860411719
0.969740247802003 0.002396151106623
0.966718453974459 0.002634312495312
0.963475577924387 0.002889262729453
0.959996117912916 0.003161963557489
0.956263222803066 0.003453637307679
0.952258598511274 0.003765902066055
0.947962388702267 0.004100623083641
0.943353019022086 0.004459319953009
0.938407069542612 0.004842932314591
0.933099216881023 0.005252438177808
0.927402226585542 0.005690024624316
0.921286823890841 0.006158524067093
0.914721536187092 0.006660231061091
0.907672664588943 0.007197009523476
0.900104301510344 0.007770466587121
0.891978425721848 0.008382479064132
0.883255107295066 0.009036260885708
0.873892557541843 0.009734201416929
0.863847456811289 0.010477921868541
0.853075555328949 0.011270201138448
0.841532324083659 0.012115470574740
0.829173140907393 0.013011339686395
0.815955183059536 0.013960583284549
0.801838349894856 0.014966748744929
0.786786399518872 0.016029192184770
0.770769323091242 0.017152137984911
0.753764843343178 0.018338332190291
0.735760077924942 0.019582450074276
0.716754579544674 0.020882881459283
0.696761624762901 0.022228690815367
0.675811033794840 0.023611039276973
0.653950866460625 0.025023821484609
0.631248076680772 0.026456537811659
0.607788492368199 0.027886994037699
0.583678248319894 0.029312658294973
0.559039894436904 0.030711683593692
0.534011480413649 0.032069321593753
0.508742338052108 0.033365184874196
0.483389724498601 0.034590750269650
0.458112858354207 0.035725966400304
0.433069356264543 0.036768716595831
0.408409082113513 0.037704864126169
0.384270916523930 0.038532594040806
0.360778470866232 0.039241791907619
0.338038090187102 0.039828205782660
0.316137203849267 0.040290334945727
0.295143734379156 0.040624524946848
0.275106616443254 0.040830814973426
0.256056845836825 0.040906023753726
0.238009233168920 0.040857297408074
0.220964302475794 0.040687267919281
0.204910495598585 0.040400075489071
0.189826270118514 0.040005585802683
0.175682382025832 0.039508207674315
0.162443612692391 0.038916406143651
0.150070543237095 0.038238927073467
0.138520960646573 0.037485225263678
0.127751505317281 0.036660331846321
0.117718201745989 0.035771172883915
0.108377093800249 0.034828463477245
0.099685483201567 0.033838296720569
0.091601786143766 0.032809016947724
0.084086330641547 0.031746960544898
0.077101353547444 0.030657857402988
0.070610998704741 0.029548088176008
0.064581607071486 0.028423125549562
0.058981567127044 0.027287952047500
0.053781518337061 0.026146842682233
0.048953916555415 0.025004090228763
0.044473335524767 0.023863424856039
0.040315957700268 0.022728567206557
0.036460177314428 0.021601919737487
0.032885774732007 0.020485951905053
0.029574328966089 0.019382560754308
0.026508965428382 0.018293274403059
0.023673775464154 0.017220017611944
0.021054769444422 0.016163694724797
0.018638585158554 0.015125764574302
0.016413203769434 0.014107310425874
0.014368040776609 0.013108805333639
0.012492665730147 0.012131590539126
0.010778155853413 0.011176521647975
0.009215784514850 0.010245019540458
0.007797990192919 0.009338119011476
0.006518025950565 0.008456692306316
0.005369515442899 0.007602016644102
0.004347061417159 0.006775227267661
0.003445378777373 0.005978067314055
0.002660185093855 0.005212267594622
0.001987350647272 0.004479959742724
0.001423522749067 0.003783261539892
0.000967073961105 0.003124865992351
0.000616697323092 0.002508189561889
0.000364168408173 0.001941812257124
0.000196260271619 0.001436469807340
0.000094569741848 0.001000687486855
0.000038817271136 0.000640911651487
0.000012336190524 0.000360316939113
0.000002445098730 0.000159983903887
0.000000153132699 0.000039963071215
0.000000000000000 0.000000000000000
0.000000151682125 -0.000039723506539
0.000002440639105 -0.000159005827589
0.000012471485850 -0.000358044106910
0.000039932083814 -0.000636698935004
0.000098759422052 -0.000993738341468
0.000206290363888 -0.001425640883394
0.000383014184525 -0.001925069785928
0.000650574976524 -0.002480508258613
0.001028725631028 -0.003076155780162
0.001533791784606 -0.003692742965446
0.002175679515941 -0.004311539450826
0.002957757536333 -0.004917089759189
0.003877444318091 -0.005504586274832
0.004930527915172 -0.006072710416231
0.006117385764499 -0.006620933813146
0.007438752719549 -0.007149620779687
0.008897869258305 -0.007657835403901
0.010498139028654 -0.008145799410682
0.012244980718308 -0.008613164143494
0.014143801692181 -0.009060909085702
0.016202328747327 -0.009486698114224
0.018428689495696 -0.009888808627166
0.020832131305289 -0.010264935533661
0.023422990031763 -0.010612518007895
0.026212081931167 -0.010930230002944
0.029211861858845 -0.011215984859032
0.032435777026395 -0.011468752791335
0.035898363832225 -0.011687939703216
0.039616023962411 -0.011870672309469
0.043606428599978 -0.012014778394089
0.047888863047826 -0.012117901244508
0.052484364543676 -0.012177595323938
0.057415654651240 -0.012192692842676
0.062707565469983 -0.012163074707767
0.068386882643878 -0.012089747915366
0.074482520411081 -0.011969748783260
0.081025561275943 -0.011800579235926
0.088049501494901 -0.011586238705425
0.095590024815697 -0.011330337311600
0.103684801991620 -0.011029479181323
0.112373573652771 -0.010682463551025
0.121697990189588 -0.010291163609906
0.131701325997068 -0.009860159329881
0.142427999080951 -0.009396645198250
0.153922545941582 -0.008901224085708
0.166229101231697 -0.008374480455846
0.179390587008134 -0.007821719639572
0.193447193476400 -0.007246495101129
0.208435129788708 -0.006656397888787
0.224384842056423 -0.006062049301526
0.241318975640868 -0.005475220427602
0.259250136706423 -0.004904906786324
0.278178727889479 -0.004357688637897
0.298090812658523 -0.003837554246765
0.318956245696251 -0.003350374992260
0.340726928883238 -0.002900551872531
0.363335745880588 -0.002492769980341
0.386696150554260 -0.002131265385798
0.410702622353091 -0.001815921587228
0.435232147452420 -0.001538283316819
0.460146933198191 -0.001296519187802
0.485297764013698 -0.001088729415316
0.510528231170074 -0.000911946698333
0.535679486528808 -0.000764114713142
0.560595149917448 -0.000642681466318
0.585126066786391 -0.000548423043195
0.609134510770851 -0.000478682349154
0.632497672598023 -0.000433587626685
0.655110152947693 -0.000405129030648
0.676885473184484 -0.000380164416420
0.697756582397182 -0.000355907536160
0.717675449481849 -0.000332596418348
0.736611940415050 -0.000310892361653
0.754552159065714 -0.000289773798735
0.771496449751298 -0.000270239741753
0.787457222280911 -0.000251771145611
0.802456760748051 -0.000233940676974
0.816525123273505 -0.000218249559299
0.829698202365874 -0.000202517049787
0.842016016424864 -0.000187856386839
0.853521226951184 -0.000174381174727
0.864257903257573 -0.000162500961627
0.874270512867148 -0.000150627311926
0.883603129212577 -0.000139375087719
0.892298817317488 -0.000129457782286
0.900399179480046 -0.000120513231944
0.907944036046682 -0.000111688156732
0.914971216239553 -0.000103178987457
0.921516433510246 -0.000095329343341
0.927613230140141 -0.000088365967609
0.933292974383329 -0.000082140279197
0.938584897214026 -0.000076179020011
0.943516158128120 -0.000070305784744
0.948111930073385 -0.000064779034724
0.952395496459297 -0.000059803914033
0.956388355954388 -0.000055339364932
0.960110331009535 -0.000051225010404
0.963579676721633 -0.000047346822438
0.966813187585550 -0.000043658771532
0.969826300650629 -0.000040151321359
0.972633194053600 -0.000036817375655
0.975246880274012 -0.000033651067814
0.977679293681741 -0.000030647443433
0.979941372202866 -0.000027802226751
0.982043133094307 -0.000025111650403
0.983993742934459 -0.000022572332707
0.985801582017870 -0.000020181190473
0.987474303395116 -0.000017935378138
0.989018886831176 -0.000015832246313
0.990441687971861 -0.000013869314474
0.991748483012547 -0.000012044253868
0.992944509159502 -0.000010354877683
0.994034501164210 -0.000008799136284
0.995022724196951 -0.000007375115904
0.995913003308999 -0.000006081039592
0.996708749714168 -0.000004915269571
0.997412984100889 -0.000003876310377
0.998028357165988 -0.000002962812342
0.998557167541366 -0.000002173575123
0.999001377265005 -0.000001507551068
0.999362624928345 -0.000000963848276
0.999642236613182 -0.000000541733271
0.999841234712799 -0.000000240633227
0.999960344714100 -0.000000060137722
1.000000000000000 0.000000000000000
