1.000000000000000 0.000000000000000
0.999960218995857 0.000003692055858
0.999840732069262 0.000014788537314
0.999641106522907 0.000033350477969
0.999360618003193 0.000059479904136
0.998998245682404 0.000093320280127
0.998552665452115 0.000135057110430
0.998022241065533 0.000184918675607
0.997405013147783 0.000243176869128
0.996698685973775 0.000310148090329
0.995900611893112 0.000386194133349
0.995007773260396 0.000471722992295
0.994016761707156 0.000567189477670
0.992923754568408 0.000673095506716
0.991724488252441 0.000789989888796
0.990414228316900 0.000918467373587
0.988987735987629 0.001059166661597
0.987439230829132 0.001212766989077
0.985762349247336 0.001379982787763
0.983950098476762 0.001561555777233
0.981994805676099 0.001758243665843
0.979888061729103 0.001970804404526
0.977620659323102 0.002199974642978
0.975182524856541 0.002446440663106
0.972562643712175 0.002710799589173
0.969748978426267 0.002993508071650
0.966728382984064 0.003294851749061
0.963486577805145 0.003615579765692
0.960008076128267 0.003957111753682
0.956276044773217 0.004321143344125
0.952272194641520 0.004709592284294
0.947976579003450 0.005123634770391
0.943367483462552 0.005563700663000
0.938421359182668 0.006029909091787
0.933112846184173 0.006523406120492
0.927414684997075 0.007046465619420
0.921297552536521 0.007601701133977
0.914729962715576 0.008191784361652
0.907678226442460 0.008819331127874
0.900106317345396 0.009485321431756
0.891976076042094 0.010190787422455
0.883247553879233 0.010939311653701
0.873879011561793 0.011734609160543
0.863827164037610 0.012579633455596
0.853047667465279 0.013476847013523
0.841495865359243 0.014429774211110
0.829127421644243 0.015440902992340
0.815899326616946 0.016511535990901
0.801771277522012 0.017643342046394
0.786707109908564 0.018837636407353
0.770676419584916 0.020093899833921
0.753656549451088 0.021410195077929
0.735634840298638 0.022784732848084
0.716610408888719 0.024210151018866
0.696596975439048 0.025681697026484
0.675624365830056 0.027190408412170
0.653740446813066 0.028726464411533
0.631012098075249 0.030276906086748
0.607525805659725 0.031828312830134
0.583387183324055 0.033367220322477
0.558719208954253 0.034876099988107
0.533660046839730 0.036338746228678
0.508359431309457 0.037738358286692
0.482974458834732 0.039058707726728
0.457664774289774 0.040283313778996
0.432587780315107 0.041399022494145
0.407893638157034 0.042391260864177
0.383721267341970 0.043249930993384
0.360194620293091 0.043963437411676
0.337420446719058 0.044527159036107
0.315486516895791 0.044935977023275
0.294461247958327 0.045188617282029
0.274394054412962 0.045287505821945
0.255316383883135 0.045238790197344
0.237243374224802 0.045046708685007
0.220175786311009 0.044722295488399
0.204102233912288 0.044273139161706
0.189001331128763 0.043709428514327
0.174843834138478 0.043040249952036
0.161594311593650 0.042279350066563
0.149213429899008 0.041433923358087
0.137658919363250 0.040514201841373
0.126886745575107 0.039532581982324
0.116852583208191 0.038498171301020
0.107512415785713 0.037419099531636
0.098822978137980 0.036304432390516
0.090742790041762 0.035159668862938
0.083232030427139 0.033990258025681
0.076252661062685 0.032802262993679
0.069768892882220 0.031600533022353
0.063746949283009 0.030389548479665
0.058155532970289 0.029172559577779
0.052965175429430 0.027953004318553
0.048148865800659 0.026733284247265
0.043681330491701 0.025515926867778
0.039539154727520 0.024303347907220
0.035701243996762 0.023096865525340
0.032147364421066 0.021898872874333
0.028859366882637 0.020711018787265
0.025821087375214 0.019534124196898
0.023016624442453 0.018370285047799
0.020431350696669 0.017221702176498
0.018053036718755 0.016089412887761
0.015869459508206 0.014975391122807
0.013868433744472 0.013882408533996
0.012040099605296 0.012812041905241
0.010375881648741 0.011765411874953
0.008866382533578 0.010744809891693
0.007502696461281 0.009752754501176
0.006278778435948 0.008790419012448
0.005187706472661 0.007859841133806
0.004221755619825 0.006963972266025
0.003375087575563 0.006105633291587
0.002640967649451 0.005288183565843
0.002012259975029 0.004515213836391
0.001484040998994 0.003789615988638
0.001049222919196 0.003114969447826
0.000702489343311 0.002494762670796
0.000439787561853 0.001932307625854
0.000251629319320 0.001431905611996
0.000127038620929 0.000999688322218
0.000053862996620 0.000641739170192
0.000017455325798 0.000361536770031
0.000003489620274 0.000160789135098
0.000000218148660 0.000040201830208
0.000000000000000 0.000000000000000
0.000000214728772 -0.000039891653177
0.000003444907388 -0.000159753492375
0.000017517993830 -0.000359777170083
0.000055713481753 -0.000639033236707
0.000137121017836 -0.000993530735568
0.000287155303007 -0.001413364735866
0.000534914821362 -0.001881718986138
0.000901157094043 -0.002380992372928
0.001394790265679 -0.002890239194529
0.002015685355748 -0.003389585069546
0.002764884319347 -0.003872680933511
0.003634523927965 -0.004343741770677
0.004622010058567 -0.004804492907727
0.005729508798173 -0.005255420302679
0.006957757374560 -0.005699908334646
0.008311450435997 -0.006136138769578
0.009795317627454 -0.006563215924435
0.011414049536073 -0.006981327807584
0.013174554356601 -0.007388241835327
0.015084045415076 -0.007782698322259
0.017149607206633 -0.008165355720921
0.019379787944974 -0.008535488691223
0.021784583118051 -0.008891302364520
0.024374487199145 -0.009232374632293
0.027160510485314 -0.009559860396972
0.030155292940137 -0.009872820177787
0.033372996696019 -0.010168968536356
0.036828818345242 -0.010446832787263
0.040539150105687 -0.010705483845482
0.044522104727620 -0.010942657824611
0.048797296242956 -0.011156306845744
0.053385857262798 -0.011345053867870
0.058310865010720 -0.011506561178110
0.063597258662004 -0.011638662143073
0.069271911275202 -0.011739502307861
0.075363836315967 -0.011806886442070
0.081904122530796 -0.011839021359547
0.088926083868612 -0.011832778389422
0.096465178198785 -0.011785056263795
0.104558992104685 -0.011693009351707
0.113247089599108 -0.011553807189000
0.122570822571502 -0.011364085417635
0.132573022217070 -0.011121203313930
0.143297555076136 -0.010823224706005
0.154788697832341 -0.010467999052750
0.167090306331728 -0.010052343678586
0.180244934171084 -0.009575823624561
0.194292502813312 -0.009037754748319
0.209268864705674 -0.008438342173351
0.225204137815899 -0.007779933481050
0.242120693841807 -0.007065077670399
0.260031078108720 -0.006297141741014
0.278935829954435 -0.005480822746729
0.298821351874963 -0.004623076683074
0.319657820479664 -0.003731287051482
0.341397551916073 -0.002813869725776
0.363974111356390 -0.001885997964920
0.387301469798385 -0.000959143195469
0.411274952701815 -0.000052471137322
0.435772310454220 0.000816968324024
0.460656211434012 0.001635391812698
0.485777890100739 0.002386684947838
0.510981071818129 0.003062737106537
0.536106953038883 0.003656959985995
0.560999109746763 0.004165663432304
0.585508275994258 0.004586564817173
0.609496538780448 0.004922640364073
0.632840915687439 0.005176914485190
0.655435829193679 0.005354873380485
0.677194626108553 0.005464836763919
0.698050112717949 0.005512858899271
0.717954121751630 0.005507399256982
0.736876413961508 0.005454695939378
0.754803025649439 0.005364665564937
0.771734227813844 0.005240993121763
0.787682388140670 0.005090812183447
0.802669769749400 0.004920160253739
0.816726387157985 0.004732542895725
0.829888118991981 0.004532262910128
0.842195001314159 0.004324916086188
0.853689667336799 0.004112411261671
0.864416191204006 0.003897832142269
0.874419039647856 0.003683567961283
0.883742261628095 0.003470463602112
0.892428961995004 0.003261863397997
0.900520731315402 0.003058641118468
0.908057356618035 0.002860477517220
0.915076680644858 0.002668771999248
0.921614422429233 0.002484520817952
0.927704098115170 0.002307438669879
0.933377056692751 0.002137345966637
0.938662535236093 0.001974815647578
0.943587698021394 0.001820331566641
0.948177705010196 0.001673781611033
0.952455814873420 0.001534639124389
0.956443505913635 0.001402466022490
0.960160597962887 0.001277310023217
0.963625358368302 0.001159631051295
0.966854586016408 0.001049649085692
0.969863715274512 0.000947368793628
0.972666914424805 0.000852584853283
0.975277181701149 0.000764959908463
0.977706436557756 0.000684125033810
0.979965601918984 0.000609698688655
0.982064680290367 0.000541298385868
0.984012823985728 0.000478549066861
0.985818399682732 0.000421088971081
0.987489047566901 0.000368573612148
0.989031735351917 0.000320678334743
0.990452807477029 0.000277099818531
0.991758029784382 0.000237556811265
0.992952629973204 0.000201790307771
0.994041334116253 0.000169563340649
0.995028399508605 0.000140660509106
0.995917644101018 0.000114887341882
0.996712472750778 0.000092069566672
0.997415900502794 0.000072052340441
0.998030573093324 0.000054699481135
0.998558784848374 0.000039892730756
0.999002494128844 0.000027531071767
0.999363336454907 0.000017530112743
0.999642635423073 0.000009821554669
0.999841411510879 0.000004352745917
0.999960388846131 0.000001086331455
1.000000000000000 0.000000000000000
