1.000000000000000 0.000000000000000
0.999960118639700 0.000003548926315
0.999840329901785 0.000014212054057
0.999640198854473 0.000032038478940
0.999358997400244 0.000057110188573
0.998995699428365 0.000089542293941
0.998548973966843 0.000129483331451
0.998017176271635 0.000177115611765
0.997398336772324 0.000232655582190
0.996690147774241 0.000296354157841
0.995889947797031 0.000368496962261
0.994994703408898 0.000449404399969
0.994000988393995 0.000539431460250
0.992904960067837 0.000638967122138
0.991702332531941 0.000748433193241
0.990388346634452 0.000868282367599
0.988957736378271 0.000998995227461
0.987404691492442 0.001141075837248
0.985722815856788 0.001295045480677
0.983905081444374 0.001461433968525
0.981943777422332 0.001640767787871
0.979830454029890 0.001833554165143
0.977555860834656 0.002040259863878
0.975109878956318 0.002261283219964
0.972481446856209 0.002496917656837
0.969658502492833 0.002747563383670
0.966627961083939 0.003014403319647
0.963375596817662 0.003299073076256
0.959885946002995 0.003603634896140
0.956142201067173 0.003930511060690
0.952126019651589 0.004281529334020
0.947817447229849 0.004658265299586
0.943194829768746 0.005062292191516
0.938234626058607 0.005494241368108
0.932911267750702 0.005953401914871
0.927197149762025 0.006438784246370
0.921062921968434 0.006953548551963
0.914477298202153 0.007503533513781
0.907406517965273 0.008091353996875
0.899814309886750 0.008715937759804
0.891662507150677 0.009379169594309
0.882911116781141 0.010085201517122
0.873518003672335 0.010834041011804
0.863439443068121 0.011624207032472
0.852630918006403 0.012456972581481
0.841048096606934 0.013341316138214
0.828645890990037 0.014270890896839
0.815381195172775 0.015246676553128
0.801213796389376 0.016272393617742
0.786106772646229 0.017339512085225
0.770030276580422 0.018455769940469
0.752961114328562 0.019611357253082
0.734886612098923 0.020803960526694
0.715806369806477 0.022031519331289
0.695733368671309 0.023278420025496
0.674754767763110 0.025269684133345
0.652863395281283 0.027307506441760
0.630125824857566 0.029373816575479
0.606628101692622 0.031449658591502
0.582475325201939 0.033513808222725
0.557790616926232 0.035548534511029
0.532711613252551 0.037528097120830
0.507387492458176 0.039424382417579
0.481975542431751 0.041218111696787
0.456635029717046 0.042880939781222
0.431523633328517 0.044394936830642
0.406791787026746 0.045740221924546
0.382578923032589 0.046903579146587
0.359009856342849 0.047878300968079
0.336191796234529 0.048653865249083
0.314213456198201 0.049233178345965
0.293143952992023 0.049617553575039
0.273033333076189 0.049812007950290
0.253913656135451 0.049821070400291
0.235800633176551 0.049656805381665
0.218695501409494 0.049332342364709
0.202587338961199 0.048856817028697
0.187455050312978 0.048244920722634
0.173269640065421 0.047509356452794
0.159995956772982 0.046664433677577
0.147594643430993 0.045722936775184
0.136023514353579 0.044696501475033
0.125238724444041 0.043597964784239
0.115196153286800 0.042436212682639
0.105851487415896 0.041223688741976
0.097161691508660 0.039968940606858
0.089085223358659 0.038678809901931
0.081582183021356 0.037360236431894
0.074614685355980 0.036019372919180
0.068146769477294 0.034662014612648
0.062145021446746 0.033292467502294
0.056577771493494 0.031915372417979
0.051415658943361 0.030535088993672
0.046630889040753 0.029156341320216
0.042198239455742 0.027782238872277
0.038094475669222 0.026415136496757
0.034297441652634 0.025058196404383
0.030787532924467 0.023713518180094
0.027546141458788 0.022383650817615
0.024555438642873 0.021071677984363
0.021800467102900 0.019778852775073
0.019267214269462 0.018506515967620
0.016941574403939 0.017257103914012
0.014811364991696 0.016032372949427
0.012866552231087 0.014833086648164
0.011096416653956 0.013661168538743
0.009490470128981 0.012519036972328
0.008041119018310 0.011407904437610
0.006740344351007 0.010329618240675
0.005579382741661 0.009286854390185
0.004551911466541 0.008281688336159
0.003651168460966 0.007316621017526
0.002869584788217 0.006394762359260
0.002202227278851 0.005518748507839
0.001642317662472 0.004691833166778
0.001182634390240 0.003918056677099
0.000816763411569 0.003201913057153
0.000535227667024 0.002547875570754
0.000328115456593 0.001960925497716
0.000184768642293 0.001445758213198
0.000092619054275 0.001005778017822
0.000039118273112 0.000643768980331
0.000012663388669 0.000361836643883
0.000002541301118 0.000160652850246
0.000000160318194 0.000040131450361
0.000000000000000 0.000000000000000
0.000000158339682 -0.000039739064727
0.000002565669762 -0.000159083819345
0.000013262090889 -0.000358311445274
0.000042964663206 -0.000637393021057
0.000107153176043 -0.000994513309012
0.000226549786453 -0.001424175004664
0.000427755449842 -0.001914781647259
0.000737627373153 -0.002449128261358
0.001174257300843 -0.003006046801821
0.001746902583732 -0.003559880399984
0.002457357808016 -0.004099746435389
0.003294760734722 -0.004629602057482
0.004251201531227 -0.005153128943266
0.005329844848659 -0.005669232958309
0.006532661866305 -0.006179569479983
0.007863825145135 -0.006683219094194
0.009326460253490 -0.007181517228646
0.010924737783953 -0.007675287686709
0.012665655485669 -0.008162533527441
0.014556121689299 -0.008642828364304
0.016603712547368 -0.009115963773263
0.018817521179612 -0.009580550999363
0.021206934121479 -0.010036650849636
0.023781650471113 -0.010485854133029
0.026553329965642 -0.010927095704432
0.029535040599422 -0.011358409721169
0.032740682204114 -0.011778788546340
0.036185346612627 -0.012187315802616
0.039885785370072 -0.012581977659438
0.043859995801303 -0.012961455805242
0.048127375306459 -0.013324992029865
0.052709303592103 -0.013670728287879
0.057628847703541 -0.013997333144118
0.062910914776815 -0.014303443069353
0.068582533005097 -0.014586534908544
0.074672693924156 -0.014844521125209
0.081212581555275 -0.015075177084345
0.088235490286784 -0.015276862200669
0.095776925406835 -0.015447950938568
0.103874487511438 -0.015587187761660
0.112567811715832 -0.015692650279935
0.121898315033938 -0.015762239693891
0.131908885279987 -0.015793055790427
0.142643412516420 -0.015779746884437
0.154146166785717 -0.015718546149809
0.166461029213832 -0.015608144490137
0.179630486499318 -0.015446501228314
0.193694401098647 -0.015231779771352
0.208688601267128 -0.014966689693734
0.224643117606059 -0.014653690114036
0.241580192228910 -0.014293391864512
0.259512405095978 -0.013895019669751
0.278440023899803 -0.013455977345801
0.298349342784191 -0.012984928730862
0.319210275499175 -0.012484155325536
0.340974937556365 -0.011960004950296
0.363576358067898 -0.011415909574587
0.386928139581263 -0.010854626037604
0.410924993125331 -0.010279835767813
0.435444243582769 -0.009696665011442
0.460348304668471 -0.009110042727635
0.485488132192687 -0.008524219164322
0.510707501731919 -0.007944435744865
0.535847608645330 -0.007370721873497
0.560752110547308 -0.006803127024024
0.585271981677624 -0.006246664525875
0.609269478778161 -0.005699400371769
0.632622035797311 -0.005171364945763
0.655224349792562 -0.004665746526859
0.676989996959592 -0.004184225022815
0.697852065260535 -0.003733371202237
0.717762321040930 -0.003303734009149
0.736690796785984 -0.002903332464721
0.754623589994942 -0.002532001853140
0.771560954764285 -0.002185559942739
0.787515311940067 -0.001864548783460
0.802508927586929 -0.001568212201103
0.816571892628888 -0.001298339266210
0.829740206994233 -0.001061270873701
0.842053830843716 -0.000854685366466
0.853555323560651 -0.000673903346397
0.864288730267575 -0.000518430839211
0.874298450516596 -0.000384873314062
0.883628501299009 -0.000270223859605
0.892321920572339 -0.000174016676843
0.900420278035781 -0.000094786867756
0.907963338612529 -0.000028441337546
0.914988901145068 0.000026621117346
0.921532666255387 0.000070410817919
0.927628154255846 0.000104079272429
0.933306708680358 0.000129323845846
0.938597542877231 0.000147679182658
0.943527804209887 0.000160540563780
0.948122655043499 0.000168991163875
0.952405367575381 0.000173240071228
0.956397430322451 0.000173165627795
0.960118658100948 0.000168874483717
0.963587301396329 0.000161134675645
0.966820152778546 0.000151368147422
0.969832647488656 0.000140677152283
0.972638961825595 0.000129844588387
0.975252106419151 0.000119334089293
0.977684013769895 0.000109226974145
0.979945620015030 0.000099536585267
0.982046940726177 0.000090274075698
0.983997140901319 0.000081448539937
0.985804599359050 0.000073067188258
0.987476967776784 0.000065135544141
0.989021224646576 0.000057657650470
0.990443724438459 0.000050636274667
0.991750242265714 0.000044073106237
0.992946014342577 0.000037968942598
0.994035774514909 0.000032323860818
0.995023787130171 0.000027137374066
0.995913876496154 0.000022408572446
0.996709453159253 0.000018136248440
0.997413537213477 0.000014319007508
0.998028778831440 0.000010955364655
0.998557476188506 0.000008043827811
0.999001590931550 0.000005582968947
0.999362761324388 0.000003571483765
0.999642313183013 0.000002008240783
0.999841268695382 0.000000892320494
0.999960353202488 0.000000223045204
1.000000000000000 0.000000000000000
