1.000000000000000 0.000000000000000
0.999960164362416 0.000003489371408
0.999840512742037 0.000013971220202
0.999640610057915 0.000031486815399
0.999359727973121 0.000056105155593
0.998996840061787 0.000087923291474
0.998550614982954 0.000127066771419
0.998019407600647 0.000173690203536
0.997401247971668 0.000227977924675
0.996693828104070 0.000290144763187
0.995894486370215 0.000360436877398
0.995000189438638 0.000439132645489
0.994007511568610 0.000526543574311
0.992912611090367 0.000623015184134
0.991711203872556 0.000728927812640
0.990398533556659 0.000844697263905
0.988969338316428 0.000970775205519
0.987417813878915 0.001107649187984
0.985737572523432 0.001255842123463
0.983921597756266 0.001415911013586
0.981962194343714 0.001588444655614
0.979850933375333 0.001774059979395
0.977578592025487 0.001973396569794
0.975135087686947 0.002187108805283
0.972509406228412 0.002415855553989
0.969689531581038 0.002660370743040
0.966662373494656 0.002921580403215
0.963413670980024 0.003200512704733
0.959927897518924 0.003498292870687
0.956188160341853 0.003816132028516
0.952176089122416 0.004155250383217
0.947871731699105 0.004516917692704
0.943253445636845 0.004902468710860
0.938297787331149 0.005313283036020
0.932979405100911 0.005750774911326
0.927270943432405 0.006216430174921
0.921142971733958 0.006711988150195
0.914563908759076 0.007239313898256
0.907499926612371 0.007799644550252
0.899914957260278 0.008393633252906
0.891770896380173 0.009023230175774
0.883027693274251 0.009691228568910
0.873643369078744 0.010398776735434
0.863574374467160 0.011145709953890
0.852776141337622 0.011931752477747
0.841203939120043 0.012759821764452
0.828813268427983 0.013630394499282
0.815560838420220 0.014540741014966
0.801406180666851 0.015490094326138
0.786313002346062 0.016477645258907
0.770250779450869 0.017500439201671
0.753196762019080 0.018553966117424
0.735138194173819 0.019633751200827
0.716074568121798 0.020735405617324
0.696019124083318 0.021846277807267
0.675052882176954 0.023677332076380
0.653175619465287 0.025560077402169
0.630452711271211 0.027461203581689
0.606970580699396 0.029366605889232
0.582835138567100 0.031266003622438
0.558169493152859 0.033143562504004
0.533112238070457 0.034988643303875
0.507813199132299 0.036786003712109
0.482429305969772 0.038517249254237
0.457116867931076 0.040114498918611
0.432033031211322 0.041553394926186
0.407328413305744 0.042818339917351
0.383142602340358 0.043901216527721
0.359600321306074 0.044796099209732
0.336809033986692 0.045503787899934
0.314857063992863 0.046021695772437
0.293813447032569 0.046356470884785
0.273727984034633 0.046509087082222
0.254632565861911 0.046494171385370
0.236542630033854 0.046318457323211
0.219459135435814 0.045997538837117
0.203370856000758 0.045541666311160
0.188256354157599 0.044966514649240
0.174086281711721 0.044285005720332
0.160825307127991 0.043508922857721
0.148433725585702 0.042651297676227
0.136869073347476 0.041723470687901
0.126087347475953 0.040736162124229
0.116044287078652 0.039696780451481
0.106695629011834 0.038615100153258
0.097998312226943 0.037498104902819
0.089910910387584 0.036350160142013
0.082393695486782 0.035176324543964
0.075408849224351 0.033981435962196
0.068920641999011 0.032769717604873
0.062895936756984 0.031543639227415
0.057303731205614 0.030305216905564
0.052114890623727 0.029057818388219
0.047302062913739 0.027805669534433
0.042839770356540 0.026552629526077
0.038705240750588 0.025300523383914
0.034876656674632 0.024052161292674
0.031334168473760 0.022810054272072
0.028059802930107 0.021576260336860
0.025036017233304 0.020353862709176
0.022247214171595 0.019145081067572
0.019680232473932 0.017950573198957
0.017321750560000 0.016772256546232
0.015158878913407 0.015612710181286
0.013181626218616 0.014473066436992
0.011380207489105 0.013354963490088
0.009744147300545 0.012261147251144
0.008264910928728 0.011193723610807
0.006935552853946 0.010154249214508
0.005747730460396 0.009145447837028
0.004694212638132 0.008170029958020
0.003769455470217 0.007230311107321
0.002966058623769 0.006329586446645
0.002278285774585 0.005471110248685
0.001700552107049 0.004658293795622
0.001225134754433 0.003895387956306
0.000845923023778 0.003187273094187
0.000554229191359 0.002538872061545
0.000339513353443 0.001955443857897
0.000190910842634 0.001442459987968
0.000095584517570 0.001003910696993
0.000040349974869 0.000642769234266
0.000013057236951 0.000361335645731
0.000002619679476 0.000160444031853
0.000000165240939 0.000040080767266
0.000000000000000 0.000000000000000
0.000000163545022 -0.000039734050430
0.000002649715299 -0.000159066819287
0.000013693540211 -0.000358276208001
0.000044322422835 -0.000637251498713
0.000110567994161 -0.000993889565733
0.000234142172038 -0.001422079466732
0.000442905958370 -0.001909246536316
0.000762765930399 -0.002437850200072
0.001210293409997 -0.002985594566148
0.001793318701744 -0.003528087977942
0.002512338520567 -0.004057257852869
0.003355329047822 -0.004576799408010
0.004318180771888 -0.005087703250177
0.005403217521708 -0.005590150707996
0.006611964219296 -0.006086138047651
0.007948608149584 -0.006574651252173
0.009416065973290 -0.007057363831799
0.011019117520785 -0.007534333111983
0.012764642327394 -0.008003904875783
0.014659258769643 -0.008466356385572
0.016710613576814 -0.008921503825689
0.018927768524571 -0.009368177624156
0.021320023271387 -0.009806862047502
0.023897151229093 -0.010239212438940
0.026670957891222 -0.010663913582774
0.029654467333683 -0.011079256605687
0.032861547089927 -0.011484514044145
0.036307348080883 -0.011878703624234
0.040008641425089 -0.012259755435207
0.043983440919833 -0.012626282964874
0.048251218845180 -0.012977196616484
0.052833386251274 -0.013310340704341
0.057753016398589 -0.013624078118529
0.063035036981742 -0.013916859169817
0.068706439180951 -0.014186781898892
0.074796174377772 -0.014432659182622
0.081335419704252 -0.014653192481312
0.088357478779899 -0.014847466166526
0.095897910416737 -0.015012256705550
0.103994373442332 -0.015144099405096
0.112686487384724 -0.015241356220908
0.122015649299934 -0.015301235783092
0.132024739660841 -0.015319309999450
0.142757628820779 -0.015294203521445
0.154258599355060 -0.015224628903348
0.166571553511707 -0.015108780925767
0.179739009978189 -0.014945869266136
0.193800860429897 -0.014735023864529
0.208792890336680 -0.014475108843565
0.224745116016488 -0.014168159059346
0.241679832644761 -0.013817211154322
0.259609560219722 -0.013428890621312
0.278534783151019 -0.013010163283027
0.298441592488976 -0.012560501373651
0.319299976733206 -0.012085350459801
0.341061954189210 -0.011586718951678
0.363660674520400 -0.011073000428395
0.387009867127217 -0.010552046190651
0.411004169622948 -0.010023838265055
0.435521012798517 -0.009497852207084
0.460422714071176 -0.008973927089572
0.485559934512861 -0.008441433625169
0.510776483992545 -0.007906218184239
0.535913635287594 -0.007370461929878
0.560815131626158 -0.006836894273953
0.585332009816987 -0.006312501499777
0.609326658182562 -0.005800216510769
0.632676345761478 -0.005301952649142
0.655275798165344 -0.004821491027233
0.677038624282670 -0.004361386727973
0.697897890066523 -0.003926729430178
0.717805456380380 -0.003511938648589
0.736731236138022 -0.003119172735669
0.754661446006516 -0.002753799892800
0.771596298357086 -0.002409458865588
0.787548262731860 -0.002089168806570
0.802539585996206 -0.001791290072000
0.816600354635435 -0.001517550011398
0.829766618429996 -0.001276981088317
0.842078276703319 -0.001063992194928
0.853577924346233 -0.000876463209201
0.864309614798611 -0.000714332847534
0.874317681229118 -0.000570343171130
0.883646246671246 -0.000449733998446
0.892338308327525 -0.000349202227848
0.900435373757654 -0.000263082395064
0.907977226006197 -0.000189277276899
0.915001669522697 -0.000127070885735
0.921544397718699 -0.000076322994051
0.927638925458428 -0.000035928645137
0.933316591059089 -0.000004254128074
0.938606601862852 0.000020327934596
0.943536098706035 0.000039518287208
0.948130238543927 0.000054629141237
0.952412291433771 0.000065991357854
0.956403745024233 0.000073420136313
0.960124412438648 0.000076936478758
0.963592540859925 0.000077123416862
0.966824918158827 0.000075324678101
0.969836975464572 0.000072610977791
0.972642885585054 0.000069729014704
0.975255656148274 0.000067097385374
0.977687216936493 0.000064589595858
0.979948501738168 0.000062006867562
0.982049524143431 0.000059230253423
0.983999447470082 0.000056199927034
0.985806649104845 0.000052899120680
0.987478779498961 0.000049341774774
0.989022816089696 0.000045563082548
0.990445112435990 0.000041612288883
0.991751442861351 0.000037547240035
0.992947042893448 0.000033430289542
0.994036645780092 0.000029325250955
0.995024515347279 0.000025295155173
0.995914475448218 0.000021400622858
0.996709936233703 0.000017698703860
0.997413917454701 0.000014242068084
0.998029068988103 0.000011078457789
0.998557688756627 0.000008250331352
0.999001738194149 0.000005794644300
0.999362855388384 0.000003742725820
0.999642366013958 0.000002120218756
0.999841292150499 0.000000947058871
0.999960359062483 0.000000237475403
1.000000000000000 0.000000000000000
