1.000000000000000 0.000000000000000
0.999982628161910 0.000042913364381
0.999927913476198 0.000168316925937
0.999828239451399 0.000366441384910
0.999671526006712 0.000621819713942
0.999442188423155 0.000914560110255
0.999122557484810 0.001222231170358
0.998694843005698 0.001522468421995
0.998143753238239 0.001796451585776
0.997459918550351 0.002033449605079
0.996644311046220 0.002236687978188
0.995713904680317 0.002430863160990
0.994697936988753 0.002657485642368
0.993600884622569 0.002927016159614
0.992415657776992 0.003236339530793
0.991129895149309 0.003577357836139
0.989724545685182 0.003935571092215
0.988183759976078 0.004300605428611
0.986501626678199 0.004673434586725
0.984674087836689 0.005057993704414
0.982699033119149 0.005461453549058
0.980574152142024 0.005891823375888
0.978290410417603 0.006350450632812
0.975836061870902 0.006836891184310
0.973197437990826 0.007350038671348
0.970359676539449 0.007888879406420
0.967309358500153 0.008454920687646
0.964032797398847 0.009050888884631
0.960515568493614 0.009680511231953
0.956741401533223 0.010346767268989
0.952691212956581 0.011050388462642
0.948343983756191 0.011791558894018
0.943676896716719 0.012570462254067
0.938665991333890 0.013389058423873
0.933285687049166 0.014250301072944
0.927508443336485 0.015157463015343
0.921304141820094 0.016112089441329
0.914640255877016 0.017114854615490
0.907482130704147 0.018167552990882
0.899793392393710 0.019276470597307
0.891535706163549 0.020449704493548
0.882667121080572 0.021679419851151
0.873141897060243 0.022937818990091
0.862914721876063 0.024223591140671
0.851945442573365 0.025615399476598
0.840211125026261 0.027278921573862
0.827740790139368 0.029569270437588
0.814573615423251 0.032828440372712
0.800696273798741 0.037010659376141
0.786050743250437 0.041911194146375
0.770494957466139 0.047204845068882
0.753923999535936 0.052661866608013
0.736314095225779 0.058242876920353
0.717611042930968 0.063747729985562
0.697773142903155 0.068952445155106
0.676853259989844 0.073874296613754
0.654901925123696 0.078432256787145
0.631984110206897 0.082538346042037
0.608220952208111 0.086278102866764
0.583725906375951 0.089600553555683
0.558630010774629 0.092455225862386
0.533090500658126 0.094874910199262
0.507272868912758 0.096897817894755
0.481338083499457 0.098395049846706
0.455459808409814 0.099375353815689
0.429811624302656 0.099910705844992
0.404554233568824 0.100010410865295
0.379837189608390 0.099657009296110
0.355794986787905 0.098865254916080
0.332544200739702 0.097656242710723
0.310180467810215 0.096064140992949
0.288776809597898 0.094147272827723
0.268384800950718 0.091960690747686
0.249037262100759 0.089547700275400
0.230750026665165 0.086943510480858
0.213523450112565 0.084183909187512
0.197342513441831 0.081312963158089
0.182180502712633 0.078375121097173
0.168005448083683 0.075394003969439
0.154778591516155 0.072391188777191
0.142454900637024 0.069394492397973
0.130987102452745 0.066424708607293
0.120327493130881 0.063494229769832
0.110430628075768 0.060606324848366
0.101254029009537 0.057756094468335
0.092751274357314 0.054951451204574
0.084871756826174 0.052216138214088
0.077568898120809 0.049565746918528
0.070804972862612 0.046996264223270
0.064544582757149 0.044501699324466
0.058751522921705 0.042083358081206
0.053389663257546 0.039747858995374
0.048425654159033 0.037499686506402
0.043831464098298 0.035336816339618
0.039582139714337 0.033254776364255
0.035653484668106 0.031250769617649
0.032021154827277 0.029325361707796
0.028661761741529 0.027480383860716
0.025554056472057 0.025716681745095
0.022683559805247 0.024027543481447
0.020042645821160 0.022398515633088
0.017621699830197 0.020819763692436
0.015409081549079 0.019286395909639
0.013390429061739 0.017801711930024
0.011550883375730 0.016371344829787
0.009876471954064 0.014999677629761
0.008355220469433 0.013688795130791
0.006981964845179 0.012432971455567
0.005751798488098 0.011226618465526
0.004657548232522 0.010067393940691
0.003691475145208 0.008955191559469
0.002855175967707 0.007890354609292
0.002151258682618 0.006874161117213
0.001575301400868 0.005909391299221
0.001117941193185 0.004999804438589
0.000766304880102 0.004150454424801
0.000504212510544 0.003369789531691
0.000315492638384 0.002664787835842
0.000185266346020 0.002039809955792
0.000100140974224 0.001497336380297
0.000048344584508 0.001038550830576
0.000019817674013 0.000663796722918
0.000006274031364 0.000372929805430
0.000001239797410 0.000165584888583
0.000000077506648 0.000041370293918
0.000000000000000 0.000000000000000
0.000000074364682 -0.000040504325910
0.000001194265602 -0.000162200770490
0.000006078155076 -0.000365593565903
0.000019345465849 -0.000651344566549
0.000047652945794 -0.001019996844050
0.000099891654429 -0.001471567598541
0.000187451059603 -0.002004989232827
0.000324558979588 -0.002617369892411
0.000528708685337 -0.003303035547786
0.000821187523914 -0.004052304766283
0.001227610002028 -0.004850047870850
0.001771553282720 -0.005680804524388
0.002465513239394 -0.006536214013417
0.003313679975494 -0.007410319720383
0.004308985382342 -0.008299999713034
0.005437236946197 -0.009203970720462
0.006703773719870 -0.010115749038503
0.008119904244272 -0.011027563595188
0.009696837889057 -0.011932331160753
0.011444785843940 -0.012825257946336
0.013370779079161 -0.013708053454520
0.015478371774954 -0.014588985115123
0.017766630268730 -0.015484314819261
0.020237625951541 -0.016405923371506
0.022906373726282 -0.017344882122488
0.025791646406114 -0.018286244557109
0.028914523654743 -0.019211872536099
0.032291993303026 -0.020117418899896
0.035937452426923 -0.021011202194976
0.039862870418849 -0.021908703234252
0.044084283946772 -0.022817882383986
0.048625258354416 -0.023729932134438
0.053512046180449 -0.024632408926796
0.058771489707928 -0.025518387927458
0.064429365583188 -0.026394178552991
0.070511989285038 -0.027272347635059
0.077049817181261 -0.028154437968951
0.084078321643188 -0.029026480670052
0.091635116751002 -0.029874254807375
0.099757437865380 -0.030703258995793
0.108482889957902 -0.031530999226431
0.117852474767769 -0.032360831123354
0.127910822558039 -0.033177242669906
0.138702737214726 -0.033974842990327
0.150271368335597 -0.034773103530257
0.162660210603526 -0.035578848601080
0.175914170136843 -0.036357763493261
0.190074263211177 -0.037096326198675
0.205174508053370 -0.037828183112603
0.221245025387294 -0.038546985663184
0.238309923313272 -0.039211935435520
0.256380744998671 -0.039842142559690
0.275457029770313 -0.040445050573796
0.295525959135892 -0.040972607120850
0.316556079632787 -0.041460895229913
0.338498215695267 -0.041922765479950
0.361286123665109 -0.042282816588870
0.384831828429020 -0.042575193774723
0.409028678883128 -0.042785857621031
0.433753065762995 -0.042877115734487
0.458865564459890 -0.042879220332483
0.484214877484187 -0.042711933204185
0.509643035834956 -0.042386872135303
0.534988423302850 -0.041907758025269
0.560091326034339 -0.041216729924374
0.584803261927492 -0.040422156383770
0.608982771389883 -0.039485415933875
0.632504898595759 -0.038389996863921
0.655263376259149 -0.037174391081597
0.677166063498020 -0.035785363460189
0.698151851767127 -0.034329526371272
0.718172191358012 -0.032836471836624
0.737184989256300 -0.031177774218026
0.755188005164552 -0.029478510532885
0.772178660872145 -0.027748901172798
0.788140320795693 -0.025762145986412
0.803106343206335 -0.023615664206939
0.817128837762862 -0.021502416877624
0.830228817598688 -0.019347461231254
0.842437861910539 -0.017098243625820
0.853824309269694 -0.014899967641317
0.864451807308018 -0.012860743523195
0.874364279596512 -0.010968442931234
0.883603943567387 -0.009204130830613
0.892221349612107 -0.007606041512750
0.900265503988496 -0.006212843831736
0.907775090736142 -0.005015552460913
0.914781162239575 -0.003973707244771
0.921314622050409 -0.003057720231349
0.927407983154799 -0.002262393254848
0.933092435857503 -0.001586548942256
0.938396376345619 -0.001023237014274
0.943344850311238 -0.000556709405594
0.947961128409660 -0.000171685842290
0.952267145183729 0.000143750123164
0.956283763160139 0.000395041456495
0.960030405086766 0.000586599469436
0.963524960890163 0.000723701164953
0.966783400395274 0.000815178954480
0.969820074044686 0.000871877701093
0.972648440986846 0.000902483494550
0.975281205332615 0.000913013850523
0.977731204750852 0.000900997612557
0.980010548502138 0.000862014606190
0.982129993073848 0.000794554946983
0.984098958942859 0.000700093880468
0.985923711160933 0.000593217781925
0.987609040177309 0.000492635354942
0.989160296815117 0.000410260910075
0.990583166764448 0.000352650969946
0.991885495296784 0.000309691403938
0.993078829275475 0.000245076652863
0.994172156129612 0.000135347891963
0.995171648657911 -0.000028414150321
0.996081144045006 -0.000243565006756
0.996896282030976 -0.000462502101925
0.997608769252462 -0.000617179475803
0.998216888879029 -0.000679331388047
0.998723729520303 -0.000650369620539
0.999135198694850 -0.000550027540341
0.999458482237954 -0.000407543694625
0.999700864335065 -0.000254901905745
0.999868842111981 -0.000121753715739
0.999967484677514 -0.000031739385027
1.000000000000000 0.000000000000000
