1.000000000000000 0.000000000000000
0.999963527685614 0.000018461789711
0.999853738920416 0.000073360359953
0.999669532699263 0.000163267652809
0.999409123124366 0.000285913305915
0.999070116293235 0.000438356134177
0.998649624550794 0.000617238316801
0.998144425109449 0.000819137241465
0.997551172628844 0.001041035476790
0.996866678416485 0.001280935887110
0.996088272617084 0.001538656800837
0.995214157222754 0.001816624626691
0.994241745448510 0.002116639932211
0.993166901542033 0.002438475818383
0.991985062157448 0.002782284907988
0.990691289247171 0.003148894267769
0.989280264984611 0.003539907758662
0.987746135146046 0.003956662827836
0.986082534150857 0.004400537108089
0.984282658516730 0.004873593315178
0.982339284929649 0.005378791953331
0.980244413842782 0.005919149574737
0.977988801653150 0.006496597678639
0.975562294989749 0.007113153524509
0.972953810930985 0.007771102066641
0.970151325087160 0.008473184043163
0.967141917922468 0.009222935655163
0.963911639848948 0.010024657726085
0.960445439902961 0.010883545791757
0.956726900529029 0.011805124183504
0.952738020602672 0.012794873451121
0.948459316911285 0.013859017548346
0.943869645156406 0.015004264708912
0.938945671742566 0.016236146179948
0.933661936782924 0.017559726439165
0.927991192226974 0.018981317328788
0.921906544703092 0.020517049162469
0.915381009989272 0.022191423886689
0.908384883967131 0.024027369832836
0.900878415607835 0.026018101693077
0.892815317442034 0.028140364923650
0.884153186258700 0.030393893355291
0.874859114065358 0.032822055639994
0.864899819779053 0.035472596350029
0.854232596134002 0.038360809070809
0.842811610914688 0.041491537742534
0.830590108311228 0.044865607438630
0.817522760080904 0.048483876685665
0.803575674491212 0.052378122297320
0.788719199679779 0.056579356139921
0.772910210070781 0.061047169309931
0.756112478423453 0.065738546993098
0.738308899816579 0.070644825429110
0.719440601986521 0.075530762757231
0.699440658162422 0.080045093647363
0.678354514025919 0.084162205163878
0.656254604646808 0.087897191555680
0.633224674659720 0.091267993186045
0.609374985159320 0.094352225819208
0.584814119700312 0.097078785579013
0.559670114496770 0.099393205092483
0.534095357989625 0.101304629940823
0.508247568445982 0.102759092733692
0.482292985556057 0.103687259852238
0.456406414936234 0.103965994466163
0.430761596262704 0.103648118917784
0.405521825637056 0.102932363936517
0.380836459970910 0.101786713912393
0.356836278613897 0.100269206587889
0.333633715374646 0.098433081963915
0.311321568528858 0.096303622107974
0.289970658828237 0.093927701198345
0.269627750542609 0.091371806182853
0.250325096769261 0.088665745053339
0.232080431242259 0.085815764687822
0.214887869563940 0.082881064383423
0.198732804733406 0.079895775989567
0.183594096872327 0.076866258527626
0.169433221632741 0.073837901743141
0.156208566847835 0.070842006760345
0.143889215887155 0.067846247146880
0.132431295517974 0.064853933389449
0.121772562498149 0.061931002805154
0.111861972431224 0.059100854948208
0.102666289414026 0.056324869619136
0.094144719530159 0.053589168306537
0.086241057774774 0.050931584250158
0.078904061959116 0.048380785536287
0.072103872033535 0.045914157328620
0.065816461844139 0.043497973779534
0.060006529670257 0.041129643590791
0.054624191230538 0.038845498903285
0.049625662101761 0.036673062169758
0.044989332019764 0.034599746177511
0.040711132503823 0.032582072085088
0.036780894685651 0.030590970060248
0.033168617669153 0.028636131089290
0.029826598106089 0.026762004589441
0.026716114256455 0.025000252310913
0.023814063443502 0.023359488694386
0.021130360399474 0.021799117622818
0.018674500250777 0.020280378271998
0.016447153331540 0.018779243422137
0.014434110098264 0.017295440667297
0.012606793062308 0.015851653590023
0.010940788829491 0.014465825441539
0.009416538084666 0.013150075916055
0.008022880891174 0.011908092725054
0.006760049122582 0.010732889175728
0.005626306565217 0.009618913834427
0.004616963556488 0.008563152136171
0.003725774914409 0.007563933068956
0.002949197718614 0.006616209913549
0.002283073184414 0.005715786148026
0.001720285456616 0.004862307005956
0.001251837795757 0.004058122233994
0.000868468613124 0.003307809514669
0.000567593414444 0.002621281056391
0.000345425731541 0.002008106848939
0.000192227227769 0.001473951984372
0.000094999817371 0.001021715274397
0.000039665790456 0.000652480173447
0.000012732912846 0.000366248869411
0.000002540567447 0.000162497172182
0.000000159736954 0.000040578799375
0.000000000000000 0.000000000000000
0.000000152134591 -0.000039496781085
0.000002456918181 -0.000158081356276
0.000012630640717 -0.000355986858656
0.000040778680746 -0.000633434089090
0.000101850171486 -0.000990194443940
0.000213690683790 -0.001423901248535
0.000396012306377 -0.001928396908707
0.000669514261316 -0.002491749512451
0.001054305402437 -0.003093521257713
0.001567951092520 -0.003704860022857
0.002223525004839 -0.004308760084464
0.003026341181387 -0.004899659600373
0.003969712337463 -0.005481018336330
0.005032284588797 -0.006067365874551
0.006206034042158 -0.006663061824916
0.007500189267081 -0.007259386933589
0.008926156430290 -0.007846112393843
0.010497340481578 -0.008411866895911
0.012224553271796 -0.008949745133229
0.014113657334694 -0.009460482963464
0.016167948735044 -0.009950379774123
0.018387717623016 -0.010432520302976
0.020777548492162 -0.010917737722231
0.023348021843718 -0.011413314364727
0.026110691864978 -0.011930991294754
0.029078220974009 -0.012484852278580
0.032266402748891 -0.013066629270200
0.035693975163207 -0.013650446604069
0.039382349391672 -0.014198756205294
0.043352390677747 -0.014689730002791
0.047620652857261 -0.015149119263259
0.052202492072350 -0.015624592430342
0.057115213430960 -0.016161429018035
0.062385948113418 -0.016741273103521
0.068047023317517 -0.017318593431666
0.074132322854165 -0.017852894140068
0.080671684972092 -0.018360274977449
0.087694711454501 -0.018879205207152
0.095235179139750 -0.019426342849376
0.103333024642388 -0.019975350062402
0.112030494147848 -0.020496991481394
0.121368347269054 -0.021006780073221
0.131387288981458 -0.021540854926125
0.142131596885160 -0.022091563013443
0.153648203687976 -0.022612231936074
0.165981732419443 -0.023092962590337
0.179173150198126 -0.023566924368894
0.193262048057791 -0.024040549176636
0.208285135814881 -0.024494037268891
0.224272648065413 -0.024920404592021
0.241246764286131 -0.025314594850092
0.259220136853166 -0.025653645684689
0.278192872455315 -0.025942136492684
0.298150339360534 -0.026211897341602
0.319062640164555 -0.026429046045983
0.340881762234196 -0.026558690330961
0.363540063752845 -0.026601636759086
0.386950680697454 -0.026584904102241
0.411007634588802 -0.026480527180700
0.435587534453536 -0.026261426366550
0.460552066192381 -0.025946320682148
0.485750522204622 -0.025489163420645
0.511025924042515 -0.024891918043736
0.536216416508703 -0.024111790878733
0.561162527457184 -0.023102729807442
0.585719756467192 -0.022022277157605
0.609748217251009 -0.020849667515178
0.633125735391589 -0.019603617019327
0.655748895639825 -0.018340648664184
0.677525277462174 -0.016971655368537
0.698391388531214 -0.015563940613722
0.718299910534149 -0.014141737849205
0.737211370702842 -0.012583657907233
0.755099051268631 -0.010800085881654
0.771961393872797 -0.008813797613371
0.787824711442178 -0.006775909650764
0.802731231118704 -0.004855159702484
0.816727368503237 -0.003175817248935
0.829846422627217 -0.001713581495811
0.842123267206370 -0.000431232785206
0.853601665849105 0.000637739031321
0.864324994987101 0.001494577158235
0.874329796628357 0.002254043435697
0.883654496484276 0.002992268047147
0.892346432147161 0.003604031503184
0.900452532976370 0.003972816083921
0.908010920931287 0.004135813570132
0.915053369520295 0.004225585403441
0.921611876072755 0.004322215298440
0.927720258779241 0.004409745961350
0.933410919618581 0.004457499158501
0.938713520320825 0.004452286278664
0.943654750244996 0.004402923557821
0.948259353763967 0.004319908993929
0.952550388558505 0.004211369248904
0.956549336332834 0.004082517837709
0.960276079230624 0.003937516791589
0.963748956184480 0.003780022712912
0.966984787839628 0.003612790548381
0.969999013749408 0.003437970950799
0.972805863110523 0.003257627699404
0.975418424571066 0.003073627003480
0.977848660841779 0.002887051797237
0.980107548980225 0.002698823329117
0.982205187775635 0.002510055570127
0.984150854456804 0.002322046602434
0.985953071835384 0.002137078947494
0.987619647064292 0.001957620202876
0.989157707099191 0.001785510387324
0.990573745761538 0.001622081093009
0.991873617979378 0.001467240345101
0.993062536524840 0.001318663533634
0.994145259268476 0.001175001367102
0.995126126831923 0.001036033777226
0.996009058328999 0.000902282947855
0.996796846350071 0.000772663378905
0.997491435655656 0.000645048295809
0.998095292125363 0.000520050761622
0.998611196059772 0.000400266281614
0.999041979074143 0.000289383162106
0.999390321421111 0.000191494446207
0.999658597784752 0.000110572305053
0.999848762296265 0.000050074613078
0.999962265763848 0.000012660767857
1.000000000000000 0.000000000000000
