1.000000000000000 0.000000000000000
0.999959320602733 0.000006487958441
0.999837140260400 0.000026008368682
0.999633031598424 0.000058731225993
0.999346279240273 0.000104941152748
0.998975875147571 0.000165039326530
0.998520512032738 0.000239546142837
0.997978574779578 0.000329104570760
0.997348129787296 0.000434484140658
0.996626912132199 0.000556585477210
0.995812310418696 0.000696445257195
0.994901349166619 0.000855241426176
0.993890668555056 0.001034298448565
0.992776501313249 0.001235092286989
0.991554646516253 0.001459254703971
0.990220440006126 0.001708576344637
0.988768721117880 0.001985007884513
0.987193795342174 0.002290658300013
0.985489392502687 0.002627789026377
0.983648619963976 0.002998802389854
0.981663910313587 0.003406222214322
0.979526962878296 0.003852663876897
0.977228661813487 0.004340766615446
0.974758912864408 0.004873001810127
0.972106574572037 0.005451604592048
0.969259368324530 0.006078457288183
0.966203747435462 0.006754888568223
0.962924745902028 0.007481408550396
0.959406148846622 0.008258925349861
0.955631234747566 0.009092571945294
0.951582201769530 0.009989603797229
0.947239991464884 0.010959109002539
0.942584243314175 0.012012318263071
0.937592352267086 0.013158866800550
0.932239026235971 0.014405292302398
0.926496774484624 0.015757691936707
0.920336038013323 0.017222667018510
0.913726238003596 0.018812188277566
0.906635358243847 0.020541893453763
0.899029284518461 0.022428249834521
0.890870512284439 0.024482934015279
0.882119161685401 0.026716425649235
0.872735363112718 0.029146635705925
0.862679472760056 0.031798352474606
0.851909130349298 0.034689863045565
0.840379893139591 0.037832846261473
0.828049006600523 0.041243810537797
0.814875193220179 0.044939183211067
0.800817852451483 0.048927518295748
0.785835910254888 0.053200393146073
0.769893533410350 0.057745936273720
0.752962105215021 0.062548128565412
0.735017318953014 0.067568031993105
0.716045782381863 0.072757426156893
0.696043185077707 0.078041699001159
0.675021672700201 0.083335553302516
0.653006832694698 0.088519625227822
0.630045356596505 0.093457341117781
0.606212588694872 0.098022662791184
0.581613545594049 0.102109979151603
0.556384096443330 0.105667753353729
0.530676453902992 0.108638571359639
0.504660639706884 0.111010025783836
0.478515239170799 0.112791539821312
0.452419578946761 0.114002192716308
0.426549003226909 0.114659308475117
0.401070325265597 0.114800057587356
0.376136104775906 0.114465650914784
0.351883267482064 0.113660885358466
0.328429399006829 0.112425950993214
0.305871490002069 0.110791725186265
0.284287997889280 0.108772738518838
0.263733004951913 0.106423591795101
0.244242008442441 0.103787480836493
0.225832592911050 0.100905116588528
0.208501831900593 0.097842186841808
0.192240282761178 0.094619763351596
0.177019875064603 0.091293919591564
0.162808888177100 0.087893055111663
0.149569215513956 0.084440235585780
0.137255499250654 0.080966999350379
0.125820545179628 0.077495775654519
0.115216101600581 0.074044246475576
0.105393385675394 0.070627393947538
0.096304096208305 0.067257962685368
0.087899411039540 0.063950003331701
0.080130930742638 0.060718109197521
0.072953348030470 0.057571657738089
0.066324576178617 0.054515606198323
0.060205311302346 0.051552647277704
0.054560321986308 0.048681925911631
0.049355686266945 0.045903116058853
0.044559978140925 0.043215931439237
0.040143825827749 0.040620154344368
0.036079098774196 0.038115877424593
0.032340827615688 0.035701830590120
0.028906115355305 0.033376296803482
0.025752772501498 0.031138258798920
0.022861422826460 0.028985753211125
0.020215761318466 0.026915610050059
0.017799371345116 0.024925772625170
0.015596258430247 0.023015010204344
0.013592443055940 0.021182270199704
0.011774343148027 0.019426944769314
0.010128521186333 0.017748787923774
0.008644384297205 0.016146556504398
0.007313046453559 0.014618559287313
0.006124622920864 0.013163988365436
0.005069714477720 0.011782513206891
0.004140325596965 0.010473976897123
0.003327578630049 0.009238679838157
0.002623004722589 0.008077003297444
0.002022250387602 0.006988489325930
0.001519615098811 0.005973134679713
0.001107055723064 0.005031645597594
0.000776914451921 0.004165813871890
0.000521884029485 0.003378059698969
0.000332588876613 0.002670244601581
0.000198478921127 0.002043728244326
0.000108749277329 0.001499690413469
0.000053085056731 0.001039594693587
0.000021953107628 0.000664035794112
0.000006996653318 0.000372835778969
0.000001389084074 0.000165461029681
0.000000087079031 0.000041326079325
0.000000000000000 0.000000000000000
0.000000082097126 -0.000040061531070
0.000001322059793 -0.000160373274656
0.000006765095706 -0.000361280571270
0.000021703263393 -0.000643236744234
0.000054010226524 -0.001006613080395
0.000114454501517 -0.001451391840415
0.000215861684716 -0.001976548450123
0.000372927518394 -0.002579379844368
0.000602316972337 -0.003254690382858
0.000922469007775 -0.003993704059506
0.001352893146840 -0.004783472697772
0.001910192829415 -0.005611766104616
0.002606701623437 -0.006466430621742
0.003449499429437 -0.007333283081151
0.004442690700685 -0.008199549769133
0.005591625733388 -0.009059332671088
0.006896236675514 -0.009911364278031
0.008354381037518 -0.010756865281393
0.009971307767687 -0.011595168926818
0.011750950173572 -0.012429098604123
0.013696740699008 -0.013263081778347
0.015817295164445 -0.014096321801532
0.018121479630413 -0.014929125623397
0.020618001392088 -0.015763514336855
0.023318455796736 -0.016599142539087
0.026235312773501 -0.017436476479270
0.029381078593646 -0.018278283068535
0.032770413386618 -0.019125764233951
0.036420195551036 -0.019978753903992
0.040348117326720 -0.020838846064789
0.044573138083062 -0.021708310920416
0.049117067701628 -0.022585722455727
0.054003531233966 -0.023469274082448
0.059257688884703 -0.024357929368604
0.064906837029852 -0.025250640462745
0.070980334248430 -0.026146878093014
0.077509276046826 -0.027047457205520
0.084527380052667 -0.027950619620614
0.092070886689979 -0.028852316037005
0.100177932816876 -0.029749344081979
0.108888376888569 -0.030641608969131
0.118243555866223 -0.031530749236434
0.128286923465505 -0.032412416829711
0.139063168643769 -0.033279425559855
0.150617002703190 -0.034127786980710
0.162992436938746 -0.034956361750578
0.176232026068719 -0.035766269224759
0.190376060846081 -0.036551180229997
0.205460873160692 -0.037300850921767
0.221516410065557 -0.038012983457198
0.238565322809079 -0.038671615496982
0.256619840539079 -0.039271236488135
0.275679872419877 -0.039809373178057
0.295731174630372 -0.040279497626123
0.316743128131867 -0.040673397868120
0.338667171842624 -0.040974504378947
0.361435330902180 -0.041179242477777
0.384960094722778 -0.041279818117231
0.409134882607703 -0.041278272032796
0.433835506805597 -0.041151295847784
0.458922863839552 -0.040912397460857
0.484246140794205 -0.040552098954882
0.509647249957009 -0.040063622206452
0.534965897266365 -0.039461056040178
0.560043905278528 -0.038735465786966
0.584730306352143 -0.037887746840827
0.608886154270294 -0.036931240536812
0.632386404599998 -0.035852998138752
0.655125044593417 -0.034675894246735
0.677013198781670 -0.033386652198797
0.697982725592641 -0.031995059754124
0.717983285965271 -0.030494092960045
0.736981765114755 -0.028871584720580
0.754960718783646 -0.027116036071213
0.771913101509078 -0.025187136078017
0.787837074420531 -0.023015248812364
0.802748287880654 -0.020613257850881
0.816689989358944 -0.018102416122001
0.829722139913211 -0.015631650772764
0.841904701436730 -0.013302912464402
0.853291352881616 -0.011168899896541
0.863930981921750 -0.009250996867035
0.873868663973272 -0.007551010321253
0.883147356270877 -0.006062110430960
0.891807975396067 -0.004772643732295
0.899889697035581 -0.003669127315763
0.907429726092100 -0.002737885707442
0.914463430560941 -0.001964016769508
0.921023898076297 -0.001331838658331
0.927142403029812 -0.000825849120398
0.932848309950113 -0.000430912038445
0.938168902717183 -0.000132306815974
0.943129862795050 0.000083359170406
0.947755299625002 0.000228994596798
0.952067744805224 0.000320366624645
0.956088187331026 0.000371398792991
0.959836124252448 0.000392879551792
0.963329631124891 0.000393151132839
0.966585541001359 0.000378911239291
0.969619436695823 0.000355424038069
0.972445626098975 0.000326595904408
0.975077235351807 0.000295277230069
0.977526298794234 0.000263505225133
0.979803842718645 0.000232661724936
0.981919963255355 0.000203481209484
0.983883897064605 0.000176360702872
0.985704086621929 0.000151520740228
0.987388240282859 0.000129051514295
0.988943387095635 0.000108948542705
0.990375926681785 0.000091140282640
0.991691674503771 0.000075509432003
0.992895902830154 0.000061909289132
0.993993377694876 0.000050176253007
0.994988392130096 0.000040139316793
0.995884795932525 0.000031627226620
0.996686022202657 0.000024473834584
0.997395110875021 0.000018522062041
0.998014729436342 0.000013626800059
0.998547191007387 0.000009657003276
0.998994469943656 0.000006497177519
0.999358215089964 0.000004048417086
0.999639760804460 0.000002229112180
0.999840135848681 0.000000975418507
0.999960070221890 0.000000241557932
1.000000000000000 0.000000000000000
