1.000000000000000 0.000000000000000
0.999959857170270 0.000007385083468
0.999839282735311 0.000029566993954
0.999637837893572 0.000066625886418
0.999354788086525 0.000118695936350
0.998989098135062 0.000185966220951
0.998539425370886 0.000268681963521
0.998004110702901 0.000367146151856
0.997381167540819 0.000481721544681
0.996668268480060 0.000612833083404
0.995862729633328 0.000760970729887
0.994961492475123 0.000926692754362
0.993961103045801 0.001110629501222
0.992857688341802 0.001313487664057
0.991646929698420 0.001536055105015
0.990324032951230 0.001779206257348
0.988883695142539 0.002043908153663
0.987320067520327 0.002331227126026
0.985626714560123 0.002642336227413
0.983796568725954 0.002978523426907
0.981821880676549 0.003341200633394
0.979694164619101 0.003731913603841
0.977404138517741 0.004152352792305
0.974941658880539 0.004604365194048
0.972295649881626 0.005089967234841
0.969454026629140 0.005611358747969
0.966403612471996 0.006170938069505
0.963130050357328 0.006771318264738
0.959617708416563 0.007415344473707
0.955849580184402 0.008106112329410
0.951807180157526 0.008846987356150
0.947470435797800 0.009641625194532
0.942817577600852 0.010493992420445
0.937825029511773 0.011408387623826
0.932467302805180 0.012389462284506
0.926716897589966 0.013442240821954
0.920544217383761 0.014572138997883
0.913917503761017 0.015784979610378
0.906802799938165 0.017087004130866
0.899163954332815 0.018484878598230
0.890962677611417 0.019985691697717
0.882158669473278 0.021596942521100
0.872709791531598 0.023326273735426
0.862571871925834 0.025178484991964
0.851699071402674 0.027154929663476
0.840044629725910 0.029254120515386
0.827561555376186 0.031470913835695
0.814204417039206 0.033800284108427
0.799931194608082 0.036240141773428
0.784703976846276 0.038786803041639
0.768490614485021 0.041434131243801
0.751266606745232 0.044172704226989
0.733017328207197 0.046989858112582
0.713740479897867 0.049870483236881
0.693448486263018 0.052797678429110
0.672170421939112 0.055751784850995
0.649953675510841 0.058709984383879
0.626865208788987 0.061646829577863
0.602991902968507 0.064533452447835
0.578440141922651 0.067338193915174
0.553334061723682 0.070023545307603
0.527813382697594 0.072550243743264
0.502030282375400 0.074879603404663
0.476145065534881 0.076974795041897
0.450321439844972 0.078801526977249
0.424721785560947 0.080335566562715
0.399502199537542 0.081564087926333
0.374807494034071 0.082479162271784
0.350767397464274 0.083078405722144
0.327494298519812 0.083362490120397
0.305081058511255 0.083340464446316
0.283600536110434 0.083042459476855
0.263105316238552 0.082506483944573
0.243628094507132 0.081769043663729
0.225183875875563 0.080864598856229
0.207774051717723 0.079813842551475
0.191389044353513 0.078620766787146
0.176007834521737 0.077293866419642
0.161600994591755 0.075839738047651
0.148132489621139 0.074265294359325
0.135560912404954 0.072582899764188
0.123846018081125 0.070798101584153
0.112952760528016 0.068902460166936
0.102841571236103 0.066896401866853
0.093469183903628 0.064788652106839
0.084791259516889 0.062592486382668
0.076767166716764 0.060320456870620
0.069356555552459 0.057986662037891
0.062518510780395 0.055606983993415
0.056217600540441 0.053194165141566
0.050425786722295 0.050756083108674
0.045112894442715 0.048302506673314
0.040247163530821 0.045844583793587
0.035796512797812 0.043393877697464
0.031732354374845 0.040960530114964
0.028031794452788 0.038552194220113
0.024671052014486 0.036176607848922
0.021625604401719 0.033841497770028
0.018871010462622 0.031554247154105
0.016384833813465 0.029321666299940
0.014154441707376 0.027149748058788
0.012168285656285 0.025043775761236
0.010411751049986 0.023008393421984
0.008868392104307 0.021047609577988
0.007518338658812 0.019164871852389
0.006337482554794 0.017363136896970
0.005304224953479 0.015644802842969
0.004399923743950 0.014011761487036
0.003608471707421 0.012465465563975
0.002915939560073 0.011006991949673
0.002311406931847 0.009637388882803
0.001792513928984 0.008359209377849
0.001357327480182 0.007174541687620
0.001000823793881 0.006084202738682
0.000715942422442 0.005088084710082
0.000494415653478 0.004185433746376
0.000327405178403 0.003375070176397
0.000205988261430 0.002655562088707
0.000121526741094 0.002025361716590
0.000065945132558 0.001482912161050
0.000031938475452 0.001026730431612
0.000013126080750 0.000655471533139
0.000004163725417 0.000367977309274
0.000000823928009 0.000163312918406
0.000000051552439 0.000040793124672
0.000000000000000 0.000000000000000
0.000000049246443 -0.000039837404313
0.000000791623206 -0.000159500616449
0.000004038439683 -0.000359439822216
0.000012900940983 -0.000640395771164
0.000031932701470 -0.001003384770735
0.000067336740745 -0.001449676312956
0.000127245523291 -0.001980761887807
0.000221894973870 -0.002598062833217
0.000363089008681 -0.003301560703747
0.000564492139762 -0.004089347457685
0.000841945787865 -0.004957001029571
0.001213668877113 -0.005896558737094
0.001700484496498 -0.006895220476340
0.002326073463445 -0.007933714652200
0.003117242042021 -0.008984268196008
0.004099400854332 -0.010017306579316
0.005285807765430 -0.011019531673038
0.006681071044220 -0.011983813624265
0.008279309249120 -0.012908360621177
0.010060300771620 -0.013798894095125
0.012006815605964 -0.014660620776588
0.014128170786741 -0.015487320720972
0.016437285646959 -0.016273271185872
0.018947773353210 -0.017015661296928
0.021673739344687 -0.017713248329729
0.024629351197024 -0.018359637499527
0.027828629243235 -0.018948397507923
0.031285023014485 -0.019475490847481
0.035010772087999 -0.019940538493816
0.039016206319498 -0.020348246968147
0.043315098587780 -0.020700093554174
0.047928746161222 -0.020988185385287
0.052880638218507 -0.021204544630514
0.058196125925402 -0.021342459050625
0.063902500222772 -0.021397412373126
0.070029008589616 -0.021367393240300
0.076606567179530 -0.021247178067030
0.083667756149856 -0.021030771755197
0.091246785433038 -0.020715148870341
0.099379516064634 -0.020300888725154
0.108105107262458 -0.019786873611339
0.117465477499298 -0.019173142805750
0.127504405185525 -0.018465184480389
0.138267223477032 -0.017676160159895
0.149800120168006 -0.016825692444972
0.162148182303714 -0.015923334421950
0.175354972739840 -0.014977020365676
0.189461706121980 -0.013999112948083
0.204505597163680 -0.013006179671979
0.220517891177657 -0.012018404494782
0.237522209079305 -0.011061823785195
0.255531753375220 -0.010156091846113
0.274546377527188 -0.009301871633123
0.294551207373782 -0.008494355098773
0.315515413733921 -0.007728954586342
0.337390275871258 -0.006999462445931
0.360108148546955 -0.006305236906339
0.383582071111727 -0.005651190203100
0.407706056548650 -0.005041878965036
0.432356590305753 -0.004481181315265
0.457395164753275 -0.003972379598666
0.482671760363720 -0.003517892259225
0.508029104980931 -0.003118842931147
0.533307442952255 -0.002774920234530
0.558349495091580 -0.002484164488305
0.583005228901391 -0.002243964253939
0.607136134791047 -0.002052300431243
0.630618685640432 -0.001904287024508
0.653346860636626 -0.001790335031941
0.675233675537336 -0.001700692129598
0.696211694820092 -0.001626033404420
0.716232605833122 -0.001557980113735
0.735266086774943 -0.001488255840384
0.753298148072681 -0.001410959467223
0.770329127419331 -0.001325515255053
0.786371499961050 -0.001233671811455
0.801447663086580 -0.001136681459697
0.815587811012467 -0.001034222440589
0.828828010632821 -0.000926100477151
0.841208484192102 -0.000813062164490
0.852772159805061 -0.000700713679122
0.863563391859772 -0.000595681770819
0.873626916895057 -0.000502245227708
0.883007056537667 -0.000422824375704
0.891747093314768 -0.000357093015713
0.899888821736349 -0.000302675551446
0.907472249405949 -0.000257508545665
0.914535385438407 -0.000219910411223
0.921114115365276 -0.000188512015413
0.927242145069541 -0.000162199138565
0.932950997663081 -0.000140065066761
0.938270049926544 -0.000121371732042
0.943226597383976 -0.000105517985896
0.947845939236351 -0.000092013776280
0.952151476219163 -0.000080459178269
0.956164815992716 -0.000070527394468
0.959905881945737 -0.000061950989170
0.963393022325799 -0.000054510748529
0.966643117437422 -0.000048026668259
0.969671683303150 -0.000042350662118
0.972492970694038 -0.000037360660612
0.975120058830129 -0.000032955832103
0.977564943351133 -0.000029052709840
0.979838618381696 -0.000025582050212
0.981951152680150 -0.000022486281435
0.983911759977376 -0.000019717429224
0.985728863693909 -0.000017235428144
0.987410156276977 -0.000015006745096
0.988962653431644 -0.000013003255718
0.990392743536702 -0.000011201325977
0.991706232540717 -0.000009581060493
0.992908384629796 -0.000008125686565
0.994003958948711 -0.000006821048835
0.994997242642870 -0.000005655194371
0.995892080471642 -0.000004618031790
0.996691901224915 -0.000003701051210
0.997399741155029 -0.000002897094328
0.998018264616240 -0.000002200165965
0.998549782083729 -0.000001605280114
0.998996265704335 -0.000001108334862
0.999359362511726 -0.000000706011685
0.999640405419710 -0.000000395695540
0.999840422088883 -0.000000175412942
0.999960141743771 -0.000000043785885
1.000000000000000 0.000000000000000
