1.000000000000000 0.000000000000000
0.999958999540342 0.000007645147951
0.999835850091541 0.000030613281081
0.999630106475859 0.000069002731110
0.999341023494558 0.000122978266882
0.998967551044875 0.000192772428934
0.998508327225083 0.000278687419213
0.997961669368555 0.000381097567554
0.997325562930253 0.000500452403128
0.996597648131301 0.000637280365923
0.995775204249012 0.000792193200619
0.994855131421086 0.000965891082833
0.993833929813627 0.001159168535875
0.992707675983286 0.001372921204737
0.991471996244340 0.001608153563154
0.990122036832208 0.001865987639141
0.988652430636146 0.002147672854394
0.987057260256232 0.002454597083143
0.985330017124081 0.002788299046412
0.983463556414059 0.003150482167575
0.981450047463585 0.003543030024456
0.979280919419271 0.003968023540969
0.976946801832669 0.004427760066750
0.974437459948465 0.004924774494882
0.971741724463166 0.005461862563910
0.968847415588914 0.006042106478480
0.965741261341567 0.006668902959795
0.962408810092888 0.007345993798465
0.958834337593715 0.008077498922616
0.955000748900914 0.008867951906091
0.950889475940905 0.009722337716069
0.946480371834790 0.010646132324664
0.941751603615981 0.011645343570637
0.936679545615471 0.012726552337410
0.931238676600162 0.013896952690702
0.925401484755885 0.015164389068610
0.919138385839501 0.016537387910663
0.912417661312228 0.018025180220925
0.905205425030870 0.019637710454844
0.897465629123303 0.021385627131895
0.889160121956644 0.023280353906967
0.880248773717136 0.025334159055858
0.870689687849443 0.027559961706037
0.860439518988581 0.029971186491703
0.849453920439361 0.032581567849460
0.837688145763623 0.035404875059869
0.825097829282819 0.038454542213059
0.811639968577684 0.041743187756260
0.797274127239348 0.045282010473600
0.781963767292840 0.049079959502112
0.765677701105524 0.053142672662381
0.748392073090822 0.057471603180582
0.730092391300668 0.062062958461896
0.710775621257205 0.066906586592627
0.690452216560869 0.071984656866701
0.669146335099006 0.077262400593087
0.646896606024293 0.082683255207351
0.623758814452774 0.088176006910071
0.599806616769556 0.093656077288995
0.575133059293217 0.099029601661317
0.549855144911063 0.104203815659579
0.524107735997537 0.109085483398974
0.498038825134165 0.113583084981477
0.471806887737297 0.117609659510325
0.445579479188067 0.121083134322019
0.419524447112303 0.123935149161139
0.393803753359193 0.126115636024154
0.368575788131866 0.127586940077416
0.343997572308017 0.128317457135292
0.320206157096117 0.128298179693951
0.297314142148914 0.127543491686319
0.275409399331109 0.126100167079475
0.254556490400554 0.124061677146653
0.234797335484107 0.121523903241184
0.216160744487626 0.118550874872386
0.198657678643764 0.115196562770915
0.182276091682380 0.111532129352828
0.166979412310999 0.107664185008086
0.152721291679075 0.103688356577461
0.139452240145537 0.099676560966436
0.127131049669763 0.095654274801594
0.115715097282577 0.091633049532867
0.105156109140451 0.087627514509940
0.095402680169762 0.083653761732604
0.086404018623670 0.079729838990924
0.078110502489232 0.075873951251749
0.070472707235866 0.072101321691034
0.063443903077379 0.068420003262031
0.056979561995887 0.064834524585803
0.051036595184224 0.061349612562589
0.045576781619379 0.057967469602714
0.040577710043434 0.054678981269409
0.036017551061545 0.051475906841222
0.031870555829396 0.048354471587505
0.028108896414309 0.045313872637347
0.024704004984234 0.042355226909268
0.021627907367981 0.039484441404162
0.018853975345350 0.036712648921049
0.016356545638939 0.034048284725283
0.014111192682840 0.031496949837056
0.012095251464758 0.029061245642166
0.010292012309498 0.026730600971421
0.008687865677794 0.024489252525686
0.007268667894616 0.022328503072941
0.006023435150397 0.020254113462948
0.004941396326525 0.018275543976322
0.004010206561615 0.016399112726332
0.003216687773315 0.014628674122456
0.002547389653487 0.012966211277646
0.001988994515324 0.011412305191655
0.001528603469671 0.009966505815636
0.001153932998460 0.008627625026016
0.000853444426939 0.007393967485535
0.000616423676765 0.006263512138905
0.000433024695876 0.005234054513535
0.000294286862146 0.004303317939338
0.000192134252411 0.003469040159668
0.000119362804702 0.002729040493171
0.000069619960112 0.002081271656371
0.000037380258441 0.001523859515017
0.000017919505146 0.001055133355692
0.000007289468918 0.000673648723258
0.000002291742122 0.000378205109117
0.000000450629828 0.000167860020640
0.000000028089025 0.000041930153153
0.000000000000000 0.000000000000000
0.000000027162162 -0.000041250664218
0.000000435016086 -0.000165164075147
0.000002205612463 -0.000372222366781
0.000006985501418 -0.000663221869792
0.000017100325376 -0.001039261716659
0.000035575022555 -0.001501726748379
0.000066159377656 -0.002052263513808
0.000113358525578 -0.002692747705478
0.000182467836532 -0.003425240845126
0.000279611370425 -0.004251933391113
0.000411782764165 -0.005175070655843
0.000586886981625 -0.006196856954041
0.000813780778971 -0.007319332202643
0.001102308975470 -0.008544213698198
0.001463332617044 -0.009872693930780
0.001908743806911 -0.011305182957361
0.002451460264967 -0.012840980930969
0.003105390450340 -0.014477862711944
0.003885357193039 -0.016211551882695
0.004806964043283 -0.018035055707264
0.005886383721939 -0.019937825320826
0.007146654263060 -0.021909944271898
0.008607469950926 -0.023960398485276
0.010261304482165 -0.026101435205202
0.012123132671810 -0.028331218399460
0.014219768418254 -0.030640032985305
0.016579378515021 -0.033016092092708
0.019227384099858 -0.035448051732411
0.022188947202544 -0.037922201896912
0.025488801642041 -0.040421445029833
0.029150715224790 -0.042925734124383
0.033201010150461 -0.045421542677524
0.037666791767453 -0.047901536696016
0.042572429522921 -0.050362004786745
0.047937436907275 -0.052804881035283
0.053773997650750 -0.055240210799512
0.060100841846234 -0.057673936029442
0.066955752863029 -0.060097041735822
0.074379421204254 -0.062500755976492
0.082413322588045 -0.064879117702417
0.091098086485165 -0.067229746738842
0.100472134915520 -0.069556373291471
0.110572152986124 -0.071868330410162
0.121442548242430 -0.074160657115400
0.133130462320748 -0.076423071979123
0.145681070268363 -0.078648110128923
0.159136105933719 -0.080831924799451
0.173536836327290 -0.082955386262119
0.188923569059892 -0.084978484869016
0.205330441386058 -0.086853312694695
0.222782192867048 -0.088526882651804
0.241290265887586 -0.089945492698989
0.260851224373642 -0.091052900133544
0.281445618849397 -0.091813023051392
0.303036185313653 -0.092222443534500
0.325566094035134 -0.092286191492199
0.348961273298474 -0.091994286648256
0.373127414139494 -0.091341234759846
0.397949796062835 -0.090332762977456
0.423295644898038 -0.088985335889253
0.449020298730162 -0.087319807282223
0.474969020765891 -0.085364442831812
0.500980103329544 -0.083156240548354
0.526889519130631 -0.080734354433497
0.552535179627835 -0.078123378677875
0.577762722400765 -0.075347133004783
0.602430203639105 -0.072432812894627
0.626412002271581 -0.069412029878157
0.649602065646385 -0.066324106892847
0.671914236215508 -0.063207705299847
0.693282370309361 -0.060097958753632
0.713659798243126 -0.057025344843304
0.733017766355180 -0.054011418060110
0.751343902328085 -0.051071501970292
0.768640401933474 -0.048218285766031
0.784921752973428 -0.045461901733004
0.800212445244905 -0.042810031928210
0.814544543655586 -0.040267159501915
0.827955065798008 -0.037832413980590
0.840485275559669 -0.035503870502711
0.852179393316988 -0.033279665979477
0.863083230472513 -0.031157855049086
0.873243082041607 -0.029136321186666
0.882704854018218 -0.027212732050806
0.891513397048319 -0.025384528207764
0.899712016244587 -0.023648935443595
0.907342180173043 -0.022003250707096
0.914443462236754 -0.020445692822165
0.921053152352270 -0.018974167316185
0.927206137818036 -0.017585991389742
0.932934934884999 -0.016278080845489
0.938269754845470 -0.015047097881716
0.943238594293036 -0.013889566393582
0.947867341365163 -0.012801960707675
0.952179891574995 -0.011780772807576
0.956198268327545 -0.010822562303479
0.959942744430318 -0.009923992679120
0.963431961885641 -0.009081856721544
0.966683048027526 -0.008293093502246
0.969711726673436 -0.007554798825788
0.972532423430914 -0.006864230685269
0.975158364656917 -0.006218810953451
0.977601669836104 -0.005616124284412
0.979873437341750 -0.005053914994390
0.981983823684817 -0.004530082524115
0.983942116455302 -0.004042675951347
0.985756801225374 -0.003589887915775
0.987435622723904 -0.003170048233665
0.988985640613170 -0.002781617412706
0.990413280205583 -0.002423180224804
0.991724378455181 -0.002093439453349
0.992924225548257 -0.001791209899462
0.994017602402100 -0.001515412706954
0.995008814362104 -0.001265070046833
0.995901721366788 -0.001039300187844
0.996699764828378 -0.000837312968834
0.997405991454299 -0.000658405680904
0.998023074212651 -0.000501959361719
0.998553330622763 -0.000367435500496
0.998998738530474 -0.000254373149758
0.999360949506993 -0.000162386438509
0.999641299990026 -0.000091162480926
0.999840820266326 -0.000040459674690
0.999960241375940 -0.000010106383602
1.000000000000000 0.000000000000000
