1.000000000000000 0.000000000000000
0.999960023244031 0.000004867884724
0.999839947653390 0.000019489146000
0.999639336298245 0.000043916707080
0.999357457748252 0.000078239113523
0.998993281221777 0.000122581044459
0.998545469734895 0.000177104030393
0.998012371189788 0.000242007379335
0.997392007324249 0.000317529313218
0.996682060425614 0.000403948316414
0.995879857693541 0.000501584697636
0.994982353116576 0.000610802365403
0.993986106707413 0.000732010815514
0.992887260921219 0.000865667326221
0.991681514060446 0.001012279352955
0.990364090448483 0.001172407108986
0.988929707133572 0.001346666311026
0.987372536864150 0.001535731058806
0.985686167057922 0.001740336804489
0.983863554470383 0.001961283350371
0.981896975255631 0.002199437790685
0.979777970104047 0.002455737277618
0.977497283074855 0.002731182252292
0.975044792976817 0.003026812668601
0.972409442894404 0.003343717633397
0.969579162342167 0.003683032541701
0.966540783088211 0.004045932489350
0.963279949218804 0.004433626392500
0.959781018750393 0.004847332524191
0.956026964048183 0.005288284231322
0.951999276345488 0.005757800177966
0.947677846669726 0.006257203787757
0.943040848693995 0.006787769912135
0.938064622970348 0.007350675799917
0.932723549587838 0.007946779840904
0.926989926602827 0.008576382387431
0.920833880749789 0.009239214891522
0.914223292961035 0.009934306485383
0.907123798378205 0.010660051381362
0.899498751398350 0.011413855079598
0.891309305644047 0.012192347926607
0.882514716420363 0.012992967120392
0.873072454505407 0.013812838586728
0.862938467089334 0.014648149885079
0.852067659171235 0.015494162784326
0.840414589641108 0.016346083923202
0.827934278037250 0.017198769242330
0.814583111436398 0.018045209730547
0.800320217231241 0.018877801518546
0.785109141024013 0.019691535777446
0.768919946112745 0.020492727553901
0.751730888766905 0.021296040593771
0.733530544835032 0.022125488914306
0.714320112923156 0.023014764113900
0.694115861397454 0.024007958301364
0.672950117624184 0.025134634997934
0.650870652488013 0.026369673519774
0.627943414576489 0.027671431709455
0.604253376992777 0.028987170082415
0.579904949721184 0.030264662082374
0.555025033185392 0.031540416093054
0.529758063311562 0.032898419505559
0.504261260138528 0.034431156718186
0.478699131828259 0.036202670236605
0.453222596864076 0.038042075555754
0.427972112745771 0.039677222723311
0.403087546562646 0.040856245648068
0.378712341445731 0.041419661853099
0.354986962919540 0.041652137856049
0.332024688107295 0.041958247027512
0.309923260359190 0.042681653565419
0.288769930524033 0.044049910896100
0.268672441121017 0.046315816119129
0.249576357296339 0.048629521418074
0.231396714582462 0.049745460839279
0.214185086302044 0.049806664500055
0.197978017869310 0.049635507126516
0.182745184390675 0.049593045605077
0.168457774027343 0.049598255707439
0.155080225971624 0.049508859003737
0.142573400758048 0.049244940425576
0.130897187475918 0.048798443227929
0.120009928138680 0.048200901888615
0.109867187180375 0.047495288004554
0.100419240070483 0.046728554874863
0.091622115176668 0.045913012510280
0.083451554986394 0.044954040317974
0.075882151610529 0.043774378527955
0.068876126797754 0.042405897787563
0.062389913478036 0.040935802283637
0.056381973235398 0.039431931665634
0.050802137514321 0.037972079581497
0.045603881166459 0.036612089429393
0.040771065791803 0.035297127602387
0.036296514262681 0.033956116426948
0.032187091036159 0.032523785662010
0.028445609005346 0.030956461169891
0.025060063883826 0.029263084665758
0.022008228778509 0.027489999252862
0.019266068989026 0.025676076517843
0.016801114836926 0.023859363269646
0.014571154396581 0.022080524635681
0.012541151515291 0.020369101584939
0.010680593928882 0.018746937572917
0.008941996082699 0.017246380459401
0.007282964860348 0.015893394509927
0.005738810511158 0.014640785251334
0.004396120225094 0.013393441263969
0.003303076714315 0.012096443131784
0.002447037318923 0.010775463127590
0.001790499178380 0.009482891040023
0.001295317868230 0.008250552895181
0.000923652148873 0.007093972882781
0.000646236086957 0.006022098685299
0.000441392885449 0.005039177462798
0.000292488790158 0.004146741163296
0.000186710762935 0.003344547810717
0.000113733720877 0.002631754236992
0.000065237242264 0.002007187372862
0.000034556577556 0.001469510829398
0.000016401361089 0.001017355048256
0.000006630851336 0.000649418170879
0.000002076837759 0.000364543239902
0.000000407276980 0.000161776084776
0.000000025346249 0.000040407195347
0.000000000000000 0.000000000000000
0.000000025438120 -0.000040519140467
0.000000406741838 -0.000162221308512
0.000002056562205 -0.000365535301504
0.000006487974683 -0.000651157321985
0.000015801446778 -0.001020022160299
0.000032703995788 -0.001473267267030
0.000060784870822 -0.002012225865674
0.000104676365187 -0.002638383022159
0.000170202457041 -0.003353308462523
0.000264618789813 -0.004158579006908
0.000396910291219 -0.005055678824990
0.000578165553386 -0.006045863047842
0.000822829326134 -0.007129035630186
0.001150605356883 -0.008301923247688
0.001585568172026 -0.009559453678394
0.002155859902745 -0.010895457035144
0.002898423969138 -0.012291172575655
0.003865560974373 -0.013694629939446
0.005114416424984 -0.015038791626720
0.006640662366162 -0.016319790613358
0.008387465986436 -0.017582077817294
0.010292593310097 -0.018881051071329
0.012350398864919 -0.020251137414440
0.014568020771088 -0.021719175617218
0.016967966401612 -0.023273448490597
0.019581840343784 -0.024885597350057
0.022448122351570 -0.026515553970662
0.025598349724655 -0.028125002520238
0.029061599710859 -0.029670233950660
0.032868287314580 -0.031098932809017
0.037034179916863 -0.032401420248285
0.041559488822852 -0.033609897448569
0.046444502104304 -0.034774614394364
0.051700536272031 -0.035962265814721
0.057342550430343 -0.037236531706690
0.063395239410586 -0.038620760888817
0.069887948774766 -0.040128364374926
0.076854674252974 -0.041764447235882
0.084332524877471 -0.043530771167654
0.092365231094119 -0.045408864211094
0.101004799459162 -0.047351798087531
0.110306201015435 -0.049305136341118
0.120316678842597 -0.051246746239984
0.131081806627670 -0.053162016761531
0.142646677498055 -0.055042773291150
0.155055685555406 -0.056880018071783
0.168353266989386 -0.058653023010693
0.182583145525120 -0.060318719835329
0.197785612082983 -0.061809117124779
0.213990599422100 -0.063067823297850
0.231207397144095 -0.064233871738492
0.249417718438984 -0.065695192866741
0.268606978995061 -0.067623815412374
0.288823207258351 -0.069260742643528
0.310071025343084 -0.069835234505734
0.332242037425399 -0.069431315050651
0.355234984737634 -0.068164579915482
0.378948358099998 -0.066228227332074
0.403283905800048 -0.063869395638709
0.428136202586344 -0.061329339841593
0.453372597032499 -0.058693191614911
0.478845983020502 -0.056015211279276
0.504401974258148 -0.053349737027823
0.529882274685415 -0.050738360362575
0.555125154439989 -0.048165059897672
0.579975915433343 -0.045609953049443
0.604291289210332 -0.043051381997186
0.627945228576277 -0.040488079562032
0.650833035301147 -0.037951641906047
0.672869908940382 -0.035477025959558
0.693990171319965 -0.033091501459561
0.714147137921940 -0.030817595542567
0.733311302133535 -0.028667540678127
0.751469257828344 -0.026648879297588
0.768621873402330 -0.024766507006912
0.784781754408810 -0.023019780521109
0.799971366523137 -0.021405837535475
0.814220870451244 -0.019919338367335
0.827565473327827 -0.018545848415770
0.840044641548600 -0.017270973388324
0.851700848065943 -0.016083011345846
0.862578323900212 -0.014973330396283
0.872721835340932 -0.013934537433814
0.882175795588661 -0.012959782127325
0.890983706853935 -0.012043438974240
0.899187682449399 -0.011180986642749
0.906828110530803 -0.010368817051854
0.913943513448743 -0.009604949620122
0.920570272281927 -0.008887622233205
0.926742519041537 -0.008214803167463
0.932492138959937 -0.007584235234161
0.937848826445868 -0.006993632711532
0.942840158486632 -0.006440749723255
0.947491688093542 -0.005923439064839
0.951827043574399 -0.005439649474220
0.955868033720199 -0.004987407787019
0.959634760157111 -0.004564831287463
0.963145730153236 -0.004170140755955
0.966417968495462 -0.003801681846323
0.969467120255881 -0.003457900981090
0.972307550401323 -0.003137333755548
0.974952437471242 -0.002838588201567
0.977413865679171 -0.002560365855882
0.979702909399404 -0.002301468782215
0.981829710076424 -0.002060792959370
0.983803547013159 -0.001837319929424
0.985632903118847 -0.001630114668083
0.987325524937230 -0.001438321370349
0.988888477323904 -0.001261157947415
0.990328193261422 -0.001097910954784
0.991650519112412 -0.000947930940721
0.992860755606369 -0.000810628198183
0.993963694845336 -0.000685468901601
0.994963653599174 -0.000571971609047
0.995864503143751 -0.000469704110268
0.996669695876396 -0.000378280601617
0.997382288922967 -0.000297359169752
0.998004964930571 -0.000226639567234
0.998540050219627 -0.000165861264471
0.998989530448864 -0.000114801764012
0.999355063927197 -0.000073275164767
0.999637992687205 -0.000041130965349
0.999839351416252 -0.000018253097424
0.999959874323090 -0.000004559181590
1.000000000000000 0.000000000000000
