1.000000000000000 0.000000000000000
0.999960865336363 0.000012323148529
0.999843315191785 0.000049322228734
0.999646910108551 0.000111086216977
0.999370914325709 0.000197763648447
0.999014290750317 0.000309562977385
0.998575693853749 0.000446753078120
0.998053460429184 0.000609663883674
0.997445598127513 0.000798687157809
0.996749771669637 0.001014277395656
0.995963286613370 0.001256952847411
0.995083070533031 0.001527296659251
0.994105651449214 0.001825958125685
0.993027133325516 0.002153654048212
0.991843168428229 0.002511170196846
0.990548926324717 0.002899362874021
0.989139059276848 0.003319160585456
0.987607663768377 0.003771565830301
0.985948237890572 0.004257657034663
0.984153634300290 0.004778590669763
0.982216008461110 0.005335603620621
0.980126761883835 0.005930015906006
0.977876480101170 0.006563233899009
0.975454865147427 0.007236754264805
0.972850662373750 0.007952168924195
0.970051581520317 0.008711171476651
0.967044212099305 0.009515565685377
0.963813933328550 0.010367276853279
0.960344819111714 0.011268367220197
0.956619538905936 0.012221056910800
0.952619255776575 0.013227752487118
0.948323523540146 0.014291085844580
0.943710185675760 0.015413967077633
0.938755279683399 0.016599656080466
0.933432951830576 0.017851859097395
0.927715388808223 0.019174858258658
0.921572774764324 0.020573684394781
0.914973284548552 0.022054346172693
0.907883126819482 0.023624131875101
0.900266653948657 0.025292003942599
0.892086501569944 0.027068891060284
0.883302711666455 0.028963838798803
0.873872620972863 0.030982711143176
0.863751904716688 0.033130836859608
0.852895034495293 0.035412888455324
0.841255861615810 0.037832591485949
0.828788383566636 0.040392377415496
0.815447719231179 0.043092978623241
0.801191314423365 0.045932968300160
0.785980397008809 0.048908076219521
0.769781727934705 0.052008846917464
0.752569524375003 0.055220069104323
0.734327549682294 0.058520845316702
0.715051341377349 0.061883973337803
0.694750447267166 0.065275514654059
0.673451411006400 0.068659835897037
0.651201538165902 0.072011416206314
0.628068695748319 0.075306816502861
0.604141481005845 0.078523415064580
0.579528460573971 0.081637652541603
0.554353741796745 0.084603055301486
0.528755485264110 0.087359778244865
0.502884062562362 0.089849343312722
0.476898608119374 0.092017680642913
0.450966573921476 0.093817596262067
0.425255623010303 0.095211549680444
0.399926197533694 0.096173727899548
0.375126383860997 0.096699305298145
0.350986734891001 0.096832689297028
0.327618955257468 0.096632884416606
0.305114820120615 0.096158300662872
0.283546350731898 0.095458659072227
0.262972077964847 0.094527234611011
0.243433076309043 0.093340133171731
0.224950317008145 0.091890298614614
0.207527141497539 0.090184692043778
0.191152069021029 0.088241386486123
0.175802415821141 0.086094778316071
0.161446562774056 0.083788661296139
0.148045418345462 0.081363894060868
0.135557376957318 0.078853480085990
0.123943535539347 0.076277619142024
0.113160914556546 0.073655550244467
0.103163055161398 0.071006646945259
0.093900940100043 0.068350558774574
0.085315330040474 0.065717350494115
0.077345679629125 0.063137816366251
0.069942369221429 0.060628413358320
0.063099330611815 0.058141904291546
0.056821399278038 0.055617164375345
0.051097708897581 0.053019737223011
0.045902359647372 0.050341165678258
0.041176796676097 0.047627438790109
0.036859173764856 0.044932260918281
0.032898492617764 0.042294557125919
0.029252558872515 0.039741767264142
0.025886288361338 0.037292530497121
0.022785879746540 0.034948512535952
0.020048765338307 0.032635787953873
0.017768949527514 0.030279584567236
0.015859449889165 0.027893117605857
0.014143789225040 0.025535996076001
0.012498027951965 0.023251922426351
0.010873729245602 0.021068006395134
0.009315635149893 0.018995619986770
0.007863492660896 0.017040683968123
0.006541224135208 0.015206055379747
0.005360976294240 0.013492319925102
0.004326263446441 0.011898411151793
0.003434400060986 0.010422092978079
0.002678376568488 0.009060334529476
0.002048299663588 0.007809600228763
0.001532492642476 0.006666073307236
0.001118330993048 0.005625827119250
0.000792872428253 0.004684955641355
0.000543327911908 0.003839672158921
0.000357410256111 0.003086383257710
0.000223589005287 0.002421743742583
0.000131274116773 0.001842696918937
0.000070946048210 0.001346503729773
0.000034245988104 0.000930763490982
0.000014036895782 0.000593428368531
0.000004443574206 0.000332813260979
0.000000878042547 0.000147602362740
0.000000054891477 0.000036853366543
0.000000000000000 0.000000000000000
0.000000052121397 -0.000035882050437
0.000000837140752 -0.000143605809918
0.000004264743200 -0.000323401876507
0.000013597668662 -0.000575647037665
0.000033574675056 -0.000900852526745
0.000070588948708 -0.001299646702618
0.000132928532376 -0.001772751224395
0.000231087675305 -0.002320949456048
0.000378160693373 -0.002945045436030
0.000589648530025 -0.003645698804236
0.000881298763143 -0.004422903324452
0.001269670698793 -0.005275872546807
0.001772261152248 -0.006202803724974
0.002407142473081 -0.007200500814098
0.003192464666815 -0.008263900424365
0.004145779823894 -0.009385476574991
0.005283135553548 -0.010554494034225
0.006617869498547 -0.011756072451175
0.008159018441340 -0.012970013995627
0.009909231946593 -0.014169335334749
0.011862050586736 -0.015318429880588
0.013999551689170 -0.016372194852729
0.016314226549337 -0.017305125231738
0.018817206877684 -0.018124786229575
0.021521030582270 -0.018855646658280
0.024438744933523 -0.019544124742157
0.027583928683569 -0.020259415543720
0.030972418177198 -0.021030860316580
0.034622178321051 -0.021853100003927
0.038552471861394 -0.022716064872836
0.042783828247847 -0.023603898126026
0.047337978633748 -0.024493038168832
0.052237757885488 -0.025350216346500
0.057508103661876 -0.026149096895281
0.063176843812404 -0.026884370516750
0.069273604693318 -0.027556308517663
0.075829599337084 -0.028171419216947
0.082877771804453 -0.028738199132754
0.090453456706488 -0.029251541948684
0.098593535529632 -0.029704035698900
0.107336179783742 -0.030089717178343
0.116722510799290 -0.030404511343947
0.126795632562599 -0.030647732882838
0.137599361475685 -0.030824052048519
0.149177494312783 -0.030945755528521
0.161573168056955 -0.031031132226239
0.174829086417575 -0.031087224250670
0.188985720454873 -0.031119165001258
0.204079501116220 -0.031136151298536
0.220140894380044 -0.031142883289816
0.237192190286169 -0.031128083471389
0.255245626139453 -0.031074825781683
0.274301197647251 -0.030961369723704
0.294344461082975 -0.030760692856729
0.315344529351626 -0.030442772991506
0.337252560855339 -0.029995134288121
0.360000599319598 -0.029418259413943
0.383501122679698 -0.028717202700873
0.407647569712632 -0.027901809846375
0.432316265421905 -0.026986151613770
0.457369209541263 -0.025987819333854
0.482657065586151 -0.024927879431098
0.508023333406310 -0.023829662777011
0.533308549164547 -0.022706188324985
0.558355024140302 -0.021555357772818
0.583012332669129 -0.020375105049442
0.607141671212867 -0.019165188076025
0.630620065186253 -0.017940964737247
0.653342983385365 -0.016734903249686
0.675224753915889 -0.015575547206658
0.696198961483886 -0.014485509248841
0.716217879031382 -0.013478044903404
0.735250808306181 -0.012546520856021
0.753283216912529 -0.011680396156607
0.770315007330572 -0.010870888399664
0.786358321956468 -0.010110823306206
0.801435324061776 -0.009394449393078
0.815576133258435 -0.008718488646252
0.828816879839106 -0.008082177141363
0.841197837888113 -0.007484572680476
0.852761928202874 -0.006924395897345
0.863553477095029 -0.006400125615173
0.873617205964731 -0.005910079284611
0.882997431564716 -0.005452479078157
0.891737452205622 -0.005025504846850
0.899879093853030 -0.004627343370044
0.907462401332299 -0.004256484218771
0.914525424214017 -0.003911681278709
0.921104075188959 -0.003591570762827
0.927232076501277 -0.003294712857270
0.932940959783289 -0.003019644378781
0.938260104758001 -0.002764916840754
0.943216806026898 -0.002529123157764
0.947836359286424 -0.002310915622231
0.952142160134835 -0.002109017268424
0.956155810155127 -0.001922228300501
0.959897226215686 -0.001749428898176
0.963384749949881 -0.001589579417960
0.966635255192603 -0.001441718770556
0.969664251797656 -0.001304961566668
0.972485984764362 -0.001178494475533
0.975113527990633 -0.001061572125393
0.977558872265281 -0.000953512786333
0.979833007333417 -0.000853694007961
0.981945998030809 -0.000761548332875
0.983907054599024 -0.000676559168149
0.985724597373215 -0.000598256868195
0.987406316086969 -0.000526215061174
0.988959224070289 -0.000460047235730
0.990389707632674 -0.000399403593833
0.991703570927593 -0.000343968167909
0.992906076590480 -0.000293456195279
0.994001982432239 -0.000247611739657
0.994995574455884 -0.000206205547543
0.995890696446948 -0.000169033126419
0.996690776369447 -0.000135913031481
0.997398849779533 -0.000106685347919
0.998017580448867 -0.000081210356416
0.998549278369625 -0.000059367370465
0.998995915293201 -0.000041053735108
0.999359137935202 -0.000026183977887
0.999640278960338 -0.000014689103977
0.999840365842318 -0.000006516028711
0.999960127675818 -0.000001627141953
1.000000000000000 0.000000000000000
