1.000000000000000 0.000000000000000
0.999960853127427 0.000010170965875
0.999843269586497 0.000040718428631
0.999646819647529 0.000091746248405
0.999370783885323 0.000163428073989
0.999014148334215 0.000256008163506
0.998575597642160 0.000369802528679
0.998053506160221 0.000505200397181
0.997445926884647 0.000662665984744
0.996750578148981 0.000842740564864
0.995964827942918 0.001046044818740
0.995085675713053 0.001273281441088
0.994109731477997 0.001525237968209
0.993033192066521 0.001802789782428
0.991851814262425 0.002106903231075
0.990560884613685 0.002438638777409
0.989155185636263 0.002799154074134
0.987628958114873 0.003189706815723
0.985975860467617 0.003611662196108
0.984188931567867 0.004066530893079
0.982260539195603 0.004555969626542
0.980182322651102 0.005081778556708
0.977945133107703 0.005645910548219
0.975538968532405 0.006250481089560
0.972952900580689 0.006897769308256
0.970174987723078 0.007590187467842
0.967192194898019 0.008330301936358
0.963990304678867 0.009120844412276
0.960553819661186 0.009964711373805
0.956865860345499 0.010864967605509
0.952908088542374 0.011824977454680
0.948660606725691 0.012848449417317
0.944101829019835 0.013939368564399
0.939208372401016 0.015102011841490
0.933954930070046 0.016340870857266
0.928313983817927 0.017659853875499
0.922255720926734 0.019062298968007
0.915747999524331 0.020551102365339
0.908756272042098 0.022128525781769
0.901243702548907 0.023796456839618
0.893171212017317 0.025556248851634
0.884497454841649 0.027408093060218
0.875179202286350 0.029351830463710
0.865172780153267 0.031392708985088
0.854434242819702 0.033539706474842
0.842919566814312 0.035803096283558
0.830582119581894 0.038176999688059
0.817373489973712 0.040638099892575
0.803246489222083 0.043153857909493
0.788159825552072 0.045695312883189
0.772079034010403 0.048232742682153
0.754977807204747 0.050732689145523
0.736841283371608 0.053163153686418
0.717668054167950 0.055494428313119
0.697474926603585 0.057732174018899
0.676298166808645 0.059906565529404
0.654188280329909 0.062012448590417
0.631210974672371 0.064007825152377
0.607452890279564 0.065853572589534
0.583021563764943 0.067517351287976
0.558042991992335 0.068971481613524
0.532659015854492 0.070194276945148
0.507023650539007 0.071168088662711
0.481298658979899 0.071880179561775
0.455648631490026 0.072323671173900
0.430235796684415 0.072498128867448
0.405215065673872 0.072410300022669
0.380729485129731 0.072073736363472
0.356906486538980 0.071510033204175
0.333855238409288 0.070745282920265
0.311664983585512 0.069807021004390
0.290404767645540 0.068722056794551
0.270124495384337 0.067508422113243
0.250855514353352 0.066182596240305
0.232611955702968 0.064766452914060
0.215392968085187 0.063283509036009
0.199185834522896 0.061749566669686
0.183968287546698 0.060172503168139
0.169709643381115 0.058561512483027
0.156373265162904 0.056926377267566
0.143917928693275 0.055277347448354
0.132299974307710 0.053621793472582
0.121475304409627 0.051961258456534
0.111398692029903 0.050299012906750
0.102025222139258 0.048638573679774
0.093311638680068 0.046981569876530
0.085215392465618 0.045331323214841
0.077695485606591 0.043691545456283
0.070714864775365 0.042061198157119
0.064238189113408 0.040439867789177
0.058231079720798 0.038829604895866
0.052661582163084 0.037231900246138
0.047501729317876 0.035644436015176
0.042724466943334 0.034067008953382
0.038303485815492 0.032501680244202
0.034214802968068 0.030950430026391
0.030441032500944 0.029409709472847
0.026965305018516 0.027877379625893
0.023769697597915 0.026354342611664
0.020835969621707 0.024843479923942
0.018149160532864 0.023346010560677
0.015699462746294 0.021859522968671
0.013475278029559 0.020384273402112
0.011463300042499 0.018922975514177
0.009649321624364 0.017479943915553
0.008022109722780 0.016059811538995
0.006582116486803 0.014665427234184
0.005326999733416 0.013300454137995
0.004248991674694 0.011969699607326
0.003336669917753 0.010678632414394
0.002576303889117 0.009433028487037
0.001952754027840 0.008239456646137
0.001449604333009 0.007109069025901
0.001050583676927 0.006052061520652
0.000740352389194 0.005075230707857
0.000504660628597 0.004182801191705
0.000330447420333 0.003377097729183
0.000205898536595 0.002659078738856
0.000120475088829 0.002028758711263
0.000064921981946 0.001485541456648
0.000031263258862 0.001028481629201
0.000012789706376 0.000656488329824
0.000004042796695 0.000368481629101
0.000000798020271 0.000163510420884
0.000000049858912 0.000040837994459
0.000000000000000 0.000000000000000
0.000000049224341 -0.000040561305227
0.000000790171756 -0.000162378835098
0.000004021630903 -0.000365842255956
0.000012805443616 -0.000651563153005
0.000031564569938 -0.001020316097331
0.000066211033690 -0.001472951214539
0.000124030009921 -0.002010263049802
0.000213561427978 -0.002632818282201
0.000344711071488 -0.003340742404959
0.000528760599190 -0.004133441669991
0.000778359369537 -0.005009249230282
0.001107494941089 -0.005964977429601
0.001531432510640 -0.006995353340520
0.002066610655963 -0.008092308839644
0.002730452177391 -0.009244195980445
0.003539963986343 -0.010439624621317
0.004510148760990 -0.011671360524789
0.005653982796700 -0.012932534622559
0.006981238910220 -0.014216560739244
0.008496827089881 -0.015517518091168
0.010198773676340 -0.016830648543758
0.012086858658608 -0.018151164741776
0.014173854894107 -0.019472726013068
0.016473604640436 -0.020789875186274
0.018999066415655 -0.022098997073763
0.021761532265931 -0.023399306296296
0.024771882513923 -0.024691641277955
0.028046076489219 -0.025972668700355
0.031600993522164 -0.027239717337354
0.035452621331868 -0.028493124695221
0.039615288672476 -0.029737521257670
0.044106133102028 -0.030976176567692
0.048949292303404 -0.032205798628846
0.054170596716877 -0.033424147097315
0.059796832788826 -0.034631669292501
0.065856370872410 -0.035829865637971
0.072381003059058 -0.037016059570551
0.079404233863626 -0.038188479999619
0.086960581785334 -0.039348295064712
0.095086944852808 -0.040495938280999
0.103823819182117 -0.041627722399717
0.113213127237851 -0.042741419821250
0.123297822039747 -0.043836210657763
0.134122477800178 -0.044907718645181
0.145731877688570 -0.045951725556905
0.158169987918573 -0.046965333947660
0.171479877524575 -0.047943083836355
0.185701818985608 -0.048880019719972
0.200871756470967 -0.049771029759073
0.217020039747926 -0.050607315851545
0.234168931692772 -0.051380252041993
0.252330774266109 -0.052078379826568
0.271505641959909 -0.052688536733764
0.291679043315574 -0.053196802734977
0.312819955435700 -0.053588102459281
0.334879022644795 -0.053846110664744
0.357787497440934 -0.053950777406716
0.381456676866257 -0.053882125061539
0.405778313606194 -0.053620977040499
0.430626355715847 -0.053153758262054
0.455859717167557 -0.052478149024164
0.481325578026228 -0.051593956740807
0.506863606549588 -0.050497974733318
0.532311595199213 -0.049198820920150
0.557510811722455 -0.047721554107097
0.582309154228252 -0.046081853600230
0.606565339376551 -0.044282656399469
0.630156318317998 -0.042360318121335
0.652979611932143 -0.040381629376865
0.674948364875980 -0.038370823470905
0.695992014512764 -0.036311014523762
0.716064779891901 -0.034236684978354
0.735145581897133 -0.032244334992589
0.753225580403558 -0.030387270129533
0.770302138400457 -0.028635904329337
0.786384565991670 -0.026957345741774
0.801494031294369 -0.025338123974514
0.815660578558487 -0.023774598873813
0.828920872035094 -0.022268483954369
0.841317074301382 -0.020832318714356
0.852893769488178 -0.019475997089781
0.863696169176464 -0.018202105442137
0.873768953980248 -0.017004738696455
0.883156386918235 -0.015877865975947
0.891901717847845 -0.014815768464621
0.900046443388663 -0.013811081851624
0.907630370756996 -0.012857444047918
0.914691490174733 -0.011950072113731
0.921265986202473 -0.011086891533687
0.927388204165088 -0.010268745656241
0.933090198289752 -0.009495853843284
0.938401749609072 -0.008767673404999
0.943350455730478 -0.008083065959074
0.947961833179907 -0.007440381636841
0.952259442196044 -0.006837775648870
0.956265006834487 -0.006273327337331
0.959998533124782 -0.005745092186971
0.963478391380927 -0.005250905092327
0.966721420951235 -0.004788350953329
0.969743109042168 -0.004355268413028
0.972557692277066 -0.003949755284505
0.975178246065151 -0.003570127420335
0.977616788978714 -0.003215021099504
0.979884435201154 -0.002883868056911
0.981991361796487 -0.002576135725928
0.983946845250004 -0.002291085603190
0.985759337929680 -0.002027846149659
0.987436536568965 -0.001785468424964
0.988985430918223 -0.001562880870178
0.990412338509932 -0.001358782171447
0.991723001003672 -0.001171990132559
0.992922632852100 -0.001001491672601
0.994015954964152 -0.000846417130031
0.995007225300998 -0.000706019240398
0.995900266533966 -0.000579655922181
0.996698490899295 -0.000466776174989
0.997404922384435 -0.000366908530723
0.998022216376140 -0.000279651608206
0.998552676893072 -0.000204666410383
0.998998271515851 -0.000141670075202
0.999360644116220 -0.000090430849824
0.999641125474600 -0.000050764105988
0.999840741862322 -0.000022529254255
0.999960221651276 -0.000005627448403
1.000000000000000 0.000000000000000
