1.000000000000000 0.000000000000000
0.999960674334659 0.000009326739398
0.999842554441588 0.000037341061927
0.999645210690105 0.000084145524129
0.999367923889214 0.000149911868235
0.999009680549501 0.000234882254203
0.998569166193022 0.000339371004866
0.998044756654020 0.000463766884930
0.997434507296586 0.000608535941162
0.996736140058189 0.000774224938215
0.995947028210591 0.000961465432336
0.995064178711913 0.001170978533817
0.994084212005578 0.001403580418727
0.993003339103779 0.001660188661380
0.991817335775128 0.001941829471476
0.990521513638591 0.002249645934149
0.989110687949276 0.002584907367746
0.987579141846674 0.002949019933429
0.985920586823638 0.003343538653238
0.984128119165844 0.003770181019788
0.982194172143764 0.004230842556008
0.980110468304241 0.004727633357758
0.977867970022584 0.005262929351973
0.975456814107851 0.005839381388175
0.972866246297803 0.006459947928808
0.970084551130259 0.007127933643409
0.967098875341194 0.007846610686976
0.963894995485778 0.008618633531504
0.960457311001182 0.009446416585458
0.956768724694079 0.010332066556666
0.952810498088227 0.011277229653979
0.948562367302236 0.012284012471136
0.944002608693814 0.013355705002817
0.939107678979685 0.014495768836739
0.933852079615969 0.015707720556859
0.928208223173419 0.016994979963694
0.922146229961128 0.018360347742769
0.915633867391694 0.019806017351929
0.908636490299289 0.021333454111157
0.901116959363678 0.022942837123698
0.893035518436084 0.024631611463519
0.884349862164982 0.026394313810548
0.875015290861884 0.028222213853332
0.864986194403550 0.030108779674619
0.854217173767931 0.032052629845964
0.842662860595483 0.034053258877002
0.830278924095458 0.036114323466734
0.817023401699942 0.038247558970413
0.802857984199060 0.040470060752746
0.787745206635561 0.042775805908222
0.771648851305908 0.045126537000652
0.754540067350114 0.047477945484997
0.736404781118100 0.049812714372220
0.717243180915306 0.052122685586487
0.697068970670743 0.054391653684896
0.675911576586220 0.056596136651460
0.653818797163858 0.058708710879112
0.630857984749362 0.060697773304783
0.607116868763288 0.062532879847535
0.582703210143471 0.064187120936211
0.557743113484683 0.065638004930931
0.532378403724891 0.066868763953015
0.506762827139455 0.067860444523642
0.481057621247842 0.068592313622578
0.455427074595162 0.069058512607125
0.430033318275080 0.069266024573077
0.405031123104627 0.069218209714860
0.380563350595037 0.068921234357575
0.356756959989789 0.068406394266724
0.333720585294824 0.067714254978260
0.311543023756559 0.066873920949947
0.290292968114740 0.065908682057972
0.270020096104107 0.064832760952054
0.250755712143138 0.063658165870090
0.232514016252506 0.062403477915379
0.215294285387938 0.061090233987873
0.199083320760448 0.059737436822295
0.183857776563218 0.058361055819543
0.169586623646394 0.056971962165740
0.156234972045654 0.055559955265118
0.143763614473404 0.054113878672235
0.132130939406921 0.052626690017521
0.121295990945237 0.051089156665464
0.111215746481463 0.049498742365282
0.101844461165890 0.047868048448477
0.093133451293033 0.046231859733706
0.085035931615541 0.044619258501914
0.077508460670312 0.043047744676970
0.070513910047128 0.041508860511873
0.064017757258292 0.039990133623815
0.057986438845595 0.038485051809509
0.052390127974761 0.036987821890204
0.047206122525526 0.035487465780873
0.042411374647124 0.033977863142847
0.037981938788532 0.032457922630604
0.033893454355481 0.030930963893322
0.030120802378396 0.029406493845724
0.026639966075912 0.027894433101853
0.023428611914636 0.026403386217678
0.020466213827081 0.024940574026786
0.017742737742721 0.023501471796563
0.015259453279191 0.022068865977384
0.013012388876908 0.020632707563142
0.010992764138357 0.019189592573274
0.009188633309494 0.017740818586202
0.007589965581990 0.016293255591457
0.006191755666486 0.014859579096097
0.004985129185430 0.013451636344966
0.003957670715837 0.012079747762764
0.003094757842473 0.010752871093567
0.002380563039660 0.009478754321649
0.001798483856295 0.008265305877182
0.001331199904013 0.007122638426615
0.000962279390952 0.006058466709019
0.000676572381950 0.005077777793650
0.000460254088959 0.004183516666829
0.000300836626805 0.003377131220239
0.000187159274785 0.002659004665617
0.000109364908035 0.002028797748759
0.000058868424560 0.001485718597311
0.000028321574636 0.001028734381431
0.000011577505307 0.000656736009483
0.000003657489924 0.000368664674124
0.000000721662837 0.000163607087435
0.000000045076012 0.000040864599268
0.000000000000000 0.000000000000000
0.000000044182314 -0.000040445159110
0.000000709041644 -0.000161924323478
0.000003607213618 -0.000364859919211
0.000011479261599 -0.000649926726050
0.000028274734008 -0.001018006277172
0.000059265027237 -0.001470117285549
0.000111059147523 -0.002007249102034
0.000191599842115 -0.002630130891232
0.000310322651879 -0.003339021661951
0.000478282939239 -0.004133406350543
0.000708298287733 -0.005011606206324
0.001015111271595 -0.005970285373724
0.001415573464287 -0.007003828229348
0.001928851400771 -0.008103555561954
0.002576646833630 -0.009256750565280
0.003381065560998 -0.010448643096214
0.004359686498544 -0.011667894770815
0.005527372022791 -0.012902604500021
0.006895481952597 -0.014139356841167
0.008470033251459 -0.015363098474369
0.010249498072943 -0.016557090447082
0.012233890684434 -0.017706715691352
0.014434589180174 -0.018803851168411
0.016862012951238 -0.019844602300103
0.019523223281571 -0.020830764726371
0.022420436576659 -0.021772072400626
0.025558204614587 -0.022676627261909
0.028951925732280 -0.023539587302417
0.032618306898245 -0.024356707124246
0.036573933549032 -0.025126904260011
0.040835132391616 -0.025852914268844
0.045421823002570 -0.026533422416072
0.050357174094092 -0.027164334327810
0.055665341424376 -0.027744303263892
0.061371215937892 -0.028276082862805
0.067502304079658 -0.028763606788638
0.074089736243747 -0.029211157311075
0.081166410026033 -0.029628874557834
0.088766802787267 -0.030033871174206
0.096928349172102 -0.030433218395071
0.105691332803832 -0.030823717890753
0.115097832439882 -0.031201855085114
0.125191249134480 -0.031568231079801
0.136015635725563 -0.031934455430447
0.147615146584307 -0.032320240158991
0.160033712549188 -0.032738881856345
0.173315018782901 -0.033167624067824
0.187500581901003 -0.033567231372785
0.202627221814370 -0.033915480100122
0.218724664424131 -0.034228913637334
0.235814552670491 -0.034530566041677
0.253909386647385 -0.034812247981277
0.273009895912190 -0.035049075573427
0.293102150645165 -0.035227125938823
0.314155455651651 -0.035347113914811
0.336121086547297 -0.035405276358648
0.358931281099368 -0.035387134306945
0.382498514578274 -0.035273183726717
0.406715825418098 -0.035037096646704
0.431458591356580 -0.034661137786400
0.456587157965117 -0.034146528587134
0.481950523449707 -0.033500249634889
0.507390726408524 -0.032732871338879
0.532746733076988 -0.031842153211113
0.557859370442136 -0.030811912447970
0.582577979322098 -0.029655756707494
0.606764597343576 -0.028413350818273
0.630296421552650 -0.027117869641061
0.653068235671760 -0.025795499898667
0.674993817657315 -0.024468566859404
0.696006419718709 -0.023155659351883
0.716058499027478 -0.021873895666503
0.735120534464319 -0.020638354741109
0.753178983521914 -0.019457003666471
0.770234198971158 -0.018329755739007
0.786298557047655 -0.017254092928456
0.801393874124541 -0.016220296232817
0.815549881028445 -0.015219456818568
0.828802733378830 -0.014250156787543
0.841193224852095 -0.013317781909598
0.852764750816941 -0.012426404860144
0.863562042572763 -0.011578374848179
0.873630163139197 -0.010774708730934
0.883013706668539 -0.010015492648012
0.891756179446145 -0.009299907632826
0.899899556975600 -0.008626438481765
0.907483996967762 -0.007993355577310
0.914547638868767 -0.007398878408980
0.921126508352826 -0.006841518998735
0.927254430731294 -0.006319743271230
0.932963018158808 -0.005831862446937
0.938281708886482 -0.005376058954569
0.943237821856891 -0.004950253023076
0.947856668386618 -0.004552410127456
0.952161660596379 -0.004180655944787
0.956174416812642 -0.003833265764198
0.959914874436180 -0.003508701052016
0.963401397720524 -0.003205583418337
0.966650879197403 -0.002922617674236
0.969678843876336 -0.002658588642965
0.972499548861159 -0.002412359070915
0.975126075825006 -0.002182847147334
0.977570420759773 -0.001969039345277
0.979843578151784 -0.001770007665340
0.981955617143252 -0.001584903169169
0.983915751985499 -0.001412951195206
0.985732408262875 -0.001253462942211
0.987413280876788 -0.001105814962854
0.988965386914356 -0.000969429001149
0.990395115314149 -0.000843770615007
0.991708271984775 -0.000728347881662
0.992910120646704 -0.000622709917214
0.994005419689158 -0.000526445300530
0.994998455317652 -0.000439180469434
0.995893071249137 -0.000360578139830
0.996692695191668 -0.000290335785169
0.997400362324822 -0.000228184203484
0.998018735976182 -0.000173886191559
0.998550125668433 -0.000127235339983
0.998996502691249 -0.000088054958530
0.999359513332229 -0.000056197138186
0.999640489881800 -0.000031541953853
0.999840459508242 -0.000013996810188
0.999960151080662 -0.000003495932012
1.000000000000000 0.000000000000000
