1.000000000000000 0.000000000000000
0.999969680828953 0.000029211637248
0.999877907956252 0.000116248275172
0.999722261285963 0.000259293953977
0.999498795680454 0.000455250890983
0.999202179695129 0.000699630151050
0.998825902534674 0.000986393371875
0.998362562733847 0.001307740085259
0.997804257076918 0.001653833252491
0.997143094227893 0.002012453414290
0.996371864755742 0.002368569251509
0.995484908078387 0.002703809252693
0.994478565164621 0.002999261551388
0.993349314748116 0.003251809774981
0.992095574940290 0.003473291762821
0.990719534976593 0.003691888306025
0.989228685937986 0.003958095164195
0.987634259424504 0.004338955242574
0.985933177804549 0.004849604845172
0.984112703403714 0.005471169410381
0.982154409551746 0.006166106312646
0.980032435387496 0.006871836821999
0.977719157120596 0.007522051460898
0.975202699291498 0.008112191206453
0.972476211010800 0.008659551491378
0.969535848681501 0.009195852673651
0.966380460215312 0.009766481249908
0.962999258124778 0.010387540907445
0.959373843418513 0.011053398541135
0.955482990173951 0.011753982285416
0.951302779413956 0.012475670202423
0.946811055871676 0.013216689128937
0.941986421990685 0.013984247482680
0.936806580727086 0.014789521720317
0.931247210860674 0.015644423659075
0.925280052402722 0.016555729587591
0.918874442761783 0.017530895345240
0.911997311481698 0.018576975718648
0.904612417677903 0.019692614734201
0.896680583539962 0.020871213744556
0.888160852795982 0.022109481705771
0.879013337384523 0.023427120710969
0.869198005103088 0.024856251538183
0.858671472284081 0.026416764548393
0.847385722851596 0.028104151322773
0.835292772533510 0.029916661391079
0.822350329940867 0.031886980464489
0.808518838334798 0.034055843057444
0.793751768810079 0.036401302980403
0.778002575433140 0.038872719575388
0.761248213715245 0.041527067017652
0.743481244806720 0.044466851715021
0.724680942652369 0.047647387022221
0.704838142560760 0.051012807921005
0.683986279753989 0.054668290835415
0.662160519167692 0.058629702054495
0.639394243005382 0.062790805317490
0.615776445125960 0.067237188721901
0.591408393860237 0.072009547882735
0.566382043410044 0.076988404767056
0.540836146397481 0.082199788120413
0.514925593852349 0.087667488628557
0.488798348020027 0.093319759980327
0.462594558317651 0.099018026120930
0.436503357355127 0.104833291171291
0.410670982052701 0.110659994813309
0.385228733750551 0.116355860538356
0.360367209902371 0.122097510443880
0.336149011981779 0.127595903428794
0.312866140835749 0.133530580054606
0.290319306119011 0.138785076502832
0.268269073094238 0.141052080723800
0.247090207440585 0.140636493293815
0.227041206928501 0.138912617763042
0.208166274000062 0.136199948520778
0.190496757155535 0.132717118743120
0.174024533732527 0.128661860996799
0.158713042912516 0.124220757621146
0.144513480028824 0.119534464804405
0.131380085592086 0.114681531711830
0.119274573385527 0.109693390154925
0.108150389541659 0.104616141929438
0.097933300329386 0.099532973674172
0.088529479714911 0.094547065050757
0.079907438027335 0.089643646006402
0.072043507010593 0.084788713858133
0.064860011087960 0.080040106024905
0.058286818037747 0.075444406976322
0.052290150789734 0.070992565609931
0.046832432467552 0.066679421410901
0.041856595761835 0.062526584991998
0.037312134928029 0.058549770539671
0.033178187465209 0.054734830747531
0.029439699192858 0.051062304373469
0.026064612185426 0.047531144440961
0.023005757754143 0.044157195582042
0.020224571544276 0.040949369819936
0.017706438838229 0.037897279823456
0.015443603275435 0.034985501209391
0.013423290858926 0.032203820992845
0.011624879199346 0.029551887823960
0.010025978737030 0.027031947801107
0.008606110105006 0.024644494446310
0.007346788258747 0.022387633848109
0.006231389975793 0.020257659402951
0.005244825600805 0.018250942902276
0.004373843854052 0.016364011368810
0.003614238570051 0.014593028249710
0.002966323172540 0.012934095404345
0.002426300149505 0.011383843866282
0.001987283239154 0.009939355202793
0.001637893503720 0.008598537758238
0.001353502479775 0.007361828982315
0.001111996446593 0.006229357992949
0.000898749109637 0.005200078968346
0.000704748829296 0.004272152311828
0.000525108347231 0.003443245104434
0.000358479932940 0.002710704228228
0.000216996833493 0.002070605874768
0.000114703312219 0.001519028093549
0.000052642597172 0.001053654190322
0.000020642618331 0.000673598736711
0.000006308127191 0.000378539276993
0.000001214853892 0.000168116911861
0.000000074764940 0.000042009976692
0.000000000000000 0.000000000000000
0.000000066849216 -0.000039911783650
0.000001057444358 -0.000159856948530
0.000005250226219 -0.000360456642105
0.000016131803947 -0.000642717962461
0.000037912598149 -0.001007989962413
0.000074811494782 -0.001457898416919
0.000130070094599 -0.001994255501574
0.000204642658905 -0.002618939111614
0.000297119142043 -0.003333535305790
0.000415336118650 -0.004137442409787
0.000578479191557 -0.005027008693853
0.000816649108842 -0.005994816573360
0.001174576875131 -0.007028252985103
0.001709036645208 -0.008108119456903
0.002449872860238 -0.009208925266575
0.003407094391631 -0.010296052098182
0.004584177446132 -0.011328619619696
0.005988163007386 -0.012272019954799
0.007619412007204 -0.013092126685359
0.009471367483049 -0.013776090382044
0.011525822022422 -0.014330759269849
0.013768123010176 -0.014768696199024
0.016202394188721 -0.015103279197667
0.018831589464209 -0.015361928044234
0.021661043547003 -0.015554640077478
0.024701508813489 -0.015653840120934
0.027963974244623 -0.015622160846233
0.031460686675133 -0.015436510927393
0.035206114390909 -0.015106033940755
0.039215479653443 -0.014655505641473
0.043505334278257 -0.014099395843744
0.048094159235933 -0.013419807954369
0.053001626441629 -0.012592564939792
0.058249331439003 -0.011595787213351
0.063862164042570 -0.010421047499456
0.069867540014997 -0.009066893781300
0.076298597906367 -0.007548204569121
0.083202589975345 -0.005920910295295
0.090637190078682 -0.004273694223383
0.098646729380167 -0.002627532199027
0.107253802684391 -0.000899762083821
0.116479248248616 0.001008883308616
0.126362769205199 0.003123734495492
0.136954567221332 0.005426512439027
0.148328587339210 0.007772895660302
0.160570653674792 0.009947238806831
0.173728874990336 0.011886025698067
0.187829222029265 0.013598122196409
0.202903259556297 0.015031391951901
0.218980479977349 0.016090301865038
0.236076095318671 0.016646557717658
0.254188892466817 0.016632885346159
0.273299657190840 0.016075889613936
0.293379862540429 0.015037051276230
0.314399139046026 0.013601143842444
0.336308783310755 0.011825863610243
0.359038230701791 0.009726697790363
0.382498955909916 0.007319377814671
0.406601238243179 0.004781433299991
0.431247829458752 0.002384627317375
0.456312250766147 0.000290606601071
0.481638969431490 -0.001492676268145
0.507061126793607 -0.003046776255843
0.532406333637529 -0.004541602815707
0.557509857199021 -0.006091547702203
0.582232715805207 -0.007504211599813
0.606442280206507 -0.008618381058705
0.630011699946667 -0.009449813956697
0.652826043468858 -0.010186669839466
0.674796311848582 -0.010873593014770
0.695855052426093 -0.011509201389915
0.715953414230756 -0.012100819244422
0.735061177159858 -0.012642857550330
0.753164463278178 -0.013127296501320
0.770263464429438 -0.013549665445260
0.786370745658345 -0.013924337093069
0.801508974893169 -0.014255710176091
0.815708829470431 -0.014442663647807
0.829006298435114 -0.014407231474900
0.841439430018019 -0.014204533035692
0.853049606323704 -0.013904786814555
0.863882215546581 -0.013559126639286
0.873983234401957 -0.013200537896156
0.883396491575719 -0.012821697239712
0.892164366489148 -0.012403791466728
0.900328503669076 -0.011945129964686
0.907929438610958 -0.011461521276877
0.915005765618219 -0.010966641547709
0.921594107627575 -0.010470204745952
0.927728953263684 -0.009978985169208
0.933442404070047 -0.009497562545095
0.938763279287850 -0.009020623835365
0.943717707780189 -0.008537502778719
0.948330363340645 -0.008041986623241
0.952624608776677 -0.007533775401860
0.956622709998280 -0.007020928328363
0.960345301218168 -0.006511024116697
0.963811373844671 -0.006009817784024
0.967039016939508 -0.005524824321671
0.970045833228255 -0.005067191343399
0.972847583286382 -0.004644547235318
0.975458271708225 -0.004261134354453
0.977890208226250 -0.003918100663765
0.980153676274087 -0.003612383364790
0.982257964228169 -0.003340189322973
0.984211706628640 -0.003098088296528
0.986022903266936 -0.002882965414684
0.987698847994781 -0.002688747201529
0.989246112060893 -0.002504910008265
0.990670800689577 -0.002324294417892
0.991978580599806 -0.002143081171369
0.993174679677695 -0.001959895194631
0.994262854629110 -0.001773435688437
0.995244548270232 -0.001580561511806
0.996122164849336 -0.001381130421369
0.996899126835207 -0.001177746438238
0.997579431878673 -0.000974776319885
0.998167308763743 -0.000777584492554
0.998666951490882 -0.000591940582936
0.999082315005360 -0.000423563314523
0.999416959595986 -0.000277772266138
0.999673933828213 -0.000159225235342
0.999855688189111 -0.000071724035933
0.999964013530509 -0.000018075753008
1.000000000000000 0.000000000000000
