1.000000000000000 0.000000000000000
0.999960458307983 0.000009463154463
0.999841689084775 0.000037885284100
0.999643258931530 0.000085364580743
0.999364442317039 0.000152065342286
0.999004216748184 0.000238218944152
0.998561255948651 0.000344125207722
0.998033920985505 0.000470154174014
0.997420249265318 0.000616748293134
0.996717941303126 0.000784425042107
0.995924345148603 0.000973779985659
0.995036438334324 0.001185490296157
0.994050807190968 0.001420318750303
0.992963623353725 0.001679118221009
0.991770617263274 0.001962836683188
0.990467048443584 0.002272522751627
0.989047672317932 0.002609331767452
0.987506703304304 0.002974532446684
0.985837773912611 0.003369514099477
0.984033889549779 0.003795794421368
0.982087378726159 0.004255027847572
0.979989838349650 0.004749014447143
0.977732073794732 0.005279709314658
0.975304033445413 0.005849232391663
0.972694737437787 0.006459878616808
0.969892200374658 0.007114128260421
0.966883347857924 0.007814657243825
0.963653926792326 0.008564347173091
0.960188409566986 0.009366294727630
0.956469892431502 0.010223819932121
0.952479988666801 0.011140472700942
0.948198717526263 0.012120036872347
0.943604390412107 0.013166530739401
0.938673496382074 0.014284202830152
0.933380589881707 0.015477521385223
0.927698184601374 0.016751155622258
0.921596658599246 0.018109946461343
0.915044177346075 0.019558863915634
0.908006643164227 0.021102947835609
0.900447681669827 0.022747228153053
0.892328679420494 0.024496623353687
0.883608922670816 0.026355905575554
0.874245811203250 0.028329604795679
0.864195134663222 0.030421753266485
0.853411508287773 0.032635663652476
0.841848970543212 0.034973671696843
0.829461768400458 0.037436837352910
0.816205356535057 0.040024606007207
0.802037632496011 0.042734435293757
0.786920423718046 0.045561410297538
0.770821252575471 0.048498012423722
0.753715308138253 0.051533766596937
0.735587586330010 0.054654836453600
0.716435155930553 0.057843801198926
0.696269422655658 0.061079568368792
0.675118088114345 0.064335348009354
0.653026448115455 0.067572315682630
0.630058954795595 0.070744379075392
0.606299869414721 0.073800713906191
0.581853064424056 0.076687971486023
0.556842487217431 0.079360830502036
0.531409445498356 0.081782817156591
0.505707865901530 0.083922393849843
0.479899940984061 0.085753574678445
0.454151923508164 0.087249712132410
0.428628518054995 0.088388009666224
0.403487227005947 0.089155408391374
0.378873756931969 0.089549634384653
0.354918418274545 0.089582613142734
0.331733194961322 0.089276311972725
0.309409969375148 0.088658955614775
0.288020157976828 0.087762551738673
0.267619137647729 0.086606305158452
0.248245897416537 0.085200727838423
0.229920016837721 0.083563998139726
0.212643927496866 0.081720434513563
0.196405609123108 0.079698313434715
0.181181200107732 0.077529429690426
0.166937500257214 0.075248750908383
0.153634637732063 0.072889194825208
0.141229182621595 0.070477810867962
0.129685332512369 0.068010752734044
0.118967861548252 0.065475504551400
0.109035634617783 0.062871022770025
0.099843899372463 0.060204273801430
0.091345289385082 0.057494598230719
0.083488941902625 0.054790387056947
0.076225582341164 0.052134879077555
0.069509236550867 0.049554919589097
0.063298301972873 0.047041987015108
0.057554337588024 0.044580095856524
0.052241375312336 0.042160615084028
0.047326341822029 0.039780709728487
0.042786126325973 0.037453210935622
0.038603646992137 0.035199067781655
0.034759520196155 0.033033023641235
0.031232933262392 0.030964602804308
0.028002556505425 0.028999376016478
0.025047192356032 0.027139950365423
0.022342230890012 0.025380443420072
0.019848557775641 0.023689121608683
0.017531432826359 0.022038328279638
0.015364777101573 0.020411429777923
0.013329176571284 0.018799865108870
0.011411840409378 0.017201548540376
0.009628303527427 0.015629109374474
0.008006033399666 0.014101881469032
0.006559227274073 0.012634296392712
0.005291679971813 0.011236648901821
0.004199725890588 0.009916029359157
0.003274506791656 0.008677065302006
0.002503712331054 0.007522510765323
0.001872909088838 0.006453714167579
0.001366549223960 0.005470989347744
0.000968730456071 0.004573909381274
0.000663763754590 0.003761538844466
0.000436593033134 0.003032617035417
0.000273101618353 0.002385702132804
0.000160332744369 0.001819284250850
0.000086645388660 0.001331873726075
0.000041822073177 0.000922069666124
0.000017141536619 0.000588612736425
0.000005426226251 0.000330425303587
0.000001072189361 0.000146641351882
0.000000067027636 0.000036628005972
0.000000000000000 0.000000000000000
0.000000064711549 -0.000035969435919
0.000001039355695 -0.000144011047701
0.000005294940003 -0.000324522316482
0.000016878143724 -0.000578157087195
0.000041506917797 -0.000905799613942
0.000086466464780 -0.001308518320520
0.000160620757362 -0.001787515116415
0.000274378231902 -0.002344054320402
0.000439631951659 -0.002979369419338
0.000669668025115 -0.003694542715366
0.000979030097335 -0.004490351226545
0.001383324200347 -0.005367070451059
0.001898943784849 -0.006324225433733
0.002542689102143 -0.007360275875668
0.003331247936625 -0.008472218665472
0.004280495593977 -0.009655087011689
0.005404560507854 -0.010901320104420
0.006714587179783 -0.012199970658833
0.008217109580123 -0.013535709454374
0.009911924559823 -0.014887575655001
0.011789324925272 -0.016227408744480
0.013829128264055 -0.017519741619768
0.016029049398142 -0.018742813829496
0.018405885037886 -0.019890563783693
0.020980593325082 -0.020963585147202
0.023778948852726 -0.021971715821363
0.026831922084561 -0.022935782252064
0.030164842766991 -0.023863387420980
0.033795748680132 -0.024746848058576
0.037741144459993 -0.025579285932816
0.042015062097249 -0.026355931992577
0.046627557625482 -0.027075361446085
0.051582946815748 -0.027741055145038
0.056891427794486 -0.028357100981776
0.062581493128938 -0.028923888910483
0.068686977283004 -0.029445884906955
0.075246424256494 -0.029934349474747
0.082300966337768 -0.030401161225395
0.089886477063183 -0.030836047995942
0.098037897238762 -0.031219880689343
0.106790737452426 -0.031530612464527
0.116185255899275 -0.031760944293086
0.126264903932698 -0.031915694082220
0.137074169364395 -0.032008011332314
0.148657953905866 -0.032062530243823
0.161060659091212 -0.032107646152262
0.174324645683344 -0.032125236585834
0.188489116368861 -0.032069893932015
0.203588668343435 -0.031879360426106
0.219652293774690 -0.031503912595228
0.236702418137705 -0.030945966837998
0.254751898662172 -0.030225648723144
0.273801754077409 -0.029378974730755
0.293839037441117 -0.028460773884975
0.314834722471637 -0.027539337907998
0.336740873188359 -0.026634951022235
0.359489820446034 -0.025735822458898
0.382994286232434 -0.024825473937643
0.407147896278799 -0.023883520666187
0.431826907734478 -0.022900589373746
0.456892880060053 -0.021887556423872
0.482195902205443 -0.020858306116837
0.507578824900070 -0.019827539269345
0.532881960309880 -0.018805802000193
0.557948004103314 -0.017797509645247
0.582626892153230 -0.016806392620892
0.606780072043256 -0.015835906285890
0.630284003801415 -0.014890134686354
0.653032692305914 -0.013973842547497
0.674939168520948 -0.013091046565272
0.695935987570138 -0.012244886936816
0.715974832963300 -0.011437584230568
0.735025387875154 -0.010670321930167
0.753073672175314 -0.009943563900604
0.770120029937929 -0.009257219105906
0.786176945439167 -0.008610727225439
0.801266836855809 -0.008003144935840
0.815419941397860 -0.007433241686866
0.828672370444263 -0.006899576390322
0.841064382288287 -0.006400539689568
0.852638895351013 -0.005934412093863
0.863440243965640 -0.005499414678565
0.873513165352373 -0.005093750394072
0.882901997701265 -0.004715636791363
0.891650064589673 -0.004363331166616
0.899799219289750 -0.004035149160904
0.907389522935286 -0.003729477093537
0.914459032318293 -0.003444781049886
0.921043675552644 -0.003179613121973
0.927177196645490 -0.002932613626332
0.932891152921210 -0.002702511146819
0.938214951930881 -0.002488121000056
0.943175916930829 -0.002288342560704
0.947799372164225 -0.002102155797521
0.952108741019409 -0.001928617297466
0.956125651680771 -0.001766855993279
0.959870046158905 -0.001616068759090
0.963360289618651 -0.001475515997231
0.966613277750145 -0.001344517306375
0.969644540581732 -0.001222447294902
0.972468341644187 -0.001108731582966
0.975097771789284 -0.001002843021008
0.977544837265036 -0.000904298140425
0.979820541873750 -0.000812653843222
0.981934963203272 -0.000727504330837
0.983897323039328 -0.000648478267700
0.985716052148143 -0.000575236171787
0.987398849671983 -0.000507468022332
0.988952737412542 -0.000444891073568
0.990384109293530 -0.000387247862722
0.991698776298434 -0.000334304400311
0.992902007175540 -0.000285848530944
0.993998565192290 -0.000241688453265
0.994992741206845 -0.000201651388226
0.995888383307704 -0.000165582385580
0.996688923253539 -0.000133343259237
0.997397399925645 -0.000104811642928
0.998016479985389 -0.000079880158414
0.998548475908834 -0.000058455689321
0.998995361550920 -0.000040458754445
0.999358785372008 -0.000025822975189
0.999640081440645 -0.000014494632542
0.999840278307808 -0.000006432309758
0.999960105829891 -0.000001606617638
1.000000000000000 0.000000000000000
