1.000000000000000 0.000000000000000
0.999960502829907 0.000009844358875
0.999841866154627 0.000039405898562
0.999643653507666 0.000088770138154
0.999365134197956 0.000158080043189
0.999005278409215 0.000247536678548
0.998562750278356 0.000357400127241
0.998035898891781 0.000487990679867
0.997422747120339 0.000639690301066
0.996720978195237 0.000812944380898
0.995927919908246 0.001008263780899
0.995040526300131 0.001226227186561
0.994055356681433 0.001467483780395
0.992968551809567 0.001732756252485
0.991775807025996 0.002022844168885
0.990472342137175 0.002338627722429
0.989052867803612 0.002681071895884
0.987511548183366 0.003051231074227
0.985841959560532 0.003450254151772
0.984037044677020 0.003879390191508
0.982089062478936 0.004339994709394
0.979989532989265 0.004833536676679
0.977729177029414 0.005361606360260
0.975297850537202 0.005925924156818
0.972684473273090 0.006528350623937
0.969876951776171 0.007170897974247
0.966862096534635 0.007855743381850
0.963625533482395 0.008585244560068
0.960151610136816 0.009361958214004
0.956423296967957 0.010188662160740
0.952422084956492 0.011068382156940
0.948127880778976 0.012004424794006
0.943518901682994 0.013000418233853
0.938571572913307 0.014060363086364
0.933260431560040 0.015188696398465
0.927558041961250 0.016390372562528
0.921434929346187 0.017670965986312
0.914859540291061 0.019036801621959
0.907798240806350 0.020495120940422
0.900215365495309 0.022054292651009
0.892073334196688 0.023724079355936
0.883332855777387 0.025515973286699
0.873953223339954 0.027443532406838
0.863891927191887 0.029519168829637
0.853104483088098 0.031751276219478
0.841545713164188 0.034147089204037
0.829170529314027 0.036712462239345
0.815934847885001 0.039451254992331
0.801796717722801 0.042364596247439
0.786717674076720 0.045450028797651
0.770664296088459 0.048700143189979
0.753609577222193 0.052094205001601
0.735534768206815 0.055594936218437
0.716431674403217 0.059151314466990
0.696304725052876 0.062697247009816
0.675173040337561 0.066151274792928
0.653078663019134 0.069458106610412
0.630093975098762 0.072628594377902
0.606314750132354 0.075692664426421
0.581858792411080 0.078694091761411
0.556859112825301 0.081652967870224
0.531450196187888 0.084486290193286
0.505775293029952 0.087087787583192
0.479985213942343 0.089352201148462
0.454239754274196 0.091203156303251
0.428707847944525 0.092616686804285
0.403552415394269 0.093584984179847
0.378924139338975 0.094112016869753
0.354954802435805 0.094221612410997
0.331754335753706 0.093956156586812
0.309412795001353 0.093362294773294
0.288000068281419 0.092487913162135
0.267571725006108 0.091355829181955
0.248175467472732 0.089938573752400
0.229838717809418 0.088220609040816
0.212569143069630 0.086204590362509
0.196357753589228 0.083907234153436
0.181181366029852 0.081362133308815
0.167002718623970 0.078644866130387
0.153777060497797 0.075831872378592
0.141456121640003 0.072983317121860
0.129996115392641 0.070123203774421
0.119359082881330 0.067241477356699
0.109502687366411 0.064335107107473
0.100381458842854 0.061408288642305
0.091948019358607 0.058472766856189
0.084147612658653 0.055582057337456
0.076924342825230 0.052802137440351
0.070228295835518 0.050175707525862
0.064016773616491 0.047692390341557
0.058253383807111 0.045297926476195
0.052904511961597 0.042953924186377
0.047939024995688 0.040636995217219
0.043337784030381 0.038340561130928
0.039106191569465 0.036079613852989
0.035243294718040 0.033868984505054
0.031739086822020 0.031719960382020
0.028577510173399 0.029640962203037
0.025738694356982 0.027638101856860
0.023199739058659 0.025715352890051
0.020908308935252 0.023865761827020
0.018790625660704 0.022074124822199
0.016792932150609 0.020330806670539
0.014878825673492 0.018630926611274
0.013024932304241 0.016973003312595
0.011219377698559 0.015358355939696
0.009491168212748 0.013797839705605
0.007888964462683 0.012306750416566
0.006442592064952 0.010895715263700
0.005166642511739 0.009571499240813
0.004064565400221 0.008337948318755
0.003131847276893 0.007196733102068
0.002358472953103 0.006147934213503
0.001730824028732 0.005190502203160
0.001233136837563 0.004322618061035
0.000848616303721 0.003541975068558
0.000560281848817 0.002845998472698
0.000351605385067 0.002232016079794
0.000206988676305 0.001697390166167
0.000112117237795 0.001239618945831
0.000054219915136 0.000856414108771
0.000022256885563 0.000545759555231
0.000007053705682 0.000305955329783
0.000001394902608 0.000135649844742
0.000000087240211 0.000033862728386
0.000000000000000 0.000000000000000
0.000000083374757 -0.000033065174100
0.000001339664652 -0.000132306954270
0.000006830044002 -0.000297858896006
0.000021800354883 -0.000529925938605
0.000053902696211 -0.000828757005202
0.000113517420989 -0.001194604758998
0.000214183552042 -0.001627669988929
0.000372204498372 -0.002127910311222
0.000604882349884 -0.002694639229745
0.000930895087689 -0.003326342623763
0.001370041936511 -0.004020358962445
0.001942675160553 -0.004772449898601
0.002668940363157 -0.005576260417493
0.003567768873336 -0.006422641699674
0.004655550580079 -0.007298803123506
0.005944396352275 -0.008187251439664
0.007439874890378 -0.009064464670125
0.009138078147191 -0.009899235183006
0.011021830628013 -0.010650600002252
0.013056038678622 -0.011265458230479
0.015208657851294 -0.011699313056910
0.017485730509749 -0.011950143326031
0.019902384864451 -0.012036871452973
0.022479815939333 -0.012001936568229
0.025247148297219 -0.011919629317397
0.028234874405137 -0.011865075755907
0.031459667380459 -0.011842938377024
0.034935950070600 -0.011841074172135
0.038677895703492 -0.011839534106114
0.042698915528090 -0.011807873387870
0.047010959934199 -0.011701666008443
0.051624012886551 -0.011460087114652
0.056553885828022 -0.011043428731788
0.061824912654483 -0.010446483401673
0.067464626496759 -0.009673918318860
0.073504046626521 -0.008743006621224
0.079977867383912 -0.007682411682065
0.086923509341852 -0.006514854780216
0.094382584159943 -0.005272202408924
0.102401657229254 -0.004003294548918
0.111026293721980 -0.002742915373852
0.120299361114980 -0.001504497096951
0.130264656459848 -0.000302502262722
0.140966377366792 0.000846793484139
0.152448261070772 0.001925934150502
0.164753429054351 0.002928391547579
0.177923453667595 0.003865257131976
0.191996112909397 0.004760616667405
0.207003952415673 0.005650573229665
0.222975740669853 0.006550442115225
0.239933741848040 0.007463279145494
0.257890220039951 0.008394679068756
0.276845202803269 0.009353523705155
0.296784280205483 0.010352518807001
0.317677282862374 0.011390707586917
0.339477765481379 0.012424310854671
0.362120858033721 0.013392732860915
0.385522657233272 0.014223976690636
0.409580012610758 0.014840586089260
0.434167673758283 0.015189760717171
0.459142804606073 0.015233644079357
0.484350575178899 0.014939414483219
0.509629751822992 0.014298936578784
0.534822858003078 0.013417525090878
0.559777225090333 0.012442604600839
0.584347253869152 0.011516202170362
0.608397742065057 0.010742008295706
0.631804984673627 0.010100500192773
0.654461943403725 0.009543469821708
0.676280733228587 0.009029332084004
0.697193193973924 0.008525677452820
0.717150890875739 0.008022947507723
0.736123666135804 0.007523126009255
0.754097650846762 0.007028396653544
0.771073250803353 0.006540894764017
0.787062970327239 0.006062725153130
0.802089297943091 0.005598907508874
0.816182575706080 0.005156585980261
0.829378935572375 0.004740666748900
0.841718584694858 0.004354040171385
0.853244336617662 0.003998033313049
0.864000382374565 0.003672799002677
0.874031290137975 0.003377639765037
0.883381210804413 0.003111176230267
0.892093235010516 0.002870322680846
0.900208969281302 0.002651342239612
0.907768253248504 0.002451167979095
0.914808945261064 0.002267302579575
0.921366795189323 0.002097705095268
0.927475386555730 0.001940699616033
0.933166131863754 0.001794902051312
0.938468307706561 0.001659161730054
0.943409118694270 0.001532514994497
0.948013781395085 0.001414148426134
0.952305621331114 0.001303369757763
0.956306177617118 0.001199584887349
0.960035311105913 0.001102279716436
0.963511312939907 0.001011005791432
0.966751011238110 0.000925368935635
0.969769874304314 0.000845020229736
0.972582109254997 0.000769648834928
0.975200755360906 0.000698976261481
0.977637771697022 0.000632751771774
0.979904118920647 0.000570748674708
0.982009835162569 0.000512761321778
0.983964106134607 0.000458602656838
0.985775329638768 0.000408102204239
0.987451174717268 0.000361104405472
0.988998635715426 0.000317467234218
0.990424081546224 0.000277061035153
0.991733300450313 0.000239767543826
0.992931540541611 0.000205479054207
0.994023546418883 0.000174097707801
0.995013592109683 0.000145534883797
0.995905510596226 0.000119710674150
0.996702720154193 0.000096553430905
0.997408247715898 0.000075999375732
0.998024749449301 0.000057992263782
0.998554528724326 0.000042483095574
0.998999551618181 0.000029429871990
0.999361460091965 0.000018797388451
0.999641582951923 0.000010557065218
0.999840944690247 0.000004686811453
0.999960272282355 0.000001170921200
1.000000000000000 0.000000000000000
