1.000000000000000 0.000000000000000
0.999962364940076 0.000017309249691
0.999849020541758 0.000067894107045
0.999658667443810 0.000147818831819
0.999389202164848 0.000250839144283
0.999037814328952 0.000368894693635
0.998601131078244 0.000492838583129
0.998075417464337 0.000613446394201
0.997456844858571 0.000722762805091
0.996741843272937 0.000815862446031
0.995927558134748 0.000893124007835
0.995012437745648 0.000963143958635
0.993996984670778 0.001046449918885
0.992884382839329 0.001178610963615
0.991675248467008 0.001384788966411
0.990365379128899 0.001668855066836
0.988948793383075 0.002028207197751
0.987417368384106 0.002452038171927
0.985760211349640 0.002918286011847
0.983963871995018 0.003394975315948
0.982018437636017 0.003872145860654
0.979916056258199 0.004354463527073
0.977648893748029 0.004850916385756
0.975209348994793 0.005376267752167
0.972590081506008 0.005951589413012
0.969780470223169 0.006586655075139
0.966766046955523 0.007277522464754
0.963530221997674 0.008015830281819
0.960053938593249 0.008787588639749
0.956316137993893 0.009575811374854
0.952297189039741 0.010377226848878
0.947977162821410 0.011194505070876
0.943335013406881 0.012032763728021
0.938348406686750 0.012899431835104
0.932992103455261 0.013798822560949
0.927238484952228 0.014734579716465
0.921058080952986 0.015712129045696
0.914419308676606 0.016737477804412
0.907288056063681 0.017814883404967
0.899628112738601 0.018949429577640
0.891401228963190 0.020147094730165
0.882566824885926 0.021412525835298
0.873082475476210 0.022750493582471
0.862904346951936 0.024166471395935
0.851987619284725 0.025666379820607
0.840287193336067 0.027257027734978
0.827758131437879 0.028943362023847
0.814356517140584 0.030727152370196
0.800041213970658 0.032610458045594
0.784775859136286 0.034599165258590
0.768530151246025 0.036699235103922
0.751280811773163 0.038908793796434
0.733014244409297 0.041221781354563
0.713729487337045 0.043633103876090
0.693440109399676 0.046135890076475
0.672175752477064 0.048717231083617
0.649984224079573 0.051361183309343
0.626932951306898 0.054051033809355
0.603108688689333 0.056763229368868
0.578616944874984 0.059466586104632
0.553581021128558 0.062126114757309
0.528139878100359 0.064707731403436
0.502444948798796 0.067181767667271
0.476654494076812 0.069508801086391
0.450929430403828 0.071647044900696
0.425429547071205 0.073564689365203
0.400307847427074 0.075230703608554
0.375706228697013 0.076616775529153
0.351752529337746 0.077704064680796
0.328557492830097 0.078477140032585
0.306213080600825 0.078921602752317
0.284792439704760 0.079023149071982
0.264349938872943 0.078780508702646
0.244923099340142 0.078220889170449
0.226527635213573 0.077432372795917
0.209157639937992 0.076576029376791
0.192802015167432 0.075662679933672
0.177446569143375 0.074564261879301
0.163069404594742 0.073219311182435
0.149642259606977 0.071628198035951
0.137129644516687 0.069812548441936
0.125491358101805 0.067809487188088
0.114682552188262 0.065658556749727
0.104655435388994 0.063403857988086
0.095361048550762 0.061084961896260
0.086748851562652 0.058740899618199
0.078768670652923 0.056407444517573
0.071373906766432 0.054109063530837
0.064525172568606 0.051847835868529
0.058185871941855 0.049621127765226
0.052322064238656 0.047427124421193
0.046910272327926 0.045253944393592
0.041927826732793 0.043092046840647
0.037349471427232 0.040938477557294
0.033147772284510 0.038797066403425
0.029294809059674 0.036675133540003
0.025763722779418 0.034580262830447
0.022534840858697 0.032515862569673
0.019607962980404 0.030472599038986
0.016979394125841 0.028444068184319
0.014638428199258 0.026429146304804
0.012566179561181 0.024434128187076
0.010729365092288 0.022480075118898
0.009096345471386 0.020586049946602
0.007640569404818 0.018765769316018
0.006339744577419 0.017028780453213
0.005182200721085 0.015378639809905
0.004169975785646 0.013812226885615
0.003301095123162 0.012327080093761
0.002569006451294 0.010921931948270
0.001964078451724 0.009596365499817
0.001474533441382 0.008350742024106
0.001085257121985 0.007187850332201
0.000780530516560 0.006110890933788
0.000546310986032 0.005121754109659
0.000370152267910 0.004221332423480
0.000241088056858 0.003409800469641
0.000149523998494 0.002686837260924
0.000087139197319 0.002051802561238
0.000046797887993 0.001503876190351
0.000022471604617 0.001042167489156
0.000009171971741 0.000665800643873
0.000002894107526 0.000373980352182
0.000000570554152 0.000166041313824
0.000000035617951 0.000041484194040
0.000000000000000 0.000000000000000
0.000000034266906 -0.000040689213467
0.000000549615907 -0.000162947730685
0.000002793783213 -0.000367345438776
0.000008880255583 -0.000654822800020
0.000021840179922 -0.001026676099028
0.000045697113445 -0.001484535293809
0.000085566778360 -0.002030332884908
0.000147784732075 -0.002666261628661
0.000240178691257 -0.003394585867200
0.000375477369588 -0.004213803294409
0.000574792636072 -0.005114747916049
0.000868102003760 -0.006080236772155
0.001296857018945 -0.007082258549615
0.001917355550252 -0.008078295015442
0.002785627341025 -0.009022968734459
0.003910448015812 -0.009906223689945
0.005271956180215 -0.010735870535196
0.006820283739573 -0.011536474127236
0.008493371728464 -0.012340598332558
0.010289521794227 -0.013151658169117
0.012225350036856 -0.013966795723108
0.014323188126645 -0.014784671964348
0.016610405119643 -0.015605601958417
0.019103829122086 -0.016428115928188
0.021812876518557 -0.017250309518193
0.024744686761107 -0.018071892571285
0.027903686813767 -0.018894606389690
0.031300728786297 -0.019717770954611
0.034954537163957 -0.020537859820066
0.038886095284447 -0.021351805953356
0.043118532278682 -0.022157407007604
0.047674771919110 -0.022952563700888
0.052577394346776 -0.023735830954511
0.057849644564936 -0.024507800693449
0.063516215368347 -0.025270309680294
0.069606324881897 -0.026022051993589
0.076151835401708 -0.026762139921165
0.083186582032001 -0.027491391360012
0.090746432536286 -0.028209063038921
0.098869072092815 -0.028914252563867
0.107593801250772 -0.029607594188039
0.116962282635239 -0.030287119798456
0.127017902706947 -0.030949843034297
0.137804926049147 -0.031593375693975
0.149368026118492 -0.032214597568685
0.161751298176653 -0.032811169546587
0.174997551989646 -0.033378311786494
0.189147056447704 -0.033908799961673
0.204235812556455 -0.034397008493629
0.220293809511650 -0.034840780029999
0.237343272730607 -0.035233031542652
0.255396922172490 -0.035550563451991
0.274455044793088 -0.035755393390646
0.294502799198572 -0.035786809173321
0.315508410089631 -0.035607287118979
0.337421508783154 -0.035224481055092
0.360173055078960 -0.034646228975227
0.383675034782892 -0.033880941796046
0.407821010042090 -0.032948603863116
0.432487705928814 -0.031879442773812
0.457537707418075 -0.030711851046836
0.482822242379987 -0.029481576696922
0.508184926419627 -0.028213674841297
0.533465722022364 -0.026908866141358
0.558506934610442 -0.025566006028258
0.583158244844316 -0.024187175209026
0.607281006195531 -0.022777498606587
0.630751403124826 -0.021339625191842
0.653462932995932 -0.019872829638446
0.675329578467979 -0.018399215101169
0.696285767760286 -0.016952648111385
0.716285445645986 -0.015562685634093
0.735301318464871 -0.014275503682168
0.753324541673830 -0.013187881050935
0.770356134822484 -0.012316663914583
0.786401782548685 -0.011542118055503
0.801479365070117 -0.010783251093635
0.815618955062480 -0.010035435158437
0.828857740031190 -0.009316716453096
0.841239642832599 -0.008693997712148
0.852810254374105 -0.008216006563288
0.863609086887915 -0.007795964341297
0.873672777011777 -0.007287529178618
0.883042586807011 -0.006632983363409
0.891769379651480 -0.005960653220816
0.899902557427556 -0.005399686011186
0.907485282058693 -0.005002250972365
0.914551748845726 -0.004699747741032
0.921133995769838 -0.004423297712933
0.927263421377850 -0.004131115756452
0.932971772425202 -0.003826078563202
0.938289386852291 -0.003524063746883
0.943244236721909 -0.003235912812138
0.947862056189112 -0.002968316663246
0.952166467517184 -0.002724458309715
0.956179198768023 -0.002505687011168
0.959920231006531 -0.002312178640977
0.963407863386831 -0.002142050921468
0.966658680522066 -0.001988565221399
0.969687935461459 -0.001845701809359
0.972509706990130 -0.001709319400922
0.975136970792707 -0.001576703655909
0.977581698355324 -0.001446937724890
0.979854924935510 -0.001320614597902
0.981966764159585 -0.001198326211658
0.983926472689834 -0.001080559320638
0.985742514425920 -0.000967711848583
0.987422627914723 -0.000860217453081
0.988973887487390 -0.000758650627704
0.990402728642450 -0.000663420232902
0.991714992091957 -0.000574766521626
0.992915967174341 -0.000492803651636
0.994010430739428 -0.000417552709924
0.995002681351147 -0.000348953961270
0.995896570647042 -0.000286896589067
0.996695531675736 -0.000231255248994
0.997402603064145 -0.000181899551114
0.998020450200362 -0.000138700492947
0.998551383682357 -0.000101535456431
0.998997375206728 -0.000070292065745
0.999360071047637 -0.000044871140582
0.999640803253351 -0.000025188928750
0.999840598666249 -0.000011178760482
0.999960185851517 -0.000002792232398
1.000000000000000 0.000000000000000
