1.000000000000000 0.000000000000000
0.999958761999494 0.000006312489725
0.999834910595848 0.000025343926714
0.999628032536617 0.000057375932493
0.999337435562439 0.000102876876668
0.998962143083984 0.000162500164336
0.998500886597168 0.000237081399315
0.997952095698713 0.000327633953467
0.997313885516659 0.000435342292585
0.996584041316507 0.000561552191969
0.995759999981013 0.000707756707389
0.994838827988024 0.000875576434629
0.993817195422893 0.001066732174304
0.992691345456311 0.001283007594749
0.991457058590253 0.001526198825078
0.990109610818216 0.001798047075883
0.988643724654023 0.002100149329771
0.987053511746923 0.002433840809033
0.985332405583014 0.002800041801231
0.983473139252316 0.003199487507443
0.981467798677998 0.003633575072618
0.979307664987581 0.004103676760590
0.976983103778782 0.004610867987763
0.974483461410101 0.005155777889758
0.971796944727594 0.005738394074817
0.968910481077050 0.006357808753205
0.965809742219746 0.007012670459672
0.962479628886361 0.007703575795376
0.958903853212689 0.008431726082239
0.955064710899724 0.009198391213816
0.950942983559109 0.010004928022977
0.946517841906624 0.010852807927545
0.941766783095945 0.011744067540932
0.936665629177166 0.012682495826533
0.931188427830904 0.013673321774938
0.925307413078853 0.014723457061508
0.918993016880643 0.015842049346379
0.912213639807808 0.017039637895452
0.904934893311626 0.018324326147304
0.897120105674051 0.019704486096186
0.888730572181127 0.021189800101146
0.879725693550899 0.022791290948067
0.870062894789518 0.024519464172176
0.859698027273218 0.026384660629565
0.848585991595306 0.028397881388355
0.836681349227643 0.030570558493806
0.823939034104075 0.032913823377262
0.810315459269135 0.035438632655782
0.795769807554902 0.038155577379427
0.780265494291393 0.041074264271585
0.763771933144709 0.044202917009601
0.746266386046756 0.047547234701311
0.727735418400242 0.051106383857001
0.708177364945015 0.054873538425299
0.687605135851325 0.058838404802471
0.666048667458653 0.062988882142436
0.643555758717898 0.067306037796371
0.620191799481791 0.071756164745282
0.596041142658766 0.076295785458808
0.571208139779927 0.080878991206939
0.545815328232260 0.085456439838514
0.519999478301956 0.089966703641975
0.493908671656624 0.094340878408868
0.467699739924439 0.098510018493679
0.441533496137850 0.102408519188342
0.415570106004920 0.105974764634900
0.389963964421093 0.109153404565325
0.364859411314125 0.111886797315669
0.340387376345540 0.114128422666806
0.316664836810246 0.115850604549942
0.293790835393550 0.117038689409433
0.271846535587622 0.117679276966701
0.250894125563031 0.117770916906601
0.230979764065552 0.117319090424501
0.212132781542411 0.116340214693040
0.194370673966489 0.114853421314668
0.177694953134376 0.112893617835521
0.162096250392522 0.110510616006104
0.147553632978545 0.107755082370298
0.134045413659483 0.104657977592658
0.121539739610978 0.101254526195356
0.110001005401455 0.097592475810782
0.099387414648569 0.093724190521521
0.089647716450412 0.089707634180349
0.080724073701759 0.085608149040903
0.072557574703715 0.081480652592569
0.065093740997733 0.077364454359414
0.058281569513068 0.073287676180425
0.052070700678248 0.069273650399753
0.046416206855453 0.065339647084940
0.041277452102300 0.061498224567169
0.036614031606305 0.057759878488299
0.032387695930961 0.054132799772274
0.028565327878028 0.050622171536350
0.025114957898606 0.047231902667802
0.022005354714213 0.043965034974469
0.019207767313559 0.040823813139670
0.016699587017779 0.037809892619263
0.014459108398956 0.034924155952280
0.012464427081658 0.032166741217437
0.010694047202909 0.029537158876397
0.009127449703282 0.027034421808599
0.007745675266380 0.024657187321482
0.006530856241926 0.022403763070553
0.005466201101769 0.020272173524360
0.004536080318270 0.018260237516831
0.003726058358318 0.016365634552752
0.003023116943680 0.014586028070718
0.002418546416961 0.012919967266700
0.001905574063396 0.011366247901979
0.001476414532032 0.009923100550833
0.001122693850836 0.008588360737012
0.000835834831251 0.007359623470345
0.000607341546923 0.006234363985294
0.000429006457301 0.005210031715367
0.000293058607803 0.004284123114740
0.000192267302220 0.003454237802216
0.000120012474345 0.002718121594476
0.000070331123889 0.002073688385015
0.000037950393671 0.001518957172828
0.000018295156582 0.001052208561488
0.000007491156077 0.000672066357523
0.000002369582603 0.000377456868334
0.000000467983862 0.000167576268099
0.000000029249111 0.000041866705504
0.000000000000000 0.000000000000000
0.000000027565010 -0.000040630288058
0.000000442627947 -0.000162705681700
0.000002254037733 -0.000366770675572
0.000007182777068 -0.000653701922047
0.000017722791113 -0.001024660106035
0.000037229163019 -0.001481018742167
0.000070036798023 -0.002024265844195
0.000121613897853 -0.002655872928655
0.000198755803278 -0.003377124056016
0.000309826310023 -0.004188895495531
0.000465055387808 -0.005091374019052
0.000676904434014 -0.006083698654455
0.000960512870098 -0.007163506800534
0.001334243160949 -0.008326360722412
0.001819972345394 -0.009565300404535
0.002437418764998 -0.010874731017636
0.003202098848956 -0.012251520935978
0.004127884352130 -0.013692562442657
0.005225988983825 -0.015194804379388
0.006503480019633 -0.016755417964032
0.007961322850304 -0.018372029154753
0.009593141792177 -0.020042929286955
0.011402377654134 -0.021765806841566
0.013404680406687 -0.023537775720171
0.015616756327740 -0.025356621289650
0.018055823566558 -0.027221284833892
0.020739261621862 -0.029132490737479
0.023684850525760 -0.031091785521804
0.026913219409353 -0.033095001091678
0.030446107465880 -0.035135606719123
0.034305115935737 -0.037206497453461
0.038510956161538 -0.039300162528562
0.043086341454586 -0.041407887661538
0.048060713336696 -0.043518503966154
0.053465341972553 -0.045619844153178
0.059332127058105 -0.047699279679113
0.065694490972295 -0.049741977346477
0.072589310175915 -0.051727555853283
0.080054083483534 -0.053633142468409
0.088125909051265 -0.055434163656355
0.096844777590127 -0.057103822167790
0.106252325020055 -0.058613964284102
0.116388456054328 -0.059936433772559
0.127293783750401 -0.061035821324020
0.139009252946395 -0.061867690396095
0.151571849981590 -0.062386639746896
0.165017120052542 -0.062563082171238
0.179376929743957 -0.062387399185042
0.194677356516092 -0.061866182117698
0.210945542030533 -0.061020497109217
0.228202833908870 -0.059895150653502
0.246461404837746 -0.058528566890836
0.265722448922130 -0.056941330255747
0.285973186358884 -0.055160567535913
0.307183711326154 -0.053202032265215
0.329306165449596 -0.051084776738592
0.352273618657034 -0.048829700463471
0.375999739425870 -0.046461159422671
0.400378902291498 -0.044004117655166
0.425287548432592 -0.041482305369375
0.450587196946175 -0.038923083496541
0.476127959807882 -0.036357115155312
0.501752356280758 -0.033813124490766
0.527299444536502 -0.031310752500368
0.552610658256510 -0.028868355787706
0.577535212104633 -0.026508890978023
0.601933874273671 -0.024253569183196
0.625681775526112 -0.022114211741632
0.648671310683280 -0.020096380657232
0.670814197675546 -0.018204958217594
0.692042018871881 -0.016444487769638
0.712305597417100 -0.014816521716309
0.731573820807443 -0.013319753482235
0.749832047010406 -0.011950595841216
0.767080079308560 -0.010703394586744
0.783329963720482 -0.009570800036149
0.798603843101690 -0.008544864905364
0.812931863785361 -0.007618206665785
0.826350206922822 -0.006784219093022
0.838899281992735 -0.006035965165442
0.850622208008180 -0.005366257195531
0.861563537130132 -0.004767732956404
0.871768273463250 -0.004233359910158
0.881281064682733 -0.003756581772907
0.890145568860471 -0.003331410755834
0.898403987344851 -0.002952438603204
0.906096740524549 -0.002614727955759
0.913262247982465 -0.002313796649822
0.919936789079839 -0.002045359520757
0.926154419477097 -0.001804657070755
0.931947004158722 -0.001587517368873
0.937344259832332 -0.001390547417508
0.942373814370993 -0.001210979388573
0.947061291281600 -0.001046623873346
0.951430424286928 -0.000896196360183
0.955503137894875 -0.000758730185396
0.959299644099195 -0.000633267899374
0.962838554305721 -0.000518879931003
0.966136989036005 -0.000414678057751
0.969210685351895 -0.000319903944546
0.972074115636352 -0.000234844935692
0.974740568625908 -0.000160100821474
0.977222222747647 -0.000095758060638
0.979530232197775 -0.000041524825464
0.981674806669151 0.000003149590451
0.983665284578433 0.000038984686464
0.985510200027439 0.000066800464565
0.987217329845620 0.000087338742604
0.988793742940028 0.000101168235834
0.990245885266326 0.000108969008136
0.991579625768038 0.000111513838962
0.992800294092410 0.000109620877327
0.993912715063649 0.000104118396700
0.994921240025896 0.000095818855302
0.995829775183913 0.000085500073455
0.996641807076498 0.000073891816767
0.997360425318446 0.000061666448880
0.997988342742959 0.000049432612074
0.998527913069210 0.000037731125548
0.998981146210109 0.000027032473245
0.999349721323997 0.000017735396533
0.999634997701516 0.000010166220407
0.999838023565658 0.000004578631929
0.999959542849241 0.000001153701935
1.000000000000000 0.000000000000000
