1.000000000000000 0.000000000000000
0.999958820296670 0.000008431192758
0.999835148834817 0.000033830811279
0.999628587441231 0.000076516545139
0.999338468743653 0.000137016367694
0.998963850457621 0.000216066015709
0.998503507208962 0.000314604932843
0.997955919704362 0.000433770112886
0.997319260996446 0.000574887063693
0.996591379513434 0.000739456853510
0.995769778433695 0.000929137883163
0.994851590878268 0.001145720632682
0.993833550264923 0.001391093137188
0.992711955009534 0.001667194326860
0.991482626567064 0.001975951584982
0.990140859565880 0.002319197892984
0.988681362493915 0.002698562687458
0.987098187028545 0.003115328982133
0.985384647176326 0.003570265210372
0.983533385458229 0.004064231410714
0.981536423841036 0.004598740743903
0.979384935265346 0.005175141757543
0.977069130142550 0.005794424078929
0.974578138741064 0.006457049260071
0.971899873310815 0.007162730819570
0.969020876996559 0.007910187402907
0.965926670875131 0.008698607284486
0.962602063388845 0.009529001251094
0.959030579622644 0.010402576640415
0.955194326655399 0.011320604952809
0.951073903330884 0.012284446262313
0.946648317047611 0.013295632473063
0.941894969456777 0.014356921031560
0.936789624524143 0.015472874615757
0.931306343247632 0.016649610439297
0.925417494177966 0.017895294451293
0.919093768377106 0.019220618967775
0.912303321988690 0.020635417056814
0.905011519021501 0.022147747343375
0.897181607604392 0.023766842221381
0.888774864605582 0.025503516761670
0.879750539880339 0.027369197156546
0.870065740656448 0.029374161100122
0.859676095322762 0.031529150607963
0.848536288711227 0.033845598648956
0.836600546120027 0.036334809436443
0.823823410057884 0.039007556721872
0.810160898855177 0.041874384339277
0.795571739618715 0.044945091173285
0.780018826873853 0.048228046156252
0.763471029682653 0.051729949409130
0.745904920474010 0.055454141893305
0.727306737813052 0.059399143105237
0.707674771847226 0.063558654430022
0.687021264139398 0.067919344099924
0.665374539005158 0.072460687731049
0.642781087760998 0.077156134712559
0.619306857766333 0.081973369953336
0.595036835904484 0.086869674731977
0.570073958765676 0.091788443322403
0.544539326049466 0.096668095678397
0.518570828372354 0.101447467898815
0.492318117193815 0.106058220861752
0.465937671109399 0.110420334728043
0.439590878891383 0.114459921930790
0.413440046718143 0.118115112363122
0.387641678708623 0.121324302603955
0.362342056240658 0.124028800855742
0.337675824234597 0.126179976929584
0.313762252931949 0.127744353057388
0.290704781474644 0.128705976580683
0.268587846488872 0.129062353461177
0.247478673190011 0.128807305087029
0.227426519144516 0.127944856484053
0.208468686805068 0.126481852127686
0.190624480787649 0.124448709475100
0.173899514081667 0.121902539145833
0.158285507852292 0.118902031611178
0.143768365762626 0.115492379121874
0.130320950736605 0.111726061144223
0.117910626289251 0.107665718831339
0.106493485654198 0.103376285242163
0.096013969394968 0.098934103677925
0.086410828774861 0.094411759714773
0.077623485659737 0.089865591158436
0.069594615798748 0.085336344575394
0.062267314908416 0.080857041676134
0.055591161254133 0.076450419244356
0.049520737037399 0.072131611012568
0.044010118852487 0.067913762372816
0.039016034028881 0.063808465497160
0.034498596320003 0.059825687940624
0.030418652251978 0.055973267762330
0.026738995528614 0.052256923740620
0.023428369074343 0.048679610272708
0.020457701033248 0.045242792637939
0.017798290979149 0.041947173629864
0.015422612704312 0.038792781380488
0.013307365597548 0.035779392848567
0.011431882445719 0.032906377305896
0.009775585202591 0.030172431884510
0.008318408012510 0.027575714702591
0.007041139086012 0.025113993024885
0.005925564491145 0.022785613248046
0.004954605029426 0.020589434292895
0.004112488289847 0.018523534545804
0.003384749863922 0.016585365194691
0.002758196352243 0.014771955813610
0.002220849474765 0.013080075301488
0.001761919124602 0.011506353057369
0.001373458019498 0.010047192931603
0.001049955271124 0.008698883387494
0.000785290917780 0.007457970184780
0.000572896112948 0.006321275324331
0.000406067592319 0.005285889179605
0.000278202366249 0.004349163127520
0.000182971041275 0.003508702683551
0.000114444213203 0.002762361154337
0.000067183249567 0.002108233825248
0.000036304312697 0.001544652701872
0.000017522524975 0.001070181823966
0.000007181633384 0.000683613169087
0.000002273302015 0.000383963161006
0.000000449177773 0.000170469795763
0.000000028078751 0.000042590395777
0.000000000000000 0.000000000000000
0.000000025680340 -0.000040712573692
0.000000412504149 -0.000163039386787
0.000002102024852 -0.000367538033092
0.000006704638013 -0.000655104949744
0.000016562895529 -0.001026924108465
0.000034843423511 -0.001484391111732
0.000065660884551 -0.002029008389241
0.000114238649483 -0.002662245606748
0.000187112264482 -0.003385357529522
0.000292383478076 -0.004199149331933
0.000440034603540 -0.005103676600878
0.000642315424862 -0.006097863905755
0.000914217819326 -0.007179021630956
0.001274056902401 -0.008342235575877
0.001744181969386 -0.009579597356791
0.002351846022021 -0.010879235562029
0.003128052777096 -0.012225706867804
0.004094759739262 -0.013608701581301
0.005267069919093 -0.015020688814068
0.006655422400760 -0.016454334560174
0.008263313403642 -0.017902873987522
0.010084300983188 -0.019360633581625
0.012104515337307 -0.020822827483136
0.014331653991345 -0.022281657443079
0.016783001795444 -0.023728365279099
0.019476371244611 -0.025155014231351
0.022429738377091 -0.026555223156162
0.025660932874064 -0.027924353405462
0.029188856872955 -0.029253132225069
0.033032605038658 -0.030529026782198
0.037209808036952 -0.031739905885585
0.041735438293433 -0.032874875261782
0.046625317345275 -0.033922968611869
0.051904209537417 -0.034869826107242
0.057598682358231 -0.035701911631614
0.063735187122006 -0.036408558699197
0.070340889163843 -0.036981193507625
0.077447409614865 -0.037407998110881
0.085087653583738 -0.037680138098704
0.093294321411294 -0.037795565558037
0.102102633950310 -0.037755376261166
0.111553550648542 -0.037559688010269
0.121689700110328 -0.037217978631354
0.132554573554857 -0.036749535378622
0.144192644848672 -0.036159307577967
0.156648391740054 -0.035448002103357
0.169965075073694 -0.034622212465782
0.184183172187173 -0.033684410586344
0.199338917429221 -0.032633524405529
0.215462827365470 -0.031472157892905
0.232577766027682 -0.030204800816747
0.250696887740788 -0.028839127771077
0.269821342518792 -0.027386181465538
0.289937513431722 -0.025852512883158
0.311015350416493 -0.024245319290540
0.333007038512529 -0.022577461992477
0.355845949727735 -0.020868755572561
0.379445803776433 -0.019139974564303
0.403700396121534 -0.017402713061425
0.428485730649291 -0.015667500144693
0.453663230542378 -0.013953291642311
0.479082993441972 -0.012283536205395
0.504587401045949 -0.010676619477495
0.530015861942055 -0.009144706190547
0.555210136097934 -0.007697541109357
0.580019148771384 -0.006342134421917
0.604303356612469 -0.005084233908629
0.627938406098818 -0.003931865267621
0.650817519669706 -0.002890923980307
0.672852803595860 -0.001961276151188
0.693975859030161 -0.001138457071740
0.714137566027811 -0.000417008089341
0.733306979674758 0.000208341947178
0.751469634454302 0.000743834391851
0.768625499225345 0.001196587411179
0.784786787205138 0.001574208821166
0.799975761939293 0.001884382267262
0.814222593825242 0.002133563894948
0.827563403288557 0.002327294072251
0.840038531728926 0.002471330211756
0.851691026762341 0.002571822866146
0.862565375596309 0.002635364052421
0.872706507180023 0.002667934823493
0.882158979823818 0.002674775057135
0.890966337723354 0.002659792732264
0.899170651421564 0.002625816966996
0.906812212539506 0.002575562513551
0.913929314397875 0.002511611234421
0.920558125863996 0.002436689081274
0.926732640383442 0.002354274948817
0.932484652084140 0.002267334884800
0.937843788045838 0.002178149931200
0.942837574396147 0.002088458183579
0.947491519354332 0.001999439043180
0.951829197479346 0.001911168162945
0.955872375035701 0.001823498610947
0.959641127829436 0.001736457053737
0.963153949047019 0.001650185421265
0.966427855668054 0.001564897036627
0.969478490036141 0.001480802004617
0.972320198332433 0.001397569400616
0.974966140300202 0.001314712523319
0.977428396581162 0.001232059878650
0.979718048084028 0.001149671932473
0.981845249778548 0.001067767791857
0.983819299361668 0.000986670273958
0.985648700729847 0.000906764346648
0.987341198695059 0.000828262385349
0.988903816080397 0.000751039458365
0.990342967261114 0.000675170625195
0.991664504496138 0.000600933471252
0.992873751497084 0.000528739970860
0.993975534712363 0.000459084582777
0.994974212228412 0.000392504959841
0.995873700250455 0.000329552428127
0.996677497167612 0.000270770001010
0.997388705235835 0.000216676174506
0.998010049930268 0.000167753129547
0.998543897028822 0.000124438266320
0.998992267492842 0.000087118232376
0.999356850210378 0.000056124793718
0.999639012663775 0.000031732047208
0.999839809577046 0.000014154592001
0.999959989590413 0.000003546374391
1.000000000000000 0.000000000000000
