1.000000000000000 0.000000000000000
0.999965577871989 0.000027043425343
0.999861468196496 0.000106102233762
0.999685187275230 0.000231110462478
0.999432752320757 0.000392461724402
0.999098926422520 0.000577795594305
0.998677581807699 0.000773162248308
0.998162202911595 0.000964632822979
0.997546558712173 0.001140447836020
0.996825583194234 0.001293825479415
0.995996514165925 0.001426587142394
0.995060354530924 0.001553800946486
0.994023737232924 0.001709697591682
0.992898667206357 0.001946795491203
0.991687433130316 0.002287706894338
0.990385020460271 0.002732713449588
0.988983013167771 0.003272037955129
0.987468461078577 0.003881995519639
0.985823878012260 0.004525170883742
0.984038010666380 0.005188720112198
0.982104363592075 0.005879389841972
0.980016971189890 0.006608830753506
0.977770715999736 0.007395029136764
0.975359116699779 0.008254644699919
0.972770009331534 0.009187789425425
0.969988466481588 0.010188958801562
0.966996916660927 0.011247912827293
0.963776413006775 0.012354014554628
0.960309325386966 0.013505137466267
0.956576906602019 0.014700154098914
0.952558801265000 0.015937617580406
0.948233274428599 0.017216431916241
0.943577182957157 0.018535947457639
0.938565849495447 0.019895919756679
0.933173376592836 0.021299804389164
0.927372932842696 0.022756928556354
0.921136720699379 0.024281190009422
0.914433675244358 0.025883279107524
0.907229110502283 0.027569628945373
0.899486281951954 0.029347800897543
0.891166051227065 0.031224841035704
0.882227318082370 0.033208463797415
0.872627180697378 0.035306979844043
0.862321198592234 0.037529082666374
0.851264046515435 0.039884372464241
0.839409971694377 0.042382579501793
0.826713452579179 0.045032423139913
0.813129184952503 0.047836379475882
0.798614847134687 0.050797573815947
0.783134191186644 0.053927125622918
0.766656463878035 0.057232320634866
0.749157200631723 0.060710341760798
0.730621498550648 0.064352850675507
0.711046956989322 0.068148984845206
0.690447098589885 0.072091027979237
0.668850633235864 0.076159253533520
0.646304003340790 0.080325911440556
0.622874846269505 0.084566907901738
0.598648694522790 0.088841357864383
0.573730188856660 0.093100529054477
0.548242370849137 0.097291618175307
0.522323919242034 0.101356987179596
0.496128041768091 0.105250073924013
0.469813515394474 0.108905335307222
0.443542471006325 0.112253752256162
0.417477870598632 0.115242681473034
0.391777004469835 0.117823676882849
0.366586077102103 0.119943458473595
0.342039741387694 0.121575219885137
0.318255164537579 0.122675316393310
0.295333061844678 0.123224944706829
0.273356590415562 0.123209719749448
0.252390701676808 0.122625769842077
0.232483931087169 0.121481723624604
0.213670527153207 0.119773935249870
0.195969909904188 0.117530499410232
0.179386281202750 0.114801914970405
0.163908543531326 0.111654157761960
0.149512405778738 0.108159737285886
0.136164421214621 0.104384640955148
0.123822269205043 0.100395218724559
0.112434292403124 0.096260708094571
0.101940186801095 0.092053367323651
0.092281455222999 0.087825451235167
0.083402378429111 0.083612989028255
0.075251328157648 0.079440485026308
0.067778158518551 0.075327543176653
0.060934900705750 0.071290725974637
0.054674931702543 0.067344147836335
0.048954094384962 0.063499497731322
0.043730967776199 0.059765285147467
0.038969473527136 0.056145229079962
0.034634822888618 0.052642204498109
0.030694690588023 0.049258892456987
0.027118223738306 0.045997526178297
0.023877032056171 0.042859120652988
0.020946409175962 0.039843119406918
0.018302126355957 0.036948895399882
0.015921947623751 0.034175827909669
0.013785666843516 0.031523201960108
0.011873350095847 0.028990122810072
0.010166842681811 0.026575339632761
0.008650420613917 0.024277203841441
0.007308448962779 0.022094024265179
0.006125727698810 0.020024108526608
0.005089863770897 0.018065951195416
0.004189578541610 0.016218059386508
0.003413107374693 0.014478799997502
0.002748605363600 0.012846448234988
0.002184894394048 0.011319493777073
0.001711645209771 0.009896654418842
0.001318731637473 0.008576423725783
0.000996373318772 0.007357126015966
0.000735287735616 0.006236996612647
0.000526907766401 0.005214300554746
0.000364420286564 0.004287847686323
0.000241630457471 0.003456471780375
0.000152187093369 0.002718682803433
0.000089866563413 0.002072824252718
0.000048800775478 0.001517202641096
0.000023648482520 0.001050188219421
0.000009722746508 0.000670292688502
0.000003084538936 0.000376228412956
0.000000610144435 0.000166952632801
0.000000038127160 0.000041699266989
0.000000000000000 0.000000000000000
0.000000035225994 -0.000040067975292
0.000000565309703 -0.000160423320859
0.000002876069592 -0.000361552571130
0.000009152950949 -0.000644375806431
0.000022546256720 -0.001010415656993
0.000047380978788 -0.001461697842534
0.000089718960466 -0.001999779743257
0.000157753877847 -0.002625499828534
0.000262359617519 -0.003338521662972
0.000417817698000 -0.004136644530720
0.000642729670826 -0.005014924990395
0.000961155687152 -0.005964563336708
0.001403926381934 -0.006971559911951
0.002000533180426 -0.008020885362925
0.002765696341168 -0.009103653397287
0.003706217721599 -0.010211821506860
0.004819203476685 -0.011337764187484
0.006091714981027 -0.012474897998642
0.007524461866287 -0.013619511405500
0.009126247316530 -0.014771656082859
0.010903332132056 -0.015936177214909
0.012858878412492 -0.017123359537936
0.015000862700535 -0.018336160317798
0.017341926667115 -0.019570151078723
0.019894489894525 -0.020820867100780
0.022670836795151 -0.022084115088625
0.025686091232032 -0.023355841985699
0.028956672651985 -0.024632740483439
0.032499041322613 -0.025912852645694
0.036331460483434 -0.027192981739144
0.040474743330223 -0.028467603567525
0.044950318647321 -0.029731783331943
0.049780976322851 -0.030981833818386
0.054991652327087 -0.032216074527299
0.060607888861573 -0.033435946896673
0.066657686975138 -0.034642071293845
0.073172364036610 -0.035832734587223
0.080184620033195 -0.037008269049788
0.087730010309958 -0.038167041917400
0.095846116098430 -0.039307764814568
0.104572336232520 -0.040430066631856
0.113950219599014 -0.041533458450978
0.124022530493036 -0.042617728709389
0.134833961601746 -0.043675424021879
0.146429497863545 -0.044698438521107
0.158853276941420 -0.045683889086372
0.172147684602253 -0.046630635203828
0.186353171676458 -0.047528805226612
0.201506035236585 -0.048366240359117
0.217636408182552 -0.049131891027773
0.234766411523531 -0.049814491187140
0.252908099090272 -0.050402558893982
0.272061210190684 -0.050886861601090
0.292211027201072 -0.051252694704321
0.313326429869688 -0.051473673270166
0.335357782930588 -0.051537147909049
0.358235946211650 -0.051429813843929
0.381871993311800 -0.051129154483348
0.406157522175449 -0.050618577612943
0.430965842824559 -0.049869380701121
0.456153609358236 -0.048835586085905
0.481564815474770 -0.047476447291526
0.507037056097254 -0.045791352468013
0.532404282403558 -0.043772762944866
0.557506457543681 -0.041452446243669
0.582190601651702 -0.038863524476499
0.606316415995542 -0.036037179361699
0.629769520593082 -0.033084174206241
0.652408518352809 -0.029771278632314
0.674199504192860 -0.026532580449539
0.695201245274661 -0.024346188710756
0.715260119716083 -0.022390380203804
0.734318619437444 -0.020423537465731
0.752409051337717 -0.018959773465480
0.769514187320454 -0.017796895406294
0.785614783919982 -0.016554138350455
0.800747441441865 -0.015410606160340
0.814946253866365 -0.014411544926887
0.828238525606989 -0.013441694155364
0.840667104076202 -0.012525151346565
0.852284707395448 -0.011774630102783
0.863133784637234 -0.011165880761244
0.873241938353621 -0.010496458734197
0.882641220222127 -0.009619472864688
0.891382052317256 -0.008610102135755
0.899532044915191 -0.007757228554053
0.907141304151835 -0.007170077648111
0.914238669826105 -0.006737323749913
0.920851961427938 -0.006361204476387
0.927009545230038 -0.005976021956560
0.932740324927956 -0.005548267100225
0.938075844580471 -0.005101518993585
0.943046166815253 -0.004666418378874
0.947678497265423 -0.004263261510117
0.951997497875593 -0.003904641314716
0.956025265375744 -0.003593867611121
0.959781123413652 -0.003321048460016
0.963282830927447 -0.003076623584003
0.966546865570974 -0.002853521716816
0.969588481481090 -0.002646580881594
0.972421772748747 -0.002452096818800
0.975059739658858 -0.002267472065255
0.977514355532620 -0.002090943933706
0.979796632604399 -0.001921374231486
0.981916685827228 -0.001758087205801
0.983883793854258 -0.001600745094972
0.985706456711062 -0.001449252950403
0.987392449873832 -0.001303686196394
0.988948874616253 -0.001164235813587
0.990382204594842 -0.001031167146920
0.991698328718234 -0.000904789214286
0.992902590397649 -0.000785432078473
0.993999823309252 -0.000673430382724
0.994994383818942 -0.000569111571184
0.995890180229630 -0.000472787644720
0.996690699013017 -0.000384749559976
0.997399028184303 -0.000305263580490
0.998017877970693 -0.000234569045634
0.998549598914173 -0.000172877145517
0.998996197536708 -0.000120370385555
0.999359349682369 -0.000077202498932
0.999640411636434 -0.000043498623535
0.999840429106501 -0.000019355605732
0.999960144135370 -0.000004842329682
1.000000000000000 0.000000000000000
