1.000000000000000 0.000000000000000
0.999959941798339 0.000002165103916
0.999839626100765 0.000008730012336
0.999638628659056 0.000019903208749
0.999356239146647 0.000036031092057
0.998991456249308 0.000057596181782
0.998542980711190 0.000085214225532
0.998009206253356 0.000119629802655
0.997388208255281 0.000161709862934
0.996677730060888 0.000212434451786
0.995875166738702 0.000272883643211
0.994977546089945 0.000344219415629
0.993981506657835 0.000427660847666
0.992883272444949 0.000524450560757
0.991678623991863 0.000635809767993
0.990362865407676 0.000762878572071
0.988930786869596 0.000906637249519
0.987376622021797 0.001067803112983
0.985693999753560 0.001246700052772
0.983875909661849 0.001443611546683
0.981914673778211 0.001659438817748
0.979801861860150 0.001895058993777
0.977528218277394 0.002151158382569
0.975083584023930 0.002428134512137
0.972456809174673 0.002725967668195
0.969635654527821 0.003044053477844
0.966606758391543 0.003381581093779
0.963355746913476 0.003739059294904
0.959867016469386 0.004117363550422
0.956123595686379 0.004517434055285
0.952107043940124 0.004940286673503
0.947797347379750 0.005387027882419
0.943172824871271 0.005859086454141
0.938210058989814 0.006358915190965
0.932883789261951 0.006889817524719
0.927166829523380 0.007456057258313
0.921030010859661 0.008063156551002
0.914442094776519 0.008717671332830
0.907369534442543 0.009425073124633
0.899776595763699 0.010190974897949
0.891625483032550 0.011021842624179
0.882876472272234 0.011925059903107
0.873488012127891 0.012907788776837
0.863417039963649 0.013976861261314
0.852619506426530 0.015139391430834
0.841050991614401 0.016402712879706
0.828667503561790 0.017774351071396
0.815426486609293 0.019261809335606
0.801288053884113 0.020872286103837
0.786216410243012 0.022612060827462
0.770181556439145 0.024486097228776
0.753161205098652 0.026497545145677
0.735142635797039 0.028645581220094
0.716124897030941 0.030925077290613
0.696121059287976 0.033326896752014
0.675160242769111 0.035837906942203
0.653289207460101 0.038440013958116
0.630573413352186 0.041109031581445
0.607097429293071 0.043814808863330
0.582963995910294 0.046516222868173
0.558292612070670 0.049161842938446
0.533217365312735 0.051687641445226
0.507883711738165 0.054018294082533
0.482446695965224 0.056088366040940
0.457066824363621 0.057848516511709
0.431904175469479 0.059265124287861
0.407113428351919 0.060321829505601
0.382838632154110 0.061016538107271
0.359209261298226 0.061360595081953
0.336336678755400 0.061382724247689
0.314312400660748 0.061124697026818
0.293207196586454 0.060626071284400
0.273071521680733 0.059922623563586
0.253937387931402 0.059044023642963
0.235820284911663 0.058010977570155
0.218720757273334 0.056844391906440
0.202627208848907 0.055563742638509
0.187517458762651 0.054188655590327
0.173361295938448 0.052737428808145
0.160122458627074 0.051226743936334
0.147760001793826 0.049672429250200
0.136230978618303 0.048084834639828
0.125490862311981 0.046472579152498
0.115494098284112 0.044845063351508
0.106196180614990 0.043209940929254
0.097553537409465 0.041574221855168
0.089523338264718 0.039945313363273
0.082064782720138 0.038328178723998
0.075139797038887 0.036724068556651
0.068711765343089 0.035135490516459
0.062745729800708 0.033566047886662
0.057210012378198 0.032018962662058
0.052076243534018 0.030496734799653
0.047317085594595 0.029002366369465
0.042906358924871 0.027539107449057
0.038819533194051 0.026108815358730
0.035034839160483 0.024706916211811
0.031531850009461 0.023329509525681
0.028291064167881 0.021975373719233
0.025294045154594 0.020645107628120
0.022524161259821 0.019340711028545
0.019970713422472 0.018066455022075
0.017624257265167 0.016827026807142
0.015474010466000 0.015626458793469
0.013508461323784 0.014468178110495
0.011715832996017 0.013355066676963
0.010084781966026 0.012287608972525
0.008606500473077 0.011254114273471
0.007272477684100 0.010243453516870
0.006073554938428 0.009250670520173
0.005000321580051 0.008275296595965
0.004043411311018 0.007320025041641
0.003193717530730 0.006389692430454
0.002444362077558 0.005491213844210
0.001803394402982 0.004637946324962
0.001277788369332 0.003842914375899
0.000864496038521 0.003114935231574
0.000553719789884 0.002459646740518
0.000331571496516 0.001880365386181
0.000182140810078 0.001378765625667
0.000089094727284 0.000955414983720
0.000036904661492 0.000610192177860
0.000011776250768 0.000342609716200
0.000002340007614 0.000152057612912
0.000000146768121 0.000037980871705
0.000000000000000 0.000000000000000
0.000000146756932 -0.000037980871770
0.000002339963180 -0.000152057613260
0.000011776152012 -0.000342609717313
0.000036904488978 -0.000610192180671
0.000089094463928 -0.000955414989800
0.000182140441882 -0.001378765637429
0.000331571013373 -0.001880365407098
0.000553719186446 -0.002459646775365
0.000864495315160 -0.003114935286685
0.001277787533201 -0.003842914459464
0.001803393469202 -0.004637946447355
0.002444361070557 -0.005491214018357
0.003193716483877 -0.006389692671520
0.004043410234205 -0.007320025354051
0.005000320472919 -0.008275296978337
0.006073553801154 -0.009250670969270
0.007272476517490 -0.010243454027303
0.008606499278674 -0.011254114837363
0.010084780746235 -0.012287609579118
0.011715831754183 -0.013355067312529
0.013508460061917 -0.014468178770655
0.015474009185561 -0.015626459479337
0.017624255968192 -0.016827027519786
0.019970712111668 -0.018066455762502
0.022524159938678 -0.019340711797688
0.025294043827373 -0.020645108426775
0.028291062836378 -0.021975374546934
0.031531848674347 -0.023329510381040
0.035034837822625 -0.024706917092850
0.038819531854554 -0.026108816262782
0.042906357585110 -0.027539108372662
0.047317084255732 -0.029002367310855
0.052076242197078 -0.030496735758408
0.057210011044416 -0.032018963637504
0.062745728471566 -0.033566048877820
0.068711764020135 -0.035135491522133
0.075139795723143 -0.036724069575773
0.082064781412711 -0.038328179755196
0.089523336966886 -0.039945314404769
0.097553536122563 -0.041574222905172
0.106196179340202 -0.043209941986666
0.115494097022746 -0.044845064414988
0.125490861065478 -0.046472580220411
0.136230977388019 -0.048084835710615
0.147760000581167 -0.049672430322115
0.160122457433558 -0.051226745007334
0.173361294765538 -0.052737429876573
0.187517457611831 -0.054188656654533
0.202627207721719 -0.055563743696643
0.218720756171296 -0.056844392956645
0.235820283836323 -0.058010978610386
0.253937386884276 -0.059044024671124
0.273071520663288 -0.059922624577537
0.293207195600108 -0.060626072282108
0.314312399706795 -0.061124698006827
0.336336677835018 -0.061382725208584
0.359209260412461 -0.061360596022551
0.382838631303817 -0.061016539026305
0.407113427537737 -0.060321830401172
0.431904174691823 -0.059265125157994
0.457066823622638 -0.057848517354336
0.482446695260817 -0.056088366854087
0.507883711069963 -0.054018294864154
0.533217364680157 -0.051687642193498
0.558292611472904 -0.049161843651570
0.582963995346415 -0.046516223544892
0.607097428762073 -0.043814809503231
0.630573412852973 -0.041109032184598
0.653289206991513 -0.038440014525130
0.675160242329918 -0.035837907473992
0.696121058876895 -0.033326897249725
0.716124896646654 -0.030925077755566
0.735142635438208 -0.028645581653722
0.753161204763937 -0.026497545549486
0.770181556127223 -0.024486097604326
0.786216409952588 -0.022612061176364
0.801288053613924 -0.020872286427698
0.815426486358116 -0.019261809635992
0.828667503328449 -0.017774351349828
0.841050991397772 -0.016402713137639
0.852619506225539 -0.015139391669651
0.863417039777280 -0.013976861482323
0.873488011955183 -0.012907788981266
0.882876472112284 -0.011925060092108
0.891625482884507 -0.011021842798834
0.899776595626771 -0.010190975059290
0.907369534315982 -0.009425073273620
0.914442094659627 -0.008717671470345
0.921030010751784 -0.008063156677859
0.927166829423909 -0.007456057375293
0.932883789170317 -0.006889817632557
0.938210058905480 -0.006358915290324
0.943172824793733 -0.005859086545624
0.947797347308539 -0.005387027966575
0.952107043874802 -0.004940286750828
0.956123595626534 -0.004517434126231
0.959867016414638 -0.004117363615410
0.963355746863470 -0.003739059354327
0.966606758345948 -0.003381581148004
0.969635654486329 -0.003044053527216
0.972456809136995 -0.002725967713022
0.975083583989797 -0.002428134552697
0.977528218246557 -0.002151158419136
0.979801861832379 -0.001895059026615
0.981914673753292 -0.001659438847116
0.983875909639580 -0.001443611572827
0.985693999733752 -0.001246700075928
0.987376622004271 -0.001067803133373
0.988930786854183 -0.000906637267349
0.990362865394217 -0.000762878587542
0.991678623980206 -0.000635809781301
0.992883272434951 -0.000524450572093
0.993981506649355 -0.000427660857213
0.994977546082849 -0.000344219423564
0.995875166732859 -0.000272883649701
0.996677730056170 -0.000212434456993
0.997388208251564 -0.000161709867012
0.998009206250517 -0.000119629805753
0.998542980709109 -0.000085214227793
0.998991456247865 -0.000057596183343
0.999356239145725 -0.000036031093051
0.999638628658538 -0.000019903209306
0.999839626100535 -0.000008730012583
0.999959941798281 -0.000002165103978
1.000000000000000 0.000000000000000
