1.000000000000000 0.000000000000000
0.999959857631910 0.000003732051172
0.999839286080991 0.000014957750377
0.999637851072845 0.000033766034844
0.999354825694226 0.000060306136566
0.998989185681939 0.000094789096801
0.998539602772736 0.000137489905377
0.998004436059373 0.000188750283447
0.997381721281957 0.000248982133053
0.996669157967495 0.000318671681043
0.995864094314037 0.000398384348266
0.994963509699233 0.000488770377151
0.993963994676386 0.000590571251393
0.992861728304504 0.000704626939749
0.991652452642647 0.000831883991143
0.990331444223383 0.000973404499165
0.988893482306056 0.001130375939145
0.987332813698415 0.001304121858257
0.985643108154405 0.001496079893088
0.983817389228261 0.001707660634165
0.981847991849245 0.001940285772409
0.979726510112692 0.002195394808042
0.977443732933314 0.002474407409073
0.974989572685360 0.002778671503966
0.972352986111646 0.003109392765204
0.969521900656526 0.003467667685568
0.966483227050717 0.003855361410296
0.963222750189437 0.004274925803638
0.959724998154762 0.004729070492240
0.955973144294997 0.005220786019883
0.951948905037867 0.005753370804634
0.947632430773130 0.006330432044290
0.943002160983673 0.006955622365134
0.938034712802212 0.007632635237442
0.932704784235311 0.008365287844361
0.926985046134934 0.009157455850883
0.920846050948120 0.010013036014149
0.914256283662986 0.010936857337733
0.907182152945643 0.011934899609402
0.899587921442442 0.013013724661042
0.891435765250044 0.014180492599344
0.882685854949097 0.015442631719636
0.873296488594243 0.016807239117541
0.863224463922273 0.018281387417317
0.852425532974374 0.019872045914049
0.840855098193957 0.021586592293207
0.828469042494604 0.023432906640422
0.815224663864622 0.025418640739599
0.801081743940399 0.027549885470231
0.786003786651325 0.029829334299052
0.769959877401073 0.032256882112801
0.752926983455152 0.034831724877586
0.734892310839190 0.037553677653726
0.715855004949318 0.040419443595326
0.695827376815759 0.043415737494170
0.674837187956159 0.046520837890288
0.652930513201399 0.049712095165703
0.630173241830840 0.052968137817177
0.606649285059165 0.056253235672115
0.582458493966810 0.059505484676722
0.557717561904500 0.062649212213547
0.532558321204656 0.065593694358010
0.507126908166047 0.068260556267939
0.481582498340986 0.070605697893302
0.456088188172464 0.072585883344081
0.430805335184008 0.074152118769909
0.405890446748122 0.075277631172744
0.381490728742589 0.075960398206909
0.357738918853944 0.076202442270421
0.334749967813201 0.076012398695443
0.312618860063962 0.075428559822083
0.291419535712245 0.074506700822881
0.271204042146373 0.073304862735072
0.252004371497040 0.071879128795375
0.233835881916776 0.070270820529035
0.216699108516806 0.068510499134704
0.200581556975791 0.066627947426061
0.185460287662286 0.064651417760285
0.171303841523007 0.062606690972462
0.158075528393766 0.060512630288565
0.145733993544712 0.058385875014888
0.134234929991812 0.056241034896710
0.123533138116686 0.054088699288964
0.113582241111089 0.051939474430253
0.104336519018226 0.049802795348674
0.095752357055519 0.047685702844925
0.087786714199978 0.045595317932413
0.080397711301802 0.043537971396016
0.073545720101340 0.041516168811640
0.067192936777510 0.039532240027136
0.061303374867617 0.037589369310087
0.055844886918622 0.035689878279870
0.050791175112820 0.033833611618614
0.046116533899557 0.032021234480329
0.041795518388849 0.030254303124238
0.037803040218043 0.028534220402029
0.034113056796828 0.026859328679185
0.030700985456960 0.025228252164548
0.027544602645384 0.023641029381162
0.024623820120285 0.022098604305641
0.021923365571834 0.020601866655688
0.019440829532383 0.019149706847705
0.017172960141050 0.017741600110773
0.015112480358488 0.016378103245040
0.013249432298406 0.015060473131025
0.011572124152585 0.013790371852844
0.010062129009541 0.012568217385387
0.008693472102307 0.011392697405844
0.007445192594026 0.010263732266634
0.006301400652709 0.009182352058730
0.005250165618571 0.008150325676532
0.004282635650694 0.007169882359746
0.003393224780936 0.006243448537801
0.002596349762779 0.005372400429106
0.001914337696981 0.004557691675053
0.001355052211377 0.003801169694649
0.000915414061370 0.003105280506309
0.000585063091380 0.002472786062851
0.000349218752995 0.001906548339058
0.000190905197567 0.001409365410185
0.000092672281629 0.000983847918831
0.000037915929467 0.000632326850444
0.000011878724117 0.000356785568247
0.000002323249264 0.000158860531245
0.000000144343899 0.000039750640032
0.000000000000000 0.000000000000000
0.000000139485695 -0.000039175067279
0.000002226723103 -0.000157084085666
0.000011229151388 -0.000354775314870
0.000035293257262 -0.000633646443217
0.000085535384679 -0.000994901154307
0.000175727668746 -0.001438748738123
0.000321856569877 -0.001963304900793
0.000541523078622 -0.002563136609186
0.000853143636245 -0.003227375734525
0.001274898643984 -0.003937304547814
0.001823367372378 -0.004663330103059
0.002513580178546 -0.005371835908378
0.003360926448526 -0.006044925149790
0.004377642970078 -0.006671014616098
0.005570305120775 -0.007244607733932
0.006937126784567 -0.007769159154923
0.008464486694959 -0.008260764554331
0.010123822587525 -0.008751509586949
0.011898240559803 -0.009262283045113
0.013794808685306 -0.009790387937323
0.015824227583098 -0.010330811859389
0.018000552962743 -0.010876963785796
0.020342162894326 -0.011420264906024
0.022872911512611 -0.011949683151883
0.025616177850484 -0.012455250116244
0.028586182752007 -0.012933166246922
0.031795693876876 -0.013381967293207
0.035256571260439 -0.013802779244954
0.038979043240663 -0.014200452415796
0.042971559129018 -0.014584010701066
0.047249488229918 -0.014955875086288
0.051835252812402 -0.015312106049080
0.056753948430830 -0.015648515146295
0.062033656842212 -0.015960926714251
0.067705517084720 -0.016245385582713
0.073800251991972 -0.016498288466570
0.080348500361661 -0.016716826708902
0.087382310943575 -0.016899651282044
0.094934922401225 -0.017047560366750
0.103042337640805 -0.017160071514793
0.111744555462546 -0.017232712325586
0.121083718187944 -0.017261175332526
0.131103674921933 -0.017242011098477
0.141848777930997 -0.017172070012339
0.153363142594588 -0.017048961202176
0.165690259298856 -0.016872410018394
0.178872264158512 -0.016642231886555
0.192949122721843 -0.016354990250810
0.207956786048969 -0.016007900257168
0.223925358883846 -0.015599667521027
0.240877074960734 -0.015130815046187
0.258824293386387 -0.014604395025620
0.277767337396234 -0.014022831755225
0.297692334266925 -0.013387349467162
0.318569228608589 -0.012701520640162
0.340350182434252 -0.011973474096076
0.362968410046370 -0.011214342538358
0.386337558654918 -0.010430874592406
0.410352232711044 -0.009626312274549
0.434889772963727 -0.008809570895863
0.459812844214361 -0.007997489028846
0.484972528119052 -0.007203041562220
0.510212305750804 -0.006427334263384
0.535373213276556 -0.005672283218974
0.560299038529949 -0.004949548116552
0.584840777131903 -0.004270654579997
0.608860618534185 -0.003638600647989
0.632235574685653 -0.003052958968672
0.654860154528188 -0.002515364636972
0.676647827139212 -0.002028197939603
0.697531444894550 -0.001591972562459
0.717462846124996 -0.001205304746657
0.736411774944277 -0.000865790221645
0.754364219374690 -0.000569722577241
0.771320422317236 -0.000312955824093
0.787292721050448 -0.000092020420141
0.802303356958893 0.000095153675983
0.816382357411605 0.000250872214312
0.829565592482290 0.000378154379664
0.841893052713691 0.000480818906788
0.853407385515861 0.000562413950707
0.864152657546978 0.000625954553699
0.874173344873505 0.000673454352808
0.883513533625010 0.000706658308939
0.892216306195698 0.000727292463260
0.900323285599944 0.000737179236662
0.907874312850987 0.000738427645912
0.914907238625553 0.000732874207408
0.921457799223262 0.000722028267752
0.927559560784696 0.000707137593499
0.933243917976552 0.000689326433271
0.938540128344625 0.000669545732083
0.943475375626348 0.000648536791922
0.948074854608451 0.000626873120771
0.952361868733084 0.000604985730741
0.956357933689719 0.000583015290389
0.960082886732495 0.000560927699269
0.963554997280990 0.000538737743793
0.966791073546057 0.000516499136552
0.969806565598293 0.000494290006701
0.972615663802782 0.000472195988764
0.975231389712870 0.000450062675500
0.977665684015308 0.000427532572708
0.979929491889178 0.000404422017817
0.982032838563472 0.000380694390294
0.983984898929027 0.000356416675741
0.985794061654919 0.000331726515546
0.987467988004881 0.000306806926390
0.989013660114234 0.000281755743880
0.990437426441006 0.000256498742817
0.991745061243381 0.000231080319598
0.992941805256320 0.000205661421736
0.994032400509263 0.000180480182769
0.995021121872054 0.000155821762524
0.995911805494499 0.000131995364473
0.996707874303951 0.000109316831669
0.997412360719637 0.000088095562523
0.998027926733551 0.000068624756371
0.998556881496484 0.000051174211596
0.999001196535010 0.000035985067817
0.999362518711430 0.000023266017891
0.999642181024263 0.000013190622723
0.999841211332049 0.000005895448186
0.999960339068254 0.000001478813676
1.000000000000000 0.000000000000000
