1.000000000000000 0.000000000000000
0.999959832531883 0.000002230126177
0.999839185363289 0.000008949617736
0.999637623247087 0.000020245921235
0.999354417581389 0.000036265130861
0.998988541594237 0.000057212483542
0.998538663541298 0.000083352990382
0.998003137855070 0.000115012137484
0.997379994165693 0.000152576562330
0.996666924094391 0.000196494578503
0.995861265700743 0.000247276379572
0.994959985444306 0.000305493699633
0.993959657499462 0.000371778640104
0.992856440239691 0.000446821285577
0.991646049683747 0.000531365620663
0.990323729671490 0.000626203118014
0.988884218511383 0.000732163186693
0.987321711815237 0.000850099438830
0.985629822344858 0.000980909254176
0.983801539867967 0.001125698907879
0.981829179777134 0.001285720267450
0.979704327437857 0.001462327596717
0.977417778598581 0.001656976341417
0.974959474236482 0.001871218468094
0.972318429527002 0.002106692981913
0.969482658685314 0.002365140031688
0.966439111647038 0.002648677339271
0.963173585816679 0.002959790748849
0.959670625981422 0.003301230387514
0.955913427495650 0.003676030251293
0.951883735276400 0.004087528397602
0.947561737839195 0.004539376451250
0.942925930290969 0.005035404122189
0.937952997543456 0.005579570751360
0.932617722802238 0.006176010135313
0.926892883942863 0.006828965957357
0.920749161494027 0.007542711924542
0.914155146387923 0.008322302992929
0.907077364003207 0.009174188771614
0.899480209664225 0.010105473342208
0.891326004163354 0.011123864768531
0.882575075111615 0.012237339379309
0.873185801783859 0.013452946770855
0.863114992374198 0.014777087113003
0.852318336929805 0.016215367056116
0.840751212723535 0.017774066216988
0.828369754395065 0.019462222744402
0.815131609738979 0.021289367800980
0.800997025096959 0.023264195203848
0.785929916932678 0.025391450989802
0.769899752761081 0.027672758594462
0.752883661187950 0.030107626190460
0.734868787488735 0.032695093758383
0.715854209206049 0.035431222544289
0.695852732956327 0.038306035250892
0.674892827352052 0.041302684322074
0.653020574935468 0.044399056699715
0.630300990305786 0.047568692391559
0.606817671002995 0.050775102430893
0.582670552715651 0.053957601717013
0.557976170685169 0.057042468722349
0.532866616872997 0.059943165865263
0.507487209049107 0.062578092108758
0.481996571925310 0.064905493150728
0.456557802297945 0.066892307211650
0.431331492519392 0.068489108912510
0.406472558672332 0.069662663700499
0.382127426422504 0.070414363776629
0.358427814976123 0.070753147636644
0.335487667826929 0.070687302884214
0.313400944038424 0.070245820717214
0.292241000025117 0.069481604013396
0.272059779435221 0.068450955802780
0.252888743884108 0.067210769621404
0.234742685282996 0.065805197731827
0.217622878579718 0.064255377400332
0.201517457021385 0.062582084545837
0.186403701840914 0.060811779384807
0.172250276711795 0.058971268954905
0.159020274362543 0.057080890335277
0.146673286045930 0.055153779877805
0.135165380976448 0.053203124615360
0.124451102534862 0.051240910701409
0.114484387147147 0.049278062314910
0.105219086052684 0.047325023282479
0.096611532487479 0.045387861710224
0.088620291006178 0.043469833822057
0.081204590373194 0.041575378603964
0.074325030276870 0.039708723605679
0.067944277800163 0.037872028046002
0.062026802558084 0.036068001592644
0.056538993411872 0.034299993644151
0.051451166906214 0.032570286926176
0.046739080382385 0.030878814961129
0.042378994007082 0.029226330583039
0.038347455747253 0.027614411036843
0.034621602366350 0.026044450613120
0.031178589959019 0.024513140675817
0.027996680323783 0.023016825643345
0.025055908768160 0.021554228928790
0.022337990649147 0.020125715172004
0.019827009416699 0.018732861263402
0.017516951980183 0.017379390134276
0.015404721838358 0.016069657060763
0.013483726589694 0.014807324420077
0.011744950298935 0.013595422498328
0.010177862576511 0.012436429143984
0.008770264098740 0.011330882639727
0.007504240912764 0.010269482382808
0.006362295569514 0.009243245630061
0.005330295758696 0.008248265295396
0.004396838368737 0.007284321196333
0.003552722759698 0.006353780949292
0.002790526870735 0.005460753487512
0.002107537470380 0.004611364335059
0.001521255151935 0.003817718800344
0.001044641655617 0.003090595767204
0.000677190476612 0.002436692535695
0.000409465102153 0.001859736288586
0.000226696759503 0.001361376678530
0.000111582557147 0.000941887787885
0.000046444407310 0.000600715793826
0.000014874303271 0.000336900882702
0.000002963066527 0.000149395559977
0.000000186121447 0.000037296178806
0.000000000000000 0.000000000000000
0.000000181814585 -0.000036767516730
0.000002933785768 -0.000147120243159
0.000015062061942 -0.000331177321772
0.000048297390803 -0.000589017987493
0.000118256489494 -0.000920407893745
0.000243423197742 -0.001324424618722
0.000444087403892 -0.001798963329300
0.000740747011323 -0.002340074510547
0.001152007004505 -0.002941107498901
0.001691851287990 -0.003591616960833
0.002366128362509 -0.004275977825038
0.003168074538701 -0.004971653266060
0.004084799010424 -0.005653456763125
0.005121190122578 -0.006307278165789
0.006285387478397 -0.006923873746517
0.007584686644200 -0.007498607767969
0.009024922142032 -0.008033599917796
0.010609661775027 -0.008540501008479
0.012339192329093 -0.009043956770795
0.014214242591755 -0.009568773232273
0.016243142512833 -0.010115234902497
0.018435975966206 -0.010678990229154
0.020803620438888 -0.011254067310854
0.023357758739653 -0.011832425146266
0.026110875030123 -0.012403390366211
0.029076335898015 -0.012955449679541
0.032268699480021 -0.013483893436522
0.035703507949421 -0.013987165910564
0.039397157983858 -0.014466059589849
0.043366791572640 -0.014924770345700
0.047630227804587 -0.015371757445783
0.052207826594998 -0.015810687711364
0.057123093851028 -0.016237841885832
0.062401433828369 -0.016649021670921
0.068070159903025 -0.017039957796940
0.074158548208582 -0.017406519795361
0.080697973280927 -0.017745070951823
0.087721869607844 -0.018052895048939
0.095265602281869 -0.018328775775443
0.103366349127942 -0.018573517122655
0.112063532704759 -0.018785522321262
0.121398730992602 -0.018959910953937
0.131414923200157 -0.019092170818541
0.142156016859156 -0.019178610816157
0.153666339462960 -0.019216185413880
0.165989769113648 -0.019203468189448
0.179168676253237 -0.019141282157669
0.193242866673280 -0.019027463763091
0.208248104033765 -0.018857005333155
0.224214285805666 -0.018625796548925
0.241163575077668 -0.018332166948781
0.259108291139772 -0.017977416352216
0.278048703234984 -0.017564808187065
0.297970906923385 -0.017096581707246
0.318844797653783 -0.016576455261814
0.340622340269544 -0.016007189209042
0.363236450196400 -0.015390612243429
0.386600714872796 -0.014731818971072
0.410609963418103 -0.014041219890859
0.435141613619575 -0.013329902772797
0.460058027532067 -0.012603811425773
0.485210111543947 -0.011868610284391
0.510441664060874 -0.011133499015526
0.535594045673929 -0.010408533720012
0.560510972019433 -0.009700195014106
0.585043302073693 -0.009012743993770
0.609053336610194 -0.008350125268568
0.632418281341803 -0.007715833470322
0.655032786033652 -0.007113940965496
0.676810444647340 -0.006549357222482
0.697684216950653 -0.006024708546761
0.717605981199963 -0.005538241310471
0.736545506732426 -0.005087376539302
0.754488849253473 -0.004670852684910
0.771436332340510 -0.004288100182131
0.787400342490419 -0.003937907448628
0.802403125410573 -0.003618067472970
0.816474700225705 -0.003326141419455
0.829650934807697 -0.003059920271432
0.841971835582909 -0.002817855417312
0.853480057188249 -0.002598434524275
0.864219661177526 -0.002399992995599
0.874235100684783 -0.002220326778535
0.883570430941779 -0.002057133487777
0.892268705010407 -0.001908444287914
0.900371519166388 -0.001772546967875
0.907918690345154 -0.001647801258156
0.914948046182730 -0.001532789108927
0.921495301314654 -0.001426348511567
0.927594001063486 -0.001327501426322
0.933275509969087 -0.001234928410573
0.938569051441323 -0.001147139869480
0.943501783121713 -0.001063076187136
0.948098880269457 -0.000982022497789
0.952383631790274 -0.000903516437955
0.956377541937693 -0.000827293119666
0.960100437695856 -0.000753233365123
0.963570580893172 -0.000681296151163
0.966804774350705 -0.000611490331752
0.969818464345786 -0.000543856106237
0.972625838762730 -0.000478456012301
0.975239931421606 -0.000415824461211
0.977672713363264 -0.000357121536727
0.979935149377328 -0.000303127862299
0.982037273790724 -0.000254246883823
0.983988262944666 -0.000210605557755
0.985796501514524 -0.000172132009368
0.987469643033131 -0.000138615229250
0.989014662808500 -0.000109784630965
0.990437905565543 -0.000085382035065
0.991745137759486 -0.000065079351575
0.992941588949352 -0.000048491843705
0.994031987915218 -0.000035205033428
0.995020595193962 -0.000024794973375
0.995911232267849 -0.000016843389126
0.996707307624620 -0.000010948873666
0.997411839890501 -0.000006735061522
0.998027478219501 -0.000003856509565
0.998556520103884 -0.000002002853110
0.999000926752209 -0.000000901680765
0.999362336162948 -0.000000320472313
0.999642074003666 -0.000000067864999
0.999841162387965 0.000000005549564
0.999960326625086 0.000000006746815
1.000000000000000 0.000000000000000
