1.000000000000000 0.000000000000000
0.999959935177392 -0.000000446412135
0.999839594935576 -0.000001778275284
0.999638540993925 -0.000003973183576
0.999356039681036 -0.000006992830114
0.998991057100465 -0.000010781525486
0.998542252305135 -0.000015264050559
0.998007968422486 -0.000020342766925
0.997386221655424 -0.000025893881275
0.996674688066835 -0.000031762728660
0.995870688037865 -0.000037757902747
0.994971168272319 -0.000043644017199
0.993972681201539 -0.000049132829329
0.992871361626085 -0.000053872392813
0.991662900412840 -0.000057433827709
0.990342515048974 -0.000059295199678
0.988904916838369 -0.000058821881865
0.987344274512052 -0.000055242626852
0.985654173939605 -0.000047645208221
0.983827573343910 -0.000035108863610
0.981856754713404 -0.000016655403008
0.979733270663584 0.000008811021338
0.977447886342223 0.000042514579524
0.974990516334420 0.000085818208324
0.972350156430875 0.000140233502440
0.969514810033045 0.000207437029189
0.966471405824910 0.000289446151644
0.963205712356711 0.000388709533957
0.959702251506968 0.000508042052938
0.955944205554020 0.000650671191527
0.951913321130740 0.000820294888107
0.947589811398519 0.001021143791752
0.942952228055703 0.001257783187372
0.937977321357368 0.001534787366775
0.932639976173035 0.001857017204472
0.926913127010768 0.002229612722631
0.920767682526581 0.002657907297440
0.914172451516368 0.003147506044906
0.907094043115850 0.003704896188193
0.899496905267290 0.004336951607307
0.891343394197057 0.005050585483380
0.882593895985567 0.005852563357199
0.873207051659304 0.006750519992439
0.863140074379121 0.007752969107416
0.852349180342301 0.008868190286433
0.840790191711653 0.010104012920992
0.828419362686470 0.011468931762486
0.815194351224590 0.012971253361076
0.801075418672139 0.014618098233288
0.786027067693643 0.016417022175052
0.770019782079389 0.018376026874739
0.753031771311403 0.020501298701328
0.735050593802935 0.022793705220552
0.716075299473518 0.025248010270618
0.696118903131690 0.027854782494742
0.675210732767126 0.030603326129439
0.653397634674573 0.033477597998034
0.630743754451603 0.036445981916626
0.607331197621573 0.039463025388140
0.583259628464427 0.042466205933508
0.558644992179769 0.045377182322383
0.533620381165719 0.048126517477545
0.508333571888396 0.050661072047516
0.482940872150865 0.052928650255426
0.457602418769633 0.054879840349821
0.432478101768406 0.056483533377394
0.407722501886323 0.057726991419745
0.383479380715449 0.058596074587935
0.359877781126158 0.059080359327769
0.337029862702070 0.059201788727825
0.315028548451137 0.059003421932631
0.293945229535536 0.058534553813091
0.273830572516630 0.057845611698066
0.254716727172691 0.056973204782380
0.236618992261558 0.055942575675118
0.219537791824607 0.054778367441176
0.203461136147465 0.053503789800941
0.188366550466791 0.052140918431383
0.174223993112991 0.050707192246675
0.160997176162291 0.049218397329247
0.148645312049757 0.047688891643953
0.137125122528219 0.046129657893012
0.126391422115127 0.044551568142209
0.116398948444258 0.042963843340266
0.107103890663269 0.041372431254227
0.098462716265872 0.039783740967863
0.090432687086901 0.038204059440031
0.082972532335891 0.036637054896526
0.076042731433865 0.035086353754885
0.069605745774069 0.033556220123759
0.063627909017242 0.032049322904728
0.058081079813316 0.030564805477202
0.052937870008577 0.029103023257246
0.048171392432849 0.027665653370682
0.043755090819855 0.026254741946288
0.039660982916766 0.024870964057297
0.035862880373343 0.023515363315868
0.032337321949360 0.022189727120483
0.029063251739224 0.020896239125556
0.026025419988734 0.019635416588626
0.023220710314305 0.018402697116605
0.020644362312139 0.017195041635299
0.018288062108158 0.016011723305452
0.016141169430083 0.014853606802507
0.014191296127690 0.013722653498890
0.012416697371416 0.012622559969345
0.010790276965025 0.011558030409622
0.009291052120499 0.010533181421108
0.007903308288138 0.009551532410102
0.006615416515983 0.008616074262086
0.005418901871246 0.007729333508758
0.004314901264889 0.006890813732597
0.003331993142738 0.006090349102259
0.002490548012408 0.005320966231963
0.001796041732802 0.004581233117382
0.001243472981826 0.003873589056060
0.000820817514477 0.003203042866461
0.000511720348690 0.002576161787143
0.000297586211211 0.002000289280233
0.000159034552155 0.001483268890716
0.000076046656952 0.001035203640707
0.000030933575424 0.000664003105894
0.000009735048762 0.000373726916694
0.000001915608133 0.000166074403487
0.000000119451949 0.000041504972553
0.000000000000000 0.000000000000000
0.000000117429244 -0.000041171399497
0.000001881405218 -0.000164883227526
0.000009545846536 -0.000371589645987
0.000030263650251 -0.000661578013078
0.000074181889871 -0.001034239130950
0.000154576377924 -0.001486993584068
0.000288026847181 -0.002013819206390
0.000494634313563 -0.002603304625650
0.000798266632074 -0.003236173294068
0.001224170862552 -0.003889416649124
0.001793439037506 -0.004548281050900
0.002523420058503 -0.005201104976462
0.003425719123968 -0.005839557396484
0.004503031758297 -0.006460557592897
0.005745079531128 -0.007068746952421
0.007123428517744 -0.007679649213660
0.008603138416635 -0.008313038836801
0.010183224170499 -0.008969527614979
0.011872282560831 -0.009645127845759
0.013682438219351 -0.010335208028877
0.015630426532235 -0.011034406854529
0.017738975801307 -0.011736539558800
0.020036668003467 -0.012434806011454
0.022542759870246 -0.013124514117648
0.025269030079998 -0.013803132680960
0.028225910677516 -0.014469773088364
0.031421702576792 -0.015125957271599
0.034861444783480 -0.015776653557238
0.038549740692509 -0.016428328334694
0.042503221658455 -0.017079670454423
0.046743582477156 -0.017727317357566
0.051295325522499 -0.018368085420786
0.056186258220265 -0.018999240373200
0.061446585163966 -0.019618471641358
0.067104298428285 -0.020222980711118
0.073187617910685 -0.020810618842111
0.079725737786099 -0.021380764598883
0.086748692507671 -0.021934723262604
0.094290666557624 -0.022471033537729
0.102390176489378 -0.022985441320289
0.111088020855763 -0.023474218386737
0.120426953008819 -0.023934434706851
0.130450358951324 -0.024362101285737
0.141201923660239 -0.024753175726926
0.152725292398122 -0.025105065371513
0.165063897296599 -0.025414702712804
0.178260467597984 -0.025677097400336
0.192355086048380 -0.025888349506411
0.207383607890306 -0.026044874251141
0.223375895115191 -0.026142578032684
0.240353884374936 -0.026179025253718
0.258329723838821 -0.026151626015367
0.277303588771166 -0.026058011894177
0.297261360105196 -0.025897162222877
0.318172659641112 -0.025667238225835
0.339989164483223 -0.025367803616357
0.362643547918838 -0.024999591078904
0.386049078622091 -0.024565061010676
0.410100158701457 -0.024069718250004
0.434673837792760 -0.023522168150634
0.459632178618356 -0.022928681611952
0.484825659727978 -0.022289644045337
0.510097622322387 -0.021608462387596
0.535289123604633 -0.020895235505670
0.560243676693315 -0.020159596042701
0.584811886320009 -0.019406122255722
0.608855851518315 -0.018639926051846
0.632252769397000 -0.017870775338817
0.654897292567062 -0.017108115536136
0.676702817716182 -0.016354852905127
0.697602124398377 -0.015611501336819
0.717547176467617 -0.014881831866412
0.736507969167913 -0.014172013495763
0.754470702146370 -0.013486033704118
0.771435682414178 -0.012823404543979
0.787415304260795 -0.012183173508069
0.802431937727185 -0.011566171503732
0.816515813494871 -0.010974856098994
0.829702988951102 -0.010410911484156
0.842033562409269 -0.009873833286150
0.853550212326504 -0.009361427095081
0.864297052982080 -0.008871952199884
0.874318624110941 -0.008404189791888
0.883659086700942 -0.007957422420579
0.892361599667058 -0.007531055916764
0.900467860468059 -0.007124510255048
0.908017735070641 -0.006736411038019
0.915049048262199 -0.006364632910904
0.921597537926940 -0.006007618364446
0.927696794672288 -0.005664300265505
0.933378222222339 -0.005333606869352
0.938671006940440 -0.005013597692706
0.943602291150718 -0.004702796046705
0.948197272387508 -0.004400354566230
0.952479286594944 -0.004105863563528
0.956469886777191 -0.003819159478056
0.960188896347850 -0.003540072321782
0.963654587857223 -0.003268587392600
0.966883803727591 -0.003004847762240
0.969892048424470 -0.002749090664606
0.972693578938811 -0.002501602280035
0.975301531331525 -0.002263071335783
0.977728093380931 -0.002035445983772
0.979984418965636 -0.001820302844443
0.982080673702554 -0.001618561356653
0.984026121110048 -0.001430650700459
0.985829199651512 -0.001256639754840
0.987497591648019 -0.001096337987800
0.989038288365748 -0.000949428718217
0.990457652807946 -0.000815652076882
0.991761453864016 -0.000694608320722
0.992954907945348 -0.000585754738182
0.994042720066594 -0.000488461400236
0.995029120219000 -0.000402053863527
0.995917895513394 -0.000325845691595
0.996712418503770 -0.000259163056504
0.997415672044875 -0.000201363205250
0.998030270987062 -0.000151848196623
0.998558480967771 -0.000110075013910
0.999002234520287 -0.000075562920177
0.999363144685838 -0.000047898732747
0.999642516284112 -0.000026740541272
0.999841354969027 -0.000011820271064
0.999960374170648 -0.000002945393220
1.000000000000000 0.000000000000000
