1.000000000000000 0.000000000000000
0.999959660672248 0.000005337710083
0.999838501561623 0.000021409884191
0.999636098365452 0.000048393935127
0.999351740834934 0.000086586475448
0.998984428126718 0.000136404658248
0.998532862230812 0.000198387958487
0.997995439409448 0.000273200290384
0.997370239561185 0.000361632313445
0.996655013403046 0.000464603725931
0.995847167340280 0.000583165276226
0.994943745868223 0.000718500135198
0.993941411323176 0.000871924160510
0.992836420768724 0.001044884439810
0.991624599769860 0.001238955314798
0.990301312769109 0.001455830850854
0.988861429735430 0.001697312412626
0.987299288707340 0.001965289616347
0.985608653707313 0.002261712902111
0.983782655521742 0.002588619404479
0.981813718328943 0.002948189304533
0.979693508942799 0.003342626684893
0.977412866050490 0.003774083853631
0.974961717415575 0.004244573741053
0.972328985694570 0.004755851410324
0.969502481017784 0.005309255506835
0.966468854889230 0.005905939692143
0.963213727427494 0.006548139106482
0.959721446696055 0.007238357321643
0.955974918165885 0.007978992707035
0.951955474375544 0.008772228979744
0.947642733173586 0.009619887930119
0.943014551320827 0.010523752151431
0.938047236648403 0.011487134933783
0.932715260322785 0.012514016187172
0.926991091246435 0.013608729538594
0.920845118475371 0.014776008286188
0.914245596965541 0.016021077985443
0.907158626650112 0.017349859706585
0.899548176383771 0.018769021008773
0.891376168314159 0.020286092925737
0.882602624144397 0.021909563502256
0.873185784896366 0.023648359305648
0.863082493704164 0.025512105845214
0.852248752359377 0.027511570804119
0.840640103081676 0.029657273115754
0.828211727667059 0.031955514134068
0.814919851837332 0.034410293080150
0.800723224807559 0.037024332433439
0.785585431165038 0.039803255317555
0.769476299621375 0.042753512129494
0.752373204013089 0.045878454466411
0.734262033652151 0.049171588520509
0.715140111506270 0.052620046197700
0.695019355543559 0.056209352628348
0.673928470180423 0.059923948186393
0.651913416022402 0.063739824580436
0.629037569236019 0.067618158256260
0.605383082264119 0.071510602825069
0.581050468075249 0.075357949284299
0.556156712156506 0.079085795509771
0.530830678739917 0.082581265805964
0.505214541732700 0.085726934720083
0.479466087892528 0.088429262333582
0.453750787471481 0.090622673060801
0.428238009846399 0.092285946531083
0.403091196358651 0.093411100476331
0.378462338939338 0.093997468395822
0.354488689306191 0.094056800285607
0.331289455462886 0.093613044644482
0.308963403059037 0.092706127756081
0.287587534504764 0.091387535829436
0.267216122141958 0.089721072716079
0.247882491443238 0.087774034829873
0.229601957401234 0.085602984225719
0.212373962820050 0.083256084692245
0.196185278323528 0.080773522642682
0.181012480557066 0.078187493698278
0.166823370074575 0.075527298856436
0.153580483621166 0.072816348307963
0.141241119828468 0.070076331099750
0.129759804215978 0.067325790981082
0.119089813435981 0.064579912664411
0.109183081496468 0.061853038397126
0.099993353090361 0.059155258076241
0.091476156375372 0.056493611873014
0.083587150886892 0.053875566310546
0.076283643813254 0.051306999294678
0.069525494470803 0.048791204293475
0.063273936262412 0.046331970392754
0.057492104893411 0.043933231506731
0.052148783916382 0.041596151728856
0.047216173116559 0.039320628736463
0.042666534751437 0.037107651746441
0.038472717525979 0.034958795119825
0.034608647424785 0.032873505131487
0.031049603814876 0.030849072255824
0.027772294958748 0.028884337868156
0.024754945166312 0.026979378409459
0.021977676325987 0.025135004423244
0.019429200832604 0.023351831106542
0.017103238508785 0.021630357124792
0.014990499930632 0.019971509229614
0.013079516960772 0.018376457249209
0.011357546261262 0.016846462165110
0.009810675032095 0.015381997675741
0.008421393752539 0.013978653727530
0.007172648689297 0.012632226001685
0.006049734453576 0.011340980096717
0.005039957287344 0.010104952953930
0.004132345085178 0.008925409620599
0.003317404298184 0.007804431108449
0.002589451801416 0.006745089671269
0.001958062559115 0.005753442768667
0.001430526594295 0.004835027788668
0.001005520373059 0.003993547136743
0.000675837859510 0.003231320503334
0.000430547889311 0.002549650602387
0.000256672504982 0.001949114273608
0.000140486761844 0.001429793379383
0.000068519431112 0.000991456994729
0.000028317089618 0.000633704010352
0.000009020402307 0.000356073327678
0.000001790256107 0.000158127225677
0.000000112209313 0.000039512144884
0.000000000000000 0.000000000000000
0.000000108367511 -0.000038783806802
0.000001743092285 -0.000155335934168
0.000008829864443 -0.000350233209331
0.000027816950565 -0.000624331901435
0.000067529900984 -0.000978605140133
0.000138952343831 -0.001413903201365
0.000254916178985 -0.001930623890771
0.000429679208795 -0.002528275803749
0.000678360449616 -0.003204911641841
0.001016194500020 -0.003956402176438
0.001457555431814 -0.004775513431118
0.002014687138549 -0.005650739803910
0.002696060202014 -0.006564833676585
0.003506132383589 -0.007495499852519
0.004454518990749 -0.008429174052787
0.005552712788389 -0.009358388975313
0.006810101034343 -0.010278761587135
0.008232746994882 -0.011190459106313
0.009821807197290 -0.012100114353427
0.011571476178524 -0.013023306304062
0.013471581823373 -0.013981475195644
0.015527909554360 -0.014977622529755
0.017753049745480 -0.016007279888496
0.020161288985615 -0.017064635950243
0.022768884309378 -0.018142218243251
0.025594392530124 -0.019230503471508
0.028657862358828 -0.020319296414873
0.031976810518864 -0.021404084425660
0.035568036242925 -0.022483417930992
0.039448087822839 -0.023558397520988
0.043632653501474 -0.024633855189838
0.048136928004435 -0.025717966193040
0.052982904857253 -0.026810575694678
0.058197333260137 -0.027906815568351
0.063809064034499 -0.029001766650909
0.069849083375541 -0.030090773408183
0.076350181803630 -0.031169101755928
0.083346446823889 -0.032231507928188
0.090873354843938 -0.033273649440763
0.098967442151507 -0.034292941616104
0.107667467792430 -0.035286040864733
0.117015608645618 -0.036246177071124
0.127055323104771 -0.037167322608397
0.137830675780130 -0.038044442203211
0.149386359505681 -0.038868135811378
0.161766488114259 -0.039627089784524
0.175013244835473 -0.040310588675008
0.189166374984448 -0.040907966472060
0.204261422873174 -0.041409805273934
0.220327664324348 -0.041807948271357
0.237386811839445 -0.042089123469330
0.255450456166359 -0.042239170750117
0.274517834086654 -0.042241822262894
0.294573764315371 -0.042076659530587
0.315586257225455 -0.041721155997805
0.337504502818732 -0.041143299562606
0.360258052669558 -0.040310939074403
0.383757384587607 -0.039216818745306
0.407894388567616 -0.037873429543125
0.432546046714685 -0.036321161121156
0.457576532837461 -0.034623123850385
0.482838104027075 -0.032828629946690
0.508175204293851 -0.030970376394472
0.533429855143064 -0.029081049538769
0.558446518713850 -0.027192117882807
0.583076545486198 -0.025329611190020
0.607182203725352 -0.023510684008981
0.630640632774348 -0.021750176786895
0.653346433436056 -0.020061462734116
0.675213097274211 -0.018455240901352
0.696173478214143 -0.016939342264073
0.716179418562423 -0.015518760862795
0.735200584521624 -0.014195167754879
0.753222823638584 -0.012967320340546
0.770246267943910 -0.011832602690476
0.786283193427056 -0.010787947616424
0.801355800003463 -0.009829567102484
0.815494083648362 -0.008952788434430
0.828733872272150 -0.008151971548600
0.841115147598658 -0.007421257327927
0.852680577586110 -0.006754924678677
0.863474261902272 -0.006147357632050
0.873540725657515 -0.005593205010948
0.882924124725356 -0.005087528126129
0.891667611579852 -0.004625486622626
0.899812822119092 -0.004201206807404
0.907399630703200 -0.003809416181860
0.914465958147398 -0.003445895293451
0.921047637462826 -0.003107295236796
0.927178379103934 -0.002791545221218
0.932889740150711 -0.002497306859348
0.938211124987939 -0.002223270963506
0.943169850954839 -0.001968159711557
0.947791236208139 -0.001730774349718
0.952098738218076 -0.001510774438171
0.956114044121586 -0.001308377298723
0.959857128028261 -0.001123350516331
0.963346365696306 -0.000955111388989
0.966598648277357 -0.000802846252291
0.969629491048056 -0.000665608381500
0.972453142388916 -0.000542856145999
0.975082680239971 -0.000434499376795
0.977530091061054 -0.000340094449387
0.979806353865420 -0.000258904228180
0.981921518610057 -0.000190002943785
0.983884778182649 -0.000132354387171
0.985704534314152 -0.000084869596610
0.987388450872774 -0.000046504413824
0.988943493442020 -0.000016412380091
0.990376008971077 0.000006274739132
0.991691775672219 0.000022471051410
0.992896040380776 0.000033099602109
0.993993552660970 0.000039065376799
0.994988595783121 0.000041235888685
0.995885014709736 0.000040427514945
0.996686241232353 0.000037396150944
0.997395316399716 0.000032831068801
0.998014910372466 0.000027351115581
0.998547339831202 0.000021502581307
0.998994583054278 0.000015758219755
0.999358292769858 0.000010517024855
0.999639806873843 0.000006104459759
0.999840157091815 0.000002772910204
0.999960075649234 0.000000702193168
1.000000000000000 0.000000000000000
