1.000000000000000 0.000000000000000
0.999959970645197 0.000007098321370
0.999839745612454 0.000028464707508
0.999638913072532 0.000064313644671
0.999356783551340 0.000115003322816
0.998992385252245 0.000181036629680
0.998544457427087 0.000263062386785
0.998011441713402 0.000361876658938
0.997391471328490 0.000478423901722
0.996682357981396 0.000613797628625
0.995881576330815 0.000769240175694
0.994986245779474 0.000946141010288
0.993993109352411 0.001146032863744
0.992898509356545 0.001370584755277
0.991698359460126 0.001621590703583
0.990388112761055 0.001900952577112
0.988962725330064 0.002210655093505
0.987416614614960 0.002552730417209
0.985743611954468 0.002929210614568
0.983936906788694 0.003342199567141
0.981988982362757 0.003793983167417
0.979891545555681 0.004286824489579
0.977635444504705 0.004822859023786
0.975210573275235 0.005403978811941
0.972605761439973 0.006031677811121
0.969808646180536 0.006706849237679
0.966805697591314 0.007430248998250
0.963582422861228 0.008203732382528
0.960123007332627 0.009029160136181
0.956410129466087 0.009908054055353
0.952424812805256 0.010841426217691
0.948146264546415 0.011829565440732
0.943551980147865 0.012872886674833
0.938617981388295 0.013973304102318
0.933318388876412 0.015132929290433
0.927625282489778 0.016353874607368
0.921508628682931 0.017638263164070
0.914936365204271 0.018989244588116
0.907874549642908 0.020412220362283
0.900287319825427 0.021914252456775
0.892137052351759 0.023504484580578
0.883384209955454 0.025192851607388
0.873986681796902 0.026986044649336
0.863900762216586 0.028890475169710
0.853081790340243 0.030913037872909
0.841484543947574 0.033059755351993
0.829063944344055 0.035335065931373
0.815776267417409 0.037742685691459
0.801580438183294 0.040285686802435
0.786439570969135 0.042966559744774
0.770322689892229 0.045786733108350
0.753206354335409 0.048744344951434
0.735076633482905 0.051833002207421
0.715931539033322 0.055042507244771
0.695782959270924 0.058356544504668
0.674658840524691 0.061753368607090
0.652605177149238 0.065206865487524
0.629687210121057 0.068686663664479
0.605989047871706 0.072152249202539
0.581612878171663 0.075550498260048
0.556677842269055 0.078813693128060
0.531317485791863 0.081856259373154
0.505679502690565 0.084597202198473
0.479922774543646 0.086968207857763
0.454211799037688 0.088911535896155
0.428711518357287 0.090383220190150
0.403582237211260 0.091361177243120
0.378974153554218 0.091842421402704
0.355023023265531 0.091832405956432
0.331846366942983 0.091348364138849
0.309541936685323 0.090426946100495
0.288185676069068 0.089117046731396
0.267830914369285 0.087482476638432
0.248510502305090 0.085587461937462
0.230239470120306 0.083484121879799
0.213017102653000 0.081217680896135
0.196830805178471 0.078822487094095
0.181657597065658 0.076326298439813
0.167465797490096 0.073755602038262
0.154217823540178 0.071134234493374
0.141870811077494 0.068484570923989
0.130379631107950 0.065824273347062
0.119697603834498 0.063168005616505
0.109776920089048 0.060529456200078
0.100571939461123 0.057917457748178
0.092038043113486 0.055339059256522
0.084130863833851 0.052801716739381
0.076808177016069 0.050310442525368
0.070030053897417 0.047868317781234
0.063757853139482 0.045479198410838
0.057955176425409 0.043146884736476
0.052591362148074 0.040872479038969
0.047637844746938 0.038656789106339
0.043066369935546 0.036501473777051
0.038849553042870 0.034408342374374
0.034961631485148 0.032375650419552
0.031378409042676 0.030400334145592
0.028076996612226 0.028481215162762
0.025035921355802 0.026618429169817
0.022236158098037 0.024812860102791
0.019668121107543 0.023065277222386
0.017324252977535 0.021376624065673
0.015194180304530 0.019748197286452
0.013265738196295 0.018181454927215
0.011525774913637 0.016677882259667
0.009959639478280 0.015237228806700
0.008549621231243 0.013854435948574
0.007279440458112 0.012525967783004
0.006134990357074 0.011250608875240
0.005104029666533 0.010028787458995
0.004175923918342 0.008862060161873
0.003341432069665 0.007752722822369
0.002598530752108 0.006704491777606
0.001958940364340 0.005723369097027
0.001427531671768 0.004814163800603
0.001001250591016 0.003980218597135
0.000671708167369 0.003223761442425
0.000427200175687 0.002546187277908
0.000254276175724 0.001948283315611
0.000138952936458 0.001430408571129
0.000067647209188 0.000992636190244
0.000027886820092 0.000634865361690
0.000008846124714 0.000356908173559
0.000001741339308 0.000158555585359
0.000000108231833 0.000039626895789
0.000000000000000 0.000000000000000
0.000000104474275 -0.000038997239487
0.000001668407561 -0.000156212410574
0.000008418944657 -0.000352284611260
0.000026484770822 -0.000628173123611
0.000064264406000 -0.000984992625391
0.000132227699730 -0.001423770259184
0.000242635517638 -0.001945111630137
0.000409156994527 -0.002548758067164
0.000646357021462 -0.003233011892325
0.000969018478820 -0.003993999724519
0.001391253690510 -0.004824735663984
0.001925347121624 -0.005713936155633
0.002580255833087 -0.006644525946601
0.003362275768615 -0.007595766111089
0.004282595322611 -0.008556363311428
0.005352819079805 -0.009519526390446
0.006582274244390 -0.010481387456669
0.007976728908112 -0.011442391800460
0.009536721071478 -0.012409104943489
0.011255391604319 -0.013396550954759
0.013123119195827 -0.014423277369628
0.015147312542462 -0.015490211490239
0.017340846273527 -0.016593049803015
0.019718290238015 -0.017726313726976
0.022296171993975 -0.018883092955725
0.025093286501134 -0.020054739999945
0.028129437014107 -0.021232668590604
0.031421903920358 -0.022413195556076
0.034987476373335 -0.023595010752803
0.038842560312686 -0.024779239656692
0.043002513554738 -0.025970577386545
0.047482800688933 -0.027175802443297
0.052306492464054 -0.028393099367313
0.057500550451838 -0.029617723289979
0.063093951493101 -0.030845040954661
0.069117682708865 -0.032070852290404
0.075604457551849 -0.033290482504431
0.082588435862475 -0.034498606950684
0.090105084512966 -0.035690895595171
0.098190856792548 -0.036864659545991
0.106885093991727 -0.038014871232070
0.116230280330381 -0.039133400540676
0.126269961053610 -0.040212838220490
0.137048320580882 -0.041245895013332
0.148610211332382 -0.042221978602903
0.160999621656580 -0.043130473924254
0.174258622454365 -0.043960776594058
0.188427212768941 -0.044697157714522
0.203541001940758 -0.045322466307023
0.219629327468382 -0.045820176563332
0.236713632226668 -0.046175249340813
0.254804864325290 -0.046374187143617
0.273901779903873 -0.046391764253832
0.293988601494942 -0.046192711920618
0.315031839378557 -0.045732936598036
0.336977911773903 -0.044954663490984
0.359753492452901 -0.043811290432791
0.383266627946392 -0.042303050380896
0.407407939352947 -0.040458595754579
0.432057276128699 -0.038356155017391
0.457081634182520 -0.036090263970540
0.482335105428485 -0.033721938122225
0.507664119551400 -0.031301836236934
0.532911771458947 -0.028871730221354
0.557923155401164 -0.026468187499185
0.582549938924964 -0.024120006888500
0.606654820213897 -0.021850071892590
0.630115383126662 -0.019679784285899
0.652826563857119 -0.017627992759580
0.674701825667799 -0.015706974188251
0.695673539335111 -0.013921293564062
0.715693046979999 -0.012272131401337
0.734729661305804 -0.010759315164164
0.752768976757754 -0.009380521268317
0.769810822957764 -0.008130991543943
0.785867082282066 -0.007004019324036
0.800959589048357 -0.005991790446713
0.815118061235839 -0.005086712428680
0.828378167296070 -0.004281957950017
0.840779757004303 -0.003570105877996
0.852365353923863 -0.002943232405995
0.863178872589188 -0.002392961744740
0.873264688414310 -0.001911222821160
0.882666846561450 -0.001490488637076
0.891428434082545 -0.001123947683876
0.899591114474788 -0.000805546354108
0.907194801133353 -0.000529746173705
0.914277437911510 -0.000291507371248
0.920874867866584 -0.000086435694584
0.927020770982877 0.000088723548832
0.932746659210772 0.000236899978556
0.938081910193166 0.000360938378763
0.943053829410987 0.000463541582582
0.947687731871607 0.000547194042552
0.952007031493012 0.000613832578278
0.956033351771335 0.000665160225106
0.959786638004772 0.000702865499644
0.963285264460574 0.000728580552699
0.966546140020985 0.000743852348037
0.969584809599031 0.000750098525867
0.972415530391733 0.000748044154109
0.975051375716838 0.000737992454971
0.977504349372228 0.000720506877017
0.979785464445250 0.000696341453469
0.981904815936380 0.000666363408365
0.983871648429456 0.000631496422735
0.985694418802871 0.000592679645543
0.987380844708507 0.000550792839814
0.988937942368748 0.000506561326162
0.990372110210841 0.000460713953095
0.991689177003166 0.000413993397621
0.992894438202106 0.000367132278520
0.993992689359282 0.000320836183502
0.994988256635613 0.000275771914717
0.995885024498496 0.000232559636362
0.996686460696606 0.000191767904398
0.997395638616370 0.000153910789601
0.998015257127227 0.000119446485486
0.998547658020954 0.000088776933157
0.998994841144995 0.000062248104548
0.999358477321824 0.000040150670850
0.999639919136532 0.000022720849377
0.999840209663785 0.000010141274285
0.999960089193255 0.000002541777604
1.000000000000000 0.000000000000000
