1.000000000000000 0.000000000000000
0.999960358802288 0.000010706487249
0.999841309723507 0.000042929294358
0.999642475330698 0.000096978508844
0.999363223295662 0.000173371070951
0.999002661414884 0.000272830809520
0.998559630494302 0.000396288170867
0.998032694949197 0.000544879295599
0.997420130916953 0.000719943964275
0.996719911619849 0.000923021769593
0.995929689643920 0.001155845670536
0.995046775715147 0.001420331830885
0.994068113451920 0.001718564325830
0.992990249448247 0.002052772897688
0.991809297889605 0.002425301431779
0.990520898715353 0.002838564176930
0.989120168108906 0.003294985915127
0.987601639807958 0.003796921244501
0.985959196776893 0.004346554635329
0.984186064884901 0.004946183430711
0.982274799474699 0.005598506656848
0.980217126292633 0.006306158918568
0.978003827279306 0.007071554113551
0.975624613036615 0.007896726935644
0.973067970840171 0.008783123216854
0.970320992489934 0.009731349238220
0.967369622968227 0.010742000562718
0.964198860954758 0.011816375113741
0.960792180007427 0.012955206993122
0.957131304620116 0.014158302219107
0.953195995704940 0.015424191224741
0.948963900856581 0.016749971277305
0.944411533900536 0.018134482001071
0.939514218807333 0.019578391977854
0.934245411004855 0.021082403840412
0.928576657675795 0.022647293151981
0.922477586411151 0.024274265292440
0.915915812450943 0.025966573095631
0.908857114652671 0.027729616991614
0.901265705955791 0.029571253908761
0.893104342446110 0.031501969511736
0.884332669530896 0.033528974457884
0.874907829736038 0.035657496308710
0.864785737100625 0.037893907755545
0.853921303889421 0.040244636665791
0.842268382789667 0.042713228264053
0.829781184511134 0.045302602077898
0.816415390124223 0.048015211014875
0.802129044600672 0.050851487511922
0.786884348035903 0.053810583392345
0.770649381274225 0.056889797388618
0.753399741516041 0.060082677635379
0.735121035678458 0.063380130487139
0.715810993475329 0.066769258835655
0.695481737598824 0.070233193514781
0.674162074535201 0.073752125053141
0.651899292305540 0.077303758932034
0.628759944305093 0.080860178902238
0.604829196541478 0.084380010621410
0.580211762240164 0.087818296570641
0.555031993860740 0.091136471633411
0.529429836758717 0.094292502219982
0.503555394215693 0.097224638779003
0.477566507534785 0.099863108649053
0.451624869993435 0.102127439715643
0.425892684196730 0.103948044329420
0.400529175810828 0.105274926494812
0.375684785953800 0.106076699757007
0.351496979656347 0.106341281807757
0.328086319020168 0.106076953683228
0.305553713485619 0.105308300681841
0.283980165246228 0.104063989327465
0.263425342268977 0.102380198663214
0.243928296526861 0.100310079697246
0.225508342499435 0.097914326684873
0.208166795857757 0.095257040020420
0.191889901179530 0.092400394952552
0.176652687249715 0.089397064756019
0.162421327319333 0.086291210564079
0.149155577672424 0.083119830188653
0.136812394878080 0.079909393702484
0.125344735831686 0.076683686347416
0.114704771827163 0.073461750161403
0.104844535102766 0.070258884296427
0.095715158144397 0.067089605881491
0.087270280862997 0.063964878965312
0.079465254494737 0.060893558177434
0.072255851852352 0.057884225962374
0.065600743543525 0.054942287964478
0.059461870194329 0.052070014764533
0.053802113513635 0.049270428713868
0.048586157913944 0.046546752159752
0.043784530768229 0.043900046186115
0.039370202504781 0.041330868603938
0.035316097160854 0.038840497130152
0.031595773289002 0.036430385930074
0.028185057135252 0.034099082259738
0.025061686127656 0.031843560441842
0.022204090897693 0.029662381724864
0.019591640134712 0.027555251648788
0.017205492332093 0.025522645090273
0.015034974575537 0.023566034464053
0.013071977553832 0.021687192177485
0.011305823205490 0.019887605946124
0.009724194490481 0.018168465081547
0.008313903620091 0.016530671503667
0.007061276734140 0.014973724112559
0.005951993284636 0.013492125685754
0.004972282650727 0.012081242221519
0.004109348833570 0.010738800140935
0.003351390714946 0.009464226728410
0.002687596451973 0.008258143814543
0.002108120337621 0.007121981571898
0.001604860962441 0.006058057849865
0.001178977027358 0.005072818837051
0.000832463903233 0.004172836691293
0.000561611551708 0.003361712130685
0.000358881580627 0.002640865417594
0.000214491091390 0.002010216868863
0.000117642577349 0.001468722482811
0.000057473472621 0.001014793304338
0.000023783294122 0.000646621156490
0.000007583660687 0.000362428495541
0.000001506151149 0.000160656151868
0.000000094441657 0.000040099400653
0.000000000000000 0.000000000000000
0.000000089366748 -0.000038927701853
0.000001439493195 -0.000155739617227
0.000007368516953 -0.000350502348864
0.000023649950156 -0.000623259821792
0.000058888541603 -0.000973929151115
0.000125066236466 -0.001402147729954
0.000237238587674 -0.001907090831763
0.000411215338325 -0.002487280252406
0.000663648489236 -0.003140257433415
0.001011499864686 -0.003862182984896
0.001471054566728 -0.004647337817167
0.002056635047787 -0.005487496038047
0.002778933708093 -0.006371139274518
0.003642860190070 -0.007282474456101
0.004645286307042 -0.008200554699329
0.005786267375792 -0.009107723806077
0.007075814285933 -0.009995348273830
0.008523406978331 -0.010858273467898
0.010136614653991 -0.011695913654925
0.011920061404526 -0.012514198458790
0.013874072771918 -0.013328102533347
0.015994644400305 -0.014161718993385
0.018287082461144 -0.015023027079877
0.020764066918359 -0.015907453734026
0.023439592962757 -0.016809030858190
0.026329023381600 -0.017720209389387
0.029449205017737 -0.018631503139887
0.032818338564635 -0.019532184506336
0.036454601041989 -0.020416495710354
0.040376460059483 -0.021282154129416
0.044602861631242 -0.022129265321733
0.049152871580205 -0.022961470616896
0.054045714916737 -0.023786143301268
0.059305310275007 -0.024603623778188
0.064959675228661 -0.025409008611652
0.071038842859228 -0.026197602006379
0.077574826866706 -0.026965381638558
0.084601636034583 -0.027708224815962
0.092155261578814 -0.028420552906314
0.100273361242393 -0.029097449555112
0.108994923197297 -0.029735604166163
0.118360811172466 -0.030331054105262
0.128414289677491 -0.030876734455546
0.139199471491135 -0.031366327286895
0.150760581182447 -0.031794658324565
0.163141590356070 -0.032154187867591
0.176384921666634 -0.032437315314998
0.190530027641678 -0.032637596075817
0.205612412007744 -0.032743669023740
0.221661687257663 -0.032741573167850
0.238699447298796 -0.032618355481886
0.256737379379400 -0.032364539833720
0.275774867436597 -0.031973734254698
0.295796795609906 -0.031432797248730
0.316771545436339 -0.030718985658853
0.338648637853647 -0.029801916191851
0.361356333095391 -0.028631381064988
0.384802923414825 -0.027159832302075
0.408880063691705 -0.025392302405454
0.433463506906816 -0.023363547915051
0.458418973397797 -0.021144430465118
0.483603580414885 -0.018827274740300
0.508865741079830 -0.016483103093617
0.534050046715727 -0.014164080237186
0.559002375760046 -0.011910835170379
0.583574489094922 -0.009750514680461
0.607629313995573 -0.007707009199175
0.631044431036479 -0.005801387531542
0.653714475696547 -0.004048612935827
0.675552283272897 -0.002454360481058
0.696489886875036 -0.001019066235506
0.716478344274887 0.000258307020654
0.735486645901484 0.001380379679711
0.753500037077761 0.002353088226735
0.770517900432932 0.003185348747575
0.786551771165743 0.003887832482981
0.801623204574870 0.004471649176619
0.815761611814401 0.004946526982298
0.829002387899387 0.005322408861288
0.841385188031072 0.005609600231913
0.852952347230608 0.005818119337579
0.863747691747254 0.005957587365221
0.873815572806415 0.006037187791638
0.883200016760549 0.006065062350543
0.891944006242601 0.006046697128245
0.900089129832515 0.005987141005577
0.907675280518907 0.005891632331758
0.914740413972197 0.005765342771643
0.921320319554234 0.005612999166123
0.927448587754104 0.005438874078614
0.933156703126889 0.005246994379323
0.938474061024136 0.005041086194999
0.943428013401245 0.004824538457063
0.948043917259407 0.004600302052331
0.952345206521354 0.004370831849006
0.956353546768430 0.004138327166960
0.960088940408082 0.003904759542248
0.963569826554523 0.003671875239453
0.966813181607061 0.003441204868029
0.969834604288327 0.003213980743317
0.972648347451882 0.002990710593851
0.975267494138364 0.002771778410103
0.977704077144991 0.002557689093723
0.979969149893533 0.002349012829073
0.982072854166068 0.002146344923850
0.984024484257934 0.001950277906087
0.985832547086487 0.001761382609514
0.987504807589394 0.001580182882767
0.989048338510217 0.001407145769326
0.990469591164401 0.001242706236622
0.991774438796476 0.001087265453883
0.992968214103425 0.000941188327448
0.994055743677025 0.000804802899993
0.995041379424725 0.000678401026288
0.995929027057809 0.000562239884834
0.996722171753007 0.000456543996744
0.997423901102275 0.000361507508548
0.998036925467463 0.000277296560216
0.998563595853704 0.000204051608413
0.999005919408990 0.000141889611516
0.999365572648394 0.000090906009995
0.999643912490665 0.000051176455763
0.999841985182879 0.000022758258657
0.999960533175907 0.000005691528658
1.000000000000000 0.000000000000000
