1.000000000000000 0.000000000000000
0.999959765453969 0.000000876626280
0.999838917140315 0.000003557458226
0.999637020087550 0.000008195328227
0.999353346185594 0.000015044838596
0.998986869420405 0.000024462082350
0.998536259144290 0.000036904042384
0.997999871323300 0.000052927443637
0.997375737685634 0.000073186745361
0.996661552677131 0.000098430854013
0.995854658111502 0.000129498005273
0.994952025383892 0.000167308098446
0.993950235096770 0.000212851558419
0.992845453926890 0.000267173537239
0.991633408541356 0.000331351934095
0.990309356349738 0.000406467289822
0.988868052858035 0.000493562075647
0.987303715369404 0.000593586215124
0.985609982362719 0.000707346564099
0.983779860663191 0.000835874557239
0.981805671969447 0.000980549704623
0.979679001654576 0.001142791791968
0.977390636799787 0.001324013494112
0.974930497642033 0.001525571178385
0.972287562118718 0.001748697273132
0.969449783222051 0.001994413394640
0.966404023336955 0.002263841723749
0.963135989686727 0.002558643667366
0.959630108106924 0.002880508137778
0.955869413181527 0.003231023035563
0.951835434922910 0.003611581098548
0.947508079159175 0.004023255057849
0.942865560290243 0.004467297500394
0.937884383411487 0.004946204840722
0.932539163518925 0.005462870826222
0.926802513022379 0.006020438394699
0.920644956090785 0.006622310958928
0.914034891504968 0.007272423208235
0.906938637857238 0.007975998771469
0.899320407528052 0.008739295238217
0.891142369746038 0.009569673291941
0.882364782846497 0.010475634993169
0.872946068694653 0.011465318912087
0.862843167645197 0.012546759912796
0.852012070256798 0.013728569540046
0.840408397449796 0.015019553247165
0.827988048157388 0.016427395882260
0.814708274410412 0.017958932246633
0.800528950330878 0.019620150389141
0.785414166402311 0.021417195109617
0.769333910864819 0.023355663310268
0.752265898521293 0.025439269861845
0.734197443076442 0.027667834139517
0.715127697025366 0.030037147730096
0.695069799575269 0.032538456667042
0.674052792092366 0.035157562659334
0.652123288732873 0.037874384307992
0.629346473311829 0.040661386694717
0.605806589468160 0.043484271663759
0.581606500461007 0.046300559131369
0.556866388534433 0.049061808161636
0.531722349478723 0.051721452350213
0.506322975762703 0.054236377686731
0.480825000885934 0.056565874252386
0.455388530455737 0.058673560427048
0.430172251459216 0.060529090174956
0.405328463393510 0.062109244422962
0.380998725600534 0.063395422758123
0.357310066935609 0.064375472909906
0.334372668921752 0.065043905473571
0.312277843006471 0.065402627456618
0.291097768462372 0.065458967246044
0.270885252705300 0.065226235542523
0.251674721134601 0.064726504927474
0.233483644435231 0.063988017998275
0.216314388474291 0.063039078715453
0.200156750139425 0.061905858243266
0.184989524504100 0.060615005910582
0.170783723658996 0.059190714887322
0.157503517057121 0.057656675418797
0.145108596450518 0.056034042518232
0.133556032986418 0.054340559742051
0.122800514625011 0.052593684863895
0.112797175326343 0.050806418704898
0.103501894676313 0.048988690742222
0.094870333710439 0.047151372722806
0.086859614615494 0.045304156611300
0.079428915939035 0.043455073460785
0.072538550336230 0.041612468484048
0.066150876378187 0.039783878120843
0.060232988420464 0.037972280772138
0.054753815686324 0.036180306714053
0.049683045379677 0.034411800210428
0.044991721803197 0.032670837435917
0.040653267797064 0.030959737644040
0.036642643330041 0.029280875280124
0.032936063313599 0.027637251059549
0.029511199464483 0.026032068568620
0.026351085241224 0.024464914828689
0.023444540761445 0.022931215470048
0.020778924598538 0.021428855652734
0.018340316431753 0.019957910956370
0.016114205035950 0.018519925194429
0.014085118612763 0.017118577250596
0.012235894134809 0.015760791423275
0.010550683951360 0.014452638741502
0.009015338798174 0.013198834771373
0.007617228463533 0.012002992301722
0.006345082482719 0.010867830291961
0.005193813398702 0.009791719145402
0.004172993894755 0.008762538109711
0.003287427864243 0.007771909440557
0.002534841762926 0.006816911933006
0.001908048661995 0.005898517857024
0.001396625081574 0.005020379485199
0.000988205332897 0.004187890277850
0.000669569613123 0.003407681778136
0.000429453303317 0.002691901349787
0.000257446765104 0.002053830171260
0.000141550251831 0.001500765551516
0.000069289961019 0.001035641314894
0.000028717449134 0.000658634056242
0.000009167612578 0.000368400979449
0.000001822188993 0.000163014062296
0.000000114307015 0.000040639725826
0.000000000000000 0.000000000000000
0.000000111920701 -0.000040087980114
0.000001803670477 -0.000160167476653
0.000009240892031 -0.000359589454994
0.000029696166441 -0.000636948431488
0.000074058822170 -0.000989579992457
0.000157579445899 -0.001412822825814
0.000300881517456 -0.001899008837136
0.000529810150374 -0.002437154320497
0.000868364399156 -0.003017318440605
0.001338039732140 -0.003630351155470
0.001957141385346 -0.004267456089871
0.002738095467187 -0.004920884305756
0.003683990357884 -0.005584837091115
0.004784144790515 -0.006256634868865
0.006008885341336 -0.006938123677062
0.007330977119833 -0.007631028576830
0.008753290109708 -0.008330968858076
0.010283716554494 -0.009033720469854
0.011932942290754 -0.009736384411158
0.013715264998497 -0.010438059224669
0.015649633516251 -0.011140725139918
0.017760098128359 -0.011849779168120
0.020065158717665 -0.012566726791855
0.022576463881033 -0.013288688967682
0.025304568699409 -0.014013125660473
0.028258379248677 -0.014738265141589
0.031444205174229 -0.015463541075706
0.034865756863624 -0.016189757246705
0.038535200332580 -0.016915568107032
0.042472206925839 -0.017638113279189
0.046698937555666 -0.018355141910547
0.051240374971939 -0.019065471082873
0.056124600571708 -0.019769386183546
0.061379536239199 -0.020465720634104
0.067032033991721 -0.021151369370311
0.073109983815533 -0.021823939192468
0.079642072653833 -0.022482387956784
0.086658708250486 -0.023126214241474
0.094195555553171 -0.023751762860665
0.102291263501638 -0.024355115346783
0.110986658931541 -0.024933410552309
0.120324224670954 -0.025484004530958
0.130347045100794 -0.026001952246062
0.141098713999973 -0.026482668107363
0.152622789555950 -0.026922791437000
0.164962992384915 -0.027317986965872
0.178162063890282 -0.027663827756087
0.192259981051180 -0.027957612371569
0.207292522837202 -0.028194997180866
0.223289514680791 -0.028370384394065
0.240272851966253 -0.028479591240084
0.258254690242582 -0.028518890336672
0.277235115588656 -0.028486295591634
0.297199932688973 -0.028381277211844
0.318118741994950 -0.028203763334191
0.339943186256287 -0.027955205725963
0.362605851897776 -0.027633590392612
0.386019876411236 -0.027237189423633
0.410079587885745 -0.026770993001527
0.434661972295222 -0.026245507327033
0.459629005026367 -0.025666890319315
0.484831115298314 -0.025036079580486
0.510111613361543 -0.024357963211733
0.535311479847519 -0.023642582836951
0.560274127179160 -0.022898485737485
0.584850093859473 -0.022130183718350
0.608901452386244 -0.021343837574221
0.632305362852569 -0.020549675981834
0.654956417977991 -0.019756682057942
0.676767980937103 -0.018967882718264
0.697672847750165 -0.018185155360999
0.717622943704680 -0.017412101393249
0.736588170370460 -0.016653005196429
0.754554710222646 -0.015911647281018
0.771523016392676 -0.015191255849148
0.787505624384353 -0.014494333530931
0.802524870481914 -0.013821003871918
0.816610833894727 -0.013170099300526
0.829799480961189 -0.012540957941003
0.842130921508362 -0.011933406523883
0.853647930117943 -0.011347521109771
0.864394709467838 -0.010783400216139
0.874415824867091 -0.010240201601539
0.883755407664449 -0.009716256363745
0.892456613328975 -0.009210449286462
0.900561132371302 -0.008721795839655
0.908108619180998 -0.008246452527585
0.915136698365057 -0.007780257166727
0.921681022327552 -0.007320849352150
0.927775173233366 -0.006867178282525
0.933450604117569 -0.006419674482683
0.938736655011122 -0.005979810013796
0.943660632438823 -0.005548990962679
0.948247878411977 -0.005128464386853
0.952521858418100 -0.004719338077514
0.956504366254153 -0.004323561865466
0.960215598521534 -0.003943684327593
0.963674098925721 -0.003581417969963
0.966896875002503 -0.003237764374582
0.969899518234275 -0.002913192562186
0.972696320051755 -0.002607812789014
0.975300463982246 -0.002322237853952
0.977724079859293 -0.002057312005405
0.979978220700538 -0.001813226782444
0.982072955185973 -0.001589669407188
0.984017455104443 -0.001385975298668
0.985820073162115 -0.001201244428811
0.987488412144760 -0.001034432955853
0.989029381531204 -0.000884545946193
0.990449253833066 -0.000750655731348
0.991753722041143 -0.000631733681786
0.992947942689377 -0.000526693533491
0.994036573749002 -0.000434436111799
0.995023808426728 -0.000353882552351
0.995913405227417 -0.000283998681184
0.996708714598059 -0.000223812641574
0.997412702430750 -0.000172427402870
0.998027970667196 -0.000129029430163
0.998556775215371 -0.000092894512771
0.999001041359991 -0.000063391527909
0.999362376821845 -0.000039984740766
0.999642082596545 -0.000022235103221
0.999841161680415 -0.000009800902492
0.999960325769827 -0.000002438021583
1.000000000000000 0.000000000000000
