1.000000000000000 0.000000000000000
0.999960488981124 0.000008192235083
0.999841820775116 0.000032837232227
0.999643588917931 0.000074139733930
0.999365112566708 0.000132440497401
0.999005431337591 0.000208215444877
0.998563297960821 0.000302074207779
0.998037168630825 0.000414757779934
0.997425190887566 0.000547134886061
0.996725188818599 0.000700196540024
0.995934645317593 0.000875048105326
0.995050681072333 0.001072897968904
0.994070029881185 0.001295041687092
0.992989009808655 0.001542840145500
0.991803489584358 0.001817689874759
0.990508849520924 0.002120983159255
0.989099936069453 0.002454054937948
0.987571008939064 0.002818112689616
0.985915689784495 0.003214198553830
0.984126976688454 0.003643522738802
0.982197164629145 0.004107332774913
0.980117738628757 0.004606671143545
0.977879285191635 0.005142263536990
0.975471390270501 0.005714374628740
0.972882521061359 0.006322620964194
0.970099965790853 0.006966032989170
0.967110222007292 0.007644902685904
0.963898777584655 0.008360260849068
0.960449842538642 0.009113178378822
0.956746256570101 0.009904773525656
0.952769396529091 0.010736228403532
0.948499090871568 0.011608973403590
0.943913555993618 0.012525387113492
0.938989314674654 0.013488692284051
0.933701136300379 0.014503059662723
0.928022006999926 0.015573936181512
0.921922936827768 0.016707551804551
0.915372274326599 0.017908036421503
0.908336025639596 0.019179077648206
0.900778016017417 0.020524654641340
0.892659947931647 0.021949027092832
0.883941420103296 0.023456137809947
0.874580169039445 0.025049710170617
0.864532455491276 0.026733510381822
0.853753430029395 0.028510720105378
0.842197456942334 0.030382129202510
0.829819074743155 0.032346848034511
0.816574089718146 0.034402557977613
0.802421066815767 0.036546782211943
0.787322754141582 0.038776179160735
0.771247663755600 0.041085199305823
0.754171706370164 0.043463518500917
0.736080530736447 0.045897127726263
0.716972154349870 0.048370968775350
0.696859366119834 0.050870096789204
0.675771275418789 0.053375327223635
0.653754346483070 0.055857060187810
0.630874326985777 0.058282124843211
0.607217866415084 0.060623942152202
0.582891442707577 0.062857666898779
0.558018791677078 0.064948733138547
0.532738907237441 0.066859893256338
0.507203715500947 0.068563119837589
0.481573301035354 0.070036889455938
0.456010612042911 0.071260123554572
0.430676483465470 0.072215994792606
0.405725124406393 0.072893328166097
0.381299397783604 0.073287894340633
0.357527383593208 0.073401966388969
0.334519388407057 0.073243682078123
0.312366707175900 0.072823368696561
0.291140461666481 0.072156590609772
0.270892313750048 0.071263797364200
0.251655074650984 0.070168484312257
0.233445209534276 0.068891198340048
0.216264024788696 0.067453070482556
0.200100093995318 0.065876800927840
0.184931450796190 0.064185626241214
0.170727734309739 0.062401197909801
0.157453521777173 0.060538955441088
0.145068207413257 0.058614604292313
0.133528090528520 0.056643680765791
0.122787962522583 0.054640641356206
0.112801318370352 0.052619803923477
0.103522979364338 0.050591999641147
0.094909661153498 0.048564752835178
0.086918331678300 0.046546264394752
0.079507261759830 0.044543690534055
0.072637136330659 0.042560950087465
0.066270159826556 0.040602496637930
0.060370267070210 0.038673407009291
0.054906190094517 0.036776717900641
0.049851244069406 0.034913358706727
0.045178862275945 0.033085401276816
0.040862880223447 0.031295713592948
0.036877538772690 0.029546105423345
0.033197311295810 0.027835551456886
0.029798409788738 0.026164103382117
0.026658962575430 0.024533012817248
0.023758989323987 0.022944234267148
0.021086209052621 0.021398791676075
0.018637307473516 0.019896238030883
0.016405781572783 0.018437119795832
0.014382035024047 0.017022826327980
0.012554504516921 0.015655256692961
0.010909878837812 0.014336288813105
0.009427818752581 0.013064844933186
0.008086900564702 0.011839348955660
0.006869833991701 0.010659943140697
0.005762729234621 0.009527990450133
0.004754426870153 0.008445661734438
0.003835960703577 0.007415625949550
0.003004673651612 0.006440876126704
0.002277702727960 0.005524731361630
0.001666768869393 0.004670404788302
0.001172532988389 0.003880848741647
0.000788054606471 0.003158738797945
0.000501498964879 0.002506467859790
0.000298245708154 0.001926147012702
0.000162524209315 0.001419610707790
0.000078674404281 0.000988424418576
0.000032110946336 0.000633893377953
0.000010050817204 0.000357071711704
0.000001966826284 0.000158817279822
0.000000122239958 0.000039717270991
0.000000000000000 0.000000000000000
0.000000118748536 -0.000039227517892
0.000001896290278 -0.000157221195712
0.000009568010301 -0.000354850854426
0.000030095634193 -0.000633350977944
0.000073013401121 -0.000993985896616
0.000150196369214 -0.001437556474066
0.000275533485854 -0.001963722319766
0.000464481559967 -0.002570104036872
0.000733468516853 -0.003251118789384
0.001099104887501 -0.003996488983831
0.001577150883039 -0.004789347441572
0.002181235522835 -0.005604091754820
0.002924334919316 -0.006416012823535
0.003820448662712 -0.007212906396326
0.004880817840530 -0.007986788899336
0.006111954355279 -0.008734707810025
0.007513397632575 -0.009461008017222
0.009074819415664 -0.010180257014023
0.010773618799728 -0.010919701646657
0.012598569480097 -0.011695945281869
0.014558841661764 -0.012506138271209
0.016666803100903 -0.013345174098724
0.018937876075928 -0.014206041336545
0.021391338814747 -0.015079301795387
0.024051108044363 -0.015952621117727
0.026938966747569 -0.016816345288193
0.030069820601543 -0.017667531281793
0.033457633207089 -0.018505585436974
0.037115247550256 -0.019332864358653
0.041053531836099 -0.020155954176908
0.045283713912013 -0.020982875169424
0.049826714495966 -0.021811307690017
0.054707665624385 -0.022635993309599
0.059954264630283 -0.023451270899185
0.065597033187297 -0.024251220431623
0.071667749292125 -0.025030186308731
0.078197833167426 -0.025783431048075
0.085219851282260 -0.026507460725417
0.092767326602060 -0.027200801359751
0.100876032839443 -0.027861331039244
0.109586117961244 -0.028481835645952
0.118939767719163 -0.029054759272580
0.128980510292438 -0.029573279487657
0.139752533894482 -0.030029902304465
0.151299945315626 -0.030417071702734
0.163665918717159 -0.030729062966014
0.176892337678863 -0.030958199481353
0.191018958443350 -0.031092601967684
0.206081195419646 -0.031120947899837
0.222108540175458 -0.031034704141209
0.239122640780536 -0.030829570895470
0.257135044851466 -0.030504012234117
0.276145304433869 -0.030049925937186
0.296138652004091 -0.029457913338753
0.317084179609184 -0.028724859633089
0.338933323340943 -0.027856461316330
0.361618468572679 -0.026860648623905
0.385052481371535 -0.025739905795904
0.409129374445371 -0.024499603122885
0.433726135811382 -0.023153301107802
0.458705044132965 -0.021719421048135
0.483916962723127 -0.020215613679943
0.509205618232788 -0.018660144787441
0.534412485650869 -0.017074019436612
0.559381621194633 -0.015479365235982
0.583964138107680 -0.013894846782988
0.608022456037570 -0.012335522628316
0.631434087121951 -0.010817960699093
0.654094180020465 -0.009360469183356
0.675916608940110 -0.007976678008477
0.696834288206963 -0.006672753347049
0.716799093506705 -0.005452218501261
0.735781019967221 -0.004321192361882
0.753766360836021 -0.003285307186309
0.770755481226109 -0.002345904315257
0.786760566093144 -0.001499351196978
0.801803656796652 -0.000740316817844
0.815914640962877 -0.000064171118499
0.829129352060618 0.000531589172071
0.841487747593873 0.001050697198726
0.853032408647659 0.001498028274703
0.863807262133081 0.001878895029282
0.873856653751584 0.002199008887259
0.883224572747216 0.002464278103689
0.891954018972823 0.002679814082471
0.900086533573048 0.002849221716245
0.907661910115769 0.002976418701176
0.914717979998443 0.003065622277905
0.921290467427426 0.003120935020198
0.927412851605107 0.003145171656261
0.933116450644929 0.003140960561886
0.938430498773652 0.003111264676600
0.943382195751718 0.003059178364770
0.947996775543049 0.002987768690534
0.952297528296173 0.002899733650271
0.956305938168606 0.002797486733008
0.960041860236851 0.002683392247368
0.963523616170281 0.002559713221550
0.966768088921889 0.002428571860211
0.969790816900345 0.002291927178466
0.972606068190813 0.002151530329205
0.975226919663214 0.002008904950710
0.977665383609982 0.001865434835199
0.979932487719079 0.001722373516597
0.982038345102369 0.001580846679278
0.983992220113735 0.001441857720589
0.985802589767831 0.001306295272297
0.987477200144151 0.001174943515908
0.989023115273393 0.001048502356120
0.990446769750031 0.000927583513438
0.991754015339632 0.000812712028887
0.992950160516661 0.000704336759114
0.994040006396189 0.000602839922941
0.995027879260178 0.000508545651433
0.995917659856456 0.000421727590727
0.996712809646489 0.000342615615671
0.997416394171328 0.000271401715857
0.998031103695095 0.000208245115562
0.998559271273029 0.000153276686571
0.999002888377320 0.000106602708566
0.999363618199068 0.000068308026445
0.999642806729397 0.000038458647922
0.999841491706916 0.000017103818315
0.999960409502955 0.000004277602844
1.000000000000000 0.000000000000000
