1.000000000000000 0.000000000000000
0.999959480438869 0.000000103831020
0.999837775822791 0.000000480278078
0.999634447403857 0.000001324000673
0.999348760761247 0.000002958710294
0.998979681011356 0.000005835925207
0.998525866044937 0.000010532889714
0.997985657733889 0.000017749296601
0.997357071033374 0.000028302312581
0.996637780887720 0.000043119238343
0.995825106830897 0.000063226927377
0.994915995154392 0.000089736829337
0.993906998496935 0.000123824199458
0.992794252691967 0.000166699606990
0.991573450690189 0.000219570359629
0.990239813356087 0.000283588808185
0.988788056919727 0.000359783669361
0.987212356848583 0.000448969457879
0.985506307881420 0.000551628040177
0.983662868729200 0.000668084104694
0.981674282234551 0.000799226913442
0.979532031814388 0.000945972611609
0.977226779534113 0.001109047309418
0.974748291887292 0.001288885229043
0.972085357224110 0.001485494378063
0.969225693886225 0.001698280434125
0.966155875495266 0.001926155259589
0.962861393211922 0.002169403023973
0.959326511489289 0.002429078187155
0.955534115879050 0.002706371557455
0.951465609730692 0.003002634257674
0.947100808063663 0.003319409559557
0.942417832881514 0.003658525802774
0.937393028343928 0.004022579229980
0.932000859711236 0.004414997028882
0.926213819245922 0.004840067087254
0.920002356469922 0.005303174443872
0.913334825031477 0.005810964266761
0.906177367133652 0.006369943598057
0.898493927488209 0.006986569175476
0.890246376556793 0.007668245652704
0.881394655949638 0.008423487150697
0.871896953155764 0.009261405905926
0.861709967692502 0.010190962855680
0.850789448294791 0.011221652575069
0.839090831303944 0.012363513156238
0.826570025905162 0.013627000710071
0.813184430475624 0.015022790205462
0.798894207950551 0.016561485755551
0.783663736446181 0.018253198857915
0.767463278909701 0.020107010061940
0.750270968164477 0.022130455977015
0.732074918060607 0.024329420965194
0.712875411416689 0.026707860623116
0.692686992964976 0.029266235172738
0.671539996171791 0.031998111568984
0.649482276855916 0.034890152736768
0.626580684602385 0.037924692014214
0.602921582604085 0.041080978534297
0.578609923700205 0.044331583340820
0.553767296262182 0.047639365657480
0.528529905165065 0.050961337866900
0.503045217274231 0.054249252810353
0.477468060138692 0.057453386866799
0.451956412784249 0.060525629034182
0.426666258180478 0.063419927057195
0.401746565596677 0.066087205955510
0.377335505029515 0.068483131222791
0.353557710407836 0.070567953133595
0.330521249943739 0.072310626438379
0.308316565649878 0.073683062186873
0.287015384125674 0.074666215429893
0.266672773601327 0.075239279651130
0.247325976634707 0.075395452262315
0.228997837797725 0.075153533324964
0.211695933608988 0.074545860822509
0.195415405778307 0.073605374091765
0.180140001723197 0.072366451521927
0.165843766382096 0.070868165991224
0.152493928169957 0.069152253032861
0.140051097994300 0.067259151474046
0.128472621928801 0.065225460130282
0.117712934501949 0.063084668557718
0.107725321107780 0.060865710197101
0.098464737651767 0.058590059136466
0.089885735927151 0.056277416791650
0.081943687607315 0.053945474317407
0.074596887751265 0.051608053595607
0.067804594176228 0.049277915203356
0.061527482750769 0.046966622628934
0.055730933958989 0.044680887006471
0.050382764099880 0.042425600215297
0.045451315309436 0.040206358256794
0.040906515418022 0.038028426117253
0.036722423889945 0.035894221877378
0.032874461976839 0.033806042510944
0.029338515000770 0.031766934443184
0.026091538951722 0.029780153177972
0.023115316800010 0.027846861609688
0.020394645642763 0.025967074910034
0.017913441061608 0.024141833229041
0.015655243769369 0.022372859233024
0.013603878715344 0.020662120847906
0.011746633715342 0.019009621132530
0.010072748351283 0.017414465189808
0.008570399442382 0.015876974146894
0.007227190092709 0.014398341090722
0.006030603283156 0.012980308250649
0.004969018559452 0.011624956039982
0.004037533846518 0.010334734471829
0.003232216568138 0.009112131134592
0.002545929651345 0.007959435266408
0.001969404641143 0.006878719871443
0.001492116635992 0.005871838341230
0.001102949114864 0.004940429222280
0.000790711330322 0.004085932708824
0.000545537075687 0.003310021071529
0.000358945448356 0.002614524910251
0.000221884638592 0.002000568009283
0.000125648256980 0.001468690974510
0.000063217558336 0.001019016128571
0.000026895636976 0.000651466622345
0.000008767257380 0.000365947642490
0.000001767696925 0.000162426663836
0.000000111822709 0.000040568507852
0.000000000000000 0.000000000000000
0.000000109044697 -0.000039881300821
0.000001771381357 -0.000159637926155
0.000009193300015 -0.000359526891451
0.000030062816383 -0.000639701835131
0.000075776419701 -0.000999749588062
0.000159906338724 -0.001437859229789
0.000308906196164 -0.001948260040293
0.000593244408194 -0.002495360651382
0.001034499274741 -0.003048759383032
0.001601546912932 -0.003611725129677
0.002297470126294 -0.004173389652289
0.003115612120123 -0.004736880680557
0.004049070279532 -0.005308959861294
0.005100939146570 -0.005889179961135
0.006274833181609 -0.006477438654064
0.007572833359710 -0.007076206856335
0.008999342487847 -0.007685673346911
0.010562288264643 -0.008302328294853
0.012269843869500 -0.008923234043741
0.014130120180994 -0.009546577228648
0.016150893714012 -0.010172218834647
0.018339239964445 -0.010802418435487
0.020701599328801 -0.011441870839677
0.023247867307807 -0.012091159745202
0.025990667410743 -0.012748161363246
0.028943640408149 -0.013411108507709
0.032121459003371 -0.014078875649911
0.035539839374239 -0.014751339151560
0.039215579184661 -0.015429598185907
0.043167138000446 -0.016113295821522
0.047414672258659 -0.016800820567636
0.051979743798529 -0.017491200269435
0.056885288361257 -0.018184535932971
0.062155565870201 -0.018882505014000
0.067817034722555 -0.019587173850785
0.073899040682748 -0.020300244588347
0.080432954629379 -0.021025353179318
0.087452050655966 -0.021769082493165
0.094991664045877 -0.022538608937168
0.103090613123459 -0.023322631208553
0.111790665327353 -0.024095966561617
0.121136004177777 -0.024822861668569
0.131172022358306 -0.025469640958652
0.141940357291915 -0.026071221909487
0.153479627099599 -0.026710091816653
0.165824967673531 -0.027510177393540
0.179008342667215 -0.028619422597897
0.193076806740335 -0.029950709299225
0.208089101638761 -0.031207339650471
0.224086586552001 -0.032241162231439
0.241082803217268 -0.033162875376975
0.259077516577405 -0.034131555888268
0.278068825945491 -0.035170620954822
0.298047875820821 -0.036207564019931
0.318988260753965 -0.037183522867937
0.340841009324235 -0.038095711568010
0.363537445652511 -0.038947474635647
0.386990751512048 -0.039725287122379
0.411095444380399 -0.040410843561852
0.435728031887105 -0.040989676045721
0.460749723087438 -0.041450662117348
0.486010183188675 -0.041786055603536
0.511351797531612 -0.041991374969650
0.536614397487946 -0.042061821093413
0.561640245828630 -0.041993505105280
0.586278760189789 -0.041786180586692
0.610390842719662 -0.041443256422001
0.633852444327829 -0.040971542233832
0.656557125064401 -0.040380662594960
0.678417330157626 -0.039677418429051
0.699364862239671 -0.038864680415275
0.719350832822586 -0.037949488793302
0.738344407037766 -0.036943656076992
0.756331286973048 -0.035859437915498
0.773311009781453 -0.034700658776721
0.789295437197919 -0.033470748299462
0.804305407727075 -0.032168081753283
0.818368096113355 -0.030782408961064
0.831517902107118 -0.029311878826310
0.843794624334334 -0.027771053189825
0.855241621585479 -0.026183104537695
0.865904400293039 -0.024569118733658
0.875831535847341 -0.022958763381203
0.885072534456450 -0.021384630484700
0.893674537400686 -0.019869617435521
0.901681947728136 -0.018427503313349
0.909136109745977 -0.017062317160041
0.916075805391129 -0.015774669988415
0.922537375857152 -0.014563708535662
0.928554677315950 -0.013427195960259
0.934158879805286 -0.012360534695926
0.939378923347037 -0.011358873496592
0.944241737346002 -0.010417881885201
0.948772309201153 -0.009533667125135
0.952993817142300 -0.008702949176035
0.956927853509757 -0.007923655259161
0.960594312343454 -0.007193788214762
0.964011449149047 -0.006511168052272
0.967196007625951 -0.005873523426876
0.970163338240641 -0.005278559434815
0.972927608969208 -0.004724503155324
0.975502075303718 -0.004210968098203
0.977898813802331 -0.003737196538188
0.980128766325126 -0.003301866112580
0.982201856228714 -0.002903281392040
0.984127089169179 -0.002539518405122
0.985912640846136 -0.002208532755862
0.987565939935130 -0.001908361220367
0.989093755701302 -0.001637575232304
0.990502223335496 -0.001394679173699
0.991796887157023 -0.001177976577137
0.992982750265516 -0.000985670281492
0.994064317821812 -0.000815937796429
0.995045634793800 -0.000666987394606
0.995930318867463 -0.000537099377124
0.996721589105661 -0.000424656000288
0.997422290839846 -0.000328162797240
0.998034917199061 -0.000246263433469
0.998561627612646 -0.000177749766335
0.999004263565895 -0.000121568408681
0.999364361838987 -0.000076824803873
0.999643165417405 -0.000042785587209
0.999841632225273 -0.000018879823029
0.999960441800348 -0.000004699556984
1.000000000000000 0.000000000000000
