1.000000000000000 0.000000000000000
0.999959527226964 0.000002779697538
0.999837967041822 0.000011189849480
0.999634892882131 0.000025443500551
0.999349590585000 0.000045895237903
0.998981053510006 0.000073040306301
0.998527975632742 0.000107513052446
0.997988742528627 0.000150084358827
0.997361420140812 0.000201657596717
0.996643741198142 0.000263262469176
0.995833089118303 0.000336045919136
0.994926479196930 0.000421259033350
0.993920536844591 0.000520238566274
0.992811472589148 0.000634381321235
0.991595053509812 0.000765109137522
0.990266570709588 0.000913821613490
0.988820802362995 0.001081832912417
0.987251971793402 0.001270288005327
0.985553699949084 0.001480052921315
0.983718959985424 0.001711887190907
0.981740037441251 0.001967052600786
0.979608453803526 0.002246812749298
0.977314890504553 0.002552236665422
0.974849106450117 0.002884086758235
0.972199844683641 0.003242671037011
0.969354726538963 0.003627649385710
0.966300199703144 0.004038253680153
0.963021727625854 0.004475217342897
0.959503566787227 0.004939894529766
0.955728587573826 0.005433716739710
0.951678169454944 0.005958193547882
0.947332092941906 0.006514913059603
0.942668448994683 0.007105732038374
0.937663622495627 0.007733699964624
0.932292170327516 0.008402879033454
0.926526726665979 0.009118348106767
0.920337952209263 0.009886499887127
0.913694464655738 0.010715009835560
0.906562557953576 0.011610794491017
0.898906314512154 0.012580908791508
0.890687771787255 0.013633440728355
0.881867062109767 0.014777597002675
0.872402396046270 0.016021900601160
0.862250309504326 0.017373542641599
0.851366265985403 0.018839396645370
0.839705305866076 0.020426146343021
0.827223145418702 0.022142452486070
0.813877114231856 0.023998136950491
0.799627284253284 0.026003037575719
0.784437512257836 0.028163640561359
0.768277079750590 0.030482132912438
0.751122881640711 0.032957728970789
0.732961882403833 0.035588887939719
0.713793221380102 0.038372147380787
0.693630027147043 0.041299033964827
0.672501074456118 0.044353203290989
0.650452706079601 0.047511795175612
0.627550006927761 0.050744857608815
0.603877278623755 0.054015996327579
0.579537986750339 0.057284622923391
0.554653291302610 0.060506384408616
0.529358222966437 0.063620565761932
0.503798413406630 0.066551921455381
0.478128017589650 0.069219525031760
0.452505411477774 0.071542511066028
0.427090839906977 0.073457693496373
0.402040814654981 0.074923430250778
0.377503218555703 0.075939222167607
0.353611988813491 0.076531062773860
0.330482350406308 0.076726399976534
0.308208994113889 0.076557647350074
0.286865220396311 0.076074875494136
0.266503538724264 0.075333093332992
0.247157134663338 0.074373933670885
0.228841638143620 0.073231238366822
0.211557780987469 0.071934755821426
0.195293642422439 0.070510225484896
0.180026776263217 0.068980900549816
0.165727246970852 0.067363610919104
0.152358389321978 0.065675063238793
0.139879580608691 0.063929559059017
0.128247530087341 0.062139468042112
0.117416699807890 0.060317368951338
0.107342368139589 0.058469586737828
0.097980105255259 0.056600880794409
0.089285538908408 0.054717750400104
0.081219254551764 0.052816877223206
0.073744630071120 0.050891590971438
0.066824296309295 0.048941662923570
0.060423246179363 0.046969390799678
0.054511390631769 0.044976280423852
0.049058182608339 0.042966977880340
0.044032833463341 0.040948507457671
0.039408006857329 0.038927179999881
0.035159531191553 0.036908357319506
0.031262618892734 0.034898700034755
0.027692464477390 0.032905561397709
0.024427913719731 0.030935113691216
0.021452867978531 0.028991549530500
0.018749995236109 0.027079680003598
0.016300936451686 0.025204772464137
0.014087266516899 0.023372107234814
0.012094257304681 0.021585492696165
0.010309045606804 0.019847952004640
0.008717501637349 0.018162924528645
0.007304846394444 0.016534038271673
0.006056189599920 0.014964919446965
0.004959077177611 0.013459530419306
0.004006855210487 0.012022754792545
0.003191319396548 0.010658730141803
0.002502131062224 0.009370674857208
0.001927697659810 0.008161057563272
0.001455835126537 0.007031738901301
0.001074261658240 0.005984090186507
0.000771157935257 0.005019357560128
0.000535697447034 0.004139103593036
0.000357467775998 0.003344239719316
0.000226775601528 0.002635129350588
0.000135013086380 0.002011868789513
0.000074028020121 0.001474083636553
0.000036270925752 0.001021075966653
0.000015061070079 0.000652009801915
0.000004814861878 0.000366063087145
0.000000957970992 0.000162464277689
0.000000060131096 0.000040580459287
0.000000000000000 0.000000000000000
0.000000058457943 -0.000039934417806
0.000000942628442 -0.000159882459632
0.000004833784214 -0.000360263650373
0.000015552964769 -0.000641726639279
0.000038923773642 -0.001004973457998
0.000083476126125 -0.001450279502355
0.000161236656299 -0.001977052084329
0.000288108659643 -0.002583350401018
0.000484572978589 -0.003264466229303
0.000807045943648 -0.003997279139880
0.001300658494158 -0.004745173621796
0.001949620034676 -0.005498055067170
0.002746407237579 -0.006253000921610
0.003673475858035 -0.007021058920273
0.004736104620775 -0.007796741084995
0.005931495688589 -0.008586178228513
0.007262436179073 -0.009390472716500
0.008734288093173 -0.010208403017156
0.010354484696846 -0.011037611823532
0.012131744824808 -0.011875433244660
0.014074043125806 -0.012720817349366
0.016188047654217 -0.013575078988223
0.018480768107457 -0.014440104543243
0.020963831390100 -0.015313534090424
0.023650188203748 -0.016192788049761
0.026553282938815 -0.017076280325780
0.029686863601795 -0.017963953421746
0.033064720756429 -0.018857972162249
0.036702024917068 -0.019760581544048
0.040617464819397 -0.020670571341312
0.044831261156770 -0.021587213571144
0.049364813798450 -0.022511334959857
0.054240578963190 -0.023446064740884
0.059482628630080 -0.024395330932180
0.065118459626181 -0.025358228085247
0.071177818028522 -0.026333166021732
0.077692315639019 -0.027319362285891
0.084695381290645 -0.028317131559930
0.092222952466456 -0.029325260506999
0.100313419288058 -0.030340993442853
0.109006932786198 -0.031362155480723
0.118345127026248 -0.032387421713801
0.128371393342345 -0.033414155193858
0.139130253958464 -0.034439145810483
0.150666330684539 -0.035460301306365
0.163023864318536 -0.036474329892862
0.176246080191759 -0.037474041080817
0.190373406724343 -0.038451746790703
0.205442016049076 -0.039399653087577
0.221482203850755 -0.040309938828510
0.238516204641623 -0.041175542057246
0.256556381597581 -0.041987187450061
0.275603027759847 -0.042733298532679
0.295641941401484 -0.043402392420412
0.316642541908226 -0.043982537604289
0.338556063775359 -0.044462362017811
0.361314558522312 -0.044828170585058
0.384830436990558 -0.045065791522906
0.408996913832340 -0.045164113959630
0.433689531540275 -0.045115635711964
0.458768755878751 -0.044912102544069
0.484083504984380 -0.044543900607508
0.509474927384614 -0.043995340392579
0.534781126138243 -0.043243578121201
0.559842879406711 -0.042282183583622
0.584508587975886 -0.041125623419240
0.608638652959458 -0.039794115320450
0.632109043170891 -0.038311668639311
0.654813755630573 -0.036704871226822
0.676666346617696 -0.035002193599748
0.697600216642146 -0.033231410760098
0.717568213076524 -0.031418727241703
0.736541342467960 -0.029588226679684
0.754507387819481 -0.027764302893790
0.771468505010654 -0.025968880064580
0.787439019038575 -0.024221344299654
0.802443484521275 -0.022540748967601
0.816513800507997 -0.020940859397356
0.829687089559358 -0.019428773512100
0.842004070561672 -0.018005978817142
0.853507906786595 -0.016671895493391
0.864243036409005 -0.015424644177247
0.874254204500819 -0.014261499565011
0.883585665981161 -0.013178974081381
0.892280591069265 -0.012173037246621
0.900380579933052 -0.011238891627816
0.907925385262491 -0.010371374870188
0.914952775049048 -0.009565616835459
0.921498410127655 -0.008817064305642
0.927595713464355 -0.008120827414145
0.933275828343766 -0.007471337571087
0.938567828133500 -0.006863855787283
0.943498781693237 -0.006294468345913
0.948093819432894 -0.005759913893192
0.952376240859014 -0.005257679193381
0.956367628434697 -0.004786080293773
0.960087883520110 -0.004343565156902
0.963555326719695 -0.003928626537921
0.966786806799023 -0.003539814140542
0.969797805887401 -0.003175744212651
0.972602610213733 -0.002835670599482
0.975214469695098 -0.002520008714769
0.977645488466846 -0.002228749232677
0.979906697459723 -0.001961377735309
0.982008150717416 -0.001717032025897
0.983959011171036 -0.001494621626643
0.985767627108318 -0.001292917929675
0.987441601814337 -0.001110720093683
0.988987858650907 -0.000947195886363
0.990412688336103 -0.000801422672247
0.991721795884375 -0.000672301410251
0.992920344786189 -0.000558635427863
0.994012996282652 -0.000459189907104
0.995003944230289 -0.000372736396305
0.995896945984659 -0.000298085775791
0.996695349673398 -0.000234112369075
0.997402118178830 -0.000179771310555
0.998019850106008 -0.000134110822892
0.998550797973055 -0.000096280696000
0.998996883825992 -0.000065537974230
0.999359712449153 -0.000041250632431
0.999640582314134 -0.000022899842030
0.999840494384527 -0.000010081284733
0.999960158869870 -0.000002505855356
1.000000000000000 0.000000000000000
