1.000000000000000 0.000000000000000
0.999959914407544 0.000004613726127
0.999839519624084 0.000018529922810
0.999638400660023 0.000041973525655
0.999355862615127 0.000075318986852
0.998990925755843 0.000119089461920
0.998542318529614 0.000173955356733
0.998008468419298 0.000240731897957
0.997387490508777 0.000320375260305
0.996677173595192 0.000413976626678
0.995874963643086 0.000522753363132
0.994977944329602 0.000648036248543
0.993982814376333 0.000791251394887
0.992885861300532 0.000953895111005
0.991682931143816 0.001137499478593
0.990369393647425 0.001343585796695
0.988940102235943 0.001573602275354
0.987389348041680 0.001828841376608
0.985710807198289 0.002110333036866
0.983897507173218 0.002419069331042
0.981941806582715 0.002756494436397
0.979835294874320 0.003124006366404
0.977568708709761 0.003522789620209
0.975131842907226 0.003953693701319
0.972513448507171 0.004417073287032
0.969701115862398 0.004912579730521
0.966681288568987 0.005439674024863
0.963439514932885 0.005999424077642
0.959960124795215 0.006593296726424
0.956226064247535 0.007222809246261
0.952218790879407 0.007889521693149
0.947918166052501 0.008595028154505
0.943302391572256 0.009341326805480
0.938348003419785 0.010131652630156
0.933029729053758 0.010970127142575
0.927320410474931 0.011861874390891
0.921190965323932 0.012813321094722
0.914610214444731 0.013831555434472
0.907544533418444 0.014922429419175
0.899958106744678 0.016092107479005
0.891813056744286 0.017347517981677
0.883069549778529 0.018696213749117
0.873685793840470 0.020144910483620
0.863618429555725 0.021699899204007
0.852823044924728 0.023367371058221
0.841254824664203 0.025153551217121
0.828869424914058 0.027065066189750
0.815623925273723 0.029108383649132
0.801477997583044 0.031289128301099
0.786395148078858 0.033610249848824
0.770344527117352 0.036072309176302
0.753302943134577 0.038673618028937
0.735257053749626 0.041410372772884
0.716205448888774 0.044275519728860
0.696160425822544 0.047255388442702
0.675149946008900 0.050328957416217
0.653219562775583 0.053469088881807
0.630433624208745 0.056642310150187
0.606875149269411 0.059803978566660
0.582644027831061 0.062884936974386
0.557857684785795 0.065807828399257
0.532651508880217 0.068500717590826
0.507174485309196 0.070898523726877
0.481586467895674 0.072953985708772
0.456051621050364 0.074629710160374
0.430733335545159 0.075895944642411
0.405788927737764 0.076734792434290
0.381365465461801 0.077141981283332
0.357595095129665 0.077129282730316
0.334592197116962 0.076724790728973
0.312450271734462 0.075971607196533
0.291241224848199 0.074925602984108
0.271016374995123 0.073636728148529
0.251807751604867 0.072145811119554
0.233630251376696 0.070489223309386
0.216484236881529 0.068696198455261
0.200357033071534 0.066794285790615
0.185226027278901 0.064806858429470
0.171060072498643 0.062755695411844
0.157822163913853 0.060659153053238
0.145471466997170 0.058531525357560
0.133963591175109 0.056387056762591
0.123252971657333 0.054237877387945
0.113293551228436 0.052094628815027
0.104038994318316 0.049967619357596
0.095444921284039 0.047863549367619
0.087468918431513 0.045786677307942
0.080069456939476 0.043742033304913
0.073207012127020 0.041733751073061
0.066845575376343 0.039762425360003
0.060950656946873 0.037829344429572
0.055489139598962 0.035936904791232
0.050430312186458 0.034087582222734
0.045746999303909 0.032282937911237
0.041413293368638 0.030524857059085
0.037404381172144 0.028815508570617
0.033696938420432 0.027156694994523
0.030271589271569 0.025544563861236
0.027111219565259 0.023973319775880
0.024198739774468 0.022440081698619
0.021517401071792 0.020944103932648
0.019051110488611 0.019486146391968
0.016786411802350 0.018070198221422
0.014712209937635 0.016702634937081
0.012817030061483 0.015388495084864
0.011089228971756 0.014131528886389
0.009517300558646 0.012934453624863
0.008090182149218 0.011798985290966
0.006801689817229 0.010717660758875
0.005650141451278 0.009674898416580
0.004630892437494 0.008661758032832
0.003736830980540 0.007675128793283
0.002959279764827 0.006716070088518
0.002288683877791 0.005788526946840
0.001715132397711 0.004898339277694
0.001232265395707 0.004055255318047
0.000843082394938 0.003276704275168
0.000544923062108 0.002575328026113
0.000328712212383 0.001957927450430
0.000181645145760 0.001427243225766
0.000089273992191 0.000983354400923
0.000037115743026 0.000624768091070
0.000011876426160 0.000349257885012
0.000002364457209 0.000154495623711
0.000000148470778 0.000038510458924
0.000000000000000 0.000000000000000
0.000000144866667 -0.000037908523665
0.000002336829072 -0.000151445993160
0.000011990567258 -0.000339980238244
0.000038612175502 -0.000602228096234
0.000096541871333 -0.000935899914359
0.000204743776752 -0.001337553943034
0.000383523727245 -0.001803264404329
0.000653931086503 -0.002328416270279
0.001036452945492 -0.002907590823012
0.001548943292819 -0.003534531968935
0.002203945498425 -0.004202113312318
0.003005250005800 -0.004902308867218
0.003943487378150 -0.005626171259531
0.004993044079010 -0.006363958575022
0.006141583440763 -0.007107109433370
0.007395216866315 -0.007849045486395
0.008761859234226 -0.008584975663355
0.010251133052803 -0.009312806449691
0.011874763336551 -0.010034360377258
0.013647069499281 -0.010756960952093
0.015585008139646 -0.011493925047106
0.017702625950795 -0.012249938678440
0.020011027464213 -0.013021770431377
0.022520716745051 -0.013805803425279
0.025241091600120 -0.014598194499364
0.028179708482909 -0.015394955263793
0.031341984479830 -0.016192112085679
0.034739250687158 -0.016986343444847
0.038389368173932 -0.017775365730187
0.042312173902681 -0.018558209681317
0.046529591799105 -0.019335901377538
0.051065860285904 -0.020112295543725
0.055946422989567 -0.020889973813635
0.061196703511185 -0.021665938589167
0.066843310593126 -0.022436914942714
0.072913963134263 -0.023200201217750
0.079437529318180 -0.023953881192824
0.086446853707412 -0.024695117968816
0.093978256317026 -0.025420925231235
0.102070168959922 -0.026129682416684
0.110762947150182 -0.026821333811723
0.120098480619545 -0.027492647648774
0.130119791219542 -0.028138329437844
0.140870502612482 -0.028753798655120
0.152394560326861 -0.029334901065482
0.164736102894896 -0.029877078251147
0.177937780278279 -0.030377287708660
0.192039456386442 -0.030833042406044
0.207076969663562 -0.031237823678731
0.223080170513543 -0.031584955773172
0.240071047683776 -0.031869159780148
0.258061798309961 -0.032087227992742
0.277052412376839 -0.032238227851297
0.297028656356691 -0.032317251180749
0.317960030265717 -0.032316683960420
0.339798056502486 -0.032231917509242
0.362475219787977 -0.032063699307929
0.385904533768893 -0.031815046427253
0.409980137226666 -0.031487361495696
0.434578706473765 -0.031082456411150
0.459561873928048 -0.030598121039281
0.484779786340078 -0.030032193889678
0.510075531503161 -0.029389674714812
0.535289823002718 -0.028679521721157
0.560265651007283 -0.027904118540475
0.584853137741861 -0.027062290393319
0.608913874071616 -0.026154715413159
0.632324432696771 -0.025184070381117
0.654978841566999 -0.024154130935054
0.676790073627562 -0.023069441827542
0.697690958588017 -0.021940192906755
0.717634025300366 -0.020786422134817
0.736589775942518 -0.019626642156104
0.754544777150780 -0.018473062475570
0.771499778508295 -0.017334476003866
0.787467853391123 -0.016221374109931
0.802472391650517 -0.015148636978217
0.816544367028772 -0.014127537704624
0.829720241791303 -0.013163551256052
0.842040282162369 -0.012256956103025
0.853547323372965 -0.011406791940003
0.864285560632853 -0.010611392038615
0.874299546715281 -0.009868541856936
0.883633413513721 -0.009175725174705
0.892330266206498 -0.008530242306893
0.900431691574369 -0.007928692030819
0.907977451424591 -0.007367186441273
0.915005338375841 -0.006842320152396
0.921551049173047 -0.006351136026433
0.927648069676576 -0.005890389870857
0.933327603346349 -0.005455704516713
0.938618770729574 -0.005043534452972
0.943548683843076 -0.004651268237884
0.948142512010534 -0.004276988490397
0.952423576262453 -0.003919514979862
0.956413460619404 -0.003578610464113
0.960132075012481 -0.003254106547349
0.963597754483212 -0.002945747540318
0.966827365769897 -0.002653212020666
0.969836410683858 -0.002376131058070
0.972639183664983 -0.002114667407346
0.975248945657134 -0.001870299129982
0.977677819871102 -0.001643978507555
0.979936856550005 -0.001435972050285
0.982036128652802 -0.001246053212480
0.983984817205885 -0.001073650190532
0.985791287505358 -0.000917958709438
0.987463156276395 -0.000778140450533
0.989007349618087 -0.000653743619740
0.990430162151833 -0.000544162751144
0.991737306766419 -0.000448530164022
0.992933957393083 -0.000365814595934
0.994024787214491 -0.000294896366928
0.995014002727676 -0.000234624216042
0.995905374029508 -0.000183857937554
0.996702261648126 -0.000141500063304
0.997407640203483 -0.000106519141945
0.998024119143977 -0.000077966616716
0.998553960773447 -0.000054988869278
0.998999095753151 -0.000036835653625
0.999361136236196 -0.000022865871501
0.999641386766901 -0.000012551423673
0.999840853054366 -0.000005479697232
0.999960248707724 -0.000001355107913
1.000000000000000 0.000000000000000
