1.000000000000000 0.000000000000000
0.999959653623909 0.000005007405386
0.999838467933818 0.000020048565505
0.999636002292640 0.000045180569619
0.999351519125451 0.000080499432055
0.998983979122916 0.000126141417648
0.998532034472217 0.000182284952696
0.997994020061492 0.000249153179492
0.997367942588285 0.000327017233091
0.996651467486854 0.000416200342885
0.995841903573765 0.000517082889774
0.994936185295768 0.000630108583507
0.993930852449091 0.000755791965697
0.992822027225034 0.000894727493861
0.991605388423702 0.001047600523065
0.990276142666450 0.001215200577135
0.988828992428984 0.001398437394618
0.987258100475224 0.001598357027112
0.985557048971851 0.001816137171739
0.983718796746589 0.002053113680515
0.981735632980735 0.002310817627815
0.979599126062228 0.002591008278222
0.977300068168422 0.002895712818601
0.974828415526975 0.003227274455485
0.972173217421840 0.003588359832138
0.969322486661542 0.003981581121294
0.966263125345495 0.004409566046070
0.962980857999260 0.004875124838806
0.959460135001327 0.005381241204601
0.955684029287444 0.005931051920335
0.951634129615101 0.006527843144580
0.947290456041171 0.007175331811887
0.942631344268127 0.007877634431030
0.937633316698044 0.008639094316532
0.932270967873986 0.009464236827506
0.926516857345239 0.010357724469735
0.920341465723564 0.011324693955403
0.913713134216821 0.012370815097134
0.906597980446502 0.013501949054350
0.898959884093224 0.014724033163287
0.890760600374102 0.016043444487290
0.881960026241141 0.017467894615859
0.872516309455929 0.019005709908440
0.862386147910752 0.020665616182283
0.851525109119899 0.022455838677370
0.839888130422190 0.024383291281744
0.827430399914387 0.026453873307788
0.814108471740877 0.028672900134473
0.799881776230785 0.031046504147095
0.784713894371801 0.033580027222574
0.768574240973101 0.036277408507422
0.751440020073001 0.039140864347713
0.733298253780763 0.042169943352642
0.714147232153138 0.045356469520115
0.693998662054062 0.048683892690519
0.672880883673750 0.052134024844343
0.650841536266499 0.055692561373006
0.627947383493011 0.059341153386987
0.604283875279340 0.063052247229854
0.579954794044433 0.066789305359541
0.555079459602924 0.070496704303304
0.529792100699223 0.074113478339698
0.504240363271767 0.077585707949707
0.478578499610185 0.080845774526639
0.452960009813242 0.083785774360022
0.427539667524256 0.086309836180915
0.402471809847803 0.088352646181592
0.377903384732450 0.089871036044141
0.353969450955891 0.090844151937545
0.330789250090170 0.091275797061763
0.308463131971525 0.091186769358824
0.287072354404855 0.090596779061644
0.266677078890736 0.089536772307074
0.247317157129439 0.088065607747950
0.229012787522266 0.086249446447554
0.211766599981932 0.084154229345068
0.195566341577025 0.081841741959560
0.180387553423566 0.079368150139156
0.166196583212862 0.076782558831312
0.152955779460516 0.074116584899148
0.140624065590292 0.071390575034568
0.129155995130011 0.068626200794061
0.118503874403291 0.065847376631223
0.108618714926789 0.063075924570739
0.099453034287579 0.060326593149699
0.090961902643944 0.057606964473434
0.083100674928995 0.054924896635533
0.075827028327543 0.052287449479985
0.069101803206091 0.049700211863031
0.062886736950222 0.047168854795838
0.057145162716702 0.044698112799484
0.051843495965408 0.042289114691804
0.046949856983996 0.039942951312978
0.042433817045913 0.037661509412319
0.038268684254714 0.035446261512713
0.034433850187658 0.033297136525172
0.030908804623444 0.031214576956636
0.027672748407855 0.029199562529433
0.024704869723462 0.027252734055445
0.021983466194378 0.025371598945042
0.019487883764948 0.023553867137797
0.017199304215277 0.021798670632894
0.015100622352703 0.020106094277506
0.013179659877328 0.018476872673705
0.011437395532588 0.016912248261518
0.009873064326354 0.015413603057660
0.008481217883946 0.013982299220452
0.007253217651264 0.012619617181619
0.006178180806109 0.011326634003839
0.005237327091507 0.010101254545627
0.004406442404480 0.008939033162573
0.003666639444919 0.007837841244070
0.003003811573128 0.006797472207871
0.002407571407601 0.005819060659365
0.001870406389039 0.004904635410062
0.001388256289550 0.004057020476100
0.000974159951008 0.003282338149815
0.000642266192127 0.002586776947163
0.000393555812763 0.001973724839373
0.000220190937127 0.001444557415080
0.000109276435197 0.000999329292548
0.000045773466741 0.000637313393896
0.000014728405119 0.000357416274513
0.000002943522867 0.000158491380314
0.000000185249035 0.000039566846929
0.000000000000000 0.000000000000000
0.000000184546163 -0.000039366587755
0.000002983596544 -0.000157519641774
0.000015365607465 -0.000354587077525
0.000049729370256 -0.000630673941576
0.000125118741116 -0.000985694434999
0.000267942915186 -0.001418431942745
0.000505251636802 -0.001920206291144
0.000861461526005 -0.002470199315796
0.001356304041404 -0.003030860028078
0.002000298072654 -0.003540815446109
0.002791084674045 -0.003911703383406
0.003730403132944 -0.004082864984554
0.004823595824461 -0.004031309603481
0.006068434739388 -0.003756017034753
0.007451685116069 -0.003287270471267
0.008944935621551 -0.002698857076186
0.010516889503944 -0.002075053882376
0.012164631420519 -0.001425522473673
0.013892836596626 -0.000744277901130
0.015710332441982 -0.000021235631947
0.017631560905970 0.000759157127283
0.019678463817539 0.001619674531045
0.021880957320587 0.002590513113149
0.024258784103521 0.003689910771301
0.026822539180509 0.004924697324265
0.029582736242658 0.006299091147945
0.032549667895039 0.007813649458332
0.035733029355336 0.009463694646575
0.039141441534814 0.011237336658277
0.042785798233145 0.013123969119214
0.046684711187309 0.015128399858580
0.050860362805529 0.017258068329964
0.055338422016678 0.019521244942513
0.060148808993096 0.021927197145614
0.065326578188954 0.024486360554449
0.070908107188664 0.027207825899537
0.076926594938261 0.030096351580802
0.083417004134287 0.033154517653014
0.090416545164334 0.036382269941677
0.097964528789869 0.039775957724011
0.106103304874552 0.043327885783348
0.114881749724826 0.047027281806871
0.124353452948437 0.050857687920731
0.134576157015633 0.054794906300886
0.145611755471436 0.058805066554840
0.157522241779390 0.062840604647301
0.170365630773817 0.066836006545780
0.184198243698292 0.070706280380995
0.199073262053027 0.074343793517201
0.215033306891316 0.077635824466442
0.232098100011561 0.080500384464642
0.250267443455475 0.082860304982341
0.269518810737216 0.084642158287246
0.289816876715438 0.085805289109046
0.311114940017039 0.086355580696161
0.333342382942647 0.086331476373708
0.356412537126260 0.085780536317818
0.380231442383557 0.084737157305975
0.404686792358001 0.083253925751865
0.429648678884815 0.081368374618324
0.454972436603681 0.079097074908490
0.480503102093866 0.076470622265050
0.506083627464395 0.073550261547567
0.531556580496116 0.070410746937849
0.556766234657567 0.067110755348514
0.581563236722016 0.063690269485122
0.605811120170783 0.060194781720488
0.629391353031281 0.056683844608788
0.652202817941729 0.053212096007552
0.674160082901816 0.049806704351326
0.695195640914723 0.046479642213128
0.715262361395092 0.043247250920505
0.734333009667253 0.040134501222308
0.752396308888004 0.037161045766075
0.769453999817405 0.034335586578411
0.785519164353200 0.031659573416690
0.800614840540813 0.029132904706018
0.814772517262730 0.026757972691060
0.828029511884374 0.024535905513520
0.840426855235098 0.022464513214096
0.852007623746453 0.020537412266570
0.862816040381798 0.018746352381226
0.872896721350670 0.017082981010223
0.882294128522448 0.015540644304483
0.891052016096563 0.014114893958143
0.899212484139490 0.012800323471523
0.906815667737480 0.011590690883039
0.913899531571230 0.010478995131435
0.920499796541266 0.009457831760651
0.926649985800421 0.008520072477208
0.932381438690265 0.007658973787498
0.937723452994775 0.006869044797420
0.942703625517444 0.006148346481363
0.947347490072762 0.005494702810441
0.951678521297448 0.004904887351909
0.955718290311548 0.004375027265067
0.959486576528438 0.003900738441949
0.963001353084398 0.003476630291716
0.966279116126672 0.003097405296625
0.969335077607332 0.002758314511695
0.972183249337412 0.002455109615090
0.974836524269081 0.002183995919234
0.977306748513811 0.001941509492293
0.979604779090126 0.001724259140394
0.981740580423794 0.001529255077027
0.983723295000732 0.001353953244421
0.985561300605801 0.001196183839825
0.987262263695038 0.001054092224609
0.988833188837407 0.000926089529163
0.990280442118116 0.000810526007136
0.991609771675550 0.000705382560123
0.992826414676515 0.000609126743087
0.993935135081653 0.000520727202979
0.994940247068335 0.000439529681138
0.995845637128490 0.000365159251553
0.996654784630922 0.000297443392876
0.997370780709286 0.000236351599654
0.997996345389457 0.000181948121508
0.998533842907928 0.000134355124706
0.998985295199391 0.000093724135857
0.999352393549367 0.000060214082172
0.999636508418858 0.000033974610430
0.999838697453870 0.000015133666844
0.999959711694811 0.000003788567817
1.000000000000000 0.000000000000000
