1.000000000000000 0.000000000000000
0.999959487743569 0.000003277048977
0.999837804384252 0.000013128152971
0.999634509187921 0.000029613356525
0.999348864375693 0.000052833312807
0.998979830261260 0.000082930155809
0.998526058383550 0.000120088728868
0.997985882574700 0.000164538176507
0.997357307885489 0.000216553908032
0.996637997272087 0.000276459942073
0.995825255929250 0.000344631641348
0.994916013135682 0.000421498845911
0.993906801457421 0.000507549410668
0.992793733134689 0.000603333148591
0.991572473456840 0.000709466174055
0.990238210909079 0.000826635630348
0.988785623853780 0.000955604770405
0.987208844467139 0.001097227234166
0.985501430217513 0.001252566502984
0.983656321890725 0.001422932141553
0.981665791433300 0.001609865187912
0.979521391415046 0.001815182635223
0.977213900564609 0.002041033096465
0.974733265270213 0.002289964997499
0.972068533591245 0.002564975865974
0.969207724691148 0.002868993133549
0.966137733534281 0.003204750012048
0.962844279552534 0.003575139314705
0.959311812308966 0.003983203066475
0.955523409567026 0.004432093955373
0.951460669908431 0.004925029081243
0.947103613926806 0.005465621774638
0.942430577528805 0.006058068030650
0.937418085424928 0.006706780922938
0.932040735671201 0.007416301983919
0.926271089376538 0.008191203727343
0.920079619573897 0.009036438319314
0.913434702753787 0.009957905241344
0.906302514465819 0.010961812745447
0.898647010481905 0.012054480872334
0.890429983800881 0.013242344881849
0.881611282572020 0.014532755416969
0.872148977313542 0.015933546494817
0.861999635195208 0.017452563352957
0.851118800579390 0.019097755732036
0.839461704233350 0.020877765062089
0.826983989565580 0.022801181116440
0.813642692790118 0.024876104845496
0.799397461872120 0.027109843141866
0.784212022326856 0.029508435497335
0.768055864568233 0.032076036313918
0.750906089738463 0.034814032627032
0.732749514710533 0.037720500138988
0.713585155479708 0.040791493834232
0.693426682651445 0.044022345669877
0.672303907308405 0.047403901320673
0.650263576464172 0.050916627886744
0.627371037343038 0.054533788442322
0.603711652958621 0.058227576909729
0.579390033383130 0.061967453865356
0.554526943145420 0.065708974292163
0.529257208873579 0.069397291351638
0.503727429136546 0.072974552857528
0.478091472432926 0.076377881435187
0.452502791416980 0.079506937658556
0.427112960730402 0.082254598467321
0.402074196256229 0.084549747166973
0.377531284798063 0.086344658333211
0.353617796992974 0.087609110284600
0.330451412491040 0.088334034968438
0.308132477013178 0.088532792558859
0.286741519194709 0.088228408814928
0.266339311191445 0.087449954431166
0.246966523659392 0.086243016324602
0.228645250872128 0.084666118796130
0.211379278846318 0.082784357252490
0.195156862004925 0.080666056140965
0.179954624796579 0.078369272964085
0.165740519337018 0.075939443230370
0.152475728215991 0.073415127803951
0.140118625801576 0.070822995647151
0.128624052980214 0.068185952038148
0.117944991858961 0.065524918159061
0.108034129850709 0.062858196355059
0.098843578488883 0.060202457766167
0.090327716993539 0.057569007283185
0.082442978518465 0.054965584674507
0.075146394450154 0.052400225991342
0.068397784155294 0.049879333132699
0.062159987283996 0.047407543992530
0.056396849299881 0.044989762929937
0.051074154972627 0.042629981324245
0.046162093570364 0.040327677769737
0.041632421535415 0.038082409854336
0.037457648017138 0.035895159700840
0.033612270965645 0.033767567562392
0.030075443737018 0.031701043631220
0.026827172963590 0.029697230287061
0.023847500581338 0.027757978921574
0.021117055497809 0.025884921342276
0.018619491915637 0.024074889527446
0.016340581358107 0.022322123364369
0.014265755337288 0.020623572680828
0.012380446518065 0.018978284429029
0.010670588851590 0.017386880002799
0.009127100891363 0.015854391939314
0.007744282724432 0.014388537985514
0.006514144837097 0.012994961989880
0.005427015247131 0.011677483971879
0.004472256587775 0.010438515834499
0.003639018365009 0.009278601438677
0.002918886800687 0.008188461368201
0.002304012939112 0.007157074399488
0.001785294470057 0.006179221118595
0.001352964080658 0.005253994403206
0.000997074087193 0.004383490393118
0.000707860771903 0.003571789777283
0.000476048326916 0.002824206983846
0.000296547838995 0.002150911861073
0.000168028821140 0.001565765954089
0.000084203217479 0.001075295115455
0.000035531078765 0.000680391759695
0.000011494443942 0.000378800256597
0.000002305664686 0.000166992413438
0.000000145413870 0.000041531905217
0.000000000000000 0.000000000000000
0.000000142999232 -0.000040918491606
0.000002316452480 -0.000163064678892
0.000011968528822 -0.000364414902162
0.000038905532563 -0.000640934110466
0.000098416446143 -0.000985548287907
0.000212919982523 -0.001386635917650
0.000414210829797 -0.001825964641032
0.000743086890027 -0.002278169554234
0.001232373761304 -0.002720978403249
0.001904811591605 -0.003135323170393
0.002771312623882 -0.003504852350503
0.003824278563902 -0.003818269143232
0.005029066705555 -0.004072343856253
0.006328717691549 -0.004271172680893
0.007707434312942 -0.004408291376285
0.009168253768781 -0.004474414369077
0.010717814750564 -0.004463429624924
0.012367652379016 -0.004373961070302
0.014135861109829 -0.004211398169124
0.016048745940022 -0.003989970845010
0.018128132017336 -0.003718250348961
0.020382953015865 -0.003389723621433
0.022820400991343 -0.002996220652006
0.025446099768696 -0.002528778143355
0.028263313941857 -0.001977620812329
0.031272058131653 -0.001332188411669
0.034475703618220 -0.000582454513938
0.037887714263800 0.000279622929469
0.041524730783131 0.001260704828699
0.045406453115009 0.002365385063388
0.049556409723934 0.003595108848505
0.054002078264736 0.004948004681635
0.058768306486947 0.006428581533276
0.063878526238361 0.008045776226163
0.069357877407231 0.009808040143353
0.075233282536965 0.011722775445795
0.081533624105564 0.013795827505093
0.088291600774083 0.016032962133229
0.095544011785386 0.018439056205373
0.103331250919024 0.021015957518786
0.111697708682041 0.023761156930888
0.120690656297780 0.026669072408876
0.130356678868365 0.029736568309074
0.140743825215527 0.032957490019410
0.151901884818797 0.036320231286532
0.163881512584667 0.039807360506223
0.176732285086489 0.043397687915783
0.190502269706901 0.047062989383533
0.205236913773267 0.050765880786693
0.220976260909852 0.054459743301990
0.237751913969587 0.058088721261380
0.255585881748036 0.061585498086680
0.274487467622562 0.064868391272398
0.294447994888069 0.067833057617105
0.315439721961110 0.070357462598580
0.337412768006186 0.072314510740685
0.360285450113224 0.073623669228997
0.383947389333798 0.074232459931310
0.408266485108955 0.074116948103474
0.433103628715235 0.073333751752732
0.458307180471551 0.071983592977835
0.483717740832337 0.070166495920687
0.509176824247315 0.067953544707093
0.534525026648859 0.065419942159222
0.559605830436245 0.062627637808214
0.584270496360924 0.059632059589498
0.608383050573943 0.056490213779866
0.631824046696034 0.053258146281115
0.654491724513571 0.049988057513401
0.676303165187876 0.046723485007777
0.697194677824845 0.043501032508331
0.717121471624791 0.040351940302810
0.736056542315622 0.037302012525543
0.753988691980124 0.034371224888694
0.770920731733916 0.031575051940949
0.786867186811151 0.028924400018953
0.801851920165031 0.026425293591725
0.815906032875223 0.024079181425408
0.829066091090930 0.021884290150595
0.841372566676864 0.019836902828298
0.852868754508642 0.017934032371581
0.863599297854075 0.016172134309090
0.873608932150106 0.014545714618708
0.882941784921062 0.013048224846509
0.891640845115377 0.011672784524879
0.899747524408466 0.010411889948789
0.907301378375654 0.009257705294598
0.914340032078263 0.008203136788890
0.920899102074417 0.007242199702785
0.927011954557462 0.006368595160249
0.932709719697564 0.005575842151328
0.938021413044345 0.004858132648893
0.942974263611354 0.004213250536774
0.947593487858291 0.003638959593748
0.951902278195649 0.003131711068921
0.955921954757777 0.002687142624351
0.959672074700126 0.002300429747463
0.963170372537843 0.001966453501127
0.966433111789033 0.001680102539990
0.969475315173609 0.001436459568499
0.972310840508889 0.001230870451018
0.974952455002667 0.001058984402480
0.977411890824861 0.000916364415358
0.979699871606768 0.000797442040754
0.981826253207583 0.000697347418054
0.983800100500195 0.000612259342535
0.985629737207132 0.000539189735789
0.987322793509914 0.000475811575146
0.988886251034742 0.000420320012344
0.990326482518772 0.000371092164891
0.991649289969000 0.000326502564609
0.992859947017578 0.000285419406911
0.993963232117179 0.000247143767246
0.994963458150458 0.000211297591226
0.995864499379492 0.000177735616573
0.996669815802993 0.000146476266539
0.997382475003453 0.000117647573960
0.998005171573375 0.000091445007666
0.998540244211252 0.000068098721874
0.998989690575306 0.000047848268568
0.999355179977326 0.000030923230364
0.999638063991111 0.000017528568699
0.999839385040475 0.000007833757163
0.999959883021214 0.000001964996698
1.000000000000000 0.000000000000000
