1.000000000000000 0.000000000000000
0.999961133673069 0.000010728320255
0.999844403360871 0.000042987007604
0.999649414046401 0.000096997164507
0.999375503940415 0.000173127003479
0.999021739275626 0.000271891288843
0.998586906887383 0.000393950306133
0.998069504444361 0.000540108092660
0.997467728145839 0.000711309560571
0.996779457648863 0.000908636020150
0.996002237926806 0.001133298458997
0.995133257688192 0.001386627743436
0.994169323898162 0.001670060671443
0.993106831840993 0.001985120508103
0.991941730036119 0.002333390258454
0.990669479166550 0.002716476457490
0.989285003990412 0.003135960656508
0.987782637993470 0.003593339004077
0.986156122106127 0.004090190922656
0.984398606830472 0.004628380715838
0.982502526061743 0.005209779533591
0.980459513952671 0.005836178942656
0.978260316524187 0.006509209721868
0.975894689357797 0.007230234500323
0.973351287853446 0.008000232422767
0.970617765091698 0.008820282279267
0.967680755597242 0.009691735074391
0.964525588207987 0.010615631745410
0.961136141388250 0.011592529980070
0.957494691187823 0.012622313419539
0.953581804468060 0.013704163690262
0.949376762466653 0.014838343446634
0.944857391806358 0.016025952163247
0.939999726445821 0.017268087383004
0.934777931702237 0.018565866316338
0.929164251309465 0.019920650937541
0.923128977173609 0.021335182681337
0.916640477802289 0.022813591152504
0.909665288061772 0.024361533701013
0.902168165649386 0.025986372656172
0.894111068662025 0.027693111577128
0.885453349732881 0.029484608777845
0.876152602141239 0.031363884326692
0.866164918750266 0.033333701976915
0.855444989123095 0.035394785440178
0.843946960895997 0.037546721973885
0.831625321346549 0.039788114579500
0.818435711710416 0.042115683441782
0.804336280629888 0.044524356416848
0.789289082094084 0.047006010863216
0.773261073022871 0.049544312426426
0.756226472282910 0.052116734134333
0.738169621576064 0.054697754333845
0.719087556071348 0.057260017051287
0.698991963064220 0.059773181572096
0.677911569210026 0.062206271132990
0.655893700595724 0.064525900017001
0.633005203624174 0.066692768656999
0.609333263928031 0.068666673300640
0.584985730960685 0.070416354998112
0.560089194702295 0.071915783844272
0.534785867839704 0.073137810879460
0.509230236455649 0.074064535458525
0.483584916065684 0.074705503387468
0.458015067934959 0.075074552843603
0.432682533425042 0.075170263472387
0.407741655000775 0.074997742156901
0.383335037908127 0.074575078604893
0.359589977919158 0.073919674845152
0.336615899631530 0.073043293613030
0.314502546901295 0.071963755315446
0.293319487480900 0.070705482311759
0.273116641196550 0.069291936316802
0.253925691604629 0.067742371624597
0.235761316636828 0.066076809311947
0.218623759499963 0.064314452303358
0.202500358195119 0.062474866296666
0.187368345250813 0.060575861908544
0.173196648693942 0.058634333632566
0.159948303006251 0.056664675172150
0.147582945604775 0.054676415233377
0.136056760176230 0.052679547053443
0.125324329582297 0.050683077839119
0.115339822940246 0.048694649158477
0.106057216507893 0.046722272633336
0.097432355162580 0.044772045783348
0.089423733360675 0.042847560154486
0.081990659862062 0.040953087032781
0.075093695549589 0.039092672764102
0.068695261069422 0.037266994121584
0.062759696471308 0.035476777123484
0.057253347394371 0.033723932071466
0.052145880688496 0.032010408391036
0.047413845589321 0.030336088519025
0.043034927392258 0.028701307991615
0.038986591363753 0.027107317053265
0.035246501205956 0.025555723809522
0.031790178019818 0.024045349947333
0.028592636933083 0.022573485611458
0.025631811517458 0.021139188586927
0.022888270758776 0.019742821650508
0.020345189230576 0.018385561602295
0.017997760174378 0.017068306172189
0.015849802870343 0.015791676253006
0.013899724845135 0.014556920917360
0.012141490356340 0.013365712460115
0.010566053719741 0.012219947282484
0.009161475080714 0.011121093106838
0.007903463961669 0.010064667074650
0.006765165990115 0.009045019033034
0.005726771293458 0.008060129269122
0.004774087633415 0.007110660653558
0.003897230151583 0.006199134314693
0.003089586821410 0.005329297112080
0.002350953346711 0.004506205599842
0.001706792640563 0.003738715195911
0.001177375444355 0.003034848228196
0.000765985460417 0.002399951579056
0.000464485608467 0.001837386608410
0.000257746524495 0.001349086850111
0.000127094531332 0.000935998183595
0.000052974852230 0.000598423474261
0.000016983386905 0.000336288984495
0.000003385654652 0.000149345996074
0.000000212760545 0.000037317865427
0.000000000000000 0.000000000000000
0.000000207165939 -0.000036748159541
0.000003344257788 -0.000147179456106
0.000017180610066 -0.000331838262377
0.000055131375804 -0.000591500791313
0.000134903605173 -0.000926415180900
0.000277091139994 -0.001335343235404
0.000503733202146 -0.001814380500716
0.000836148515836 -0.002355332894084
0.001292094590007 -0.002943614323105
0.001882087951293 -0.003555558457351
0.002604788314709 -0.004155124938253
0.003454821223639 -0.004703873589601
0.004440562699291 -0.005181786735787
0.005570510149907 -0.005576501390282
0.006849999527896 -0.005884158399283
0.008279639528992 -0.006113246825997
0.009853296113193 -0.006289545341035
0.011556165878678 -0.006460871617493
0.013379860527404 -0.006661014471353
0.015331020276597 -0.006889235890489
0.017418981325231 -0.007140105382986
0.019655575630816 -0.007404256041000
0.022055818567893 -0.007667073410391
0.024638782900744 -0.007907018044171
0.027425395818372 -0.008100726863940
0.030430274778402 -0.008241212697011
0.033666742569713 -0.008327330953695
0.037148145935056 -0.008361431526040
0.040887488182842 -0.008350827916164
0.044896995652933 -0.008309514697677
0.049191603146206 -0.008247978195371
0.053792667584334 -0.008162376344869
0.058724277728407 -0.008046396797277
0.064013175048220 -0.007892188654585
0.069689111296843 -0.007690042208713
0.075783375611607 -0.007431366971817
0.082326979776695 -0.007112334105817
0.089352519368190 -0.006731059295532
0.096894255736568 -0.006288032738353
0.104988282507960 -0.005785415950617
0.113673992439177 -0.005220226220389
0.122993212080265 -0.004587898387991
0.132989554393923 -0.003884546957288
0.143707733746309 -0.003107226842164
0.155192208541890 -0.002254042250036
0.167486924389538 -0.001325059708686
0.180634473433899 -0.000322696530875
0.194675004614223 0.000751739514785
0.209644769209465 0.001896987391634
0.225574374189997 0.003109582458451
0.242486648359793 0.004383993214196
0.260394590541585 0.005712047646870
0.279299256220304 0.007083003406366
0.299187358548507 0.008486928129555
0.320029384640782 0.009912748535233
0.341778020123151 0.011346100605094
0.364367030195051 0.012768728704465
0.387710750324810 0.014160811049311
0.411704305922720 0.015504449380077
0.436225243699861 0.016782301066135
0.461136071013152 0.017976453087956
0.486287709585596 0.019069547909953
0.511523622364614 0.020047875086640
0.536684529984388 0.020902537808637
0.561613497672656 0.021626619604900
0.586160717821700 0.022213404292660
0.610187769845308 0.022659805850315
0.633571007511380 0.022968315916117
0.656204219312667 0.023145088561412
0.678000105180744 0.023195692402945
0.698890822496929 0.023125421518832
0.718827702174909 0.022943128037192
0.737780068743651 0.022662797980092
0.755733659461950 0.022299412998999
0.772688502701678 0.021865159648257
0.788656686765965 0.021368507676321
0.803660367206690 0.020818384796420
0.817729559105891 0.020224072197879
0.830900152259046 0.019594761665299
0.843212298578167 0.018939255080197
0.854708826573151 0.018265215019187
0.865433791437415 0.017577773140938
0.875431744401622 0.016881661317605
0.884746969201733 0.016181598646410
0.893422767061430 0.015481785634092
0.901500914630038 0.014785485167372
0.909021470193889 0.014095769495293
0.916022551634401 0.013415527944967
0.922540144146295 0.012747148001962
0.928607614836814 0.012090113524079
0.934256049858834 0.011443015086735
0.939514629513794 0.010805545419018
0.944410623782876 0.010178145900775
0.948969419065709 0.009561717179235
0.953214526794011 0.008957606552207
0.957167642869033 0.008367526222447
0.960848834568946 0.007793037402250
0.964276633703794 0.007235489571766
0.967468123521372 0.006696023535667
0.970439028209278 0.006175582039167
0.973203798635539 0.005674930843353
0.975775681791288 0.005194705051149
0.978166828123298 0.004735390955904
0.980388381266524 0.004297329259490
0.982450550478993 0.003880737678835
0.984362678778871 0.003485731418927
0.986133306576485 0.003112341458703
0.987770231613272 0.002760534517278
0.989280625834657 0.002430488792678
0.990671089745725 0.002122624594024
0.991947573539850 0.001837093035687
0.993115424094495 0.001573807941789
0.994179437464455 0.001332515800809
0.995143904416249 0.001112850808248
0.996012649920052 0.000914378071272
0.996789067362318 0.000736627424835
0.997476148115036 0.000579119810369
0.998076506991465 0.000441387769768
0.998592404029139 0.000322991288373
0.999025762965607 0.000223529964585
0.999378186708118 0.000142652277248
0.999650970043117 0.000080062554620
0.999845109783077 0.000035526111878
0.999961312505448 0.000008872910827
1.000000000000000 0.000000000000000
