1.000000000000000 0.000000000000000
0.999959744742272 0.000003813726842
0.999838842297130 0.000015348296861
0.999636881648168 0.000034883493460
0.999353174417410 0.000062884271421
0.998986749784518 0.000099998491045
0.998536347262273 0.000147053252639
0.998000407212848 0.000205049303925
0.997377058950348 0.000275152791486
0.996664106231115 0.000358683383903
0.995859009882955 0.000457097495146
0.994958867265733 0.000571964964984
0.993960388186658 0.000704937087903
0.992859866811143 0.000857703297031
0.991653149011170 0.001031933072126
0.990335594473254 0.001229198709547
0.988902032742298 0.001450873415167
0.987346712199237 0.001697997692710
0.985663240751231 0.001971105117065
0.983844539140837 0.002270319646721
0.981882848363809 0.002596335682468
0.979769615664489 0.002949760249513
0.977495388910865 0.003330708605756
0.975049714544035 0.003738603862379
0.972421019228419 0.004171917417511
0.969596472103725 0.004627833885593
0.966561990271191 0.005102678663025
0.963302761137031 0.005595034000007
0.959802852098289 0.006104163154405
0.956044965309613 0.006629195503032
0.952010350351677 0.007169130875626
0.947678720199043 0.007722855509062
0.943028133415705 0.008289595709606
0.938034833817986 0.008869958626667
0.932673241863995 0.009465637233611
0.926915922854538 0.010079682124716
0.920733571317671 0.010717043734034
0.914094751342714 0.011383211174903
0.906965412619515 0.012081029286726
0.899309289083019 0.012813633965429
0.891088057230688 0.013585279204773
0.882261436248500 0.014401047287325
0.872787131983564 0.015263968789660
0.862621290116899 0.016176328051551
0.851719044191337 0.017140529042873
0.840035150424343 0.018159284634751
0.827524815647041 0.019235927633945
0.814144737436106 0.020374360192405
0.799854332716891 0.021578609287465
0.784617061371424 0.022850708469399
0.768402271625512 0.024191688462593
0.751187208420471 0.025601907928406
0.732959135613042 0.027080717493069
0.713717584083857 0.028626506215080
0.693476574461815 0.030236772036754
0.672266662055167 0.031908114265208
0.650136577850986 0.033635509993357
0.627154228607634 0.035410456407899
0.603407208378827 0.037222381063721
0.579002407830789 0.039060121416200
0.554064477084839 0.040911792749215
0.528733093101036 0.042762502879185
0.503159460100407 0.044594932465213
0.477502207934609 0.046392406824551
0.451922604541202 0.048139721037095
0.426579360608568 0.049820455157403
0.401623757523081 0.051416457590991
0.377195637414885 0.052912947931401
0.353419965342516 0.054299819525628
0.330404018567960 0.055567819993205
0.308235693867850 0.056704279342233
0.286983281635062 0.057700164199623
0.266695996020808 0.058549339094898
0.247404970174266 0.059249821352328
0.229125048718054 0.059797966552098
0.211856672774281 0.060191536616819
0.195588070268417 0.060429063306680
0.180297623059580 0.060504449666809
0.165955760200339 0.060416705218895
0.152529128158983 0.060146580407720
0.139980674036255 0.059672157885906
0.128270204540961 0.058987096248255
0.117359999666817 0.058092038485225
0.107210442678042 0.056996501100521
0.097780376594276 0.055717288220375
0.089031564106036 0.054274533811064
0.080924811149746 0.052690885464221
0.073420535839637 0.050989362778175
0.066483809383048 0.049187925063791
0.060080424087508 0.047303668875400
0.054175375067692 0.045354537271569
0.048736531241523 0.043356928868908
0.043735489482679 0.041324964009803
0.039143288597690 0.039272588628044
0.034931039890151 0.037213166476592
0.031073802076614 0.035157138067113
0.027550024865298 0.033112443301640
0.024337393591438 0.031087181594871
0.021413386526478 0.029089352474045
0.018756743876966 0.027126828900125
0.016350098277054 0.025207845552398
0.014176386147036 0.023339753821359
0.012218251829606 0.021528757726163
0.010458540908510 0.019780036605576
0.008881156787256 0.018097491167162
0.007475621670224 0.016480716933641
0.006232931980002 0.014928215380322
0.005142308022016 0.013439903296918
0.004191926144495 0.012016695150797
0.003369504515370 0.010660159314011
0.002662732492773 0.009372262939594
0.002060765066020 0.008156011240493
0.001557749141153 0.007017619528558
0.001146903827306 0.005962182260863
0.000819400581689 0.004992756147264
0.000565246664878 0.004110889406247
0.000373961777391 0.003317042211218
0.000235093097986 0.002610919830648
0.000138604769939 0.001991735886875
0.000075170223761 0.001458419620526
0.000036389632166 0.001009778198646
0.000014949930773 0.000644622800653
0.000004740938487 0.000361865341452
0.000000937960332 0.000160591151733
0.000000058679253 0.000040111655391
0.000000000000000 0.000000000000000
0.000000058672845 -0.000040111655482
0.000000937934790 -0.000160591152139
0.000004740881343 -0.000361865342518
0.000014949830004 -0.000644622802937
0.000036389476379 -0.001009778203000
0.000075170002395 -0.001458419628195
0.000138604473483 -0.001991735899595
0.000235092718216 -0.002610919850761
0.000373961307638 -0.003317042241787
0.000565246100315 -0.004110889451194
0.000819399919668 -0.004992756211520
0.001146903067724 -0.005962182350535
0.001557748286881 -0.007017619651125
0.002060764123382 -0.008156011405015
0.002662731472056 -0.009372263156942
0.003369503421810 -0.010660159590410
0.004191924978020 -0.012016695487436
0.005142306783787 -0.013439903694289
0.006232930672621 -0.014928215838104
0.007475620297970 -0.016480717450560
0.008881155356366 -0.018097491740841
0.010458539427001 -0.019780037232719
0.012218250300329 -0.021528758407632
0.014176384571389 -0.023339754559534
0.016350096657290 -0.025207846349569
0.018756742216340 -0.027126829758470
0.021413384829419 -0.029089353395594
0.024337391861470 -0.031087182580783
0.027550023104910 -0.033112444352041
0.031073800289165 -0.035157139181518
0.034931038080027 -0.037213167653792
0.039143286769804 -0.039272589866399
0.043735487639853 -0.041324965308809
0.048736529386914 -0.043356930227656
0.054175373205278 -0.045354538688395
0.060080422221533 -0.047303670348110
0.066483807516417 -0.049187926590424
0.073420533975731 -0.050989364355948
0.080924809292624 -0.052690887089348
0.089031562258865 -0.054274535480372
0.097780374759930 -0.055717289930575
0.107210440859904 -0.056996502847286
0.117359997867902 -0.058092040263321
0.128270202763898 -0.058987098051403
0.139980672284050 -0.059672159706434
0.152529126434046 -0.060146582237470
0.165955758504698 -0.060416707048903
0.180297621395450 -0.060504451487137
0.195588068637706 -0.060429065111327
0.211856671178855 -0.060191538400434
0.229125047159825 -0.059797968309464
0.247404968655132 -0.059249823079235
0.266695994542668 -0.058549340786972
0.286983280199762 -0.057700165853140
0.308235692477162 -0.056704280953594
0.330404017223548 -0.055567821558971
0.353419964045906 -0.054299821042556
0.377195636167443 -0.052912949396687
0.401623756325975 -0.051416459002498
0.426579359462708 -0.049820456513237
0.451922603447215 -0.048139722335617
0.477502206892835 -0.046392408064566
0.503159459110888 -0.044594933646158
0.528733092163495 -0.042762504000903
0.554064476198686 -0.040911793811909
0.579002406995143 -0.039060122420478
0.603407207592544 -0.037222382010673
0.627154227869328 -0.035410457298946
0.650136577159057 -0.033635510830157
0.672266661407848 -0.031908115049636
0.693476573857214 -0.030236772770915
0.713717583519987 -0.028626506901250
0.732959135087863 -0.027080718133586
0.751187207931910 -0.025601908525638
0.768402271171505 -0.024191689018906
0.784617060949934 -0.022850708987138
0.799854332325931 -0.021578609768926
0.814144737073755 -0.020374360639813
0.827524815311454 -0.019235928049482
0.840035150113761 -0.018159285020523
0.851719043904082 -0.017140529400863
0.862621289851382 -0.016176328383611
0.872787131738289 -0.015263969097521
0.882261436022063 -0.014401047572607
0.891088057021774 -0.013585279468992
0.899309288890406 -0.012813634210063
0.906965412442061 -0.012081029513176
0.914094751179346 -0.011383211384444
0.920733571167388 -0.010717043927832
0.926915922716412 -0.010079682303891
0.932673241737164 -0.009465637399268
0.938034833701635 -0.008869958779785
0.943028133309066 -0.008289595851057
0.947678720101397 -0.007722855639633
0.952010350262355 -0.007169130996015
0.956044965227995 -0.006629195613865
0.959802852023799 -0.006104163256268
0.963302761069136 -0.005595034093449
0.966561990209396 -0.005102678748561
0.969596472047570 -0.004627833963711
0.972421019177474 -0.004171917488620
0.975049714497900 -0.003738603926849
0.977495388869182 -0.003330708663965
0.979769615626933 -0.002949760301846
0.981882848330084 -0.002596335729306
0.983844539110667 -0.002270319688438
0.985663240724362 -0.001971105154025
0.987346712175430 -0.001697997725253
0.988902032721330 -0.001450873443617
0.990335594454914 -0.001229198734225
0.991653148995260 -0.001031933093346
0.992859866797473 -0.000857703315099
0.993960388175046 -0.000704937103112
0.994958867256001 -0.000571964977617
0.995859009874929 -0.000457097505474
0.996664106224627 -0.000358683392186
0.997377058945229 -0.000275152797970
0.998000407208934 -0.000205049308849
0.998536347259400 -0.000147053256230
0.998986749782525 -0.000099998493524
0.999353174416136 -0.000062884272999
0.999636881647451 -0.000034883494344
0.999838842296811 -0.000015348297253
0.999959744742193 -0.000003813726940
1.000000000000000 0.000000000000000
