1.000000000000000 0.000000000000000
0.999962319970298 0.000016230523585
0.999849186781496 0.000065075461763
0.999660320259205 0.000146995169754
0.999395250497895 0.000262757693902
0.999053313330036 0.000413439755295
0.998633643760332 0.000600427718020
0.998135167129386 0.000825418101948
0.997556587684328 0.001090417027484
0.996896374131013 0.001397737768586
0.996152741618192 0.001749995327801
0.995323629452087 0.002150096617161
0.994406673652083 0.002601224412040
0.993399173224919 0.003106812716879
0.992298048743297 0.003670510511093
0.991099791449649 0.004296129991539
0.989800400646983 0.004987574345232
0.988395306561485 0.005748738710167
0.986879276298278 0.006583379407765
0.985246524908582 0.007495558553005
0.983491004501554 0.008490592440552
0.981606059676890 0.009574293412608
0.979584291430235 0.010752804141346
0.977417453371040 0.012032547782633
0.975096326172112 0.013420151009859
0.972610564974979 0.014922330901215
0.969948513096968 0.016545734024423
0.967096973645892 0.018296712712863
0.964040928455849 0.020181019272758
0.960763191002423 0.022203393479183
0.957243976505395 0.024367011940616
0.953460368126355 0.026672759421058
0.949385652839080 0.029118271640980
0.944988493995378 0.031696686028646
0.940231899622995 0.034395020934707
0.935072084174094 0.037192319486902
0.929464851632751 0.040069619616278
0.923372138123620 0.043020057338020
0.916754990363461 0.046037324462107
0.909573436459962 0.049114846686135
0.901787353269748 0.052246289178341
0.893357690249023 0.055426314992900
0.884247610860158 0.058651198986959
0.874413741370424 0.061910524243030
0.863803894778121 0.065184595799754
0.852364828928914 0.068450760245815
0.840043622682876 0.071683967729744
0.826789092949256 0.074857339524427
0.812553583391452 0.077943066083634
0.797295152056824 0.080913696949587
0.780980161779033 0.083743868710691
0.763586241798039 0.086412487271231
0.745105540565352 0.088905332787271
0.725548129014656 0.091217988573873
0.704945344563453 0.093358911665932
0.683352796597945 0.095352370575930
0.660852585125469 0.097240661621847
0.637530480560700 0.099036156887641
0.613438839298246 0.100645520533945
0.588653370360565 0.101979195279000
0.563301192014399 0.103002948442222
0.537529995141021 0.103694915776180
0.511500409676274 0.104040848933695
0.485381267053776 0.104034974514193
0.459344264961908 0.103680349875301
0.433558419810527 0.102988674052922
0.408184720164387 0.101979573974339
0.383371367812696 0.100679444598484
0.359249522100711 0.099118462985884
0.335929223454179 0.097323926659592
0.313499474629126 0.095324898018623
0.292028429609988 0.093153037226908
0.271564603939331 0.090837009578248
0.252140091737271 0.088389317192824
0.233769587548187 0.085823020460089
0.216451804851863 0.083155903545846
0.200172033376723 0.080408752593723
0.184904702010172 0.077603824747749
0.170615813253357 0.074763575216339
0.157265158979413 0.071909666808943
0.144808265806787 0.069062254625206
0.133198183128748 0.066239366139103
0.122394054756446 0.063448460382059
0.112362382453161 0.060686142038400
0.103064996453721 0.057952814761088
0.094460214986122 0.055252208406657
0.086504694571511 0.052589975580030
0.079154822480666 0.049972672604392
0.072367733364076 0.047407045706180
0.066102024286482 0.044899553308370
0.060318232703144 0.042456066457594
0.054979091185003 0.040081689016785
0.050045182512206 0.037779437892415
0.045473297899426 0.035549763555927
0.041226260916458 0.033393303832483
0.037272798840574 0.031310926709076
0.033590347188866 0.029302973924466
0.030177160893609 0.027367311062028
0.027031774508541 0.025502023295561
0.024147168817308 0.023706113358052
0.021512577453617 0.021979173666391
0.019114844816160 0.020321151503196
0.016939434896797 0.018732184259412
0.014971172068517 0.017212486709714
0.013194777028739 0.015762276590585
0.011595247017049 0.014381728078214
0.010158118310849 0.013070945291632
0.008866258921357 0.011827892549084
0.007693638569689 0.010644535245602
0.006618715978824 0.009514952451872
0.005626214835130 0.008436410294279
0.004705649705325 0.007408475506520
0.003850165404662 0.006432331394189
0.003055624579114 0.005510252129844
0.002325378438429 0.004645855577126
0.001688343327136 0.003846022089884
0.001164712327242 0.003116622640803
0.000757779640970 0.002461410158456
0.000459525400438 0.001882588732262
0.000255000978503 0.001381266446597
0.000125743374105 0.000957812494899
0.000052412516263 0.000612136559749
0.000016803297356 0.000343904605843
0.000003349773433 0.000152702074075
0.000000210503807 0.000038152831862
0.000000000000000 0.000000000000000
0.000000198445904 -0.000036965423409
0.000003203102983 -0.000148036325621
0.000016452508144 -0.000333724221075
0.000053052947430 -0.000594838682113
0.000131699508241 -0.000931980281585
0.000273652174601 -0.001343709095781
0.000501335252505 -0.001825067091531
0.000836227919135 -0.002365537005267
0.001295848693771 -0.002946306043819
0.001889850840048 -0.003536766507025
0.002615914586291 -0.004091173198654
0.003474626268481 -0.004568765933530
0.004477715371961 -0.004946530843850
0.005635668585893 -0.005207891082415
0.006955944985339 -0.005345299726328
0.008441384640464 -0.005364456253015
0.010088155403545 -0.005289733270888
0.011883865547144 -0.005169178712499
0.013822387947934 -0.005035990597906
0.015910672410527 -0.004890871747150
0.018156942974245 -0.004732887076940
0.020570154316828 -0.004560998575395
0.023160044908558 -0.004374054658436
0.025937194056336 -0.004170778450415
0.028913082829647 -0.003949754947926
0.032100158779672 -0.003709417050462
0.035511904257436 -0.003448030478915
0.039162908001619 -0.003163677657340
0.043068939496238 -0.002854240710527
0.047247025386648 -0.002517383836892
0.051715526983281 -0.002150535462137
0.056494217570344 -0.001750870775173
0.061604357866181 -0.001315295507648
0.067068767550001 -0.000840432158151
0.072911890275308 -0.000322610300566
0.079159849037537 0.000242136826680
0.085840488161280 0.000858066556466
0.092983397538491 0.001529708104044
0.100619914109583 0.002261826176491
0.108783094971405 0.003059360906639
0.117507655966803 0.003927336794691
0.126829869214243 0.004870731914232
0.136787412828099 0.005894297248185
0.147419166104931 0.007002314864091
0.158764943723905 0.008198283023347
0.170865162993282 0.009484516683662
0.183760438753398 0.010861653782211
0.197491101003009 0.012328061898565
0.212096630330281 0.013879147192914
0.227615005416013 0.015506578655111
0.244081954885325 0.017197456182595
0.261530102489724 0.018933470748447
0.279987990378327 0.020690127857225
0.299478961256394 0.022436129149898
0.320019878790060 0.024133027273008
0.341618232202679 0.025735848058117
0.364211093282710 0.027217125796223
0.387627760103365 0.028582139425313
0.411671168097855 0.029838827056655
0.436210260879950 0.030967180790840
0.461129625374054 0.031938715797467
0.486291603857775 0.032734828993616
0.511540058629380 0.033347668030243
0.536715806179071 0.033774192979991
0.561661961331783 0.034016007142936
0.586228710695960 0.034079141995263
0.610277586529149 0.033973587139270
0.633684970231709 0.033712620323661
0.656344645814588 0.033312009338389
0.678169327457160 0.032789162856044
0.699091184924205 0.032162301776982
0.719061472607991 0.031449708993291
0.738049424196150 0.030669097373903
0.756040603242344 0.029837116835855
0.773034902963684 0.028969004486392
0.789044362394459 0.028078328364982
0.804089567173096 0.027171158116716
0.818196783370234 0.026242967551371
0.831399245622028 0.025291924617291
0.843735534965628 0.024319432144655
0.855247797558745 0.023329069585764
0.865980252693399 0.022325744410098
0.875977978225395 0.021315038149812
0.885285949675782 0.020302722902017
0.893948302918619 0.019294420401013
0.902007788101202 0.018295375782692
0.909505382960322 0.017310320404765
0.916480035953726 0.016343401462572
0.922968512825886 0.015398159897052
0.929005323807419 0.014477541755359
0.934622712233469 0.013583931471670
0.939850688729070 0.012719198366950
0.944717098125752 0.011884749995959
0.949247708892536 0.011081587825800
0.953466317082060 0.010310362168814
0.957394858632464 0.009571424379523
0.961053525366508 0.008864875126372
0.964460881235444 0.008190608124259
0.967633976311298 0.007548349114718
0.970588456779579 0.006937690150053
0.973338669762661 0.006358119409815
0.975897762244996 0.005809046879863
0.978277773702514 0.005289826276302
0.980489722283298 0.004799773614524
0.982543684563462 0.004338182818787
0.984448869026725 0.003904338748713
0.986213678843307 0.003497512502820
0.987845623144179 0.003116470068707
0.989351419122610 0.002759632098744
0.990737272823030 0.002425843585746
0.992008905512970 0.002114312106825
0.993171567049653 0.001824516647893
0.994230051502906 0.001556136895886
0.995188713955737 0.001308998575215
0.996051487671243 0.001083031340292
0.996821901020426 0.000878236474935
0.997503093723536 0.000694662233364
0.998097832077976 0.000532385119306
0.998608522937088 0.000391495765387
0.999037226272575 0.000272088364953
0.999385666204166 0.000174252839226
0.999655240417333 0.000098069107074
0.999847027916604 0.000043602973194
0.999961795080867 0.000010903271401
1.000000000000000 0.000000000000000
