1.000000000000000 0.000000000000000
0.999960510873389 0.000010456345476
0.999841918702413 0.000041927501984
0.999643847832683 0.000094718962282
0.999365667868007 0.000169336899138
0.999006487085811 0.000266483371863
0.998565142960676 0.000387048956079
0.998040189524811 0.000532102094480
0.997429881197342 0.000702874201929
0.996732152601362 0.000900739241282
0.995944593753727 0.001127186099785
0.995064419851314 0.001383781618702
0.994088434681401 0.001672121535308
0.993012986443419 0.001993765854305
0.991833914473047 0.002350154234894
0.990546484992683 0.002742495809693
0.989145313556496 0.003171626378868
0.987624271290495 0.003637824067248
0.985976371319369 0.004140572192994
0.984193767567728 0.004678703594518
0.982268296403171 0.005252339225812
0.980191173545606 0.005862068758191
0.977952748271114 0.006508332834900
0.975542423468514 0.007191362982306
0.972948567174109 0.007911106477277
0.970158414722949 0.008667132196947
0.967158074403428 0.009459006045998
0.963932930398980 0.010288408191537
0.960467399795200 0.011158463971690
0.956744794054086 0.012073538172193
0.952747325304887 0.013039660359115
0.948456144404652 0.014065080741430
0.943850960802100 0.015159342785197
0.938908691464797 0.016328889184968
0.933604140848990 0.017579924305895
0.927910193319615 0.018919514936083
0.921797757171836 0.020355766746203
0.915235648394776 0.021897549187918
0.908190289623114 0.023553024581509
0.900625865340604 0.025330484723145
0.892504436648308 0.027238653253262
0.883786056654207 0.029286624104022
0.874428910781364 0.031483697402059
0.864389635432821 0.033839266492638
0.853623781481346 0.036362678650740
0.842086272144933 0.039062385600985
0.829731833686679 0.041944065216065
0.816516113444836 0.045010916090314
0.802396919235969 0.048263336510056
0.787335820727874 0.051698912215886
0.771299664338768 0.055311167897550
0.754262195885394 0.059087347438480
0.736205768966544 0.063005361520375
0.717123750042890 0.067034465188155
0.697023584581545 0.071136825237936
0.675928743516716 0.075266710129031
0.653879330067473 0.079362618216948
0.630932999828056 0.083344012638527
0.607166552105262 0.087107439339786
0.582676215270054 0.090520740223330
0.557583035619732 0.093469713210922
0.532034585969454 0.095882090912794
0.506195203433703 0.097724123001902
0.480240339522138 0.099003364561185
0.454346657931522 0.099756249164152
0.428686520901286 0.100036630377061
0.403421838686147 0.099884021493704
0.378700990353002 0.099333429839240
0.354656212326800 0.098415155646644
0.331400773146313 0.097162157964898
0.309027547325662 0.095610521443932
0.287608343800130 0.093798002619889
0.267194861626194 0.091759623611157
0.247819342598338 0.089530214865993
0.229497270189758 0.087140770925795
0.212228405367289 0.084621709937854
0.196000033576841 0.082000624259093
0.180788522150101 0.079303557491754
0.166562010584907 0.076553629154203
0.153283044018294 0.073769608761772
0.140908786151069 0.070969841849626
0.129394335382541 0.068169267176944
0.118693095039195 0.065381003089639
0.108757162809642 0.062617551357846
0.099540470405979 0.059886851527547
0.090997770236201 0.057195461832554
0.083084193288519 0.054550468712076
0.075757775908540 0.051956778319579
0.068979298900513 0.049417575241120
0.062710463378180 0.046936725054271
0.056914721817764 0.044517815301660
0.051559858638369 0.042160564265933
0.046615697808758 0.039864283566804
0.042052896966018 0.037629684762486
0.037843525663260 0.035458167068558
0.033964200485768 0.033349468040551
0.030394440507392 0.031302571740592
0.027113633482798 0.029317591464715
0.024101454760353 0.027395377198926
0.021338494865836 0.025536876342027
0.018808780240600 0.023740198157739
0.016497803103500 0.022002975484557
0.014390811738710 0.020324390798790
0.012473190722369 0.018704701414202
0.010730749602042 0.017144860209072
0.009152227006632 0.015645616671533
0.007734554737290 0.014205932811939
0.006473188782994 0.012825470683651
0.005360536486746 0.011504930461046
0.004387023032041 0.010245702104143
0.003541898427834 0.009049605841163
0.002813846194121 0.007918701121739
0.002192207858756 0.006855235505946
0.001667969917853 0.005861607584453
0.001233935302559 0.004940150709577
0.000882805448261 0.004092985332479
0.000605491557781 0.003321914074880
0.000391805453047 0.002628428750838
0.000232334715339 0.002013856006967
0.000123296119890 0.001479689748612
0.000058600609580 0.001027033914654
0.000026218992260 0.000656570981355
0.000010237910239 0.000368786406491
0.000002402843968 0.000163648677423
0.000000164343303 0.000040863216212
0.000000000000000 0.000000000000000
0.000000168207748 -0.000040179015348
0.000002916411710 -0.000160765741895
0.000016630029267 -0.000361753491231
0.000056857050266 -0.000642313648749
0.000141212809421 -0.000998987163324
0.000289367988765 -0.001424037056960
0.000522371704049 -0.001906296055279
0.000839486352940 -0.002443245932202
0.001243385950074 -0.003031071116285
0.001744446207136 -0.003663161355600
0.002345368953746 -0.004336401000418
0.003049159223289 -0.005048408147537
0.003860484560088 -0.005797422265827
0.004784402931126 -0.006581831872302
0.005824896155613 -0.007401142419082
0.006986214484942 -0.008255002434794
0.008276571958629 -0.009140707522382
0.009704454731334 -0.010055846307559
0.011277839916808 -0.010998954651378
0.013003730823935 -0.011969984129102
0.014887628204856 -0.012970841903392
0.016936645162318 -0.014002749715966
0.019162237419633 -0.015063965712129
0.021576776848436 -0.016152946061191
0.024193150652639 -0.017268890339695
0.027024590390481 -0.018412138160451
0.030084423321968 -0.019584701306845
0.033386893386629 -0.020789123223517
0.036949639872362 -0.022024740292570
0.040791929072696 -0.023290662000086
0.044934130176524 -0.024586810920536
0.049397576131425 -0.025914382053959
0.054204654334120 -0.027275890831032
0.059380923618056 -0.028671517312298
0.064954575437790 -0.030100324792491
0.070955496943531 -0.031562214836793
0.077415113148881 -0.033058457009379
0.084366965671958 -0.034590345405972
0.091847755649999 -0.036156627528351
0.099896121364635 -0.037756397953958
0.108552144650555 -0.039390053196542
0.117857684642930 -0.041057831466704
0.127856805108378 -0.042757832537627
0.138594272869906 -0.044488935635487
0.150114845296328 -0.046250857108451
0.162463653827962 -0.048039009716624
0.175684625550890 -0.049846628284775
0.189818749481204 -0.051666574830133
0.204903117651615 -0.053488956931374
0.220968877068084 -0.055302225873774
0.238039114217282 -0.057093597355613
0.256127148549205 -0.058847010723873
0.275233860076655 -0.060544990637422
0.295345763166135 -0.062165714622875
0.316432900754862 -0.063683418104299
0.338446818568729 -0.065071258476070
0.361319376203240 -0.066302105301674
0.384962346731369 -0.067347794454313
0.409268042129399 -0.068177013316701
0.434110520991522 -0.068756657576651
0.459347868678958 -0.069047687399391
0.484825769060904 -0.069016810896774
0.510381484211964 -0.068643959726735
0.535848532967899 -0.067897158538077
0.561060951559366 -0.066712596432224
0.585853018235887 -0.065005411707903
0.610061342654246 -0.062667981285294
0.633540298410703 -0.059677096719885
0.656166848915832 -0.056100793926284
0.677853870831317 -0.052064932989932
0.698548471837074 -0.047735734101488
0.718229967977615 -0.043291967741969
0.736907613645019 -0.038920594609637
0.754596647277035 -0.034755240727227
0.771311561486642 -0.030856288870017
0.787072894995650 -0.027255360307296
0.801905861122348 -0.023962694787927
0.815839168644301 -0.020971109202824
0.828906541978136 -0.018267631990166
0.841145383256220 -0.015836990541456
0.852595473314353 -0.013663102618429
0.863298001074726 -0.011727901839469
0.873294614646009 -0.010012198220341
0.882626332418521 -0.008496308201190
0.891333321902423 -0.007160889123516
0.899454722522072 -0.005987524944683
0.907028274016824 -0.004958987412080
0.914090009342394 -0.004060009377489
0.920674094783041 -0.003277202713053
0.926812803651119 -0.002598074383226
0.932536472115611 -0.002011055744935
0.937873495846596 -0.001505547305674
0.942850324355926 -0.001072325529715
0.947491490495486 -0.000703809362422
0.951819779550722 -0.000392966149911
0.955856317210803 -0.000133221886115
0.959620651782771 0.000081497714259
0.963130841865349 0.000256753927126
0.966403536619324 0.000397486814299
0.969454018593119 0.000507478266813
0.972296351470719 0.000590088530853
0.974943489785194 0.000648583971254
0.977407352030231 0.000686080366203
0.979698891001630 0.000705506914365
0.981828160787777 0.000709586328543
0.983804379949426 0.000700826334606
0.985635955668431 0.000681310531526
0.987330493617419 0.000652434259896
0.988894965323038 0.000615608027067
0.990335764350437 0.000572324196297
0.991658736685942 0.000524094357257
0.992869210183265 0.000472403990238
0.993972022643453 0.000418680279027
0.994971548234271 0.000364269848540
0.995871722056026 0.000310423923631
0.996676062735783 0.000258288968322
0.997387692986283 0.000208901304110
0.998009358104518 0.000163184548771
0.998543442411227 0.000121948984291
0.998991983649734 0.000085892170733
0.999356685372403 0.000055600285172
0.999638927347541 0.000031549791457
0.999839774020033 0.000014109145830
0.999959981056377 0.000003540321745
1.000000000000000 0.000000000000000
