1.000000000000000 0.000000000000000
0.999960266516686 0.000010097527107
0.999840937933518 0.000040485206633
0.999641628602827 0.000091447540806
0.999361691586149 0.000163455975837
0.999000212251097 0.000257164521067
0.998555999072934 0.000373403010088
0.998027571395205 0.000513167358793
0.997413143816492 0.000677605932415
0.996710606768932 0.000868000842491
0.995917502734238 0.001085742639631
0.995030997399098 0.001332296429634
0.994047844877285 0.001609156895370
0.992964345912479 0.001917789025211
0.991776297713318 0.002259550493858
0.990478933747893 0.002635590566756
0.989066851422623 0.003046719046572
0.987533925070212 0.003493237075956
0.985873201047893 0.003974719462465
0.984076916583697 0.004490234285190
0.982136942265472 0.005040027567326
0.980044470159499 0.005624638106079
0.977789819197849 0.006244428404989
0.975362353145827 0.006899515502953
0.972750389292572 0.007589683715291
0.969941096881967 0.008314274778573
0.966920525037744 0.009072676776499
0.963674010282109 0.009866523553573
0.960185893150143 0.010698835734511
0.956439389972365 0.011573865428417
0.952416593517888 0.012497520659111
0.948098503485711 0.013477919244614
0.943464618117515 0.014524314134526
0.938491695684735 0.015642919674788
0.933154420782661 0.016839855665768
0.927425553589099 0.018122138837041
0.921275875064314 0.019497873689937
0.914674059788398 0.020975910667376
0.907586350959219 0.022564202071611
0.899976730412613 0.024270749705953
0.891807031996758 0.026103911616442
0.883037063225440 0.028072364126008
0.873624836719176 0.030185331045015
0.863526883577311 0.032452441530801
0.852698693667044 0.034883478200788
0.841095238446147 0.037487791238665
0.828671524459362 0.040272911397638
0.815383688483036 0.043244731728493
0.801190172408036 0.046406901126581
0.786052898904380 0.049758996070747
0.769938982127314 0.053296056988947
0.752822764064187 0.057008364021375
0.734688174936902 0.060881560796393
0.715530659920332 0.064895051219056
0.695359284900431 0.069020118589091
0.674198767109716 0.073219316343141
0.652091308598395 0.077445806884517
0.629097969373985 0.081642547304650
0.605299594905483 0.085744494579874
0.580797332638958 0.089680087574576
0.555710904789851 0.093371640515118
0.530176606210263 0.096734409298259
0.504344183860582 0.099670152090660
0.478373360299037 0.102059871109022
0.452434326967685 0.103826167878412
0.426703568630966 0.104949222338643
0.401351045202434 0.105450447962666
0.376534039186058 0.105381531893767
0.352390873498593 0.104806466255046
0.329038966868762 0.103793386691203
0.306573511960615 0.102401263061988
0.285067990138546 0.100683289694417
0.264576387578686 0.098677349921147
0.245132695544348 0.096420619766275
0.226752818658937 0.093955208566913
0.209436480391109 0.091323141627935
0.193171504078383 0.088557145336053
0.177934779381320 0.085685715603146
0.163694376499804 0.082736503622885
0.150412160617160 0.079735084770938
0.138044513822847 0.076705435241677
0.126546315295233 0.073665419395642
0.115870456626198 0.070630556220558
0.105968582599095 0.067615282514946
0.096794500453109 0.064629311666493
0.088302167458279 0.061681696270599
0.080446000618873 0.058781397556616
0.073183929406664 0.055934340195490
0.066475680728884 0.053145559081449
0.060281821505171 0.050420464717711
0.054565879254346 0.047762536078026
0.049296021807879 0.045171470338056
0.044441227972240 0.042647912177051
0.039971257616754 0.040193549900876
0.035858397243478 0.037809829847124
0.032079658743453 0.035496476752592
0.028612600169258 0.033253795403243
0.025434974420451 0.031082771900350
0.022525238800096 0.028984683450470
0.019865212221655 0.026958833264452
0.017440026604552 0.025002600281219
0.015234335945279 0.023114701623354
0.013232576298056 0.021294952039605
0.011419386894222 0.019543876858295
0.009780988835395 0.017862262797304
0.008310254080200 0.016250201473860
0.007000226744679 0.014707973864025
0.005841699261110 0.013236342243250
0.004824077837486 0.011836358919275
0.003936036816828 0.010509227706027
0.003166004614653 0.009256206092740
0.002503774369554 0.008078379681281
0.001942125633122 0.006976445436808
0.001472888511434 0.005951219162729
0.001087969835109 0.005004070375067
0.000779503224771 0.004136681404995
0.000538425831218 0.003350291901210
0.000354743701187 0.002645850979269
0.000218369964935 0.002024035087671
0.000121188646447 0.001485296024296
0.000058355959461 0.001030051575106
0.000022989628219 0.000658311061639
0.000006807316981 0.000369793171159
0.000001275767919 0.000164153440406
0.000000077172981 0.000041004598793
0.000000000000000 0.000000000000000
0.000000072704128 -0.000040220676113
0.000001128810297 -0.000161023676635
0.000005475799489 -0.000362778658828
0.000018018048614 -0.000645978048320
0.000049879303688 -0.001011102949373
0.000124543788933 -0.001455735326625
0.000286269001873 -0.001966387962418
0.000547611511813 -0.002533614376325
0.000897905734728 -0.003155575131811
0.001346204919545 -0.003826368047540
0.001902003160822 -0.004538121405778
0.002566274802072 -0.005289006147343
0.003340123298756 -0.006078095688136
0.004227812138925 -0.006904309262902
0.005234448413281 -0.007766465040751
0.006364300025079 -0.008664349481350
0.007622396786165 -0.009597572272700
0.009017272326983 -0.010563747784887
0.010557326475904 -0.011561073923951
0.012250091670815 -0.012588943147810
0.014101832648802 -0.013648334883171
0.016120995064991 -0.014739141613537
0.018319428099140 -0.015859305160980
0.020709544394966 -0.017007243197116
0.023304003986892 -0.018182294544121
0.026115435116743 -0.019385189768368
0.029156063229530 -0.020618656569748
0.032439508888942 -0.021885308469741
0.035983599440637 -0.023184281614335
0.039807702775161 -0.024514827287420
0.043932262363817 -0.025877168752280
0.048378641104134 -0.027273024801997
0.053169414708939 -0.028705186847101
0.058330558113487 -0.030173120498530
0.063890392438424 -0.031675331614197
0.069878870656627 -0.033210993684022
0.076327411690427 -0.034780393716872
0.083269774588953 -0.036383543944100
0.090742748652248 -0.038019093232109
0.098784855250296 -0.039686685423586
0.107435904385429 -0.041387736227592
0.116737810692837 -0.043122356536324
0.126734828349307 -0.044887673133193
0.137471838954680 -0.046681504281366
0.148993800235452 -0.048501948623610
0.161346029872414 -0.050343405324407
0.174572362813509 -0.052199356689763
0.188713707662049 -0.054062529012640
0.203807470657701 -0.055919883828588
0.219885172155095 -0.057755415765848
0.236970197133304 -0.059552311718507
0.255075664798659 -0.061294212527772
0.274202039895436 -0.062964184550293
0.294335757509722 -0.064537249411495
0.315446827675506 -0.065983050951608
0.337486608997093 -0.067269654113949
0.360386572059387 -0.068364459281353
0.384057898611664 -0.069232444734849
0.408391979525817 -0.069835358886138
0.433261576721655 -0.070135673327141
0.458523182573675 -0.070097333707040
0.484020292099683 -0.069670890472049
0.509587310380969 -0.068785993977164
0.535048219699138 -0.067343656713639
0.560221804726158 -0.065225818280084
0.584935683189181 -0.062411918870359
0.609033500628196 -0.058965833418472
0.632390444393205 -0.055015166533138
0.654910820443952 -0.050720214974953
0.676535761787355 -0.046273464020572
0.697231970271389 -0.041863887387001
0.716974937536713 -0.037616323928333
0.735749069385296 -0.033601009191896
0.753549557241268 -0.029861865519541
0.770378985070429 -0.026413123382939
0.786249891376391 -0.023256643212751
0.801183609100942 -0.020385852259957
0.815208402886022 -0.017787470817179
0.828358058063980 -0.015445231045251
0.840670300301954 -0.013344958806153
0.852185408071885 -0.011477871225755
0.862945156238682 -0.009832024959894
0.872991830998821 -0.008391817919670
0.882366834406620 -0.007127581679124
0.891110486729649 -0.006004010173221
0.899262245373928 -0.004993335100761
0.906860291392207 -0.004074194788295
0.913941761097349 -0.003244686190180
0.920542849908123 -0.002529503258730
0.926697378390992 -0.001944308599551
0.932436718904976 -0.001494616941322
0.937789924954584 -0.001178873426554
0.942783494299123 -0.000981946227972
0.947440637384292 -0.000856214863209
0.951782968002955 -0.000759955220415
0.955830903574929 -0.000664703186620
0.959603622534154 -0.000551908925741
0.963119056809958 -0.000410360732958
0.966393961824451 -0.000235757998482
0.969444452647814 -0.000044037279999
0.972285602969883 0.000143048896421
0.974931089063995 0.000310959120293
0.977393324826720 0.000450748997040
0.979683587192723 0.000557624673151
0.981812125938611 0.000629827585066
0.983788260081493 0.000667777826078
0.985620400664827 0.000674387822105
0.987315970450179 0.000656985885867
0.988881752744913 0.000622525106311
0.990324002740978 0.000576475076668
0.991648466741855 0.000523119620738
0.992860402744702 0.000465796661299
0.993964601484621 0.000407091473249
0.994965407275445 0.000348992372724
0.995866738158134 0.000293016105252
0.996672105002835 0.000240308762072
0.997384629313060 0.000191726902149
0.998007059557265 0.000147902631018
0.998541785910227 0.000109295640295
0.998990853328323 0.000076234606985
0.999355972912566 0.000048949859886
0.999638531533931 0.000027598817821
0.999839599709108 0.000012285371690
0.999959937723161 0.000003074103756
1.000000000000000 0.000000000000000
