1.000000000000000 0.000000000000000
0.999960076283127 0.000010050636830
0.999840177496132 0.000040302046546
0.999639919443026 0.000091051805250
0.999358657472831 0.000162792709244
0.998995479869799 0.000256207702421
0.998549198347833 0.000372162102803
0.998018335384577 0.000511692412960
0.997401108036302 0.000675990730048
0.996695407764966 0.000866383448946
0.995898775678835 0.001084302559167
0.995008372431812 0.001331247351637
0.994020941836790 0.001608733748923
0.992932767016004 0.001918227719556
0.991739617625163 0.002261058293015
0.990436686334098 0.002638304505597
0.989018512307229 0.003050649114575
0.987478888880086 0.003498190037755
0.985810752109490 0.003980198671579
0.984006267822089 0.004495578533094
0.982057289714876 0.005044621676101
0.979954972003647 0.005627854978458
0.977689604327958 0.006245670061833
0.975250534080569 0.006898270315857
0.972626080818876 0.007585604692690
0.969803442345262 0.008307285987566
0.966768751052270 0.009063232917658
0.963507369843282 0.009855450774766
0.960003620033802 0.010687176569395
0.956240698386495 0.011562918132800
0.952200677545339 0.012488885571713
0.947864533882737 0.013473544698905
0.943211591572235 0.014525950245043
0.938218411114652 0.015651958664252
0.932859507735315 0.016857428619210
0.927107421945805 0.018148922063524
0.920932649415742 0.019533824661590
0.914303559268242 0.021020185282705
0.907186296055447 0.022616155179733
0.899544850075743 0.024330486923516
0.891341145455894 0.026172701227127
0.882535140992627 0.028152961400721
0.873084750475499 0.030280896397388
0.862946234548443 0.032565780788342
0.852074732542719 0.035016702293735
0.840424873021350 0.037642354190890
0.827951592811099 0.040450837725010
0.814611082627009 0.043449152108961
0.800361883520086 0.046642214577833
0.785165902415223 0.050030326863601
0.768990229162009 0.053609148085888
0.751809245697710 0.057369754125457
0.733607006763440 0.061298894315217
0.714379151084319 0.065377260525898
0.694135140639804 0.069578301031477
0.672900304761841 0.073867735447139
0.650717707771165 0.078203398913199
0.627649596545533 0.082535394548095
0.603777808628905 0.086805363026481
0.579203585070156 0.090945066073138
0.554047061929370 0.094883781945778
0.528446284664426 0.098554889523219
0.502552697760230 0.101889886254916
0.476526985080451 0.104815490980610
0.450534862715585 0.107267071507370
0.424742440572858 0.109191717856256
0.399313338337033 0.110521245782214
0.374402776648234 0.111191385003920
0.350149993266757 0.111242000413594
0.326678287418349 0.110733657173941
0.304107161464357 0.109565692469061
0.282525368449789 0.107717517315742
0.261958253178040 0.105562379189651
0.242419267059208 0.103384900774732
0.223951504180003 0.101012086227320
0.206580101494713 0.098271940435629
0.190286143843230 0.095259620495304
0.175032752817624 0.092122242798029
0.160785125133693 0.088917337432230
0.147507405532973 0.085651685688877
0.135157078774165 0.082339907634169
0.123687701071677 0.079007657644243
0.113049824455586 0.075680060551613
0.103194773476302 0.072374815332087
0.094075986034576 0.069102148600742
0.085646134387939 0.065872531562954
0.077859566064584 0.062695377881313
0.070673554293320 0.059578205603595
0.064045980701607 0.056528411753078
0.057936495061305 0.053552302741174
0.052309932779715 0.050651684995282
0.047132897425281 0.047827828348700
0.042372581450495 0.045082915589176
0.037998228776426 0.042418976610763
0.033984342957699 0.039835809856339
0.030306535765684 0.037333416028498
0.026940530969884 0.034912537936601
0.023862768660052 0.032574240008291
0.021053239062150 0.030318005245157
0.018495239372553 0.028141879319002
0.016171658801152 0.026044923789296
0.014065291214608 0.024026987732670
0.012159264275896 0.022088400718895
0.010439274640345 0.020229423100360
0.008896716954997 0.018449592839276
0.007522080393823 0.016748773425424
0.006304314625797 0.015127207772668
0.005231538177050 0.013585362100544
0.004291560262463 0.012123815777927
0.003472509929470 0.010743171455228
0.002766263771705 0.009443826952696
0.002166007582273 0.008226091646385
0.001663221128443 0.007090345456228
0.001248389911984 0.006037048137553
0.000912189825896 0.005067275741992
0.000645312586468 0.004182132703162
0.000438303139050 0.003382194152179
0.000282998393618 0.002667673077913
0.000171562094346 0.002038507010707
0.000095843236482 0.001494540128736
0.000048013704208 0.001035685027988
0.000020598783256 0.000661531342670
0.000006882324007 0.000371463407323
0.000001416633445 0.000164857334862
0.000000090667848 0.000041175156753
0.000000000000000 0.000000000000000
0.000000088034436 -0.000040237957886
0.000001445360526 -0.000161074357719
0.000007629769535 -0.000362826563580
0.000025212790046 -0.000645871391503
0.000062731887966 -0.001010530720581
0.000131046788338 -0.001456463876014
0.000258923404930 -0.001977153999779
0.000482130677045 -0.002560499749018
0.000801807301469 -0.003199395087170
0.001217244617669 -0.003891503544534
0.001734520048080 -0.004631942420353
0.002358632372634 -0.005417231017940
0.003090901684215 -0.006246052961888
0.003936102644991 -0.007116646269564
0.004899576480308 -0.008027535964699
0.005987339496074 -0.008977219061022
0.007204102818195 -0.009965274157620
0.008557252611888 -0.010990220391621
0.010054901388023 -0.012050727286654
0.011703972015159 -0.013146842937396
0.013511553551959 -0.014279019856277
0.015488670089967 -0.015445314728542
0.017647345415051 -0.016643731253710
0.019999749662325 -0.017873000931339
0.022557886978853 -0.019132987302310
0.025333161073002 -0.020425231025787
0.028336547405322 -0.021752907699373
0.031583377063189 -0.023116176587020
0.035091990306003 -0.024513732472990
0.038881798532189 -0.025945000539992
0.042973139229640 -0.027410589656575
0.047387109696678 -0.028912790914055
0.052147072456189 -0.030452738200572
0.057279553983953 -0.032028758061738
0.062812708147795 -0.033639538848315
0.068776027681931 -0.035284776097804
0.075200431212465 -0.036965198781326
0.082120277770605 -0.038679642127163
0.089572437578597 -0.040426628277644
0.097595244309572 -0.042206127237632
0.106228445656630 -0.044019218210168
0.115514799864762 -0.045862760402934
0.125498776170647 -0.047732050075260
0.136225299982379 -0.049622959266787
0.147739884797238 -0.051529759172478
0.160088159943460 -0.053444105107137
0.173313858922330 -0.055357648205869
0.187458237971499 -0.057258418579377
0.202559032773700 -0.059128239748350
0.218647748945983 -0.060946719277166
0.235747822314597 -0.062691899612156
0.253872267597426 -0.064340813320166
0.273021580534182 -0.065865360997968
0.293182110277028 -0.067225746933169
0.314323102118739 -0.068378576237651
0.336394354739331 -0.069282747618578
0.359325244468826 -0.069894767715114
0.383024606229514 -0.070145019106180
0.407380146287944 -0.069945220371323
0.432253857079016 -0.069167308867282
0.457487391266877 -0.067681771106210
0.482905443927423 -0.065443833525630
0.508328892827671 -0.062476395071578
0.533595135769974 -0.058914528942114
0.558554648972540 -0.054930810889751
0.583079449166085 -0.050711241709741
0.607053297646922 -0.046421570103458
0.630369597576501 -0.042175047826517
0.652935619908810 -0.038058932005336
0.674671597463715 -0.034124768245713
0.695514715592771 -0.030407514661418
0.715420065702748 -0.026934716206739
0.734359500584285 -0.023725216725835
0.752319503450217 -0.020786005729140
0.769298776348622 -0.018111206840215
0.785307721426664 -0.015689753543266
0.800366725321080 -0.013509613401483
0.814504148144254 -0.011559175907503
0.827754219451006 -0.009824389747133
0.840155239747794 -0.008289386439446
0.851747983312487 -0.006937251691402
0.862574865512194 -0.005750996399803
0.872678983950858 -0.004714099358277
0.882103220564222 -0.003810994841993
0.890889607991934 -0.003027260503103
0.899078952357834 -0.002349491089222
0.906710478044459 -0.001765364629019
0.913821563168081 -0.001263840995087
0.920447549768218 -0.000835515049721
0.926621727330836 -0.000471876825238
0.932375318399728 -0.000165140669705
0.937737490220662 0.000091753234011
0.942735397188851 0.000305121878777
0.947394234151686 0.000480347136047
0.951737339410869 0.000622185143491
0.955786299309739 0.000734954301420
0.959561046430897 0.000822549517132
0.963079960381402 0.000888463856023
0.966359967115867 0.000935781768882
0.969416601678861 0.000966342194521
0.972264116610790 0.000981087808634
0.974915621484493 0.000981271462146
0.977383164255949 0.000968378637442
0.979677805998889 0.000944017583371
0.981809691504288 0.000909839970468
0.983788115451861 0.000867484671258
0.985621573061050 0.000818496039922
0.987317762598851 0.000764084655750
0.988883710154822 0.000705393648851
0.990325848169615 0.000643608079058
0.991650049589986 0.000579912028034
0.992861660164264 0.000515457480518
0.993965528768316 0.000451342607475
0.994966035592582 0.000388597104791
0.995867118096430 0.000328172769933
0.996672294690589 0.000270937911443
0.997384686146597 0.000217674507469
0.998007034757834 0.000169077279704
0.998541721292795 0.000125754043542
0.998990779790062 0.000088226846433
0.999355910247725 0.000056933523788
0.999638489259169 0.000032229393065
0.999839578643231 0.000014388877868
0.999959932110536 0.000003606909756
1.000000000000000 0.000000000000000
