1.000000000000000 0.000000000000000
0.999960702181436 0.000014134379938
0.999842696498804 0.000056666954568
0.999645645036779 0.000127985601506
0.999368980448090 0.000228735281547
0.999011899579122 0.000359815504325
0.998573354255464 0.000522376200672
0.998052038921298 0.000717811382462
0.997446374715500 0.000947749734813
0.996754489437010 0.001214041000871
0.995974192696136 0.001518736670162
0.995102945359386 0.001864063048012
0.994137822163882 0.002252384241680
0.993075466091740 0.002686151918479
0.991912032740545 0.003167837834408
0.990643122485105 0.003699844051174
0.989263697675184 0.004284384395030
0.987767981425225 0.004923328986945
0.986149337994128 0.005618013359480
0.984400368909113 0.006369659237446
0.982513012706991 0.007179824380909
0.980478183080896 0.008049601698977
0.978285579590256 0.008979318057901
0.975923486201547 0.009968226779863
0.973378526372461 0.011014111224474
0.970635464689348 0.012112993132329
0.967678670559203 0.013262451549009
0.964492411414819 0.014462397233115
0.961059713281362 0.015712728268754
0.957362279631293 0.017013269790083
0.953380468882918 0.018363818015530
0.949093251344213 0.019764619195948
0.944478037265509 0.021218272729336
0.939510832626266 0.022729495814212
0.934166417652206 0.024305409569107
0.928418560947428 0.025956455208019
0.922239191611335 0.027694393794428
0.915596122446988 0.029526244321155
0.908454763068438 0.031459212910879
0.900778643995106 0.033502231172879
0.892529363926942 0.035665515834830
0.883665645921776 0.037956564478461
0.874144104593048 0.040382094275141
0.863919932675429 0.042949238966130
0.852947284139246 0.045665298360448
0.841179786777833 0.048537396066052
0.828571603933334 0.051572944777531
0.815078308015623 0.054778716828563
0.800657473522783 0.058157873092851
0.785270670863486 0.061711441867842
0.768885227068177 0.065437805449973
0.751475977932267 0.069331193705426
0.733027647952886 0.073382061064484
0.713536848682954 0.077575166575011
0.693014360213247 0.081889234496613
0.671487211470698 0.086296068872568
0.649000268597212 0.090759062418943
0.625617893673908 0.095235315873289
0.601424802560021 0.099676600650707
0.576525430634180 0.104028815338857
0.551042344382990 0.108229593795270
0.525114454972828 0.112214309492389
0.498894320535308 0.115919332823592
0.472543262405683 0.119278484693157
0.446226505826317 0.122220477557360
0.420110124688487 0.124688148888654
0.394356239967102 0.126641161325899
0.369116843123926 0.128030310725660
0.344530150313342 0.128806998629808
0.320722175540063 0.128929431965219
0.297801159749721 0.128380726703606
0.275858024632211 0.127186761785816
0.254961289704606 0.125395962054402
0.235158292964807 0.123072133899136
0.216474704743509 0.120286192990068
0.198917744002754 0.117112274838180
0.182478033523305 0.113621580341066
0.167134028827140 0.109878543265422
0.152852371048692 0.105943538969118
0.139592520415114 0.101871467824767
0.127306853348939 0.097711928143875
0.115944820720302 0.093507191546088
0.105453548239953 0.089293420343669
0.095778840075327 0.085101329264833
0.086869069997375 0.080954221895681
0.078672448489922 0.076871894151232
0.071139002111145 0.072869855244737
0.064223694929227 0.068957261909725
0.057882134984048 0.065142086741468
0.052071322154154 0.061431486535416
0.046753668688827 0.057830530932000
0.041893499241175 0.054343264643566
0.037455644687585 0.050973180506067
0.033406903588281 0.047722354630809
0.029717920550038 0.044590038857480
0.026360607489930 0.041575391840468
0.023307910798449 0.038677878080576
0.020534646348332 0.035896998665208
0.018023209135096 0.033231614237491
0.015759216574603 0.030680297718747
0.013726609170127 0.028241773698252
0.011908451292792 0.025914825089788
0.010287580302133 0.023698226961117
0.008845628938203 0.021590651318092
0.007563153431021 0.019590642877154
0.006422670671549 0.017696730949866
0.005408709517228 0.015907432561268
0.004507584224178 0.014221252289690
0.003707193408604 0.012636688025448
0.002997043064414 0.011152244199424
0.002373964930436 0.009766555903942
0.001839692387041 0.008478357207201
0.001392011620736 0.007286325894353
0.001025572748878 0.006189112887299
0.000732981459744 0.005185376031095
0.000505640430193 0.004273807908073
0.000334394887628 0.003453158663125
0.000210025275244 0.002722254666246
0.000123620929311 0.002080013704020
0.000066861487891 0.001525457276851
0.000032227027493 0.001057720480328
0.000013153354329 0.000676059864463
0.000004141397432 0.000379863632916
0.000000815131042 0.000168680730507
0.000000050838325 0.000042146622039
0.000000000000000 0.000000000000000
0.000000047188210 -0.000040620813026
0.000000756172787 -0.000162679195295
0.000003837704475 -0.000366745721461
0.000012171459071 -0.000653712883439
0.000029849100527 -0.001024704023020
0.000062235424794 -0.001480938933503
0.000116048446582 -0.002023548828598
0.000199459546172 -0.002653330699788
0.000322215053340 -0.003370427922299
0.000495780909372 -0.004173920168999
0.000733512313894 -0.005061301062349
0.001050850526175 -0.006027816305698
0.001465549243849 -0.007065628000436
0.001997933214297 -0.008162762118741
0.002670879268626 -0.009302360005518
0.003504519408597 -0.010471364450759
0.004513870539186 -0.011663478291759
0.005710469409930 -0.012874312375608
0.007100670001711 -0.014102094082416
0.008683282089134 -0.015348849891368
0.010446499756783 -0.016621950488237
0.012370189794307 -0.017933098332077
0.014457421252493 -0.019283250751911
0.016723426970566 -0.020668118323857
0.019185788489232 -0.022083136902338
0.021864853349663 -0.023523589088519
0.024784249528519 -0.024984783396722
0.027968464381861 -0.026462043646772
0.031437100547886 -0.027950501376858
0.035208472683389 -0.029445882841365
0.039299717412876 -0.030945168887581
0.043725798728200 -0.032447359030084
0.048504292868392 -0.033950096724274
0.053662686139500 -0.035444523712355
0.059231483275843 -0.036920423200554
0.065243190503121 -0.038367207913667
0.071732004823722 -0.039773761955339
0.078732964916894 -0.041126987115290
0.086281723423756 -0.042413421875064
0.094413952070061 -0.043620411005037
0.103167373238178 -0.044732534076190
0.112584121544555 -0.045727425586517
0.122706953326556 -0.046581038509006
0.133578411475240 -0.047268905175748
0.145241242778078 -0.047767032373340
0.157736220967715 -0.048053633741989
0.171101317604869 -0.048108372113179
0.185373167554972 -0.047906233653126
0.200583358877862 -0.047424337477252
0.216757245229909 -0.046643623427343
0.233913161832345 -0.045549396890170
0.252058927462443 -0.044134858321696
0.271191121715344 -0.042392752463171
0.291292492276049 -0.040321333922294
0.312330959483996 -0.037932123195924
0.334258931088247 -0.035252674082444
0.357011821055060 -0.032328301716596
0.380509457473546 -0.029225226851833
0.404654143671503 -0.026021399998462
0.429327700569806 -0.022773578473888
0.454395895014182 -0.019532199505430
0.479712033488978 -0.016344385890704
0.505121301772918 -0.013253256384445
0.530465307300362 -0.010294778294128
0.555586783665740 -0.007495140574581
0.580335317289212 -0.004877214966312
0.604571747253878 -0.002462411549693
0.628171488372786 -0.000265643963491
0.651026518780575 0.001709659921729
0.673047504587296 0.003467254695821
0.694164856971982 0.005011214410917
0.714328431293131 0.006344330777615
0.733506201498448 0.007473963442836
0.751682273727333 0.008413802733967
0.768855165501511 0.009180990086183
0.785035901945658 0.009792856822752
0.800245729465184 0.010263416989907
0.814514008523080 0.010605772261210
0.827876251233739 0.010833665441172
0.840372186385519 0.010960281914725
0.852044283061611 0.010998002384636
0.862936677637416 0.010958884457027
0.873094091723433 0.010854250108963
0.882560832655579 0.010693267749796
0.891380267052083 0.010483948831223
0.899594443769703 0.010234047570574
0.907243722069615 0.009950864228137
0.914366375267644 0.009640145597565
0.920998362377827 0.009305518493166
0.927173591555200 0.008950752431638
0.932923904567222 0.008579785209688
0.938279067701321 0.008196515265253
0.943266767325783 0.007804586745406
0.947912530451944 0.007407002049701
0.952240004849555 0.007006504221541
0.956271116464003 0.006605693808985
0.960026146942869 0.006206976022252
0.963523820172711 0.005812532614902
0.966781391628358 0.005424306081315
0.969814675130193 0.005043820621410
0.972638149093968 0.004672231003219
0.975265146406885 0.004310612245069
0.977707932901021 0.003959957530132
0.979977777217930 0.003621166101322
0.982085018403823 0.003295038630512
0.984039130430418 0.002982277739208
0.985848780486441 0.002683486309617
0.987521860103513 0.002399118252322
0.989065562451500 0.002129537692874
0.990486453458186 0.001875074199745
0.991790512388128 0.001636021442032
0.992983169164957 0.001412636976074
0.994069338849262 0.001205143513895
0.995053453255260 0.001013731144994
0.995939489737517 0.000838560121470
0.996730997210786 0.000679763921334
0.997431119485643 0.000537452383765
0.998042616012987 0.000411714769074
0.998567880133911 0.000302622639993
0.999008954929892 0.000210232493060
0.999367546762793 0.000134588092242
0.999645036586094 0.000075722473573
0.999842489098647 0.000033659601215
0.999960659800770 0.000008415663164
1.000000000000000 0.000000000000000
