1.000000000000000 0.000000000000000
0.999961493019814 0.000012202933097
0.999845847196720 0.000048901748481
0.999652686849374 0.000110366415403
0.999381382374388 0.000197046577584
0.999031044966782 0.000309570947739
0.998600519069873 0.000448746154993
0.998088372388591 0.000615554718753
0.997492883241914 0.000811151697243
0.996812024963035 0.001036859407053
0.996043446977078 0.001294159423029
0.995184452092318 0.001584680834915
0.994231969427745 0.001910183445169
0.993182522262266 0.002272534224749
0.992032189922462 0.002673674879808
0.990776562618575 0.003115577795962
0.989410687882255 0.003600186885322
0.987929007632411 0.004129341616995
0.986325339536428 0.004704896040324
0.984592866435228 0.005328894299684
0.982723995483635 0.006003266240341
0.980710251089798 0.006729687198809
0.978542156460488 0.007509430315650
0.976209092644192 0.008343173544030
0.973699157151212 0.009230813179883
0.970999522958029 0.010172478213603
0.968096466140393 0.011168757441156
0.964974874177665 0.012219687467469
0.961618075385531 0.013324503960663
0.958007662516633 0.014481369592676
0.954123474579739 0.015687589670670
0.949944374567707 0.016942275961692
0.945447836250397 0.018245314451556
0.940609623134904 0.019596583496842
0.935403768729806 0.020996049889196
0.929802472153652 0.022444221956308
0.923775855915072 0.023943143469789
0.917292240260982 0.025496424733469
0.910318361468622 0.027109781528666
0.902819161867949 0.028790351854707
0.894756244887475 0.030541579791716
0.886088964752958 0.032366295209484
0.876775159330246 0.034268363357090
0.866770976005787 0.036250471210261
0.856030865509796 0.038312014999411
0.844508856466018 0.040451603691789
0.832159404258189 0.042667286326121
0.818938322241000 0.044956538159686
0.804804254674484 0.047316503187924
0.789719837020051 0.049741971296509
0.773653021280646 0.052223069041356
0.756579584773934 0.054747454149057
0.738485118904449 0.057298990471712
0.719367382386141 0.059858055739649
0.699238548490119 0.062401364360273
0.678127212735425 0.064901518213584
0.656080034265315 0.067324399517753
0.633162475183218 0.069623176109463
0.609460356596232 0.071749465565243
0.585080673822085 0.073663448658933
0.560149174505157 0.075327691383865
0.534807661264408 0.076705440398234
0.509210664571396 0.077769585505896
0.483521332270226 0.078509490073185
0.457905631174756 0.078925660640961
0.432526928200952 0.079029293235979
0.407540754985972 0.078838836085966
0.383090360400824 0.078377719496053
0.359303828083296 0.077661251881567
0.336291224281469 0.076701101227213
0.314142641497558 0.075520803678436
0.292927725429421 0.074150529790678
0.272697061956981 0.072611796190917
0.253482802089394 0.070921870978883
0.235299679613681 0.069104194537562
0.218147179041689 0.067186310196975
0.202012402227076 0.065191374909918
0.186873055334843 0.063134305205815
0.172698187247662 0.061030292847513
0.159451035472590 0.058894280983945
0.147090236260441 0.056740911726400
0.135571224761471 0.054583636168409
0.124848386861213 0.052432281187709
0.114875195887504 0.050296174893647
0.105605669167682 0.048183361422266
0.096996575350464 0.046097791317335
0.089005485744377 0.044043591241977
0.081590852547754 0.042025418340228
0.074712691994294 0.040046410580798
0.068332872385971 0.038109235204285
0.062415274398707 0.036217032773898
0.056926901277390 0.034372192186421
0.051841372792787 0.032573036434940
0.047133868737649 0.030818168026879
0.042779625094377 0.029107678662542
0.038754251963224 0.027442519213386
0.035031613541694 0.025823387838700
0.031585942567831 0.024250980237612
0.028394294290530 0.022726455082481
0.025436242929087 0.021251203683950
0.022694745607968 0.019826150989090
0.020165732922173 0.018447233769484
0.017848286429390 0.017109618089768
0.015736976397974 0.015810996067112
0.013823215363203 0.014550885625318
0.012096374447397 0.013330061546299
0.010540641803053 0.012150574920265
0.009129012675471 0.011016179377880
0.007838426962044 0.009930460868537
0.006651780369983 0.008896483808530
0.005556582117169 0.007916849648081
0.004543895284505 0.006993752245999
0.003608210882682 0.006128833180628
0.002764943626859 0.005318210738067
0.002040207216251 0.004555206132096
0.001444265648943 0.003837608561088
0.000975050672757 0.003166649255742
0.000622241016656 0.002545835467754
0.000370450587995 0.001980042189210
0.000201709890919 0.001474807713782
0.000097386454072 0.001035790454391
0.000039658977061 0.000668353839604
0.000012471509525 0.000377655449292
0.000002452745625 0.000168197178122
0.000000152898447 0.000042082956953
0.000000000000000 0.000000000000000
0.000000147813338 -0.000041429035155
0.000002367486972 -0.000166056247166
0.000012005773330 -0.000374640921646
0.000038034043158 -0.000667564938363
0.000093138249331 -0.001043459547130
0.000193844387848 -0.001497184858979
0.000360678809055 -0.002017058487733
0.000618362307940 -0.002581191915078
0.000996034973624 -0.003152753619064
0.001524729056926 -0.003684652906320
0.002228195155736 -0.004148361375093
0.003122851276114 -0.004525582242859
0.004215084152359 -0.004807697087468
0.005496348827724 -0.005000618528980
0.006936901491005 -0.005131006408285
0.008482822640979 -0.005249388912420
0.010107362568928 -0.005381185047152
0.011814129588071 -0.005524098325551
0.013611424113635 -0.005673369950871
0.015513248524766 -0.005821587709615
0.017541233416797 -0.005957846841103
0.019727107823559 -0.006066684028255
0.022106652507684 -0.006131246949597
0.024695995894589 -0.006145204556282
0.027505633306212 -0.006106221565798
0.030544381305796 -0.006014492988112
0.033818424380927 -0.005873840591359
0.037330051040470 -0.005693157989884
0.041080617951596 -0.005483680440674
0.045085210934329 -0.005244630764693
0.049365058319517 -0.004971177227213
0.053944850224424 -0.004657594876283
0.058853534955431 -0.004297087844266
0.064124596463876 -0.003881871462476
0.069788734053237 -0.003406408174052
0.075873970300958 -0.002867705135063
0.082409410262132 -0.002264233539102
0.089424982177081 -0.001596618678806
0.096952295825192 -0.000866560283020
0.105028635794076 -0.000070986101093
0.113694734047122 0.000794311204231
0.122993903381260 0.001733103238959
0.132971361012027 0.002748414967782
0.143671521061178 0.003842101470256
0.155138519191095 0.005014353917019
0.167415953328103 0.006263140679202
0.180546417226890 0.007585699313282
0.194570652061337 0.008979342780573
0.209525660663448 0.010439135777851
0.225442685087414 0.011957812356781
0.242344854836520 0.013526052584917
0.260245507085653 0.015131388390871
0.279146030461527 0.016758999795805
0.299033670094688 0.018392401040409
0.319879544202783 0.020011567238501
0.341637070061366 0.021587093688070
0.364240773067083 0.023082073488033
0.387605101862961 0.024464921795844
0.411624088438269 0.025721109117127
0.436173874509354 0.026840066692784
0.461115798301772 0.027809595999496
0.486299642296846 0.028619449152786
0.511567773772875 0.029267210481363
0.536759960243876 0.029757752745280
0.561718470652500 0.030094005804367
0.586292971603642 0.030272385344254
0.610344629065739 0.030293991030490
0.633749530157687 0.030170156755588
0.656401320562385 0.029915948056511
0.678212632568464 0.029542483360785
0.699115650161284 0.029058563570497
0.719061829252459 0.028475981476947
0.738020745290110 0.027810714215797
0.755978424614941 0.027079019803572
0.772935103146267 0.026293464974659
0.788902996268234 0.025462367112200
0.803904430147256 0.024594453770719
0.817969706852378 0.023699806971606
0.831135109825808 0.022789402854569
0.843441130155122 0.021873009868291
0.854930837014556 0.020958114229379
0.865648365932996 0.020047950120739
0.875638337527959 0.019145308119457
0.884945119523738 0.018253268746112
0.893612111740027 0.017374865337769
0.901681209946571 0.016512841509921
0.909192580650462 0.015669719496136
0.916184434082810 0.014847743613659
0.922692833994965 0.014048622392847
0.928751241076640 0.013271456246673
0.934390838348403 0.012514569488248
0.939640875149800 0.011777219111728
0.944528668033180 0.011059297387898
0.949079632380081 0.010361089615714
0.953317272367888 0.009683124162261
0.957263243609642 0.009026056971281
0.960937582847255 0.008390543779417
0.964358801130740 0.007777188078362
0.967543967990149 0.007186513641120
0.970508798889982 0.006618950675535
0.973267744020051 0.006074861499926
0.975834078255380 0.005554666472179
0.978219979531930 0.005058677805823
0.980436606594339 0.004587048729356
0.982494174574446 0.004139804010886
0.984402025610586 0.003716866241456
0.986168694403202 0.003318078265505
0.987801969734726 0.002943226125806
0.989308995950345 0.002592233482172
0.990696317577089 0.002265150906613
0.991969845365587 0.001961855159453
0.993134903839179 0.001682079971315
0.994196279244291 0.001425462430933
0.995158261534644 0.001191579509646
0.996024681096139 0.000979976744671
0.996798940809427 0.000790190695669
0.997484043954586 0.000621766463098
0.998082618383645 0.000474271295783
0.998596937319475 0.000347305105620
0.999028937081722 0.000240508538721
0.999380231990150 0.000153569116146
0.999652126651644 0.000086225846650
0.999845625797953 0.000038272623184
0.999961441805952 0.000009560639545
1.000000000000000 0.000000000000000
