1.000000000000000 0.000000000000000
0.999959220489644 0.000001444770099
0.999836737443594 0.000005852692846
0.999632116364688 0.000013444497621
0.999344629907678 0.000024587662215
0.998973253071714 0.000039795647225
0.998516656404295 0.000059726496589
0.997973197150144 0.000085180452941
0.997340908258001 0.000117096100734
0.996617485136709 0.000156544385104
0.995800270028938 0.000204719650621
0.994886233846112 0.000262926589438
0.993871955281213 0.000332561668249
0.992753596986741 0.000415087199409
0.991526878572799 0.000511995710431
0.990187046144415 0.000624761618618
0.988728838057370 0.000754776396877
0.987146446527155 0.000903262376151
0.985433474675414 0.001071159010339
0.983582882041449 0.001259181186421
0.981586903945245 0.001468488827460
0.979436997306109 0.001700256930715
0.977123772632746 0.001955393357894
0.974636910873950 0.002234400550620
0.971965069292017 0.002537193646417
0.969095774687556 0.002862862563821
0.966015343445908 0.003209705160302
0.962709079268048 0.003577605946269
0.959161113663784 0.003967506898991
0.955354184633059 0.004380409924051
0.951269531273587 0.004817374402662
0.946886786202204 0.005279522701623
0.942183877165856 0.005768181487889
0.937137005172106 0.006286000679201
0.931720543072419 0.006836977573737
0.925906933211220 0.007426348083551
0.919666638094637 0.008060968520045
0.912968095295908 0.008749519461553
0.905777439895555 0.009499918212148
0.898058544116416 0.010319659606413
0.889773232946136 0.011217435967849
0.880881440404797 0.012203361432627
0.871341302753622 0.013287801490637
0.861109358235391 0.014480134529165
0.850141159888707 0.015789978790740
0.838391922885944 0.017227242220369
0.825817470492372 0.018803240886955
0.812375286368620 0.020530701185410
0.798025711272711 0.022422843340399
0.782733136522638 0.024491040380684
0.766467451460419 0.026742501755571
0.749206283610328 0.029181654824851
0.730937924578371 0.031815530792271
0.711663897680671 0.034655842143852
0.691400040477912 0.037710766007590
0.670175787749560 0.040966939352590
0.648036924508884 0.044396033921678
0.625049456241492 0.047972957871206
0.601300604704841 0.051679904512655
0.576895799809221 0.055489565754763
0.551956092342634 0.059358384609386
0.526616943880699 0.063235046179099
0.501024890799650 0.067061139509548
0.475334135383135 0.070777889539086
0.449702713439685 0.074331688071293
0.424286420364586 0.077667015723725
0.399233232899442 0.080717453167222
0.374681370021370 0.083426091457110
0.350757161328262 0.085751622640072
0.327570476539574 0.087656305010919
0.305212934792763 0.089097887211003
0.283759388814249 0.090038487514580
0.263269244470541 0.090439969213906
0.243785565709098 0.090299955885046
0.225337482530712 0.089654069226077
0.207937653346812 0.088546744633411
0.191585748502612 0.087023481778115
0.176267329061304 0.085136444990038
0.161958072325933 0.082945430105137
0.148623768688180 0.080509233327257
0.136223464407618 0.077884980046229
0.124711119279765 0.075125041852745
0.114037422811221 0.072274695453213
0.104151878358690 0.069372096945574
0.095003528365036 0.066449521089502
0.086545197147783 0.063528141515095
0.078733897828979 0.060619368168339
0.071526379624520 0.057734595892923
0.064880789800166 0.054884465838720
0.058757892862799 0.052078026781682
0.053119529609833 0.049323850273784
0.047929428923712 0.046629591782902
0.043157507875314 0.043999604775901
0.038776370648792 0.041436925596396
0.034758502505489 0.038944881526123
0.031077000960256 0.036526525096964
0.027706912577717 0.034181793398261
0.024624808366951 0.031909595481726
0.021808223385633 0.029709996376059
0.019235877055979 0.027583796671159
0.016890005286609 0.025532230803525
0.014762616547765 0.023556831413849
0.012845271004208 0.021659111029430
0.011126794976505 0.019840425344455
0.009594349492584 0.018101930263289
0.008234136084658 0.016444510442432
0.007029047397951 0.014866949170138
0.005959815816163 0.013366396482531
0.005009840719119 0.011941219714210
0.004165042445080 0.010590809191332
0.003413460178299 0.009315269403742
0.002744919281774 0.008115186261345
0.002150937867795 0.006991487907100
0.001632108765301 0.005946772646728
0.001195753703312 0.004984801769804
0.000842444578651 0.004107881304994
0.000567312465140 0.003317089318296
0.000361981900810 0.002612633500774
0.000216077705921 0.001994134345995
0.000118393649033 0.001460848589812
0.000057793568485 0.001011844582583
0.000023900519890 0.000646138833917
0.000007617366846 0.000362800991033
0.000001512326294 0.000161032885639
0.000000094805500 0.000040225930558
0.000000000000000 0.000000000000000
0.000000090535279 -0.000039250450897
0.000001457997700 -0.000157158211501
0.000007461107412 -0.000354186249019
0.000023937931394 -0.000631084953302
0.000059575140506 -0.000988858153465
0.000125896120117 -0.001428451958518
0.000236186830379 -0.001949830013844
0.000405492554881 -0.002551426801626
0.000650356268382 -0.003229324726116
0.000988343301372 -0.003976144548044
0.001437408315002 -0.004779635667209
0.002015058892137 -0.005620894280063
0.002737257645197 -0.006472118909321
0.003617281986804 -0.007295419751743
0.004668185098162 -0.008063340384845
0.005902119115735 -0.008764058186974
0.007326607968333 -0.009392357213075
0.008942272739887 -0.009952208160256
0.010739952308962 -0.010460479053895
0.012697019800465 -0.010951684692785
0.014788493963445 -0.011464359935809
0.017018348024737 -0.012002342825257
0.019398237346117 -0.012561617137073
0.021943034264376 -0.013136327162522
0.024671738061592 -0.013718230191864
0.027608637799084 -0.014296002607997
0.030781938472460 -0.014856504287897
0.034211148295996 -0.015394542775555
0.037912147078211 -0.015909477502685
0.041900411022667 -0.016403330749773
0.046190388666357 -0.016881945415971
0.050794776903366 -0.017356333940811
0.055730012626732 -0.017834987403548
0.061021646984797 -0.018316428938204
0.066698587051476 -0.018798152657162
0.072792901626376 -0.019277533643539
0.079340103219984 -0.019752013766743
0.086376114865012 -0.020220839945976
0.093936130700364 -0.020686091634775
0.102056628197886 -0.021152477144421
0.110775089761536 -0.021628248324987
0.120131290214832 -0.022120601985776
0.130168677472199 -0.022630501465726
0.140932185037914 -0.023158583252893
0.152467427272810 -0.023705875736262
0.164818985630687 -0.024273307089799
0.178029397885205 -0.024861882030310
0.192138356752456 -0.025473081527746
0.207181693670354 -0.026105918887226
0.223189895176542 -0.026755333000726
0.240185774197365 -0.027414406616653
0.258182107153809 -0.028075476825935
0.277179408090961 -0.028730137145250
0.297163902859045 -0.029368202036748
0.318105572584449 -0.029976706508950
0.339956436224265 -0.030541043781468
0.362649234936702 -0.031050914304161
0.386097032798461 -0.031500585635082
0.410193894813432 -0.031882474336468
0.434816440631655 -0.032185228055237
0.459826257276200 -0.032400276033415
0.485073340638608 -0.032525517844821
0.510400411094795 -0.032559290251585
0.535647698859945 -0.032494655657771
0.560657892705961 -0.032326859172754
0.585280873217844 -0.032057986023431
0.609378022540967 -0.031692716062021
0.632825631457537 -0.031233243841107
0.655517524510959 -0.030682553120810
0.677366413211940 -0.030043671045246
0.698304553088589 -0.029321039046955
0.718283299121159 -0.028520997687024
0.737272012719669 -0.027651355481506
0.755256616214139 -0.026722454379624
0.772237542691548 -0.025747955384043
0.788227505343912 -0.024741315724072
0.803249142772163 -0.023714077226041
0.817332909269752 -0.022676020070674
0.830515223395475 -0.021636039735233
0.842836695376686 -0.020602325002178
0.854340614624773 -0.019582072256408
0.865071682609635 -0.018581224552520
0.875074849664893 -0.017603670318254
0.884394554910405 -0.016651713795137
0.893074274111711 -0.015727337113611
0.901156054947709 -0.014832304000734
0.908680225779197 -0.013968589680006
0.915685100361801 -0.013137782092295
0.922206817708262 -0.012340868149887
0.928279248293882 -0.011578062416403
0.933933549009417 -0.010845940185769
0.939198577640135 -0.010139991427888
0.944101350787419 -0.009457261615274
0.948667063855927 -0.008795949231697
0.952919127059304 -0.008155123147909
0.956879184754108 -0.007534957012972
0.960567240281732 -0.006936031500776
0.964001774648200 -0.006358853725433
0.967199831379364 -0.005803837615301
0.970177103979618 -0.005271298812057
0.972948138250996 -0.004762001478997
0.975526804187064 -0.004279000269973
0.977925790544846 -0.003824848128590
0.980156523783862 -0.003400843801799
0.982229309775685 -0.003007361494201
0.984153455164843 -0.002644106537587
0.985937371592164 -0.002310312569734
0.987588674428961 -0.002005001092599
0.989114291467424 -0.001727473656847
0.990520481264059 -0.001476805444152
0.991812878178340 -0.001251748001226
0.992996549531076 -0.001050854029893
0.994076044865186 -0.000872572679843
0.995055438444614 -0.000715321714657
0.995938365938977 -0.000577541738701
0.996728056073861 -0.000457736568896
0.997427357889421 -0.000354502963496
0.998038764137066 -0.000266552230929
0.998564431250549 -0.000192725696618
0.999006196249954 -0.000132005573816
0.999365590871532 -0.000083522441511
0.999643853160752 -0.000046560258807
0.999841936718023 -0.000020559625519
0.999960517744733 -0.000005119820259
1.000000000000000 0.000000000000000
