1.000000000000000 0.000000000000000
0.999959142699410 0.000002857453815
0.999836430079882 0.000011521868711
0.999631438997448 0.000026269051019
0.999343460896452 0.000047557431944
0.998971496788746 0.000076025963902
0.998514250128794 0.000112490692057
0.997970117485940 0.000157939484076
0.997337176882353 0.000213524203356
0.996613173628955 0.000280549371774
0.995795503450617 0.000360456073931
0.994881192644952 0.000454799489022
0.993866874964447 0.000565217978364
0.992748764847625 0.000693391080296
0.991522626548962 0.000840983037333
0.990183738626563 0.001009567562188
0.988726853137493 0.001200528388184
0.987146148758567 0.001414928680544
0.985435176891567 0.001653340563087
0.983586818995385 0.001916038770183
0.981593280461271 0.002204116125958
0.979445990849704 0.002518750417787
0.977135513839655 0.002860857476909
0.974651457655038 0.003230957379645
0.971982372715259 0.003628999003181
0.969115634354775 0.004054131162741
0.966037391898910 0.004504888802859
0.962732864091769 0.004981406970137
0.959186085676099 0.005484501654403
0.955379687625068 0.006014970714352
0.951294792663330 0.006573579604682
0.946910908442279 0.007161045491111
0.942205848067122 0.007778363220391
0.937155751407538 0.008428349374688
0.931734959818640 0.009115283275605
0.925915932032590 0.009844913227413
0.919669216841766 0.010624938941579
0.912963361802492 0.011464817307068
0.905764432159682 0.012372213887137
0.898036231065290 0.013354732467092
0.889740529084107 0.014421279029872
0.880837214219696 0.015582214301284
0.871284300148294 0.016847600324736
0.861038220526694 0.018226851346289
0.850054443100245 0.019729858578660
0.838288113883514 0.021367016557201
0.825694933212774 0.023149637300655
0.812232176553722 0.025089649510505
0.797859931951354 0.027199144043278
0.782542361632125 0.029488567762299
0.766249396804288 0.031966036346453
0.748958812896606 0.034637634654077
0.730658384267788 0.037507541606053
0.711348059762542 0.040577192208260
0.691041942073977 0.043843391668869
0.669769932562185 0.047295865629887
0.647579648639065 0.050918167635658
0.624537899595193 0.054689801514285
0.600730955026048 0.058585259709373
0.576262832379694 0.062566351499522
0.551253738817547 0.066582158253737
0.525839060517916 0.070577883901349
0.500166287546286 0.074497787866869
0.474390420927341 0.078283054869496
0.448669359478423 0.081873348693903
0.423159153065855 0.085206769624949
0.398009433666812 0.088222319983024
0.373360314551355 0.090864744138370
0.349338728987678 0.093087211345666
0.326055806581483 0.094844672119198
0.303605035491478 0.096098346544713
0.282064781749748 0.096799351294155
0.261496071730245 0.096911240685456
0.241946573869585 0.096448491969957
0.223446795528362 0.095454700935541
0.206010498561244 0.093986399821319
0.189635320933093 0.092106227462779
0.174306650644630 0.089875641047684
0.159998890015673 0.087353958863284
0.146675935289160 0.084603000015633
0.134294160168053 0.081685627417282
0.122805224234959 0.078655900314439
0.112159595276693 0.075555680636477
0.102306300749715 0.072419846322744
0.093195248605607 0.069275745114943
0.084779618829820 0.066141481758045
0.077012690778170 0.063033151602623
0.069850009620035 0.059963672726504
0.063251650904558 0.056940968459524
0.057178262802406 0.053972699938558
0.051591591984039 0.051066284707119
0.046457327556829 0.048227380301804
0.041743066935229 0.045460866813453
0.037417225588210 0.042771391698922
0.033450366098860 0.040162463904579
0.029818602987225 0.037633826841780
0.026499290371419 0.035185038493461
0.023469762466375 0.032816550545326
0.020707985730254 0.030529266632745
0.018196049162909 0.028323148310623
0.015919376481897 0.026197391458331
0.013862480641646 0.024151868275642
0.012009398415369 0.022186923358735
0.010344208320787 0.020303159993756
0.008851931118562 0.018501760237392
0.007519099917729 0.016784668399944
0.006332570366506 0.015153356632595
0.005279586947040 0.013608764063474
0.004347967319718 0.012151397805532
0.003526221532460 0.010781419515208
0.002804689048250 0.009498359187253
0.002182201254276 0.008298939220343
0.001657838887184 0.007179916571864
0.001226595593525 0.006139591023898
0.000880715477294 0.005177385329814
0.000610761533333 0.004293507725032
0.000406437769525 0.003488691056077
0.000257218696009 0.002763991950589
0.000152828580366 0.002120636942140
0.000083603901992 0.001559905236761
0.000040794190898 0.001083200654167
0.000016865061488 0.000692546723519
0.000005373803371 0.000389022415158
0.000001066723381 0.000172675687826
0.000000066866635 0.000043130191644
0.000000000000000 0.000000000000000
0.000000063247708 -0.000041882418176
0.000001018465293 -0.000167659070508
0.000005210884836 -0.000377645622626
0.000016713994535 -0.000672122689149
0.000041584035714 -0.001050954340498
0.000088231322015 -0.001513026864660
0.000167924199048 -0.002055479096468
0.000295447161035 -0.002672685144000
0.000489941301541 -0.003354937986506
0.000775963203946 -0.004086767589671
0.001184807942029 -0.004844809154410
0.001753614311782 -0.005598008874704
0.002509145995585 -0.006325052014112
0.003467964577005 -0.007012801197870
0.004638149499569 -0.007652580050747
0.006015336153066 -0.008242435605647
0.007577601124676 -0.008790085284906
0.009280309180259 -0.009315968388376
0.011091920379367 -0.009834691382676
0.013017396033618 -0.010343190155613
0.015066668556612 -0.010838201672764
0.017253450725925 -0.011317887669012
0.019596395247194 -0.011782517302092
0.022120580477867 -0.012235368516511
0.024856177612894 -0.012682207580111
0.027822231142317 -0.013123008995475
0.031032300101544 -0.013555308201871
0.034499126134356 -0.013977190877355
0.038233922948675 -0.014387644210370
0.042245410111221 -0.014787029864791
0.046541682818693 -0.015176748695313
0.051141857063190 -0.015555982926370
0.056070643359820 -0.015923800642267
0.061355857329744 -0.016280501218536
0.067028969039820 -0.016628212920087
0.073124865808366 -0.016970911804800
0.079676549751385 -0.017310225889995
0.086716613902242 -0.017647219002140
0.094278893115157 -0.017984542471512
0.102398124998185 -0.018327025021119
0.111111918447685 -0.018679002372625
0.120462308444803 -0.019042182485097
0.130493365571041 -0.019418956887333
0.141250631102931 -0.019812865624805
0.152779377585567 -0.020226272730685
0.165123470976294 -0.020659757382750
0.178325102181953 -0.021113846399390
0.192423870308811 -0.021588614284563
0.207455897426810 -0.022082799021104
0.223451650615615 -0.022594344816966
0.240433817101590 -0.023119073671897
0.258415025828674 -0.023648427840960
0.277395801818298 -0.024171101899570
0.297362362672576 -0.024677347255623
0.318284596100876 -0.025159892905959
0.340114419873543 -0.025610790766687
0.362784636883126 -0.026020468412715
0.386208545697246 -0.026379264317882
0.410280413220559 -0.026680928497094
0.434876983147423 -0.026921503079311
0.459860032216027 -0.027093464606468
0.485079849254199 -0.027186728255974
0.510379465483484 -0.027198060540501
0.535599419418068 -0.027132239899158
0.560582672458634 -0.026990192438400
0.585179360064997 -0.026765771072265
0.609251138542572 -0.026457494787135
0.632674687722375 -0.026071994622244
0.655344076807453 -0.025613967350420
0.677171941730657 -0.025075895692868
0.698090504604374 -0.024453324442150
0.718051442279980 -0.023757432895374
0.737024598757570 -0.023005070876164
0.754995984964016 -0.022207727483119
0.771965749939705 -0.021371316117337
0.787946355944676 -0.020503169934514
0.802960513318581 -0.019615746859951
0.817038846877654 -0.018721906333300
0.830217762907965 -0.017831459202024
0.842537544894535 -0.016949083555698
0.854041131176342 -0.016078191471064
0.864772944848624 -0.015222246675750
0.874777909502926 -0.014385754016175
0.884100565773415 -0.013572912410743
0.892784405907415 -0.012786839053447
0.900871415651181 -0.012029638860733
0.908401751604026 -0.011302444035472
0.915413537572612 -0.010605859020714
0.921942743782087 -0.009940102605883
0.928023061368362 -0.009304487297492
0.933685636981256 -0.008695323472403
0.938959500939367 -0.008109127479838
0.943871749910994 -0.007543597359591
0.948447588213277 -0.006997274029951
0.952710380736021 -0.006469367102072
0.956681698597383 -0.005959799820400
0.960381467853301 -0.005468694221425
0.963828079025833 -0.004996186105235
0.967038478952444 -0.004542396552537
0.970028263469245 -0.004107415139107
0.972811918663429 -0.003692213080920
0.975403140849748 -0.003300063803604
0.977814401734043 -0.002933350866054
0.980056973008238 -0.002593231122326
0.982141053860968 -0.002279962609713
0.984075881049632 -0.001993157574600
0.985869824247304 -0.001731976949531
0.987530463460220 -0.001495336712456
0.989064649148907 -0.001282149002017
0.990478588862316 -0.001091157800187
0.991777906196450 -0.000920962994945
0.992967686422072 -0.000770096824738
0.994052516771404 -0.000637081148947
0.995036521987051 -0.000520469917674
0.995923395645389 -0.000418880273381
0.996716427689932 -0.000331014975861
0.997418528545062 -0.000255678258396
0.998032250124901 -0.000191786763253
0.998559804004150 -0.000138376842445
0.999003076976100 -0.000094609223905
0.999363644186476 -0.000059771817392
0.999642779999410 -0.000033281255328
0.999841466722757 -0.000014683620808
0.999960401293552 -0.000003654699787
1.000000000000000 0.000000000000000
