1.000000000000000 0.000000000000000
0.999960687596156 0.000009015397411
0.999842618197978 0.000036138210189
0.999645394184016 0.000081598017848
0.999368349293237 0.000145776464763
0.999010543215741 0.000229205608276
0.998570753874412 0.000332565256720
0.998047467246006 0.000456678924417
0.997438864517786 0.000602507888794
0.996742806315951 0.000771142663886
0.995956813672488 0.000963790994968
0.995078045314854 0.001181761219238
0.994103270764577 0.001426439513008
0.993028838612322 0.001699259138732
0.991850639192736 0.002001659292857
0.990564060706206 0.002335030509713
0.989163937617992 0.002700642761673
0.987644489898109 0.003099551366688
0.985999287431043 0.003532632514276
0.984221321788603 0.004001109884018
0.982302877212140 0.004506225369851
0.980235419060923 0.005049011274297
0.978009502831149 0.005630179735030
0.975614668840610 0.006249978923260
0.973039319976275 0.006908007045208
0.970270763173513 0.007603639216976
0.967295602331166 0.008337747329631
0.964099361452196 0.009111647565635
0.960666304860949 0.009926778606131
0.956979352430340 0.010784737594751
0.953019995819486 0.011687330470935
0.948768167428639 0.012636668801723
0.944202088673998 0.013635307537445
0.939298252298888 0.014686352712266
0.934031369047617 0.015793643653636
0.928374324845061 0.016961987121794
0.922297893068887 0.018196379328867
0.915770413447261 0.019501019492433
0.908758073240740 0.020880577354706
0.901224985733087 0.022340509762584
0.893133087964168 0.023886229503776
0.884441698347863 0.025520207780579
0.875108037775672 0.027243433404745
0.865087626364884 0.029055671194464
0.854334904852782 0.030956130005757
0.842803974957821 0.032943886036408
0.830449234034615 0.035016811532752
0.817226403396003 0.037171534840678
0.803093821716473 0.039403644149043
0.788013953056372 0.041707226964000
0.771954906524549 0.044073105089983
0.754892232615974 0.046487422739034
0.736811347922120 0.048933016574566
0.717709966181912 0.051390084953643
0.697600335487553 0.053836136724193
0.676511444832853 0.056247477004919
0.654490851700870 0.058600227440300
0.631605546297194 0.060867344369232
0.607942168005884 0.063016850437848
0.583607049794611 0.065016754592963
0.558724984633721 0.066837495350489
0.533436535258519 0.068453133200041
0.507894530094241 0.069843266792793
0.482259555915079 0.070988919220325
0.456695001751434 0.071870311847552
0.431362252566558 0.072478948096583
0.406415827882589 0.072820159492410
0.381998688477365 0.072896963716895
0.358238549556227 0.072708904958800
0.335245300044320 0.072267132947333
0.313109361946449 0.071593166396112
0.291901359676361 0.070705740508103
0.271672424195823 0.069620274460488
0.252454781361118 0.068358310363568
0.234263560441998 0.066946982445783
0.217099051075823 0.065411038777966
0.200949864438045 0.063766502184045
0.185793791761834 0.062029955593153
0.171600547855985 0.060219423510478
0.158333441484098 0.058353336449241
0.145951174568682 0.056448227937908
0.134410524209125 0.054514759667298
0.123666154835708 0.052563461738063
0.113672272158350 0.050604238396377
0.104384646470069 0.048644042915690
0.095759172032798 0.046690348475293
0.087752480692517 0.044750630742392
0.080323258045995 0.042829822719899
0.073431809414769 0.040932713279023
0.067040102444321 0.039064568035069
0.061114083287135 0.037228231031221
0.055624663599820 0.035422837163445
0.050543321644359 0.033649011017366
0.045842131534530 0.031908740804122
0.041493762369790 0.030204360965662
0.037471274994380 0.028537663375808
0.033749574719221 0.026910850637965
0.030305580860661 0.025326429214188
0.027118346694121 0.023786809037474
0.024175479112653 0.022289565944775
0.021471014938817 0.020828744717161
0.018995998366655 0.019401317259297
0.016739124759698 0.018006623007801
0.014687685588718 0.016645622889745
0.012825919510726 0.015321413883367
0.011131407610451 0.014040694804774
0.009584179552737 0.012809486440658
0.008168053080881 0.011632424937241
0.006869894157583 0.010513028690968
0.005679024638433 0.009453917615570
0.004589585584780 0.008455613246142
0.003616965584707 0.007508512373819
0.002776077867527 0.006603425001588
0.002070479443597 0.005736847191009
0.001495629629785 0.004909363203913
0.001041508770607 0.004124362968275
0.000694654249474 0.003387045960073
0.000439737693451 0.002703650385170
0.000260783944805 0.002081282640314
0.000142124260097 0.001530882932563
0.000069076786980 0.001061503733691
0.000028468903267 0.000677395890794
0.000009049878298 0.000379791140360
0.000001793483070 0.000168311517730
0.000000112312288 0.000041996360271
0.000000000000000 0.000000000000000
0.000000109088072 -0.000041307706156
0.000001755051991 -0.000165169376417
0.000008966444452 -0.000371267394456
0.000028702007942 -0.000658621426253
0.000071227952144 -0.001024888072165
0.000150667705239 -0.001465331446861
0.000285746826658 -0.001971412993993
0.000500763918354 -0.002528929974381
0.000825680047847 -0.003117033923854
0.001287202967135 -0.003718152556532
0.001906690908554 -0.004319110942007
0.002700320234736 -0.004909014050357
0.003675801177049 -0.005480868117262
0.004828136648782 -0.006033701645145
0.006134193605891 -0.006575290976167
0.007550378374093 -0.007123469438073
0.009057136079251 -0.007685314987136
0.010660173696618 -0.008256941708580
0.012368894785116 -0.008834211678257
0.014197131391603 -0.009413032918044
0.016164542462304 -0.009989539549714
0.018298388400157 -0.010560341067358
0.020627863882884 -0.011122397677315
0.023167594346418 -0.011672342885731
0.025928421526135 -0.012207516926223
0.028919478834622 -0.012726632600810
0.032147210586967 -0.013230449131560
0.035614161166262 -0.013722618995693
0.039325776646342 -0.014206028514121
0.043300152592521 -0.014677534625753
0.047559234163923 -0.015133358811486
0.052128103153259 -0.015570003299403
0.057035597480142 -0.015984567903464
0.062312399954797 -0.016374376506839
0.067985991252904 -0.016735757354394
0.074084189386442 -0.017065588586818
0.080635680858850 -0.017362119829674
0.087669963735341 -0.017625237124170
0.095221083359583 -0.017851707863577
0.103327459319739 -0.018035661338412
0.112029897973964 -0.018171528795595
0.121371285789344 -0.018254368196285
0.131394898014138 -0.018279007658059
0.142144154776898 -0.018240920432851
0.153662461606512 -0.018137487975935
0.165992971738778 -0.017965449921645
0.179178193004310 -0.017718174680225
0.193258088355752 -0.017389671214833
0.208268457277346 -0.016975586515614
0.224239115835074 -0.016473962247515
0.241192065421230 -0.015886010943178
0.259139473541575 -0.015211912578857
0.278081518386573 -0.014449304618112
0.298004198068151 -0.013598097415634
0.318877421840775 -0.012662553468985
0.340653326070687 -0.011650960414932
0.363265032447491 -0.010571595434913
0.386626238620823 -0.009432029294857
0.410631897903014 -0.008244023178444
0.435159825720655 -0.007025660634927
0.460072924148449 -0.005795489240904
0.485222259758525 -0.004564460526068
0.510451652673864 -0.003343086332101
0.535602803943981 -0.002149730543050
0.560519935811087 -0.001004171543624
0.585054056848172 0.000082579720580
0.609067355167622 0.001105379305074
0.632437060471204 0.002055551379718
0.655057951861981 0.002921368423850
0.676843538774611 0.003696704995877
0.697726426166977 0.004383994209358
0.717658220646685 0.004987426351886
0.736608548912973 0.005506886321204
0.754563338589309 0.005941576543688
0.771522714450582 0.006294201528928
0.787498754431621 0.006571891484988
0.802513451422095 0.006782717492550
0.816596626853965 0.006933575475831
0.829783971958175 0.007028673964961
0.842115360123208 0.007072657829634
0.853633350421674 0.007070768260846
0.864381879549354 0.007028356153426
0.874405321453395 0.006950774847335
0.883747712648009 0.006843253462087
0.892452096294884 0.006710315816944
0.900560009392780 0.006554952485478
0.908111251962772 0.006380127422035
0.915143679976910 0.006188938979604
0.921693057238983 0.005984373062858
0.927792896129863 0.005768264420609
0.933474521604660 0.005541991671653
0.938767182849056 0.005307262080663
0.943698099513745 0.005065950251152
0.948292529529126 0.004819964041441
0.952573787777820 0.004570848120362
0.956563345607121 0.004319740591142
0.960281049326111 0.004067871951744
0.963745219137540 0.003816521169879
0.966972740836048 0.003566952516694
0.969979157997356 0.003320374032833
0.972778759626072 0.003077960208872
0.975384662122180 0.002840929597430
0.977808904341222 0.002610353817851
0.980062528240662 0.002387131527903
0.982155651846982 0.002172010660053
0.984097537410177 0.001965608634411
0.985896654676951 0.001768430555362
0.987560738433443 0.001580880107161
0.989096830768462 0.001403205349095
0.990511339517326 0.001235566807092
0.991810094560307 0.001078117043121
0.992998386607428 0.000930998486177
0.994081002276141 0.000794340913063
0.995062255953628 0.000668260264606
0.995946018580745 0.000552858394780
0.996735743501321 0.000448223449096
0.997434489520794 0.000354430644284
0.998044941313537 0.000271543279115
0.998569427310269 0.000199613850227
0.999009935186511 0.000138685180084
0.999368125060921 0.000088791489401
0.999645340499140 0.000049959365155
0.999842617404735 0.000022208589430
0.999960690864427 0.000005552804827
1.000000000000000 0.000000000000000
