1.000000000000000 0.000000000000000
0.999959429133255 0.000005867152508
0.999837579471950 0.000023554466254
0.999634038898868 0.000053319644276
0.999348117426393 0.000095592604926
0.998978842464987 0.000150975978413
0.998524952111641 0.000220245546977
0.997984886368092 0.000304350354070
0.997356776168788 0.000404412100149
0.996638430065419 0.000521723310681
0.995827318377370 0.000657743597580
0.994920554574476 0.000814093128710
0.993914873608434 0.000992542158853
0.992806606850496 0.001194995144254
0.991591653223223 0.001423467541951
0.990265446030576 0.001680052860082
0.988822914889919 0.001966876844943
0.987258442047336 0.002286034825445
0.985565812208741 0.002639507135804
0.983738163143483 0.003029186549109
0.981767963840889 0.003457483685206
0.979646931968146 0.003927034380281
0.977365944694631 0.004440441541319
0.974914949248856 0.005000181309639
0.972282859931780 0.005608475683314
0.969457439097750 0.006267121401432
0.966425185945090 0.006977382210964
0.963171502926173 0.007741149488191
0.959680568715633 0.008560820578512
0.955935045259324 0.009438462740378
0.951915920113223 0.010375604847881
0.947602333224581 0.011372978611140
0.942971454942826 0.012430480393971
0.937999030497338 0.013549917441548
0.932659226037278 0.014734812729542
0.926924218077152 0.015989098129807
0.920764128664338 0.017317191233058
0.914147013080742 0.018724262163739
0.907039035190608 0.020217681778970
0.899404545506032 0.021807312638374
0.891206202671593 0.023505617992624
0.882405220249499 0.025328216621539
0.872960771613684 0.027289950299325
0.862830053440354 0.029403562511620
0.851969474820217 0.031683110138139
0.840335278259456 0.034143827675912
0.827883835459790 0.036799436965034
0.814572854051003 0.039662839066843
0.800362795680928 0.042746657362082
0.785218331480046 0.046062777496699
0.769110059294675 0.049621872687735
0.752016206717744 0.053431858286081
0.733923286814232 0.057491116359427
0.714828640202009 0.061789381013573
0.694743218433548 0.066309744663949
0.673693767742260 0.071028872674529
0.651722511143308 0.075907886827159
0.628883277638782 0.080870002590583
0.605243393315522 0.085801382707396
0.580875902783405 0.090493998520683
0.555871534405830 0.094709349234679
0.530365671149636 0.098276391807384
0.504522081386078 0.101103245302615
0.478530334213195 0.103256191919780
0.452579563491964 0.104811290288587
0.426845174588554 0.105807547946300
0.401493485938249 0.106270176562580
0.376677792674036 0.106217503348849
0.352534911499558 0.105683985961399
0.329182170598163 0.104714405876041
0.306715911186448 0.103352841992883
0.285210669304254 0.101645102530012
0.264720111043815 0.099637255117119
0.245277855482713 0.097374964513256
0.226900525905093 0.094897383993622
0.209588626789567 0.092241991848711
0.193329994452150 0.089443207791500
0.178101159836972 0.086533642204150
0.163870035375299 0.083543231958508
0.150598356379354 0.080498386882715
0.138242528306878 0.077423281562564
0.126758000618052 0.074334188800236
0.116097947703336 0.071245547998654
0.106214387429306 0.068171348659618
0.097061348446496 0.065122492276098
0.088592544091346 0.062109699838790
0.080762299299277 0.059142785628033
0.073528202930611 0.056227566867416
0.066849094469564 0.053369484628480
0.060684927881484 0.050574363835624
0.054999898492379 0.047846815507399
0.049762137097678 0.045190184921838
0.044940203628489 0.042607918659684
0.040503496642052 0.040103288903631
0.036422741548980 0.037677485451339
0.032670267061312 0.035329860855252
0.029220109470709 0.033060456465945
0.026048087260756 0.030869805310458
0.023133005363747 0.028758261113151
0.020464567233638 0.026723147213886
0.018034630076401 0.024761556605205
0.015831915288637 0.022872031388482
0.013843162109547 0.021054106869143
0.012053992330901 0.019307962103661
0.010446684443430 0.017634006939342
0.008999836739063 0.016032657699289
0.007694823636834 0.014504555664105
0.006515943644704 0.013050478315613
0.005449927293070 0.011671248890315
0.004485533992835 0.010367675889927
0.003613908602116 0.009140448460691
0.002839732950455 0.007989014040519
0.002172936446119 0.006912344121969
0.001615298011150 0.005910203791562
0.001162451422764 0.004982946661664
0.000805899200033 0.004131315107973
0.000534577079781 0.003356288039780
0.000336064837538 0.002658965574805
0.000197519271995 0.002040482263589
0.000106389288494 0.001501942307066
0.000050960334496 0.001044371636704
0.000020715414495 0.000668750591186
0.000006515874146 0.000376159024354
0.000001281671632 0.000167138404650
0.000000079901985 0.000041774226286
0.000000000000000 0.000000000000000
0.000000075902282 -0.000040740695607
0.000001215796409 -0.000163198015592
0.000006166485246 -0.000368027410344
0.000019540131566 -0.000656151143567
0.000047865562468 -0.001028493636907
0.000099660205164 -0.001485591639730
0.000185522702681 -0.002027058807614
0.000318246179325 -0.002650876800460
0.000512951967699 -0.003352476195766
0.000787243342339 -0.004123559922856
0.001161378391967 -0.004950609037076
0.001658460554340 -0.005812994828565
0.002303224623243 -0.006684444475826
0.003115172840724 -0.007549220803428
0.004109010975793 -0.008397803576997
0.005294059615803 -0.009224395178416
0.006671624426138 -0.010028738002763
0.008231596481632 -0.010818470550815
0.009948092390050 -0.011612156669913
0.011790854734522 -0.012431882587140
0.013762436173757 -0.013278771892542
0.015874435351710 -0.014149097238837
0.018141687978501 -0.015038555241014
0.020583167502727 -0.015942210224243
0.023223131580857 -0.016854441707734
0.026090142241596 -0.017769320612172
0.029203926105719 -0.018683165889060
0.032579445628793 -0.019594240422112
0.036230687350970 -0.020502639079299
0.040169835711689 -0.021411160647855
0.044406292654793 -0.022326351587215
0.048953359189508 -0.023253069472895
0.053835166499519 -0.024188911993745
0.059079276639730 -0.025130981045415
0.064716264473243 -0.026076820498047
0.070779934283780 -0.027024748691725
0.077304282291683 -0.027973084270535
0.084322595909304 -0.028920365844447
0.091869219561088 -0.029866822753284
0.099979210381964 -0.030815195902448
0.108690497429394 -0.031766903604139
0.118045531516626 -0.032719055491131
0.128088550148726 -0.033669185682977
0.138864862509122 -0.034615745852126
0.150419649191714 -0.035554915624057
0.162797147679050 -0.036481586514907
0.176039771155848 -0.037391267693198
0.190187552390452 -0.038278783368566
0.205276809606041 -0.039138273751399
0.221337828458833 -0.039964770993918
0.238393032772797 -0.040751734820990
0.256454805298850 -0.041491644659079
0.275523237887190 -0.042176704821305
0.295584256386747 -0.042795000302570
0.316607346539506 -0.043334026002442
0.338543811169224 -0.043786153793265
0.361325626340081 -0.044148992210504
0.384865197151583 -0.044416079218239
0.409055980597034 -0.044572281236618
0.433773791769641 -0.044606643043005
0.458879322252394 -0.044519142301278
0.484221658928823 -0.044310286707986
0.509642552509268 -0.043971973794447
0.534981305616344 -0.043499514634301
0.560079829701300 -0.042900163788999
0.584787285786459 -0.042182151282254
0.608963989399025 -0.041340468065026
0.632485249890936 -0.040370506388290
0.655243536768077 -0.039273325521059
0.677150458767232 -0.038052155831994
0.698136476726848 -0.036691009921638
0.718151067365253 -0.035169728177245
0.737155049508130 -0.033441791864756
0.755121142532238 -0.031444415348107
0.772043612454862 -0.029172532628921
0.787938973633578 -0.026714615617107
0.802835800713039 -0.024158596311008
0.816779186841139 -0.021604679956699
0.829824149550556 -0.019152254537600
0.842024066928160 -0.016868331170708
0.853427270507147 -0.014779176235224
0.864078575997114 -0.012884774804290
0.874022272781320 -0.011179360095869
0.883301535594678 -0.009653339855449
0.891957601356322 -0.008293741421439
0.900030179126294 -0.007086673403183
0.907557372438468 -0.006018328972207
0.914575460657246 -0.005075477052568
0.921118705655328 -0.004246706084155
0.927219351862447 -0.003521557601072
0.932907658041229 -0.002889878523499
0.938211910559412 -0.002342008110006
0.943158462182088 -0.001868907373183
0.947771713158346 -0.001462387540341
0.952074236740359 -0.001115045374328
0.956086967344661 -0.000820066575899
0.959829283985986 -0.000571224949589
0.963319095054386 -0.000362870816827
0.966572925686130 -0.000189907252396
0.969605984947124 -0.000048005353329
0.972432235511227 0.000066234591787
0.975064531327907 0.000155982782981
0.977514699168015 0.000224244756899
0.979793608313688 0.000273833476823
0.981911236918149 0.000307355081282
0.983876734608174 0.000327204361342
0.985698479460941 0.000335559915925
0.987384105820141 0.000334274884149
0.988940572430186 0.000324963615333
0.990374238938504 0.000309143847893
0.991690904147297 0.000288230321711
0.992895840518237 0.000263528501450
0.993993826103830 0.000236232311938
0.994989173879450 0.000207424676083
0.995885758494345 0.000178079937942
0.996687040489760 0.000149067478490
0.997396088051130 0.000121156004183
0.998015596371804 0.000095018120391
0.998547904709900 0.000071234902340
0.998995011219419 0.000050300252395
0.999358585632675 0.000032624890074
0.999639979864523 0.000018539864239
0.999840236600383 0.000008299509138
0.999960095920237 0.000002083789784
1.000000000000000 0.000000000000000
