1.000000000000000 0.000000000000000
0.999959737271609 0.000011164636386
0.999838821460119 0.000044761700595
0.999636868598899 0.000101100472808
0.999353235092978 0.000180695748194
0.998987012154778 0.000284266632649
0.998537017833678 0.000412734451819
0.998001786450327 0.000567219340050
0.997379555179690 0.000749034909743
0.996668247449397 0.000959680200651
0.995865452728628 0.001200827861215
0.994968402173467 0.001474307206229
0.993973939462315 0.001782080409431
0.992878485993425 0.002126209604247
0.991677999418211 0.002508812053744
0.990367924238892 0.002931999777330
0.988943132895353 0.003397799043695
0.987397855388394 0.003908043902162
0.985725596257370 0.004464241082584
0.983919172577609 0.005067916894583
0.981970810771462 0.005721211828661
0.979871910105726 0.006426233665534
0.977612918759726 0.007184868610447
0.975183214048249 0.007998641501199
0.972570961339124 0.008868532265210
0.969762949488162 0.009794742692676
0.966744827547651 0.010777602362871
0.963501665525291 0.011819396843669
0.960017325062923 0.012922878201343
0.956274272749452 0.014091026047026
0.952253490061174 0.015327087025372
0.947934388389052 0.016634637223032
0.943294820241831 0.018018262321131
0.938311117369607 0.019484354046717
0.932957991308282 0.021040864954243
0.927208551115255 0.022697696442419
0.921034367964019 0.024467229324462
0.914404765828701 0.026362216768477
0.907286153237993 0.028393712830742
0.899642882016460 0.030573928546711
0.891437458506939 0.032916752207654
0.882630440713726 0.035436895375477
0.873179892674731 0.038147109035013
0.863042183829969 0.041059794292380
0.852172563696757 0.044187285608764
0.840526066290936 0.047542691008709
0.828058501572641 0.051140318480921
0.814727233894700 0.054994519200224
0.800491670403171 0.059116680119954
0.785313669959806 0.063511027372039
0.769159991570490 0.068176586971640
0.752004582481236 0.073107693121513
0.733830727794621 0.078293408363664
0.714632506393807 0.083714026622341
0.694415630631257 0.089334706829801
0.673199667243632 0.095105698420714
0.651016766725091 0.100948605671483
0.627913111879638 0.106755750880275
0.603946243893505 0.112357409936346
0.579188860221519 0.117537763390187
0.553754261288598 0.122121244113696
0.527789368535269 0.125977169398434
0.501470586700300 0.129058583951046
0.474987986412546 0.131352642568901
0.448533114263399 0.132855908816894
0.422294377289031 0.133608113138101
0.396450615216701 0.133685678084311
0.371163204876021 0.133149969938273
0.346574241275377 0.132055948474694
0.322805776902977 0.130453654941539
0.299957741347443 0.128395955436840
0.278107598641507 0.125937595577717
0.257311107977904 0.123132073920570
0.237604000761296 0.120028676933023
0.219003185944319 0.116676094836354
0.201509447065293 0.113120693359078
0.185109368900401 0.109406277761511
0.169779120150980 0.105571341823830
0.155484607449076 0.101652649286271
0.142185866859035 0.097682615427845
0.129836879526896 0.093691228971105
0.118390317516517 0.089701356307814
0.107798167253362 0.085730315626737
0.098009828120136 0.081795221577403
0.088976260114387 0.077910721754085
0.080648591629174 0.074090101696451
0.072978250233265 0.070345304298044
0.065921488851767 0.066683343179129
0.059436370342904 0.063109622136420
0.053481270781377 0.059629756832742
0.048018328286263 0.056247358993728
0.043013720658703 0.052963935033147
0.038433912994931 0.049781471875191
0.034246317971775 0.046702098537128
0.030423035524610 0.043726314055392
0.026939421452390 0.040853603868202
0.023770655878371 0.038083987557575
0.020892284917274 0.035417765602644
0.018282128237509 0.032854763308404
0.015922897037154 0.030393323553581
0.013797367339785 0.028032110693989
0.011887914755302 0.025770279826414
0.010177054667733 0.023607271231192
0.008648514592710 0.021542649487732
0.007291214609942 0.019575905017460
0.006094799827407 0.017706523904137
0.005047588844999 0.015934013016547
0.004137229605471 0.014257865570574
0.003351189159030 0.012677542554333
0.002677113963138 0.011192468085435
0.002104331598306 0.009802452271201
0.001624593180337 0.008507889779924
0.001229053901397 0.007308713680530
0.000908357393411 0.006204411694755
0.000653044811056 0.005194163366732
0.000453858988417 0.004276949622017
0.000302159395039 0.003451703941295
0.000190747378312 0.002717603004331
0.000112683938899 0.002073688949207
0.000061102090784 0.001518823374945
0.000029535605280 0.001051814493803
0.000012118327380 0.000671544372866
0.000003839165312 0.000377006418057
0.000000759020766 0.000167317372438
0.000000047465212 0.000041792500418
0.000000000000000 0.000000000000000
0.000000043547801 -0.000040003404531
0.000000699616155 -0.000160159850939
0.000003565740753 -0.000360899163883
0.000011376228939 -0.000642907613280
0.000028205261156 -0.001007045918817
0.000060040045938 -0.001454123685805
0.000115318248810 -0.001984682410958
0.000205724953748 -0.002598675206276
0.000350203307334 -0.003293982832877
0.000582256311903 -0.004062043061021
0.000950368318075 -0.004880527722514
0.001490847258523 -0.005717238572485
0.002191749715339 -0.006563709099700
0.003024405844622 -0.007436754024971
0.003998577511587 -0.008323903752147
0.005121538070175 -0.009217578342376
0.006382491911509 -0.010132733054713
0.007786589715826 -0.011067714900997
0.009344167521490 -0.012015205486545
0.011062681528184 -0.012973004355867
0.012947306052257 -0.013942658225416
0.015007270847976 -0.014922258222235
0.017254509135956 -0.015907932063983
0.019700948691156 -0.016896756841200
0.022358123590446 -0.017887336024252
0.025236663081663 -0.018880553431837
0.028346061469917 -0.019880015542047
0.031699953838207 -0.020885823294347
0.035316345475766 -0.021894545180370
0.039214472727267 -0.022903361781297
0.043414656764609 -0.023910647890682
0.047938175280142 -0.024916619025833
0.052808082515772 -0.025921153220576
0.058050225005350 -0.026921012430771
0.063692069319980 -0.027913526743343
0.069762400900574 -0.028897645099249
0.076291267264170 -0.029874232149258
0.083312078989594 -0.030840274718154
0.090861413904063 -0.031789410277868
0.098977701906259 -0.032715464464478
0.107700917255201 -0.033613030295382
0.117072208591925 -0.034478086752331
0.127134479351650 -0.035306591880009
0.137932079874737 -0.036094784009682
0.149509564582706 -0.036839055207238
0.161911251226933 -0.037531163603558
0.175179721633812 -0.038162769042785
0.189354588561188 -0.038726270118873
0.204471702151488 -0.039212680746477
0.220560892408421 -0.039614074738783
0.237643980656753 -0.039922803608680
0.255732960766304 -0.040128432618022
0.274827449842556 -0.040221559805005
0.294912693631799 -0.040191952712203
0.315957524294580 -0.040029308854075
0.337912606609786 -0.039724726025656
0.360709430523879 -0.039269985649246
0.384259811164615 -0.038658682701965
0.408456436183419 -0.037883167779989
0.433174329168196 -0.036936885814424
0.458273094209380 -0.035810054162220
0.483600629659769 -0.034493185008615
0.508997214749179 -0.032975888421855
0.534300417923831 -0.031248449712838
0.559348217327512 -0.029289778079959
0.583985211780264 -0.027078071174150
0.608071052328586 -0.024634926908378
0.631483293052894 -0.022013550730029
0.654120371927271 -0.019281221955605
0.675902693319659 -0.016515137715133
0.696769837210763 -0.013782617248484
0.716680350420747 -0.011139986328591
0.735609471134827 -0.008631304679419
0.753548114110467 -0.006296020703359
0.770500396931190 -0.004164478831673
0.786480779003184 -0.002252972903892
0.801511176211169 -0.000563337442755
0.815620460531259 0.000910734688065
0.828843161036783 0.002180192894367
0.841217351647806 0.003259311705168
0.852783706953673 0.004164217844201
0.863584654427890 0.004911740720418
0.873663254344826 0.005518014520787
0.883062194865578 0.005996423402775
0.891823441006578 0.006360066108144
0.899987796788291 0.006622015713074
0.907594498592582 0.006794757590498
0.914680636846767 0.006887930733107
0.921281210469366 0.006909553080474
0.927429353564011 0.006867929124181
0.933156257911907 0.006771324484891
0.938491142819422 0.006627699830447
0.943461108518423 0.006444341370271
0.948091070829989 0.006227623739501
0.952404239550221 0.005983473758661
0.956422213217491 0.005717373279646
0.960165030787288 0.005434321334520
0.963651238144464 0.005138824767752
0.966897960489989 0.004834923969804
0.969920943047939 0.004526403646488
0.972734664747231 0.004216676781763
0.975352457579560 0.003908643967696
0.977786580726770 0.003604757355196
0.980048292077835 0.003307081841516
0.982147917108761 0.003017349048842
0.984094914398014 0.002737004726302
0.985897935852051 0.002467245996457
0.987564873653289 0.002209026916618
0.989102925526553 0.001963123628084
0.990518651668111 0.001730183336441
0.991818018142182 0.001510742513733
0.993006436690846 0.001305242847938
0.994088801129739 0.001114045363335
0.995069520436290 0.000937442854143
0.995952548659401 0.000775670775887
0.996741411790767 0.000628916735112
0.997439231741388 0.000497328710287
0.998048747564292 0.000381022126522
0.998572334057790 0.000280085895142
0.999012017873777 0.000194587516885
0.999369491243766 0.000124577334957
0.999646123421990 0.000070092011821
0.999842969930641 0.000031157291397
0.999960779677387 0.000007790096516
1.000000000000000 0.000000000000000
