1.000000000000000 0.000000000000000
0.999961089118557 0.000011679775920
0.999844231234292 0.000046812313123
0.999649049533314 0.000105677002140
0.999374912320207 0.000188738649259
0.999020927420144 0.000296646024808
0.998585934159209 0.000430229450152
0.998068492731592 0.000590497016668
0.997466870694728 0.000778628874726
0.996779026255317 0.000995968843456
0.996002587917059 0.001244012361998
0.995134829950830 0.001524389517408
0.994172643014876 0.001838841527168
0.993112499090237 0.002189188605657
0.991950409697326 0.002577286578821
0.990681876113756 0.003004968898353
0.989301830009122 0.003473969806341
0.987804562534236 0.003985823263587
0.986183659915031 0.004541800487155
0.984432084082601 0.005143358913816
0.982542064930363 0.005791970404239
0.980504933048326 0.006488768995809
0.978310999908184 0.007234384349454
0.975949416309178 0.008028728124545
0.973408003737199 0.008870717962804
0.970673278996415 0.009758550392353
0.967731365780226 0.010692447563511
0.964567496448924 0.011673499264965
0.961165645903022 0.012702878558714
0.957508461130109 0.013781881309715
0.953577198177154 0.014911985650828
0.949351600939685 0.016095135008155
0.944809735296986 0.017334234766626
0.939928045060006 0.018633154765816
0.934681364399172 0.019997026106251
0.929042945082349 0.021432662382337
0.922983822395320 0.022946802305142
0.916472122059614 0.024544096527167
0.909473783209456 0.026229574645779
0.901952699218725 0.028009101679504
0.893870580225767 0.029888573292580
0.885186528497580 0.031871693846714
0.875857646916760 0.033961427519341
0.865839452828775 0.036160217933046
0.855086095358584 0.038468744219581
0.843550864082895 0.040885207841683
0.831187143002190 0.043405710603589
0.817949580833344 0.046024666919505
0.803795509420165 0.048735228188428
0.788686305893419 0.051528151496087
0.772588850711709 0.054389743080874
0.755477440918786 0.057301008176564
0.737336323740627 0.060239206994588
0.718162465917777 0.063180237068060
0.697967644173740 0.066097452959991
0.676780326657348 0.068960433641863
0.654647535342979 0.071735762114381
0.631636278978120 0.074388909602667
0.607834087001897 0.076885351674774
0.583348282401129 0.079187667955482
0.558304456723570 0.081256082648720
0.532844665837871 0.083056643302445
0.507123911038781 0.084563436596697
0.481305335152373 0.085757940405547
0.455555153190420 0.086629034401598
0.430037416079576 0.087167005313283
0.404908966516519 0.087366978346783
0.380315396156318 0.087232611117157
0.356386854007293 0.086776298894828
0.333235277446004 0.086020092410484
0.310952617618669 0.084990546047646
0.289610873745360 0.083710325306700
0.269261766411407 0.082204164644858
0.249938410023446 0.080499153570508
0.231656338219599 0.078624147830729
0.214416262162992 0.076606475454790
0.198205775047912 0.074472744661588
0.183002153087313 0.072246760695742
0.168774751484691 0.069948777090993
0.155486038045272 0.067598666084609
0.143094998107715 0.065212417623993
0.131557187551972 0.062805195512183
0.120826192065950 0.060391205214036
0.110855846015948 0.057981599966594
0.101599516835002 0.055587273834305
0.093011596714631 0.053217430943333
0.085049809563150 0.050876425648102
0.077672809920376 0.048568884515426
0.070840318750625 0.046300070427779
0.064515309208106 0.044072761356226
0.058663143458631 0.041888747676371
0.053250287785694 0.039750906923370
0.048245004287283 0.037662404993938
0.043620035484856 0.035624316654744
0.039350256305600 0.033637368161305
0.035411033452617 0.031703142342265
0.031778631825847 0.029823631785672
0.028432222195553 0.027997965803432
0.025354403530428 0.026221594298832
0.022527807808966 0.024492108110971
0.019935199726393 0.022809040660389
0.017559831623273 0.021173225022560
0.015387570147844 0.019587370045342
0.013408205865784 0.018056361261837
0.011610843921299 0.016584411013973
0.009983843139827 0.015174832010887
0.008515296050765 0.013830184372111
0.007193411900792 0.012552342319740
0.006009948264797 0.011337260360843
0.004961044815022 0.010173952829265
0.004040553650930 0.009055948541478
0.003240281059414 0.007981070158064
0.002550793603889 0.006950204336790
0.001962029879670 0.005966351120781
0.001463761403439 0.005033892055543
0.001048160350513 0.004159882658874
0.000715217097162 0.003357928453151
0.000461290133825 0.002638162165416
0.000277783372826 0.002005786146774
0.000153289693349 0.001462598558650
0.000075255172489 0.001008191763504
0.000031260644424 0.000640885699426
0.000009996484962 0.000358445754023
0.000001989291361 0.000158623532036
0.000000124877145 0.000039549666715
0.000000000000000 0.000000000000000
0.000000120150531 -0.000038668990791
0.000001937514222 -0.000154529392039
0.000009936788911 -0.000347084187406
0.000031977363459 -0.000615311197553
0.000079888453539 -0.000957362390077
0.000170333244600 -0.001370124143997
0.000324088697187 -0.001849181975214
0.000561769705987 -0.002389764763096
0.000903768352787 -0.002986329246874
0.001369005848838 -0.003632375039692
0.001972825830469 -0.004320362149373
0.002724277614611 -0.005041619010172
0.003622628179089 -0.005786241673148
0.004652919605973 -0.006542987099657
0.005794200406289 -0.007300430391045
0.007048912402259 -0.008050192669014
0.008425123535649 -0.008786041754458
0.009931813905114 -0.009504416450507
0.011578961416581 -0.010205686865541
0.013377635785481 -0.010895797426431
0.015340077411855 -0.011588126014883
0.017478649171208 -0.012292820011101
0.019804768740917 -0.013006612498893
0.022329660231813 -0.013724640245348
0.025064072095948 -0.014441521928446
0.028017763777952 -0.015151369065431
0.031198997504347 -0.015847860285318
0.034619238613343 -0.016525368743875
0.038295923667846 -0.017179843694253
0.042248308527802 -0.017808556260929
0.046497302910850 -0.018410786253143
0.051065565871606 -0.018988776378114
0.055977282039632 -0.019544131792854
0.061257758558271 -0.020072074737983
0.066933697908907 -0.020567308964099
0.073033096398381 -0.021025252273001
0.079585248990632 -0.021442303198199
0.086622894759128 -0.021813285393116
0.094181917953436 -0.022132266826675
0.102300204669898 -0.022394621544426
0.111017460946614 -0.022597331379748
0.120375070242403 -0.022734395807700
0.130415677391755 -0.022798087652875
0.141182580576451 -0.022781950303911
0.152719409049959 -0.022680293953580
0.165069902586714 -0.022486839904239
0.178276372119050 -0.022197510528786
0.192378398390397 -0.021809721208111
0.207411466088960 -0.021317374278046
0.223405159450815 -0.020715369935145
0.240381323703143 -0.020000891206663
0.258352158269793 -0.019173188876716
0.277317879527092 -0.018235238863013
0.297264458158950 -0.017189611359932
0.318161634285023 -0.016038905793411
0.339961407225245 -0.014789813323504
0.362597062856532 -0.013454343868060
0.385982618450727 -0.012048220491766
0.410012995242252 -0.010584634972996
0.434565663697807 -0.009077170800005
0.459503374882265 -0.007543472389093
0.484677575930902 -0.006004215096783
0.509932450520583 -0.004479934073916
0.535109606214204 -0.002989808015491
0.560052975625272 -0.001550899945151
0.584613476848633 -0.000176616076430
0.608653425666850 0.001120851360403
0.632050121314181 0.002327754938211
0.654698200682360 0.003433138280249
0.676510947470348 0.004431190722987
0.697420918274103 0.005320180486817
0.717379654484954 0.006100796898334
0.736356567781219 0.006775491198882
0.754337343375111 0.007348649479830
0.771321919710053 0.007823957136857
0.787322344283883 0.008205532728872
0.802360593501701 0.008499345086851
0.816466360763473 0.008712309353894
0.829675223857273 0.008852031674682
0.842026990478112 0.008926529623681
0.853564131589627 0.008943084657201
0.864330552291092 0.008908266436868
0.874370655481728 0.008828726507997
0.883728506817510 0.008710749026382
0.892447077537625 0.008558265366825
0.900567898409903 0.008374540309935
0.908130815771746 0.008163403554988
0.915173749225008 0.007928924096842
0.921732421728210 0.007674369550467
0.927840259264719 0.007401865741045
0.933528622949465 0.007113919883169
0.938826830731930 0.006813323877451
0.943762189766185 0.006502953552422
0.948360017552581 0.006185539649683
0.952643626638105 0.005863355971948
0.956634586085236 0.005538560014081
0.960352851814161 0.005213235610956
0.963816851328374 0.004889339395843
0.967043573002229 0.004568669726888
0.970048653182076 0.004252844886575
0.972846421460960 0.003943215616126
0.975450021819459 0.003640932363422
0.977871538602846 0.003347033358647
0.980122069209837 0.003062443843598
0.982211792549344 0.002787977962051
0.984150033925072 0.002524343971852
0.985945325980102 0.002272151514934
0.987605460008337 0.002031905927397
0.989137527462750 0.001803988643689
0.990547991241775 0.001588724522106
0.991842733402580 0.001386398866861
0.993027093139219 0.001197259014679
0.994105901630793 0.001021516839827
0.995083513821835 0.000859351794334
0.995963837226783 0.000710914204836
0.996750357868100 0.000576328626153
0.997446163466131 0.000455697110399
0.998053964000668 0.000349102293847
0.998576109761121 0.000256610235581
0.999014606995509 0.000178272964895
0.999371131259210 0.000114130710698
0.999647038553331 0.000064213797368
0.999843374330179 0.000028544198953
0.999960880430087 0.000007136748262
1.000000000000000 0.000000000000000
