1.000000000000000 0.000000000000000
0.999961486356791 0.000011530734984
0.999845816287264 0.000046199827792
0.999652601320798 0.000104237797022
0.999381190482720 0.000186028318742
0.999030664936225 0.000292107307586
0.998599830333140 0.000423161349160
0.998087206719238 0.000580025183273
0.997491015786275 0.000763677822851
0.996809165201708 0.000975236754942
0.996039229675692 0.001215949500221
0.995178428340506 0.001487181596327
0.994223597916497 0.001790399806364
0.993171161016509 0.002127149022335
0.992017088792055 0.002499020915629
0.990756856942544 0.002907611859928
0.989385393884969 0.003354466986618
0.987897023747278 0.003841021124454
0.986285481250314 0.004368812147712
0.984543873333876 0.004939523248146
0.982664551555852 0.005554727984762
0.980639022227341 0.006215791656726
0.978457844024190 0.006923752452613
0.976110507948929 0.007679166586457
0.973585352942864 0.008482054778116
0.970869852421268 0.009332817484594
0.967950413385457 0.010231893028597
0.964812089988635 0.011179196990163
0.961438441355389 0.012173934199315
0.957811373774257 0.013214363704931
0.953911217083093 0.014298364209082
0.949717191235840 0.015425324128605
0.945206945305821 0.016594847948466
0.940356391175349 0.017806435295534
0.935139662759035 0.019059547282616
0.929529016303457 0.020354348678651
0.923494745030235 0.021692732736957
0.917005348751168 0.023078118767761
0.910027692383312 0.024516009590468
0.902526612236447 0.026012572606221
0.894463708245373 0.027570135470225
0.885798470164911 0.029190741851658
0.876488794316902 0.030877196904048
0.866490798809218 0.032630422637167
0.855759046278946 0.034448103981664
0.844247651720447 0.036326829520681
0.831911183841097 0.038262852341882
0.818705782676563 0.040253114633899
0.804590473164887 0.042294630778857
0.789528076446167 0.044380515971878
0.773486498386834 0.046496883046488
0.756441388275251 0.048626664529347
0.738378644801760 0.050751826272732
0.719296651669181 0.052853002634223
0.699208316975496 0.054908435050089
0.678143112416333 0.056894081416558
0.656148925326579 0.058784169540485
0.633293189746098 0.060551048624280
0.609663497537191 0.062168227554143
0.585367228465152 0.063613713996550
0.560529870399525 0.064867280749758
0.535292205651529 0.065907428565981
0.509807052863574 0.066719131269852
0.484235037253778 0.067299432365967
0.458739367930279 0.067649507555444
0.433480571676998 0.067771297501239
0.408611841328358 0.067669865045679
0.384274680854943 0.067352699720561
0.360595467343634 0.066828917771099
0.337682850774951 0.066108516069290
0.315625963808814 0.065207439360136
0.294493895988654 0.064146858749075
0.274336316939818 0.062946002357276
0.255184772308479 0.061619880144973
0.237053950927628 0.060185006126156
0.219944116696364 0.058658346182434
0.203842742818206 0.057057546632144
0.188727156716814 0.055398958884941
0.174566440025762 0.053698259837240
0.161323981893413 0.051967986624019
0.148959928981549 0.050214864777072
0.137430998564110 0.048446677614260
0.126691980593792 0.046672029538030
0.116696983430776 0.044899592237280
0.107400108067181 0.043138023449261
0.098757478113199 0.041393200190343
0.090728192105045 0.039667264685946
0.083272166077158 0.037963352099332
0.076350398823077 0.036285107568074
0.069925068722903 0.034634272460693
0.063960233406080 0.033012547682823
0.058422205828894 0.031422473956693
0.053280477120320 0.029866474750655
0.048511800450844 0.028344229114430
0.044094720862279 0.026855499880292
0.040007401369417 0.025401174756952
0.036228140686158 0.023982755812904
0.032732958962233 0.022599629803172
0.029496055627893 0.021248997990958
0.026494750176345 0.019929781041154
0.023709332491467 0.018642311084857
0.021122670478448 0.017387832872684
0.018727850956211 0.016167453397689
0.016530676047972 0.014981641502396
0.014531895270743 0.013831553963284
0.012727076524764 0.012718902673177
0.011108216860757 0.011645717231137
0.009664555538497 0.010614001615627
0.008372651749112 0.009621045929936
0.007201520332424 0.008661216730876
0.006128394562700 0.007732327389605
0.005137546047405 0.006834950354946
0.004218592933718 0.005971573223751
0.003365167795879 0.005145950698481
0.002576436342702 0.004362857397438
0.001879420643782 0.003629948563042
0.001301263060205 0.002954857650086
0.000849055492085 0.002343082761955
0.000516049071074 0.001798466770163
0.000286884276500 0.001323616149238
0.000141666089873 0.000920233259209
0.000059114037647 0.000589377829906
0.000018967166383 0.000331670065196
0.000003783254710 0.000147445031811
0.000000237818416 0.000036865694719
0.000000000000000 0.000000000000000
0.000000233212442 -0.000036441235500
0.000003765905669 -0.000146041357694
0.000019355423711 -0.000329620025552
0.000061783809468 -0.000588286066692
0.000150169774263 -0.000922391126916
0.000306537388295 -0.001330338086151
0.000553834982735 -0.001806946138404
0.000913195725192 -0.002341258094534
0.001400351137035 -0.002913700306422
0.002020993461483 -0.003492450570936
0.002768615757773 -0.004032997651594
0.003646604647403 -0.004504971633627
0.004664665606085 -0.004891507786660
0.005829697880176 -0.005183479112995
0.007144219329282 -0.005383270956550
0.008604383793953 -0.005509681025457
0.010197438865669 -0.005604196960199
0.011906457262082 -0.005719704542874
0.013732823124016 -0.005866273997853
0.015684319661219 -0.006040221609578
0.017771132129774 -0.006234078177938
0.020006543816502 -0.006435276099986
0.022407824804828 -0.006624462922675
0.024996749542929 -0.006774654706571
0.027791272421618 -0.006869319409531
0.030804144691738 -0.006905722409985
0.034048031808246 -0.006884495325263
0.037535338483920 -0.006810621062507
0.041277753045012 -0.006695172418170
0.045286549963954 -0.006554801419472
0.049578963679047 -0.006392877892061
0.054176948577657 -0.006203786990057
0.059104964124092 -0.005980269014283
0.064390343637001 -0.005713029541362
0.070063438453809 -0.005390821192691
0.076154673313745 -0.005006670000408
0.082694731049250 -0.004557994193037
0.089716027830540 -0.004044255771210
0.097252595669631 -0.003467825701981
0.105340770206449 -0.002830620062369
0.114020296461257 -0.002128445416970
0.123333142868308 -0.001356436098630
0.133323122252557 -0.000510082148147
0.144034914409626 0.000413877091536
0.155512976076436 0.001416475499157
0.167801361328670 0.002496364023210
0.180942816518381 0.003650078489943
0.194977689206942 0.004875765723022
0.209942445160146 0.006170705877083
0.225867903184623 0.007529966885681
0.242776966996931 0.008947445280378
0.260682682914726 0.010414888247645
0.279586146742652 0.011921535269521
0.299474279284204 0.013454954836224
0.320317855413740 0.015000189484297
0.342069754607603 0.016539437251614
0.364663797650265 0.018052256187609
0.388014250417453 0.019518063295413
0.412015980903850 0.020921035603220
0.436546228465330 0.022246302813546
0.461467395533341 0.023474328325407
0.486630391260172 0.024584354415067
0.511878520231096 0.025560985883509
0.537052238061832 0.026395015313208
0.561994323216482 0.027079440369685
0.586554667529063 0.027608204698561
0.610594555995929 0.027979614602363
0.633990059493640 0.028198123370667
0.656634732594375 0.028271894943381
0.678441064773765 0.028208455524750
0.699341061040551 0.028015544532296
0.719285944464674 0.027704087964074
0.738244955244542 0.027288489533222
0.756203802255795 0.026783989970463
0.773162455849999 0.026203178632279
0.789132937976878 0.025555567007126
0.804137413017730 0.024851340769485
0.818205971937058 0.024101563664659
0.831374645410971 0.023317613847892
0.843683742872106 0.022510042466473
0.855176197626912 0.021687383820352
0.865896044037818 0.020854254291417
0.875887854903281 0.020014989849710
0.885195984370089 0.019174185759474
0.893863790905104 0.018336031690915
0.901933060706296 0.017503837335258
0.909443904322492 0.016680829921838
0.916434527383998 0.015870111550416
0.922941011050064 0.015074273160552
0.928996710203689 0.014292733678157
0.934632682931481 0.013523983723355
0.939878141150094 0.012767728077851
0.944760425974025 0.012024489190466
0.949305018137499 0.011295283678980
0.953535437442912 0.010581297117226
0.957473236741019 0.009883675662120
0.961138419833549 0.009203637841570
0.964549534756919 0.008542405920731
0.967723734576648 0.007901140847401
0.970676847564677 0.007280902468411
0.973423472014202 0.006682722763316
0.975977195168886 0.006108285830400
0.978350521028697 0.005559202099830
0.980554846880216 0.005036534571959
0.982600557647221 0.004540916347227
0.984497112315737 0.004072649799509
0.986253121942412 0.003631786006652
0.987876420067382 0.003218188575448
0.989374157513647 0.002831678799179
0.990752883739015 0.002472149396859
0.992018508885573 0.002139329889292
0.993176347005709 0.001832804547011
0.994231167147327 0.001552063079224
0.995187237777028 0.001296540337072
0.996048365395870 0.001065647313782
0.996817928061961 0.000858795260750
0.997498904417149 0.000675414368429
0.998093898717103 0.000514968165023
0.998605162281458 0.000376964548993
0.999034611710507 0.000260964181087
0.999383844154775 0.000166586808250
0.999654149871756 0.000093515967432
0.999846522258443 0.000041502415680
0.999961665507719 0.000010366548797
1.000000000000000 0.000000000000000
