1.000000000000000 0.000000000000000
0.999960094598215 0.000013017517939
0.999840256979439 0.000052185663693
0.999640121932183 0.000117851360797
0.999359077511100 0.000210593264292
0.998996260069472 0.000331222280299
0.998550547144927 0.000480781975101
0.998020548030751 0.000660548531359
0.997404591805553 0.000872029775474
0.996700712524811 0.001116962636789
0.995906631195918 0.001397308196606
0.995019734059962 0.001715243230705
0.994037046583979 0.002073146828218
0.992955202421074 0.002473580263640
0.991770406415474 0.002919257783703
0.990478390506149 0.003413005317209
0.989074361104975 0.003957703285838
0.987552936179026 0.004556208640095
0.985908070190603 0.005211251913063
0.984133015521585 0.005925590270075
0.982220303221309 0.006702329244761
0.980161575380422 0.007544481374686
0.977947444911156 0.008454764067869
0.975567338137105 0.009435402932046
0.973009304309769 0.010487872251874
0.970259789465734 0.011612565779519
0.967303940458879 0.012809596096567
0.964126152519098 0.014080111545266
0.960709224812148 0.015424657202309
0.957034049072359 0.016842657878626
0.953079357865398 0.018332011258031
0.948821525528978 0.019888809084628
0.944235884935454 0.021510941471582
0.939296960095874 0.023198882007150
0.933977480097060 0.024953290971517
0.928248375842841 0.026775079527337
0.922078815906184 0.028665879657872
0.915435981890516 0.030630104032181
0.908285391610646 0.032675283821986
0.900591379478610 0.034812551679814
0.892317283640075 0.037057045191169
0.883422821297470 0.039419826502340
0.873864747287513 0.041909206851795
0.863598757446457 0.044535407954420
0.852579639452626 0.047309233907539
0.840760752988733 0.050237609306926
0.828095759667337 0.053326722414859
0.814539870733665 0.056582575471458
0.800050712968393 0.060009405333735
0.784590145901098 0.063610288759855
0.768126096466274 0.067386904885722
0.750634222147190 0.071337884160165
0.732100381014002 0.075459364570473
0.712521870805189 0.079739674934990
0.691909382845006 0.084157462149341
0.670290220867778 0.088686185579936
0.647710609334430 0.093296002480295
0.624236293953373 0.097950923228067
0.599952146885259 0.102603765491410
0.574962475179987 0.107200476870606
0.549390126348910 0.111681433122897
0.523373916504391 0.115982795418063
0.497064958104599 0.120032999687949
0.470623118622840 0.123759333213073
0.444213049321352 0.127088631646002
0.417999026553089 0.129950584438456
0.392140383020586 0.132276886539147
0.366788276142049 0.133990762676472
0.342082114567394 0.135015405018519
0.318150861121450 0.135320029709726
0.295106861200372 0.134909014662114
0.273043942608811 0.133803190424897
0.252034197566510 0.132040178186264
0.232131459035806 0.129670862148743
0.213365867817974 0.126765291945477
0.195745562741466 0.123418056777906
0.179261227138588 0.119717821896126
0.163891848368648 0.115736464948628
0.149603713359746 0.111540721266025
0.136354573053571 0.107194269490813
0.124094901517334 0.102754184203819
0.112773611881518 0.098265372868382
0.102337707757783 0.093764353097247
0.092732235916188 0.089283173560220
0.083904188042560 0.084848437241483
0.075800077974305 0.080482955622595
0.068368246144143 0.076204740170876
0.061561388481024 0.072026003015626
0.055332936562209 0.067957017119125
0.049638485944929 0.064006090178136
0.044440049409790 0.060178078484414
0.039701217545061 0.056476578964422
0.035386044505495 0.052904588954875
0.031460771035420 0.049463725560730
0.027895153330723 0.046153616221883
0.024660119635608 0.042973708422541
0.021727811694205 0.039923394475291
0.019072718296882 0.037001839403782
0.016677178696848 0.034207532241800
0.014525584880044 0.031538697808230
0.012600959607537 0.028993553662619
0.010885757737475 0.026570268975857
0.009362434278055 0.024266942260655
0.008012773791013 0.022081478536258
0.006818347723403 0.020011617158904
0.005762435362561 0.018055139443549
0.004830016994181 0.016209874570582
0.004007629866248 0.014473697778516
0.003283230588993 0.012844533658918
0.002646133557033 0.011320369231836
0.002090909970415 0.009899657179730
0.001617170978328 0.008581314254525
0.001221759713941 0.007363972559435
0.000899105131178 0.006246031914941
0.000642101959955 0.005225762447629
0.000442787036667 0.004301385565958
0.000292856519944 0.003471137686711
0.000184059137328 0.002733320210860
0.000108493183827 0.002086338551546
0.000058829099097 0.001528732455489
0.000028474761668 0.001059199405154
0.000011696897815 0.000676612520154
0.000003709003504 0.000380034074929
0.000000733754920 0.000168725501191
0.000000045902943 0.000042154536022
0.000000000000000 0.000000000000000
0.000000042731582 -0.000040646582081
0.000000686767921 -0.000162776384393
0.000003496715094 -0.000366955547009
0.000011105194622 -0.000654086608137
0.000027243955136 -0.001025338963729
0.000056793219757 -0.001482050831411
0.000105844331507 -0.002025592751484
0.000181777336751 -0.002657186084200
0.000293354057480 -0.003377666609539
0.000450827240607 -0.004187180469530
0.000666066367388 -0.005084796200481
0.000952700642160 -0.006068012308452
0.001326279535175 -0.007132134529051
0.001804451000418 -0.008269490312834
0.002407157087520 -0.009468439853125
0.003156650930974 -0.010712528537820
0.004073017479376 -0.011988471869628
0.005171402871561 -0.013290300217283
0.006463701564271 -0.014613977329952
0.007957010232351 -0.015957954465607
0.009651404310617 -0.017324298113162
0.011537035704302 -0.018720168694479
0.013596582516112 -0.020156740961561
0.015835121923995 -0.021634900757120
0.018268901689068 -0.023150875659502
0.020916227722760 -0.024700913131791
0.023797743850450 -0.026281509193417
0.026936749397796 -0.027889726644429
0.030357057045485 -0.029522806498605
0.034079238460204 -0.031177396258342
0.038123072399834 -0.032851058897183
0.042507246526795 -0.034543140664553
0.047248431292691 -0.036255637066989
0.052367025923363 -0.037989120880405
0.057892545716186 -0.039739020120875
0.063857034624722 -0.041500975155847
0.070294309126399 -0.043271965906493
0.077239951252947 -0.045048928041696
0.084731486675404 -0.046824725579209
0.092807526617185 -0.048591969572257
0.101507089487607 -0.050344404548715
0.110871831316849 -0.052073491628544
0.120946887711204 -0.053766885990121
0.131777726811886 -0.055412466318952
0.143409863265599 -0.056995412855662
0.155889076548229 -0.058492395458471
0.169258942229312 -0.059876876995740
0.183559784808963 -0.061118661379300
0.198827558031113 -0.062182696091832
0.215091032692332 -0.063029782268169
0.232370594378276 -0.063602815760634
0.250675464700077 -0.063828510231836
0.269997254693185 -0.063600280489123
0.290304815979040 -0.062760926549888
0.311542993807813 -0.061160430913898
0.333628032884485 -0.058716152540113
0.356463342777340 -0.055418571921034
0.379967244973544 -0.051427552264330
0.404052554718580 -0.046961193203958
0.428629016102181 -0.042226953603155
0.453592808970265 -0.037425753893579
0.478809602766937 -0.032667080801670
0.504131868959089 -0.028032395290731
0.529402574015294 -0.023568295774064
0.554464032768640 -0.019304971127466
0.579165920840769 -0.015272822800166
0.603369272786080 -0.011499450898628
0.626949570334239 -0.008008006862584
0.649799390964593 -0.004818044443546
0.671829660271048 -0.001940332544569
0.692969683153796 0.000623078488407
0.713167561154514 0.002877723106690
0.732389288004331 0.004835064417641
0.750617026624035 0.006510872076750
0.767847692115039 0.007924526420840
0.784090665082611 0.009096307873728
0.799365524615167 0.010045878927254
0.813700258284929 0.010794208971518
0.827129167488698 0.011362611136354
0.839690808177889 0.011771391632099
0.851426871847063 0.012040210083860
0.862380950629257 0.012187838943572
0.872597266651549 0.012230597370865
0.882119670805465 0.012181261556994
0.890991333270442 0.012052086537066
0.899254238881207 0.011854885092736
0.906948734356917 0.011600538153022
0.914112865398035 0.011296985112932
0.920782564696371 0.010950890240507
0.926991853976672 0.010569042886832
0.932772752278956 0.010158082941076
0.938155241070882 0.009724302761443
0.943167108749786 0.009273259124150
0.947833920913344 0.008809586894935
0.952179477562263 0.008337589419952
0.956225901985103 0.007861244695580
0.959993698671618 0.007384164936530
0.963501825782133 0.006909582701601
0.966767773406597 0.006440367145605
0.969807612885052 0.005979183529557
0.972636112510805 0.005528405307810
0.975266857946948 0.005090008351547
0.977712330707802 0.004665621590448
0.979983983575741 0.004256575799028
0.982092312895031 0.003863946949195
0.984046927070984 0.003488594486946
0.985856610841688 0.003131197172680
0.987529384924290 0.002792300344233
0.989072561751961 0.002472322809223
0.990492796732367 0.002171565512263
0.991796134974968 0.001890233848553
0.992988053903083 0.001628456809919
0.994073501941026 0.001386303225920
0.995056933477454 0.001163795516046
0.995942340310011 0.000960921310313
0.996733279773034 0.000777643244035
0.997432899741647 0.000613907187518
0.998043960693442 0.000469649132064
0.998568854994459 0.000344800919323
0.999009623560087 0.000239294971007
0.999367970024387 0.000153068149610
0.999645272533788 0.000086064857585
0.999842593263178 0.000038239461741
0.999960685734498 0.000009558111155
1.000000000000000 0.000000000000000
