1.000000000000000 0.000000000000000
0.999960779784511 0.000012653015472
0.999843007989823 0.000050745667390
0.999646349974957 0.000114678320473
0.999370243978650 0.000205116659139
0.999013894943174 0.000322989002918
0.998576265587768 0.000469481931532
0.998056064436491 0.000646033560782
0.997451730398148 0.000854323559135
0.996761413370178 0.001096258691613
0.995982950187829 0.001373952305253
0.995113835057329 0.001689695708049
0.994151183387996 0.002045918815136
0.993091687662056 0.002445136709656
0.991931563638385 0.002889877850864
0.990666484759799 0.003382588507664
0.989291502100811 0.003925506537677
0.987800946526092 0.004520495789241
0.986188309150130 0.005168830883477
0.984446253494084 0.005871420001044
0.982566830037530 0.006629692198834
0.980541125023200 0.007444723390680
0.978359045126720 0.008316824021804
0.976009123332991 0.009245230693452
0.973478283003907 0.010227708255069
0.970751571357122 0.011260085659944
0.967813121744664 0.012338564960363
0.964647242270742 0.013462311343893
0.961237083625106 0.014630570272262
0.957564451749278 0.015842351520387
0.953609772279204 0.017096429288466
0.949352072142171 0.018391626453658
0.944768933245010 0.019729292916710
0.939836564269957 0.021113504946712
0.934529954481438 0.022550848966818
0.928823086227636 0.024051396032762
0.922688552509281 0.025627844907668
0.916094740366316 0.027287215125023
0.909007177528693 0.029035115092971
0.901389395920373 0.030878434112389
0.893203015446882 0.032825417278811
0.884407267470241 0.034883071413419
0.874959394053192 0.037057846214615
0.864815335376590 0.039357024149758
0.853930033904158 0.041788083306866
0.842257530001033 0.044356748478669
0.829752208762921 0.047068345952888
0.816369904824009 0.049927819218083
0.802068840469497 0.052938029005969
0.786811322909863 0.056100252707183
0.770565477521012 0.059413704770562
0.753306800524583 0.062873216653457
0.735020591535406 0.066470050717045
0.715703934309513 0.070189774202888
0.695367816215404 0.074011186167874
0.674039580142130 0.077907862270240
0.651764871239518 0.081848557079558
0.628608628206915 0.085796125748580
0.604655145941820 0.089703851868707
0.580008107223958 0.093519169977790
0.554789705374470 0.097185268903394
0.529138034166811 0.100641503522022
0.503203522380226 0.103817216233398
0.477145395158181 0.106642512951446
0.451128052916217 0.109053809898307
0.425315432773328 0.110977119319021
0.399866479153492 0.112315070621558
0.374934383604735 0.113015551560434
0.350662634630267 0.113078759669666
0.327177542871698 0.112518412225099
0.304584775550391 0.111362069473021
0.282968441996202 0.109663216522478
0.262389176304715 0.107491773888971
0.242882392512538 0.104938945235533
0.224462642858340 0.102095628798349
0.207127540570546 0.099035406777759
0.190860665425303 0.095820000434418
0.175636932523390 0.092493622341632
0.161423339304048 0.089089788497134
0.148179583040753 0.085640267148053
0.135860795195070 0.082174402085213
0.124418321606263 0.078718285987810
0.113803304001279 0.075290976818137
0.103966676477211 0.071907210006614
0.094858991117006 0.068580096316667
0.086434216779880 0.065316976512373
0.078647887665507 0.062123134573773
0.071455956258175 0.059004290383263
0.064817848062300 0.055963396446191
0.058696173267573 0.053001275383609
0.053054179309495 0.050119839219245
0.047856797300636 0.047321219299994
0.043074338323895 0.044604855799180
0.038679097037152 0.041969983650431
0.034643512787816 0.039416957192290
0.030940895078780 0.036946637657528
0.027548037163488 0.034558251153132
0.024444094032064 0.032250264033422
0.021608344430852 0.030022157252635
0.019020568985299 0.027874081921364
0.016661838626758 0.025806415117085
0.014519335283898 0.023818121130754
0.012582382298802 0.021907880403801
0.010838649916634 0.020075194656052
0.009274869418813 0.018320115920177
0.007877416984194 0.016643032002321
0.006633184591958 0.015044269654094
0.005531797511263 0.013522946448141
0.004563112924156 0.012078366262002
0.003716455428543 0.010710517453193
0.002983333475994 0.009420850160365
0.002357201202215 0.008211876212557
0.001829881427875 0.007085402809394
0.001392043978024 0.006042586478879
0.001033833423672 0.005084036371729
0.000746003045301 0.004208649766333
0.000519834401950 0.003414510586497
0.000346389986210 0.002700866838121
0.000216883984510 0.002067844973258
0.000123789375473 0.001516653962433
0.000062375871886 0.001050209184057
0.000026428980407 0.000669912955576
0.000008575396943 0.000375636545655
0.000001723624065 0.000166521094566
0.000000108836141 0.000041560985603
0.000000000000000 0.000000000000000
0.000000103299966 -0.000040312554988
0.000001674931603 -0.000161253854127
0.000008666791386 -0.000362761384426
0.000028228866813 -0.000644482526016
0.000071582214548 -0.001005388734000
0.000155297916754 -0.001443208413440
0.000302586083576 -0.001953676828651
0.000534710974060 -0.002530150959487
0.000862112165074 -0.003163030223759
0.001290261719103 -0.003842547392360
0.001825202092347 -0.004564839533631
0.002466094682846 -0.005329861729112
0.003213178292925 -0.006137063842089
0.004074167548194 -0.006982567761943
0.005055567915981 -0.007863053483344
0.006163202942151 -0.008775623440020
0.007405528031495 -0.009716517839225
0.008790651506752 -0.010682489422116
0.010325137115259 -0.011671481675251
0.012014011144762 -0.012682755655013
0.013865699047851 -0.013714374958924
0.015890369368762 -0.014764342227864
0.018097831422384 -0.015831942275139
0.020499723832367 -0.016915313139770
0.023109602320183 -0.018011458841453
0.025941305420989 -0.019118269318003
0.029008601604020 -0.020235098295927
0.032324744287098 -0.021363488871441
0.035902718213099 -0.022506995451677
0.039760385455763 -0.023664473648260
0.043918962241819 -0.024832334026630
0.048401057762957 -0.026007426960364
0.053230582377444 -0.027187481901252
0.058432794077232 -0.028371221211531
0.064035438858558 -0.029555863073486
0.070068259508510 -0.030738487721819
0.076562336889376 -0.031917776377297
0.083549845394045 -0.033094730337094
0.091065868866468 -0.034268473830784
0.099149001808093 -0.035434867019088
0.107839491005590 -0.036590855172505
0.117178867841197 -0.037734751124592
0.127210720393080 -0.038859827933474
0.137979958300656 -0.039955368298800
0.149531492171209 -0.041010019413800
0.161909729697393 -0.042011737653386
0.175157727493558 -0.042947981554005
0.189315378397587 -0.043806603535040
0.204418477082110 -0.044569475472562
0.220497232928753 -0.045209197637730
0.237573555542070 -0.045693947368775
0.255658523807001 -0.045981978493119
0.274750077320749 -0.046023515747873
0.294830666829480 -0.045772298866802
0.315865045768844 -0.045193174308663
0.337798841167141 -0.044254236533851
0.360557907725143 -0.042926152967376
0.384048394996708 -0.041190939209033
0.408159966400756 -0.039063913066534
0.432767009798169 -0.036586355026772
0.457736692418755 -0.033846043296243
0.482928029557686 -0.030951276281890
0.508190869312069 -0.027980294966135
0.533371565580587 -0.024996105609042
0.558317796904457 -0.022052563902105
0.582883503645608 -0.019195189063862
0.606933346527959 -0.016463251965741
0.630346100596721 -0.013888481561574
0.653017111589221 -0.011493809180611
0.674859513539357 -0.009291640827903
0.695805489735525 -0.007288035440848
0.715805900475637 -0.005484378246793
0.734829362988678 -0.003877562617802
0.752860673406863 -0.002461111088326
0.769898780603287 -0.001226726617408
0.785954826720496 -0.000163543921303
0.801049878465366 0.000741611264615
0.815212781641843 0.001503554733187
0.828478465557734 0.002137222760045
0.840886199160322 0.002656670439099
0.852478031006363 0.003073700181694
0.863297599889930 0.003399561977088
0.873389110904643 0.003645175579146
0.882796452180044 0.003820984328204
0.891562532330657 0.003936839761057
0.899728914322334 0.004001688462797
0.907335475020315 0.004023540630822
0.914420159442589 0.004009487571169
0.921018805351022 0.003965696017701
0.927165111787729 0.003897548895444
0.932890638637601 0.003809743615164
0.938224828825706 0.003706354296472
0.943195061303276 0.003590863586431
0.947826712250978 0.003465863474255
0.952143259719531 0.003333400112966
0.956166399229782 0.003195354917767
0.959916147317992 0.003053439259520
0.963410946630218 0.002909190702596
0.966667769153612 0.002763963107466
0.969702149324517 0.002618143407199
0.972528277223936 0.002471109264185
0.975159218393957 0.002322703260787
0.977606996948389 0.002173194008218
0.979882664261368 0.002023136116375
0.981996365060961 0.001873265950194
0.983957400272907 0.001724424809357
0.985774275257160 0.001577464747665
0.987454681903449 0.001432952597481
0.989005634034113 0.001291435843550
0.990433564187751 0.001153596286644
0.991744354191374 0.001020192439896
0.992943364443245 0.000892015430039
0.994035461976591 0.000769856756686
0.995025046962570 0.000654485090610
0.995916077424117 0.000546629915029
0.996712092016246 0.000446970301682
0.997416230789681 0.000356127495191
0.998031253898479 0.000274660277771
0.998559558242631 0.000203062319749
0.999003192056639 0.000141760903968
0.999363867467125 0.000091116555046
0.999642971048687 0.000051423216576
0.999841572408811 0.000022908707742
0.999960430830863 0.000005735261099
1.000000000000000 0.000000000000000
