1.000000000000000 0.000000000000000
0.999958108578538 0.000013166555650
0.999832282823558 0.000052716542901
0.999622067260205 0.000118801247357
0.999326699411021 0.000211673895893
0.998945104734912 0.000331691289410
0.998475889477420 0.000479316101441
0.997917331367406 0.000655119854931
0.997267368075765 0.000859786592386
0.996523583331715 0.001094117256906
0.995683190571221 0.001359034803168
0.994743013970391 0.001655590057848
0.993699466693752 0.001984968348054
0.992548526163540 0.002348496913412
0.991285706131107 0.002747653112033
0.989906025305577 0.003184073421782
0.988403972267949 0.003659563225055
0.986773466371165 0.004176107346270
0.985007814298630 0.004735881284771
0.983099661925740 0.005341263049537
0.981040941101877 0.005994845453188
0.978822810945154 0.006699448657516
0.976435593220183 0.007458132676654
0.973868701352227 0.008274209430940
0.971110562621698 0.009151253797334
0.968148533084066 0.010093112911419
0.964968804776146 0.011103912730044
0.961556304805223 0.012188060548171
0.957894600710606 0.013350288181015
0.953965936325351 0.014596125824710
0.949751121911243 0.015931933626880
0.945229370866105 0.017364777846986
0.940378201162083 0.018902518113909
0.935173182213798 0.020553406433349
0.929587684056863 0.022325681174333
0.923592911972423 0.024228033429856
0.917157812524873 0.026269621235859
0.910249035939765 0.028460189375440
0.902831112107559 0.030810758819623
0.894866358100378 0.033333325723626
0.886314890852022 0.036040699598874
0.877134727234558 0.038946365612710
0.867281750520231 0.042063603047907
0.856710100551698 0.045405544193873
0.845372697686299 0.048985167482204
0.833222038040172 0.052815565431083
0.820211418697367 0.056910893019127
0.806295752799686 0.061285245581529
0.791432735214889 0.065951799323427
0.775583688765718 0.070920039118002
0.758715519412725 0.076195639738278
0.740803082434711 0.081780853077955
0.721832276562685 0.087676574654803
0.701802131648709 0.093880887234101
0.680726923065257 0.100387800638852
0.658638656247341 0.107187842343197
0.635588080417965 0.114265059262025
0.611641234803513 0.121581428562729
0.586881155641663 0.129080892438563
0.561408660450801 0.136692838857063
0.535341008980760 0.144333218313085
0.508807026189347 0.151895020278895
0.481944808207896 0.159253508135575
0.454900534118614 0.166270171704366
0.427823367185794 0.172794306586112
0.400855111488019 0.178630248837010
0.374132186802645 0.183526404647456
0.347787319285412 0.187128538102999
0.321993938462542 0.189203010767002
0.296954681883804 0.189685620045917
0.272853064010366 0.188732551178796
0.249840141682530 0.186537162636289
0.228029991187922 0.183239178022137
0.207482834285274 0.179026685331105
0.188223676389923 0.174098595739172
0.170307825935305 0.168523032845717
0.153744649775966 0.162392435903788
0.138367609900469 0.156082269119861
0.124045103198123 0.149864970749485
0.110939567412222 0.143455883801251
0.099209755003781 0.136543770073323
0.088717727933401 0.129307954081522
0.079165302772085 0.122188926008234
0.070385908515657 0.115398913745210
0.062389661984083 0.108856911413509
0.055181084624434 0.102480396253757
0.048721826403840 0.096252493552324
0.042938900999250 0.090212404813661
0.037762501065346 0.084391192066223
0.033131287678862 0.078807191551468
0.028996360939913 0.073464597379182
0.025312410624906 0.068363165832265
0.022036288246164 0.063500718096033
0.019127858692613 0.058874084432978
0.016550900747596 0.054480430800607
0.014271908222790 0.050315544566311
0.012259907755394 0.046373829656313
0.010486496200349 0.042648723268235
0.008926335923153 0.039133006506233
0.007558996370836 0.035818995318401
0.006365957301998 0.032698841552013
0.005329615628345 0.029764717393901
0.004433451622610 0.027008922157501
0.003662116350133 0.024423962308548
0.003001462113497 0.022002610232119
0.002438550866120 0.019737973253808
0.001961979982546 0.017624074065185
0.001561638522491 0.015655579617586
0.001228193886065 0.013827127129742
0.000953074372071 0.012133407785123
0.000728456116036 0.010569255160457
0.000547237647142 0.009129710179878
0.000403006673870 0.007810067935711
0.000290002505258 0.006605910591888
0.000203076600785 0.005513129694725
0.000137653051119 0.004527940509903
0.000089690272914 0.003646890445818
0.000055644813713 0.002866863181334
0.000032437877033 0.002185079766188
0.000017424969029 0.001599097685542
0.000008368918417 0.001106808661046
0.000003416416332 0.000706435787043
0.000001078151693 0.000396530462385
0.000000212571877 0.000175969467887
0.000000013271633 0.000043952450224
0.000000000000000 0.000000000000000
0.000000013266840 -0.000043948034931
0.000000212522066 -0.000175951769644
0.000001077923969 -0.000396490503415
0.000003415720871 -0.000706364409770
0.000008367240398 -0.001106696464271
0.000017421495094 -0.001598934969335
0.000032431414444 -0.002184856488937
0.000055633700168 -0.002866568933125
0.000089672274707 -0.003646514443342
0.000137625246997 -0.004527471619406
0.000203035248411 -0.005512556491156
0.000289942886674 -0.006605221464535
0.000402922915711 -0.007809251253266
0.000547122510556 -0.009128754531267
0.000728300750306 -0.010568149691952
0.000952868024775 -0.012132142659612
0.001227923561183 -0.013825694140665
0.001561288576116 -0.015653972998458
0.001961531643771 -0.017622291546117
0.002437981668081 -0.019736017429674
0.003000745219866 -0.022000489783958
0.003661222806221 -0.024421685346073
0.004432355983575 -0.027006488035039
0.005328299528892 -0.029762111340064
0.006364413923191 -0.032696027586266
0.007557236388595 -0.035815906907492
0.008924395363175 -0.039129534321029
0.010484446679394 -0.042644699268052
0.012257834692842 -0.046369055410474
0.014269812985275 -0.050309945576971
0.016548639616423 -0.054474156295384
0.019125076151857 -0.058867612762034
0.022032328700037 -0.063494996390818
0.025306399404905 -0.068359479737975
0.028988143493407 -0.073463094239972
0.033122131925554 -0.078805782745864
0.037755760809083 -0.084384513312506
0.042939315157424 -0.090192911998352
0.048728006540399 -0.096222252202832
0.055179884025596 -0.102459927856326
0.062354294213244 -0.108888145841356
0.070315945141098 -0.115482402827219
0.079133455929979 -0.122210430903194
0.088875034780753 -0.129031748463193
0.099610264812132 -0.135898762892503
0.111405807151288 -0.142755501585227
0.124325437952047 -0.149534561979109
0.138430684103112 -0.156155048003100
0.153773251921504 -0.162524870599357
0.170394515357796 -0.168542631845608
0.188319829395791 -0.174095061778203
0.207560776378344 -0.179050814956827
0.228106193126764 -0.183259737136429
0.249919260694607 -0.186544849581844
0.272929417457887 -0.188737392627864
0.297028007941838 -0.189687549377562
0.322065082546446 -0.189199765775084
0.347855581341336 -0.187121321430715
0.374197213346827 -0.183516295935182
0.400917039020808 -0.178618127450022
0.427882241150988 -0.172781118924982
0.454956397810585 -0.166256492946342
0.481997735901161 -0.159239691524574
0.508857087068542 -0.151881311981043
0.535388277007214 -0.144319819646447
0.561453227289817 -0.136679925368152
0.586923107555442 -0.129068551270776
0.611680639934097 -0.121569642717990
0.635625034653043 -0.114253858882230
0.658673335366787 -0.107177476739405
0.680759461187807 -0.100378360838344
0.701832446223536 -0.093871760260580
0.721860226398786 -0.087666950970839
0.740829010905796 -0.081771452322060
0.758740250887105 -0.076188704529861
0.775607790461914 -0.070917002413932
0.791455367075647 -0.065949646540933
0.806314991803447 -0.061277544312224
0.820226046685732 -0.056893455812893
0.833234293122677 -0.052795162870494
0.845387419545106 -0.048976823026213
0.856732849544826 -0.045426582981384
0.867313772388639 -0.042117728509507
0.877172759264795 -0.039023043821855
0.886352846614587 -0.036120483617986
0.894897942764881 -0.033396114404294
0.902853722399980 -0.030848107637363
0.910263177832356 -0.028473475557086
0.917166013878096 -0.026266614154398
0.923598445034507 -0.024218866646933
0.929592637584367 -0.022316776032345
0.935178472922106 -0.020547505933744
0.940383938655495 -0.018899834797497
0.945235157418346 -0.017363936642570
0.949756557959774 -0.015931562233537
0.953970837139913 -0.014595536036265
0.957898935062090 -0.013349282226474
0.961560144125400 -0.012186770492739
0.964972256455341 -0.011102589988639
0.968151677923222 -0.010091930875263
0.971113456793869 -0.009150313545559
0.973871382900671 -0.008273559755944
0.976438087065152 -0.007457785447603
0.978825132723060 -0.006699390538553
0.981043100091753 -0.005995046776701
0.983101663263660 -0.005341684473863
0.985009660637786 -0.004736478730702
0.986775159111450 -0.004176835600228
0.988405512452186 -0.003660378512806
0.989907414258479 -0.003184935190426
0.991286945900470 -0.002748525205909
0.992549619810124 -0.002349348288582
0.993700418466019 -0.001985773437799
0.994743829392212 -0.001656328876268
0.995683876464285 -0.001359692854098
0.996524147789407 -0.001094685299724
0.997267820401373 -0.000860260304069
0.997917681986409 -0.000655499418128
0.998476149831280 -0.000479605740850
0.998945287161848 -0.000331898772917
0.999326817017862 -0.000211810012414
0.999622133788247 -0.000118879269849
0.999832312510531 -0.000052751682364
0.999958116018139 -0.000013175409960
1.000000000000000 0.000000000000000
