1.000000000000000 0.000000000000000
0.999960721629886 0.000008297167011
0.999842798313900 0.000033456104064
0.999645963129593 0.000076270370264
0.999369763413233 0.000138032814931
0.999013548687382 0.000220488872918
0.998576452974426 0.000325766907263
0.998057370665403 0.000456281068280
0.997454924808206 0.000614600456869
0.996767426318402 0.000803276380859
0.995992822181270 0.001024617073560
0.995128637174954 0.001280460895379
0.994172005963763 0.001572854639388
0.993119634258209 0.001904160583852
0.991967667232377 0.002276408782837
0.990711587574549 0.002691048172929
0.989346191423984 0.003148994657284
0.987865976246464 0.003652140773558
0.986264904596878 0.004202695947514
0.984536183893807 0.004802604318314
0.982672160113454 0.005453389081768
0.980664218294520 0.006156080107071
0.978502629844298 0.006910958241852
0.976176352737276 0.007717155815764
0.973672995684930 0.008572727464843
0.970979608298748 0.009476914190270
0.968082191244102 0.010429025129366
0.964965269821200 0.011427492656518
0.961612213614225 0.012470990063854
0.958005310979710 0.013558849725077
0.954125353311666 0.014690112051377
0.949952230435864 0.015866432306271
0.945465363250634 0.017094212154584
0.940643201561392 0.018382778852733
0.935461966295543 0.019741142260850
0.929895654322704 0.021178441318167
0.923916163320595 0.022703983301782
0.917491286464514 0.024319568871417
0.910585892781893 0.026024268888542
0.903164213061668 0.027823696875393
0.895189871800664 0.029729858485215
0.886622806167685 0.031747885867069
0.877418526062993 0.033872010731184
0.867531779047549 0.036099219751915
0.856917476783304 0.038430905228566
0.845526518012131 0.040851423529675
0.833305805739239 0.043322111177315
0.820199505220764 0.045772716790026
0.806158413973328 0.048143674428433
0.791148644078645 0.050425422176732
0.775145752740547 0.052638334309708
0.758131484887253 0.054796318203084
0.740093550620356 0.056886505428613
0.721031373535824 0.058888181805044
0.700960964981900 0.060801304037366
0.679912940383057 0.062604554628236
0.657935154175642 0.064264631473884
0.635097106699721 0.065771741692437
0.611487409530839 0.067109448687501
0.587213286709244 0.068246849526218
0.562400534756010 0.069163073783888
0.537190435597331 0.069841376686604
0.511735933689820 0.070250576827566
0.486197958032003 0.070362549850850
0.460741198243202 0.070137347333268
0.435527977505126 0.069585916839717
0.410712045581347 0.068760349222410
0.386434530144237 0.067697534791753
0.362821323015106 0.066423407412142
0.339980249768810 0.064962674765179
0.317999231335025 0.063346169007588
0.296946764482090 0.061595278765594
0.276869919108106 0.059751313196322
0.257798250278293 0.057842164506298
0.239745344743549 0.055885684893682
0.222710472302152 0.053896969685793
0.206681209011680 0.051884722980820
0.191633941095279 0.049865473318432
0.177536700328957 0.047856744203982
0.164351880162908 0.045871223710092
0.152038945877196 0.043912368501809
0.140554245149694 0.041984992897761
0.129851445594918 0.040100667486991
0.119883948139186 0.038268305713311
0.110605914149156 0.036493368428639
0.101973710663047 0.034774979473184
0.093945537531853 0.033110019406952
0.086480748767301 0.031498494102273
0.079540417518691 0.029941593021418
0.073088571292513 0.028436964894156
0.067091842055402 0.026980383400747
0.061518511729139 0.025569984470604
0.056338603133872 0.024206231677421
0.051524076954103 0.022889655958388
0.047049216261195 0.021619064239480
0.042890230581645 0.020392904053487
0.039025304531115 0.019209651686540
0.035435551005227 0.018065917741891
0.032103283471719 0.016959128305525
0.029011370759689 0.015888128847983
0.026142797065686 0.014853158525086
0.023481746504705 0.013854871585752
0.021014297189284 0.012893596799531
0.018731168013008 0.011966899336385
0.016624177308867 0.011072364862986
0.014684429943618 0.010208950498616
0.012900791094017 0.009375574450546
0.011259857468213 0.008570639945031
0.009750021042917 0.007793852100676
0.008361940549513 0.007045963334009
0.007096657986125 0.006327876743013
0.005960306107600 0.005640709781565
0.004953383186416 0.004986280002541
0.004071820498057 0.004366739897203
0.003299791715297 0.003779413422800
0.002613778144871 0.003218350923095
0.001998380394893 0.002682833864616
0.001445070726748 0.002176196505007
0.000955618013311 0.001704539581492
0.000565105607714 0.001276541560569
0.000292012309826 0.000900610833759
0.000125877789123 0.000583736518350
0.000041245738398 0.000331546607721
0.000008286165943 0.000148361644285
0.000000513298901 0.000037237392842
0.000000000000000 0.000000000000000
0.000000495487137 -0.000036908806913
0.000007802024863 -0.000148318559031
0.000038427541625 -0.000335753289620
0.000116659059862 -0.000599972639727
0.000269539406828 -0.000938204703928
0.000519457466750 -0.001340074231472
0.000873982545131 -0.001782040427569
0.001326836758794 -0.002231447564476
0.001884527152684 -0.002671833031654
0.002553200716539 -0.003098127486327
0.003332484659906 -0.003518945123488
0.004212948860569 -0.003961532628464
0.005189431414725 -0.004444658864695
0.006268063625679 -0.004964145111982
0.007456864280289 -0.005511453693534
0.008765573191851 -0.006073569223662
0.010203630555808 -0.006639506746948
0.011777664463874 -0.007208372760933
0.013493304779346 -0.007783096037839
0.015355053340656 -0.008370562296033
0.017369188044357 -0.008975190712924
0.019545570560682 -0.009594981347859
0.021895066648679 -0.010227426545431
0.024429365438843 -0.010870096980364
0.027160741999598 -0.011521639054332
0.030102092812600 -0.012181796475994
0.033266992826678 -0.012851396107127
0.036670691799054 -0.013530015048449
0.040330368134067 -0.014215562957844
0.044264510322723 -0.014906106907306
0.048493187447061 -0.015599336464764
0.053038163769674 -0.016292493122842
0.057922821622039 -0.016982576439116
0.063172967068801 -0.017661737914630
0.068816790603347 -0.018317515425011
0.074884296661825 -0.018937001628870
0.081406723201531 -0.019511752891284
0.088416880279731 -0.020035300691452
0.095949605732319 -0.020508281188718
0.104041417689712 -0.020938189755480
0.112731238236875 -0.021330348212185
0.122060165101932 -0.021688414698485
0.132070862896526 -0.022014728501678
0.142807142658370 -0.022309728848257
0.154313314418075 -0.022569581303222
0.166633354397042 -0.022787522571083
0.179809702339343 -0.022965185771195
0.193882105672673 -0.023106398267890
0.208886378071382 -0.023204314544748
0.224852461555283 -0.023253683816458
0.241802462071297 -0.023254079527533
0.259748668260284 -0.023205901588554
0.278691248793696 -0.023101692871029
0.298616110159849 -0.022932538400192
0.319493027769640 -0.022706365348343
0.341273768222747 -0.022417399752258
0.363890901326986 -0.022051377163024
0.387257742481426 -0.021607021291812
0.411268890088878 -0.021094444751367
0.435800735975700 -0.020488107300238
0.460715460978176 -0.019795621567750
0.485863208278018 -0.019005746241286
0.511086499704460 -0.018099897951817
0.536225615206457 -0.017069789836990
0.561120522131136 -0.015859368906839
0.585615056919904 -0.014376088560570
0.609572625439467 -0.012692801565896
0.632878488511913 -0.010948208461696
0.655434027455196 -0.009240290186788
0.677156457170081 -0.007621927494795
0.697980068813367 -0.006114266605308
0.717856835604668 -0.004717868251708
0.736761652200610 -0.003520921902737
0.754678217255394 -0.002487803582234
0.771597302684054 -0.001462629125421
0.787537329593171 -0.000552765751093
0.802524463732858 0.000172193001704
0.816584492879965 0.000782335170560
0.829751728186883 0.001302119551507
0.842066309945187 0.001728087710121
0.853570302091322 0.002072166326923
0.864307082832936 0.002348700248334
0.874320773262575 0.002563619996645
0.883655215994232 0.002721459117349
0.892353185502795 0.002830114041618
0.900456022775268 0.002897981007092
0.908003369024296 0.002931657115599
0.915032935147515 0.002936286298571
0.921580352565794 0.002916438388091
0.927679090443661 0.002876052579000
0.933360470927737 0.002818626904108
0.938653713438305 0.002747774495837
0.943585998676213 0.002667673850644
0.948182526562455 0.002581750614853
0.952466606858398 0.002492369900337
0.956459761076413 0.002400661160888
0.960181835066118 0.002307505102683
0.963651101422143 0.002213578124834
0.966884324446727 0.002118509300907
0.969896907646658 0.002021800038244
0.972703018775711 0.001923376654034
0.975315670790660 0.001823390309043
0.977746792902103 0.001721972715447
0.980007330562983 0.001619447457728
0.982107321572726 0.001516317294994
0.984055939304856 0.001413011196641
0.985861480785246 0.001309231540477
0.987531539382266 0.001204875253656
0.989073087110554 0.001100256318163
0.990492508980333 0.000995976761398
0.991795645416830 0.000892927119633
0.992987820324120 0.000792172673700
0.994073856370727 0.000694740383257
0.995058104297446 0.000601593251228
0.995944461342952 0.000513563256618
0.996736251959419 0.000430441032101
0.997436383984577 0.000351811737698
0.998047538078713 0.000278116973577
0.998572138483016 0.000210361587977
0.999012325553548 0.000149846831160
0.999369935697501 0.000097964254034
0.999646486938154 0.000056038479305
0.999843168743321 0.000025209662139
0.999960835087658 0.000006348683953
1.000000000000000 0.000000000000000
