1.000000000000000 0.000000000000000
0.999966015640558 0.000022297654752
0.999863829538969 0.000089122166646
0.999692741199329 0.000200264103178
0.999451578396672 0.000355360676831
0.999138690158320 0.000553874619108
0.998751937104139 0.000795063530598
0.998288679332108 0.001077938582103
0.997745762118721 0.001401211044297
0.997119499812037 0.001763224664109
0.996405658436878 0.002161871365713
0.995599437717784 0.002594487109700
0.994695453468915 0.003057723967969
0.993687721618373 0.003547393530148
0.992569645548755 0.004058275608302
0.991334008973547 0.004583884799005
0.989972977265280 0.005116185731790
0.988478111050368 0.005645245701966
0.986840516047058 0.006159772268237
0.985051642488401 0.006652614076822
0.983103325568672 0.007119755226591
0.980987896466066 0.007559392072564
0.978698609798572 0.007972933739215
0.976229757736999 0.008365659371280
0.973572339765809 0.008741057253275
0.970714270454532 0.009101937694502
0.967642638234810 0.009454755585104
0.964343771299031 0.009811038016259
0.960803028874648 0.010185502955745
0.957004095142374 0.010587403520522
0.952929409696137 0.011027191308628
0.948560326186681 0.011519364187573
0.943876877227331 0.012081402393415
0.938856286863816 0.012722702115003
0.933473388266099 0.013448616756177
0.927700911571259 0.014263358845506
0.921509356729713 0.015170298769527
0.914866890190662 0.016173662328730
0.907739191829748 0.017276397148983
0.900089378781256 0.018479290075333
0.891878457118778 0.019784055080948
0.883065309929759 0.021192407424174
0.873606590331995 0.022703699034996
0.863457564056558 0.024318044771270
0.852572510813659 0.026035876108542
0.840905052034833 0.027856003760302
0.828409541115519 0.029778981674994
0.815041820221745 0.031805306047837
0.800760449092336 0.033935158510750
0.785528313883198 0.036168885708111
0.769314194685230 0.038505536081843
0.752094622512996 0.040941894204985
0.733856079936429 0.043472481852282
0.714597141809472 0.046088554946750
0.694330830784856 0.048778780812029
0.673086758054918 0.051529644011537
0.650913016767579 0.054326932162681
0.627877479365756 0.057156903151882
0.604068039313896 0.060005369802234
0.579591778717158 0.062854931860934
0.554572646306547 0.065678138711516
0.529149030961511 0.068437556182724
0.503470485160337 0.071087317679545
0.477694094277759 0.073577588137596
0.451980327311055 0.075860742269108
0.426488320543712 0.077894784324020
0.401371206844589 0.079645212691729
0.376771766094480 0.081088239999987
0.352818584209876 0.082209772434912
0.329623121962812 0.083000898013597
0.307278071695951 0.083458716012342
0.285856647723513 0.083585772002051
0.265413168057367 0.083386255657497
0.245983747288371 0.082869950880690
0.227588076428403 0.082051863550773
0.210231248395703 0.080951431252424
0.193905379616004 0.079592367582082
0.178591572540645 0.078005893245280
0.164261517177279 0.076226522280309
0.150880182574307 0.074286802831751
0.138407144375164 0.072217149929458
0.126800436844043 0.070038192384569
0.116016246302279 0.067766401051774
0.106010925302837 0.065414904612310
0.096742360355864 0.062992400864179
0.088167443100863 0.060510158670455
0.080247411773154 0.057975595778649
0.072943206255558 0.055397943379296
0.066215900085075 0.052789586202913
0.060029678369740 0.050164510253551
0.054348307245768 0.047537015460440
0.049135145713998 0.044922804672466
0.044353403712383 0.042341840136396
0.039968015888850 0.039811205935810
0.035946135267980 0.037344167193726
0.032256488665121 0.034951535018541
0.028869815819061 0.032641837817500
0.025759613998829 0.030421060954661
0.022902039099366 0.028293058562665
0.020277675490479 0.026258237083007
0.017870307805780 0.024314798291654
0.015664326764540 0.022461126409828
0.013644813807588 0.020695784155912
0.011798668550819 0.019016378017764
0.010118918447668 0.017415010394751
0.008598892362255 0.015884472290470
0.007230145612131 0.014420434261337
0.006003163823427 0.013020673964921
0.004908347076629 0.011684435157347
0.003943793326010 0.010411230519055
0.003110552062020 0.009201005979557
0.002404482733881 0.008054724106889
0.001817641743533 0.006974047459498
0.001339621205345 0.005961072557445
0.000958575746192 0.005018130537009
0.000662217440190 0.004148506629586
0.000438662302337 0.003357367061233
0.000276059505781 0.002648327679296
0.000162902866174 0.002023306752380
0.000088413546418 0.001483043211156
0.000042826489089 0.001027504602217
0.000017602624889 0.000656205669361
0.000005583988907 0.000368454002186
0.000001104898725 0.000163535513602
0.000000069092257 0.000040849444788
0.000000000000000 0.000000000000000
0.000000067145586 -0.000040293839845
0.000001074298372 -0.000161325377709
0.000005437927175 -0.000363523111846
0.000017182737683 -0.000647528205991
0.000041935856018 -0.001014080929979
0.000086915171713 -0.001463853358921
0.000160908067615 -0.001997219538744
0.000274235300678 -0.002613951109069
0.000438693015319 -0.003312822580482
0.000667463663879 -0.004091105906690
0.000974983847121 -0.004943928448507
0.001376558802465 -0.005864426571825
0.001887259065059 -0.006846856095864
0.002521573678304 -0.007885178970453
0.003292752740957 -0.008972186996195
0.004211754967135 -0.010099294216679
0.005285869437406 -0.011256292687884
0.006518659752992 -0.012431819375508
0.007919090519157 -0.013617983654303
0.009498025055281 -0.014809757177568
0.011263937243785 -0.016004329422051
0.013221638982786 -0.017202166625650
0.015373314652789 -0.018406410679656
0.017729133265047 -0.019615223648071
0.020301905591721 -0.020826051794470
0.023103493284733 -0.022038685273523
0.026144422110329 -0.023255868573427
0.029438662482629 -0.024477422342481
0.033004050373501 -0.025699895299357
0.036858855864395 -0.026921116392609
0.041021616792775 -0.028140545317782
0.045513960182701 -0.029354627270057
0.050360145474118 -0.030557668880150
0.055585392774260 -0.031744761557883
0.061216433228444 -0.032911623940106
0.067282814773084 -0.034053817851428
0.073815400508348 -0.035168829794616
0.080846351950663 -0.036256525358035
0.088410994979785 -0.037316952280657
0.096546263589323 -0.038353644376331
0.105290509045909 -0.039373305804601
0.114684945476828 -0.040380574379702
0.124771828288627 -0.041383993848637
0.135594557602404 -0.042392401342443
0.147197370280002 -0.043413594612792
0.159623859994850 -0.044457810870138
0.172916696887761 -0.045531562434786
0.187115915485869 -0.046640961974340
0.202258268519786 -0.047780812760282
0.218375283310022 -0.048936030251593
0.235491984436871 -0.050067542198133
0.253624233763223 -0.051115808671648
0.272774419775577 -0.052008780030307
0.292928980621085 -0.052677767559572
0.314054462009356 -0.053100365670522
0.336098731043409 -0.053279944855935
0.358991173525091 -0.053242324928326
0.382642438630206 -0.053007528348324
0.406944565331973 -0.052588905383660
0.431772120650051 -0.051990873754855
0.456984504713947 -0.051213419900269
0.482429591617688 -0.050257982263957
0.507948318254473 -0.049135874756099
0.533379756164773 -0.047868344832137
0.558565984065172 -0.046482222476256
0.583356622083485 -0.045003156224068
0.607612502865606 -0.043447790254282
0.631209151056461 -0.041825002463017
0.654039307709534 -0.040138185547477
0.676015148551967 -0.038394946107858
0.697069005303050 -0.036609151460970
0.717153517701452 -0.034804333220054
0.736239911241279 -0.033006463888127
0.754316037161024 -0.031239540178530
0.771383972135238 -0.029523262462994
0.787457781205110 -0.027872827292183
0.802561145383297 -0.026298601258943
0.816725134774952 -0.024805410693564
0.829986456901901 -0.023394982874366
0.842385656183622 -0.022065559481749
0.853965799971813 -0.020813737197519
0.864771351961433 -0.019635817175662
0.874847138172086 -0.018527762085012
0.884237609262558 -0.017485734839217
0.892986340733004 -0.016507094208811
0.901135513519742 -0.015589939377762
0.908725444779791 -0.014731981025330
0.915794604523466 -0.013932802422258
0.922379434701926 -0.013193291252617
0.928514003766021 -0.012512769356596
0.934230158473240 -0.011890325268045
0.939557828033422 -0.011327099463552
0.944524677571870 -0.010822870046078
0.949156155795989 -0.010375769673415
0.953475357007917 -0.009981692946489
0.957503043543215 -0.009634205920251
0.961258470015537 -0.009327440922851
0.964759520336243 -0.009056318451569
0.968022582039644 -0.008811387972527
0.971062295246528 -0.008570016051959
0.973892286159990 -0.008314628698866
0.976525318922406 -0.008034880573705
0.978973186448449 -0.007725600345756
0.981243505399858 -0.007381585395948
0.983340797367375 -0.006997698219644
0.985271142641001 -0.006573363736397
0.987041825647478 -0.006111473713753
0.988660837887180 -0.005617309517128
0.990136930269845 -0.005100512029321
0.991479439337018 -0.004575146596848
0.992697135966492 -0.004053041723582
0.993798099804871 -0.003543592538491
0.994789724793606 -0.003054232178949
0.995678733142226 -0.002590814993735
0.996471194687749 -0.002157928044182
0.997172549327963 -0.001759144201257
0.997787630791913 -0.001397227568526
0.998320690452106 -0.001074299883496
0.998775420219443 -0.000791974864393
0.999154973817368 -0.000551466096803
0.999461985924462 -0.000353672930955
0.999698588819232 -0.000199247934109
0.999866426268420 -0.000088648671276
0.999966664479876 -0.000022175936772
1.000000000000000 0.000000000000000
