1.000000000000000 0.000000000000000
0.999963462328688 0.000019582509362
0.999853622951419 0.000078170205089
0.999669802439890 0.000175285216404
0.999410867357262 0.000310136703372
0.999075228927784 0.000481629950967
0.998660841699002 0.000688380494428
0.998165202760530 0.000928734764124
0.997585352303179 0.001200799304296
0.996917876570346 0.001502481302398
0.996158914586177 0.001831544002659
0.995304170461718 0.002185681615704
0.994348933605373 0.002562619633622
0.993288109828048 0.002960248089124
0.992116267174614 0.003376797349263
0.990827701380022 0.003811068622847
0.989416527201485 0.004262734630561
0.987876803594504 0.004732730019906
0.986202702877561 0.005223756333452
0.984388736790672 0.005740932948927
0.982430040728672 0.006292598131038
0.980320929494216 0.006887051117344
0.978052477259259 0.007527010364065
0.975614457479660 0.008214363384560
0.972995528160168 0.008950800573248
0.970183087577959 0.009737693223215
0.967163104033196 0.010575933193743
0.963919914078317 0.011465723460804
0.960435999551191 0.012406344802195
0.956692827185475 0.013398351520671
0.952671840751058 0.014446140329179
0.948353345365404 0.015555782985269
0.943716411590602 0.016735197899285
0.938738944714241 0.017994730487137
0.933397813145821 0.019347904828942
0.927668438303835 0.020810470088595
0.921522016312820 0.022392021654857
0.914926524578848 0.024099345852326
0.907847335804870 0.025938440845382
0.900247062408480 0.027914000954810
0.892085515113495 0.030029098798217
0.883321722868067 0.032291560609892
0.873914797256334 0.034716142425901
0.863823090430639 0.037320575717080
0.853004817991900 0.040126068437568
0.841418940050021 0.043158112187978
0.829026269805313 0.046447403420525
0.815790887726844 0.050031022077835
0.801681807473043 0.053953626732623
0.786665884256716 0.058235078713526
0.770692162788443 0.062805235675527
0.753704170734981 0.067541907144323
0.735648668178439 0.072295501657695
0.716524554642499 0.077066586848063
0.696374639711516 0.081965737164860
0.675262779918161 0.087114638809029
0.653214814729899 0.092383750539433
0.630234322542309 0.097454882686104
0.606348131237157 0.102011156656407
0.581672968409675 0.106009757281351
0.556371532582407 0.109513266889947
0.530611993038567 0.112548778719643
0.504552016102160 0.115067221124065
0.478357414411189 0.117019053290440
0.452206056873263 0.118337988687700
0.426277317790857 0.118962908814000
0.400741486222482 0.118907820298030
0.375753883891794 0.118286643396282
0.351453212419287 0.117208754042735
0.327962515988631 0.115683889566060
0.305383898047121 0.113692205850426
0.283794516922981 0.111256249326316
0.263246016212869 0.108464674760084
0.243768746204652 0.105408238437558
0.225376428725120 0.102155568620166
0.208069009368424 0.098750576096712
0.191831619699271 0.095234343877790
0.176635901353300 0.091649625611050
0.162442187252490 0.088041720995773
0.149204980295758 0.084449415172826
0.136876836288547 0.080901151302688
0.125419151007372 0.077396701689516
0.114792792915683 0.073930017372528
0.104953593729272 0.070501452338559
0.095852890542171 0.067118926840446
0.087431275647474 0.063812428707189
0.079630194521249 0.060611828973742
0.072397096425100 0.057537451004863
0.065684796943636 0.054602131643902
0.059459530397914 0.051799590008783
0.053705977871530 0.049097235991072
0.048405263074427 0.046470537511709
0.043534128766437 0.043904533981129
0.039066810269989 0.041391071545952
0.034975537255114 0.038928109437963
0.031226088473530 0.036526806017026
0.027784605904868 0.034200653025912
0.024621450792000 0.031959267909018
0.021710632690971 0.029809191773878
0.019029301217023 0.027754568936840
0.016557361328207 0.025797653568338
0.014285524225605 0.023932313894219
0.012220155273998 0.022140131336256
0.010362255292658 0.020407768924067
0.008706794611230 0.018727553522928
0.007244604661894 0.017095933122206
0.005963808662656 0.015512299867276
0.004850895663066 0.013978096778132
0.003891600506219 0.012496297162356
0.003073692171435 0.011075061121875
0.002386496773682 0.009725654967445
0.001818050731615 0.008456223101658
0.001355639583256 0.007272213074903
0.000986353471772 0.006177022104448
0.000697498046106 0.005172511832279
0.000476894502382 0.004259417691201
0.000313095173441 0.003437673957729
0.000195535317217 0.002706671336190
0.000114637226195 0.002065460524712
0.000061879216836 0.001512912487752
0.000029839251233 0.001047843963541
0.000012220728871 0.000669114957591
0.000003866233193 0.000375703526442
0.000000763621591 0.000166761967033
0.000000047724361 0.000041657537867
0.000000000000000 0.000000000000000
0.000000045786482 -0.000040784312094
0.000000735189498 -0.000163302446904
0.000003743819795 -0.000368045798261
0.000011929986823 -0.000655819084586
0.000029433610701 -0.001027716989055
0.000061692430170 -0.001485024334553
0.000115354762021 -0.002029024437705
0.000198369934853 -0.002660853206778
0.000320040133755 -0.003381279781423
0.000491066288567 -0.004190419632101
0.000723592220683 -0.005087368619934
0.001031242804997 -0.006069738700696
0.001429150503929 -0.007133070966585
0.001933962810535 -0.008270095520781
0.002563820776890 -0.009469799956752
0.003338295748405 -0.010716258571087
0.004278267478052 -0.011987162379434
0.005404942378297 -0.013256268564853
0.006736063763987 -0.014510251786300
0.008286057745474 -0.015742482749294
0.010065221347021 -0.016950283968763
0.012077666539115 -0.018136716532873
0.014318620020198 -0.019312925223008
0.016770895380402 -0.020501201194404
0.019407770745341 -0.021732705288813
0.022230862322475 -0.023015891298891
0.025256740216627 -0.024347956480915
0.028505166215977 -0.025725001031246
0.031999843221688 -0.027141787317693
0.035769383545241 -0.028591431765213
0.039848290330774 -0.030065155193213
0.044269172756464 -0.031556535795801
0.049056720016313 -0.033064990355426
0.054234845032996 -0.034592770962372
0.059826440231507 -0.036145879301199
0.065852222350437 -0.037735693503577
0.072331267553654 -0.039378252177143
0.079294499444744 -0.041075770452370
0.086781380230877 -0.042821102232353
0.094834947747498 -0.044604410060920
0.103502087324430 -0.046412601520010
0.112832065662333 -0.048231552490062
0.122870202670125 -0.050056230845738
0.133660050210795 -0.051886744252652
0.145243477278561 -0.053727715820763
0.157660470020448 -0.055586089611203
0.170954845923844 -0.057450445583623
0.185170355135988 -0.059298559370416
0.200347073030356 -0.061103360895343
0.216518503878791 -0.062836855016824
0.233708151154244 -0.064475262381951
0.251928426662358 -0.065994966602579
0.271178843237717 -0.067363675257957
0.291444885282164 -0.068518205708447
0.312694900243027 -0.069380385156970
0.334877794823936 -0.069893186560789
0.357921409176889 -0.070075814059515
0.381732428011255 -0.069974106451240
0.406196452099922 -0.069565024506142
0.431179553988208 -0.068729988493322
0.456532249719478 -0.067361967962080
0.482096107780653 -0.065487901543446
0.507706892774949 -0.063198367493761
0.533200051025849 -0.060560560842879
0.558416894924137 -0.057589955596000
0.583204095075306 -0.054293795967216
0.607392475168842 -0.050588329629552
0.630818291643608 -0.046360097784199
0.653367128655099 -0.041633404586683
0.675020664327487 -0.036774247922451
0.695782046858311 -0.032147302824663
0.715633318618191 -0.027913739429010
0.734518074177080 -0.023950860659580
0.752396905417157 -0.020136071548834
0.769264409642357 -0.016440961001818
0.785159596718524 -0.012993393465321
0.800127504565025 -0.009900479538816
0.814211152841927 -0.007221371057126
0.827440620613558 -0.004935639531592
0.839843466798634 -0.002991291408210
0.851452541699627 -0.001341719567339
0.862304560654000 0.000054012296900
0.872439575699248 0.001230743111268
0.881898674868527 0.002218705965824
0.890722563494728 0.003044452389417
0.898950997777912 0.003731101834113
0.906622066659006 0.004292484258948
0.913771840558207 0.004732221515967
0.920434791662432 0.005056396071013
0.926643667861057 0.005273523073570
0.932429379171549 0.005393492354704
0.937820946250473 0.005428568450307
0.942845493578280 0.005399085071192
0.947528288592115 0.005323855149872
0.951892801274373 0.005217308453931
0.955960778236864 0.005090436650405
0.959752327873975 0.004951544099606
0.963285998631459 0.004806625778487
0.966578584699714 0.004655118557222
0.969645351179057 0.004492412621032
0.972500489872930 0.004316087022268
0.975157170683539 0.004125523153879
0.977627582651850 0.003921367989483
0.979922980693334 0.003705129271453
0.982053735366705 0.003478872462794
0.984029347272056 0.003244943297339
0.985857956336267 0.003005021288595
0.987546770972896 0.002760549324949
0.989102692394031 0.002513482727093
0.990532273649936 0.002266107327760
0.991841678077665 0.002020880305256
0.993036653637086 0.001780312728572
0.994122518996909 0.001546884040143
0.995104158158044 0.001322980853713
0.995986021125607 0.001110854130202
0.996772128706917 0.000912590114074
0.997466079954675 0.000730091445226
0.998071061118862 0.000565065668932
0.998589855238823 0.000419018997756
0.999024851715071 0.000293253673036
0.999378055361719 0.000188867659902
0.999651094565544 0.000106755712799
0.999845228274772 0.000047611087265
0.999961351616317 0.000011927363453
1.000000000000000 0.000000000000000
