1.000000000000000 0.000000000000000
0.999961868882757 0.000014945342751
0.999847288619894 0.000059706662237
0.999655701519281 0.000134070740913
0.999386188452286 0.000237719191906
0.999037485174822 0.000370286098671
0.998608006784975 0.000531443172212
0.998095882022875 0.000721017148845
0.997498999750658 0.000939145889076
0.996815070701536 0.001186481694189
0.996041708495443 0.001464452834227
0.995176496900596 0.001775495706682
0.994216474846635 0.002121743368635
0.993157931594330 0.002504548725444
0.991996658476161 0.002925233076297
0.990727905273657 0.003385057187328
0.989346345915291 0.003885227199293
0.987846316183408 0.004427634073622
0.986221788153543 0.005014905386111
0.984466224832779 0.005650151486872
0.982572561063441 0.006337060605718
0.980532944487465 0.007079352419774
0.978338186621336 0.007879454552726
0.975977966077219 0.008739250112173
0.973440753917485 0.009660082420596
0.970713887130440 0.010643182583848
0.967784341938564 0.011692029942441
0.964638233636252 0.012811243900401
0.961260555092166 0.014006145563446
0.957635007351708 0.015282603137601
0.953743716306721 0.016646595597605
0.949567308501100 0.018104720564014
0.945084844200044 0.019664336218995
0.940273541385050 0.021333141501933
0.935108714891378 0.023119329281554
0.929563693282244 0.025031630384751
0.923608362693815 0.027075188166655
0.917208677192029 0.029250292912353
0.910327617644084 0.031555395821144
0.902929589774308 0.034000327211857
0.894980020216391 0.036604892378025
0.886439714519953 0.039381002994835
0.877256118867212 0.042304658815261
0.867370245918829 0.045335827584065
0.856728955959165 0.048451765346299
0.845282236858616 0.051637036571164
0.832981583303275 0.054879652135648
0.819780722106485 0.058168434157477
0.805631200751271 0.061465600068990
0.790486906644751 0.064719848940494
0.774320597958899 0.067937203768620
0.757114376261882 0.071123173451727
0.738846272341609 0.074206914501719
0.719516513193365 0.077174719582612
0.699146641936431 0.080041840056741
0.677756312990881 0.082684720759450
0.655401791253536 0.085132615691320
0.632165143722627 0.087449986784801
0.608123429390962 0.089473492382411
0.583397709121221 0.091318721193919
0.558116696964339 0.092933591868135
0.532417032841930 0.094204384561522
0.506465246970255 0.095290319326489
0.480419404071033 0.095992429791758
0.454448135669828 0.096450227602427
0.428719078438845 0.096627765153761
0.403386541853984 0.096392505268990
0.378594430371714 0.096050832857397
0.354480954621108 0.095289669450522
0.331149677181604 0.094267487206775
0.308692967629912 0.093105214448827
0.287197671356836 0.091531399201144
0.266693160239224 0.089861564875871
0.247224463891088 0.088034803180585
0.228822440475978 0.085890626551911
0.211453465513556 0.083745242782366
0.195122566704946 0.081523453248005
0.179832298666122 0.079052263172366
0.165508809040405 0.076603197737276
0.152112601770553 0.074230205197780
0.139651138581794 0.071693524636911
0.128064257142103 0.069060331057834
0.117259389906378 0.066551102746632
0.107216172808618 0.064090907380649
0.097937422781339 0.061503588150956
0.089355227176622 0.058859682857672
0.081372703637139 0.056336324372690
0.073957128214777 0.053929505745727
0.067131026537022 0.051481099620156
0.060880447266623 0.048926319404311
0.055112285936574 0.046397241843128
0.049738626753151 0.044021046478651
0.044740351403190 0.041788711559946
0.040157476527074 0.039575665391425
0.036007332957272 0.037299579590752
0.032235579432996 0.035001049810178
0.028749689062414 0.032788105019247
0.025481791109548 0.030733347476718
0.022430923667922 0.028821742454387
0.019657148071855 0.026959375485925
0.017197611224207 0.025079836755412
0.015049705015056 0.023162442174490
0.013130153293793 0.021274304049410
0.011359962906373 0.019480799043879
0.009684685401383 0.017823878619547
0.008088744445113 0.016312734514694
0.006633651219878 0.014896250303141
0.005371019466769 0.013528990769533
0.004326874102724 0.012183589406262
0.003498284807527 0.010852391380649
0.002836672819133 0.009557394735600
0.002296144106429 0.008320195168226
0.001843333023657 0.007155701121717
0.001454540754511 0.006073721138308
0.001113462543197 0.005080223993771
0.000813960316618 0.004178097048988
0.000564491337180 0.003367628930571
0.000368796720658 0.002648090796754
0.000224379591819 0.002018261594635
0.000124838343381 0.001476654598807
0.000061685192422 0.001021694313647
0.000025752330777 0.000651853508763
0.000008265806028 0.000365758052975
0.000001649141381 0.000162265486964
0.000000103683756 0.000040521841928
0.000000000000000 0.000000000000000
0.000000099946018 -0.000039681042935
0.000001614084765 -0.000158836081106
0.000008297837202 -0.000357792964614
0.000026790381642 -0.000637071425277
0.000067202880157 -0.000997341541397
0.000143969951500 -0.001439349119846
0.000275714124325 -0.001961867968957
0.000483497318107 -0.002556654662479
0.000791619065206 -0.003206545110131
0.001227802313362 -0.003881870270357
0.001816905596347 -0.004550480870130
0.002564811627688 -0.005209671866420
0.003459356891342 -0.005875921161167
0.004464966213158 -0.006587362271892
0.005538183856206 -0.007388067385485
0.006684969083638 -0.008271560069175
0.007931099203935 -0.009208567744368
0.009316165905416 -0.010151561752760
0.010892892739495 -0.011036282780208
0.012681274666504 -0.011849752744873
0.014668860767100 -0.012630699297712
0.016827215357066 -0.013446444797691
0.019116595440326 -0.014383932881026
0.021542747049520 -0.015445887447051
0.024141928702804 -0.016576977800035
0.026965351586790 -0.017690730783270
0.030064567115007 -0.018704793334711
0.033446375444491 -0.019648373253057
0.037098702958424 -0.020602356107692
0.040999309315930 -0.021678028319946
0.045160351942276 -0.022891123112104
0.049626029171547 -0.024167587499210
0.054452953852939 -0.025398798754509
0.059677794760961 -0.026554678335354
0.065306599453518 -0.027722005772107
0.071337618920143 -0.029024391524953
0.077800325385485 -0.030461912693993
0.084755783499926 -0.031908143807487
0.092267269864067 -0.033239375313728
0.100358636153994 -0.034537788420013
0.109037140542853 -0.035978729399241
0.118341839156586 -0.037566738122389
0.128348158487812 -0.039107291770688
0.139115134287134 -0.040519262232181
0.150660381589042 -0.041989233876072
0.163012853980757 -0.043612527085079
0.176241099337096 -0.045186892638868
0.190396999330722 -0.046629125491882
0.205494540352244 -0.048129554701299
0.221564114581757 -0.049659150837212
0.238647130765953 -0.051016387954786
0.256743046803899 -0.052362050511740
0.275844083643308 -0.053763068187387
0.295955795484500 -0.054922800811148
0.317039137071179 -0.055989040400038
0.339037934903286 -0.057026640392537
0.361897158644732 -0.057725540572027
0.385520718662003 -0.058307097478939
0.409798804402791 -0.058704835951072
0.434610006556425 -0.058768066199426
0.459810538154202 -0.058727649204036
0.485244793327591 -0.058317681412487
0.510754941175351 -0.057613264399952
0.536175965495718 -0.056684933589453
0.561342217158299 -0.055378208288036
0.586108306753392 -0.053875882696767
0.610320225322763 -0.052039647995650
0.633848347542364 -0.049840908301245
0.656584245553153 -0.047361519475385
0.678418007302397 -0.044479965928084
0.699288320449490 -0.041303690519062
0.719146063254634 -0.037907196128111
0.737946761694580 -0.034255170189105
0.755704002914311 -0.030520632946237
0.772442708718801 -0.026845009664949
0.788182315462156 -0.023260235331734
0.802963695597327 -0.019845696642599
0.816835206861420 -0.016677810373670
0.829831166266492 -0.013741910318663
0.841990025406418 -0.011024808118692
0.853367644290855 -0.008585447624733
0.864015407039400 -0.006454490285427
0.873967723508790 -0.004580171383096
0.883258693792230 -0.002911150036491
0.891930480263432 -0.001444379078684
0.900025858941606 -0.000185911805291
0.907582065754693 0.000880685205228
0.914631904810115 0.001786511422092
0.921207329891177 0.002556346014568
0.927340140162444 0.003200663692532
0.933060645279363 0.003726984153353
0.938396913118918 0.004144861028633
0.943374427056013 0.004465870799461
0.948016953989651 0.004701534431074
0.952346726460059 0.004862111138574
0.956384354237464 0.004954438439540
0.960149017770305 0.004984916494246
0.963658538799415 0.004960329410591
0.966928899793410 0.004886754390337
0.969974581587580 0.004769737555318
0.972809245621252 0.004615034454550
0.975445792445914 0.004428741144833
0.977896734027813 0.004219092393552
0.980173753722067 0.003994058434284
0.982287490623073 0.003760070770303
0.984247486758337 0.003521820244949
0.986061120058889 0.003278608311184
0.987734862467905 0.003028542844095
0.989275213615844 0.002771627690855
0.990688574900149 0.002509259533897
0.991982044003481 0.002246297685922
0.993163515227479 0.001991222064075
0.994239607883748 0.001750267372805
0.995215703942866 0.001527436190386
0.996096067586421 0.001324784113340
0.996881434567746 0.001136390025080
0.997571054722066 0.000953433841061
0.998166491666276 0.000773657338627
0.998670882399842 0.000599499393231
0.999088176922307 0.000436182351054
0.999422549789950 0.000290228805258
0.999677950353854 0.000168326179383
0.999857765934406 0.000076475169816
0.999964578415590 0.000019373563018
1.000000000000000 0.000000000000000
