1.000000000000000 0.000000000000000
0.999964104637012 0.000020124832863
0.999855987565936 0.000079915802935
0.999674378295749 0.000177672933186
0.999417235541569 0.000310734550252
0.999081866313567 0.000475745104073
0.998665102462387 0.000669051415224
0.998163545083352 0.000887249903625
0.997573891017651 0.001127915659784
0.996893360233375 0.001390554055453
0.996120248351317 0.001677827448249
0.995254496939110 0.001996827918878
0.994295078344277 0.002353540922585
0.993238258526921 0.002749198234331
0.992079435544371 0.003184295489925
0.990813086002684 0.003658573188619
0.989432668356191 0.004170905726985
0.987931770245217 0.004721681403301
0.986304257476575 0.005313203486347
0.984543644793487 0.005948552703454
0.982643121895449 0.006631770697174
0.980595113139811 0.007366943148147
0.978390101777323 0.008155550981171
0.976017193361324 0.008997945203893
0.973464117765218 0.009893500169213
0.970717417975297 0.010841343248921
0.967763861423678 0.011844382394840
0.964589708625213 0.012907601557803
0.961180375682733 0.014037429686718
0.957519789010950 0.015240239471968
0.953589146684214 0.016519212925796
0.949367647259534 0.017876662241079
0.944832625508390 0.019314756587700
0.939960558047877 0.020838984260190
0.934726820466121 0.022457748729507
0.929105124085060 0.024180922846556
0.923065394332038 0.026013261972972
0.916573561605550 0.027953906929420
0.909593013706948 0.030001273178375
0.902088596015388 0.032166718984105
0.894025756364728 0.034471385216391
0.885365786487950 0.036929202793639
0.876060773408782 0.039528487922878
0.866059483051400 0.042251036996058
0.855314883289710 0.045096235588384
0.843781323448964 0.048068900165342
0.831410757697070 0.051163163926098
0.818154373668773 0.054363465062664
0.803964049841290 0.057640839523317
0.788796647651970 0.060966580634457
0.772625530298482 0.064359738409465
0.755427637073360 0.067813101132865
0.737173526566637 0.071233332307300
0.717861217786128 0.074601992106547
0.697509913988711 0.077923845540123
0.676137257373560 0.081088620382289
0.653798395167257 0.084115354483748
0.630567889887437 0.086998883296656
0.606518181595906 0.089559619286436
0.581776577752958 0.091931490125173
0.556470189524380 0.094041528908813
0.530736108709789 0.095798475477246
0.504744292875891 0.097343642238914
0.478650332702575 0.098486698593880
0.452627293627515 0.099387628899082
0.426841578830402 0.099971764368342
0.401446409713001 0.100131022780993
0.376591800285627 0.100098904665574
0.352412145245773 0.099604217596018
0.329014268860627 0.098833491955950
0.306494694199791 0.097843411518627
0.284933238966851 0.096458284881598
0.264365596282732 0.094956342862267
0.244841514960338 0.093215558755114
0.226382607048590 0.091166281488058
0.208960262996980 0.089104936429753
0.192591396744363 0.086871656073829
0.177268025487798 0.084364090914115
0.162911617066635 0.081890379652173
0.149502717351248 0.079408495075039
0.137049405718911 0.076685314945366
0.125469677970165 0.073886112664576
0.114675414542123 0.071212707554176
0.104671203401089 0.068510001539085
0.095453071896271 0.065635481448369
0.086921069211404 0.062755730778222
0.078976115929452 0.060046001820502
0.071621010220993 0.057412232163599
0.064887194242054 0.054682612639167
0.058729144330656 0.051866097427735
0.053032607236852 0.049133591343329
0.047718078586613 0.046589433835837
0.042808359350992 0.044148653305479
0.038345554880181 0.041689106660643
0.034325576278583 0.039166179887297
0.030654394642455 0.036679551447047
0.027242039307414 0.034327286757584
0.024037722980905 0.032155647476852
0.021084184476359 0.030095514439436
0.018432393928764 0.028066034473226
0.016104658219869 0.026019235181635
0.014051118445643 0.023981871652211
0.012183363807304 0.022021705231335
0.010437356032868 0.020185145026109
0.008775533777825 0.018496552730951
0.007238034828367 0.016924867083532
0.005886817447554 0.015422243566334
0.004756098812094 0.013958213621942
0.003854504698783 0.012517995550087
0.003140223053583 0.011114335577525
0.002560743795444 0.009767102284948
0.002077557757540 0.008490524765787
0.001663182099229 0.007294385577387
0.001298591810115 0.006185074599752
0.000975375548405 0.005166713738058
0.000701016451423 0.004242293903019
0.000479747799002 0.003412980543878
0.000310151263232 0.002678435776889
0.000187124604260 0.002037336660022
0.000103418992768 0.001487781881743
0.000050833516750 0.001027609172443
0.000021135914781 0.000654641062256
0.000006763577986 0.000366872804626
0.000001346605791 0.000162613168520
0.000000084557935 0.000040586216317
0.000000000000000 0.000000000000000
0.000000081252087 -0.000039681753969
0.000001310617754 -0.000158750626777
0.000006724677896 -0.000357261105526
0.000021653775161 -0.000635248707698
0.000054138597063 -0.000992644170449
0.000115539013822 -0.001429147440151
0.000221362171553 -0.001944055259752
0.000392178250607 -0.002535983466135
0.000648937872718 -0.003200755256585
0.001007128924864 -0.003928751901468
0.001477866499055 -0.004704188623087
0.002068772916006 -0.005511954208788
0.002786232168596 -0.006350161492789
0.003629961006953 -0.007224204197568
0.004589429596735 -0.008148090030871
0.005649975610648 -0.009138164408298
0.006822411215595 -0.010184710146475
0.008129342008951 -0.011263814258779
0.009601124136262 -0.012339966435038
0.011273829966613 -0.013369357180911
0.013158767808423 -0.014349358071447
0.015245629688799 -0.015313351079126
0.017509976362538 -0.016318472261611
0.019925357665659 -0.017424377665544
0.022509869863639 -0.018613062774757
0.025301124222255 -0.019830569743377
0.028348992477227 -0.020998789356141
0.031685948044961 -0.022084349400278
0.035310832215561 -0.023136790830796
0.039209854258965 -0.024241280214362
0.043375441955598 -0.025467422182219
0.047841348779245 -0.026773085446017
0.052657626972748 -0.028071311094864
0.057873051676144 -0.029288712112339
0.063501935549725 -0.030482227666465
0.069544305206226 -0.031769944644113
0.076015661326606 -0.033211004224337
0.082971924826581 -0.034701445936231
0.090480978029317 -0.036093808349612
0.098578328743583 -0.037412576289601
0.107272909252273 -0.038825660824467
0.116592988164198 -0.040397107239345
0.126610349420747 -0.041948638325768
0.137391914526576 -0.043345913364104
0.148959264292335 -0.044757292516411
0.161335012651352 -0.046326177073983
0.174586804509992 -0.047836333475336
0.188772959723633 -0.049144296157743
0.203903703804965 -0.050501524756553
0.220004652424734 -0.051908152286322
0.237125379720902 -0.053022589450733
0.255267300000480 -0.054019403510552
0.274414552875873 -0.055074916537417
0.294570419242260 -0.055797075898483
0.315700756191687 -0.056357156499813
0.337746042649505 -0.056835078380125
0.360642539911491 -0.056656176136944
0.384302590594921 -0.056560144814175
0.408612554827656 -0.056461828460646
0.433443362069595 -0.055695261743593
0.458659969665737 -0.054804525370066
0.484095704203930 -0.053520661189119
0.509596288134876 -0.051897122467516
0.534995444930938 -0.050010781024103
0.560106988817525 -0.047556199096422
0.584796756528829 -0.044800804065786
0.608902427258162 -0.041647640520062
0.632292646959672 -0.038084981757421
0.654878859251270 -0.034313092973261
0.676562615910041 -0.030309320576565
0.697308936520252 -0.026270650195020
0.717097908707369 -0.022364186757107
0.735891726580873 -0.018554058018780
0.753704581329122 -0.014983898624097
0.770558938407326 -0.011766483274298
0.786455523821725 -0.008842777661198
0.801416047429691 -0.006216112968635
0.815477025563603 -0.003926251958148
0.828667452628008 -0.001933157144504
0.841018529651015 -0.000185086586355
0.852571792944516 0.001319121890296
0.863370636884697 0.002582447866662
0.873454606273883 0.003643626231335
0.882863128789675 0.004540858537664
0.891637650719955 0.005283454110893
0.899819251711025 0.005873289303173
0.907446304720090 0.006326337613804
0.914554548713672 0.006668358285519
0.921178224280650 0.006919552100113
0.927350091866410 0.007087550129219
0.933101105361169 0.007177310620459
0.938460163512419 0.007196050235622
0.943453905575947 0.007153999494249
0.948107182142158 0.007061078588408
0.952443120994594 0.006925389834158
0.956482960595866 0.006750850313511
0.960246421419056 0.006541006263968
0.963751834899878 0.006300065090066
0.967015814923621 0.006032326120877
0.970053537580079 0.005742073467636
0.972879212747209 0.005433656372545
0.975506161169210 0.005111651197119
0.977947162445584 0.004782396987816
0.980214075231633 0.004451917341882
0.982317683206999 0.004124944199199
0.984267682233204 0.003804775759492
0.986071943630592 0.003490499370545
0.987737466471230 0.003180332127367
0.989271045707443 0.002873928937942
0.990679199162142 0.002572001910523
0.991968648540466 0.002277713876357
0.993146399430195 0.001996809430211
0.994218490845226 0.001733524572820
0.995190022967681 0.001490575426063
0.996065255413942 0.001269403329277
0.996846321214550 0.001066591109916
0.997534218180022 0.000876574439325
0.998131052830754 0.000697816389750
0.998639655651450 0.000531716692398
0.999063159648630 0.000381421671437
0.999404674789216 0.000250901846792
0.999667039606470 0.000144245836451
0.999852635490889 0.000065130787767
0.999963252690050 0.000016439184901
1.000000000000000 0.000000000000000
