1.000000000000000 0.000000000000000
0.999965805853455 0.000023468140395
0.999862691957814 0.000093218571532
0.999689093703226 0.000207344484760
0.999442504379743 0.000362854938631
0.999119632952234 0.000555966830563
0.998716637896927 0.000782536957127
0.998229450817677 0.001038658835987
0.997654208618555 0.001321458052648
0.996987819002299 0.001630130658958
0.996228691293138 0.001967282128492
0.995377598803894 0.002340507092382
0.994434915598777 0.002757506432726
0.993397014268197 0.003219714723704
0.992259014596184 0.003727268066829
0.991014850312989 0.004279195766453
0.989657051419888 0.004873114505593
0.988178350434019 0.005508175819893
0.986572633138222 0.006186861630741
0.984833714898956 0.006912930061100
0.982955389821710 0.007691641016740
0.980931015230504 0.008529000039653
0.978751192923954 0.009427051667655
0.976404605696162 0.010385737970824
0.973878336172302 0.011403684841351
0.971157929658094 0.012478536897325
0.968229504863459 0.013612021776542
0.965079162811834 0.014808806278018
0.961692246017839 0.016075020161477
0.958052900449159 0.017417498663186
0.954142533514238 0.018840514540034
0.949940575599169 0.020347774731014
0.945424742784448 0.021943339205503
0.940571927685111 0.023634655422723
0.935358292601155 0.025433165846551
0.929758652177831 0.027352720783600
0.923741253714445 0.029393750743609
0.917265813619022 0.031537369808432
0.910287723953267 0.033758491023560
0.902773621144259 0.036074894926583
0.894700332964935 0.038543676877988
0.886038642559719 0.041209114498735
0.876732750072048 0.044036247261172
0.866718650958927 0.046968383167615
0.855949304875166 0.050006580935518
0.844385975286111 0.053179149641579
0.831980251357288 0.056479055419376
0.818678302044404 0.059874354531306
0.804435471340439 0.063354162123910
0.789214491680405 0.066915836599932
0.772978633522043 0.070532218350873
0.755699244544909 0.074173251781622
0.737362359300842 0.077823824633945
0.717964111890582 0.081454312985426
0.697512156209632 0.085011098190517
0.676029688782138 0.088417429640290
0.653571608643178 0.091681471253209
0.630209276853165 0.094771717850069
0.606018943467596 0.097537370838898
0.581129800153050 0.100110485987005
0.555666037739573 0.102376741260145
0.529765992535020 0.104242187089535
0.503604284132225 0.105868471440784
0.477339063678419 0.107105749322719
0.451143829091350 0.108076299454952
0.425185148555690 0.108663022744817
0.399619419153017 0.108815570095723
0.374598542192030 0.108738373923453
0.350257230436933 0.108195499902145
0.326703594377404 0.107393120679327
0.304035716802647 0.106337317360578
0.282331630213143 0.104904880404336
0.261634523094411 0.103289036111690
0.241992824594978 0.101389381943714
0.223419367879975 0.099239398293157
0.205896524275705 0.097037714597575
0.189445157652335 0.094597074986372
0.174043004619550 0.091921825308012
0.159624030195915 0.089250446778078
0.146176347602791 0.086494929692484
0.133682611338876 0.083549797549272
0.122067544528034 0.080562043001433
0.111273986843047 0.077605348321494
0.101286282370639 0.074589853995114
0.092064910609335 0.071498460398987
0.083538306424655 0.068419516759892
0.075653835210860 0.065393823522778
0.068394742220067 0.062374229545531
0.061734479590505 0.059334293285278
0.055611353953234 0.056325501345623
0.049962128704097 0.053406120863576
0.044757301457313 0.050578295056918
0.039995679061487 0.047798199050214
0.035664535915353 0.045040292167024
0.031717765420510 0.042329205970612
0.028099872788791 0.039705484947760
0.024769721957315 0.037193276738937
0.021728604309639 0.034774176003146
0.018989550357420 0.032417587828451
0.016552431581758 0.030105174689253
0.014389180068735 0.027841834564495
0.012452682016724 0.025648640019994
0.010704661045132 0.023541369470716
0.009117993760858 0.021530195915042
0.007699716193165 0.019616221539551
0.006465726514764 0.017796900608241
0.005420368447252 0.016070400892354
0.004559186267050 0.014435406495540
0.003855786261583 0.012888855189865
0.003264341284435 0.011425886651914
0.002750115701783 0.010043621690344
0.002289066445397 0.008740896193046
0.001865290968599 0.007517765543683
0.001469520131647 0.006375309549531
0.001109288276971 0.005319637394925
0.000800373623806 0.004358996033289
0.000549436291968 0.003497618759066
0.000356080973196 0.002736634413561
0.000215260918464 0.002075071809528
0.000119157701148 0.001510648387060
0.000058643074775 0.001040386151396
0.000024406780735 0.000661088898670
0.000007815957762 0.000369707392227
0.000001556925495 0.000163613137322
0.000000097797669 0.000040796412337
0.000000000000000 0.000000000000000
0.000000093616742 -0.000039784171356
0.000001510536802 -0.000159005402874
0.000007753949567 -0.000357236644702
0.000024983331049 -0.000633653888187
0.000062510670496 -0.000986862157474
0.000133525853755 -0.001414640391431
0.000256083523400 -0.001913593075061
0.000454395423718 -0.002478692068880
0.000760271146039 -0.003102747989311
0.001194997977036 -0.003781409624330
0.001735488383668 -0.004522593590533
0.002340916100075 -0.005338348794071
0.003012550381592 -0.006226554287412
0.003767501331248 -0.007178066773512
0.004631368148770 -0.008178065716160
0.005638260134245 -0.009206019079104
0.006807259028092 -0.010251846828504
0.008142121670976 -0.011316093847989
0.009639497642222 -0.012404238582084
0.011287663738495 -0.013527625786316
0.013085148172850 -0.014692391689134
0.015044105697289 -0.015897712001681
0.017178473155841 -0.017143374471212
0.019503597695151 -0.018429800742062
0.022034891718777 -0.019753411959731
0.024787983575298 -0.021107180848045
0.027779136598535 -0.022482271900390
0.031024674884656 -0.023872277383604
0.034539942111550 -0.025282061611389
0.038339099610063 -0.026723340705533
0.042435930167519 -0.028212085159159
0.046851333527683 -0.029752133027775
0.051610321441592 -0.031341973980588
0.056739821966403 -0.032979588743378
0.062269319688591 -0.034660340002758
0.068230683370844 -0.036377426216338
0.074657878351734 -0.038122884231788
0.081586682079000 -0.039888982368932
0.089054509658308 -0.041667847940744
0.097099128959039 -0.043460766971020
0.105757673409755 -0.045282897427328
0.115070218497426 -0.047141353860749
0.125086360550764 -0.049001255005136
0.135856832253590 -0.050826237466311
0.147421429726937 -0.052645792510715
0.159816982458311 -0.054500607810166
0.173093351944663 -0.056336999905425
0.187298742524677 -0.058096582604307
0.202462459377847 -0.059830386096633
0.218613260067962 -0.061527347259374
0.235786014887346 -0.063042322575782
0.253987718229012 -0.064431298685524
0.273208534693133 -0.065773082660495
0.293447251200772 -0.066820298056288
0.314670343700682 -0.067589012305431
0.336818294488267 -0.068174171132437
0.359824050471422 -0.068408926542810
0.383596425097179 -0.068383684105078
0.408021581365796 -0.068063204064928
0.432970206347150 -0.067313949124328
0.458302089564093 -0.066306545213260
0.483851347135717 -0.064861989195768
0.509456716760840 -0.062998284583029
0.534949376737188 -0.060761431002030
0.560149819150795 -0.058001302070733
0.584919436053465 -0.054916114811719
0.609092675465755 -0.051406781593438
0.632543475286946 -0.047509384364215
0.655189477695411 -0.043444888712243
0.676922496473282 -0.039141315424550
0.697699417165930 -0.034747049281245
0.717494714448607 -0.030400803539633
0.736268634917253 -0.026069608802665
0.754040305917662 -0.021902337009244
0.770837171787679 -0.018017803623083
0.786663704856547 -0.014376821265232
0.801553041996569 -0.011026902002021
0.815554278532152 -0.008052422360768
0.828694050946856 -0.005405808779590
0.840999171399859 -0.003022701289768
0.852517039519384 -0.000932435116126
0.863295837441440 0.000842895765257
0.873371005251827 0.002355535115821
0.882777060277626 0.003662008786290
0.891554523248697 0.004775135179122
0.899744893509619 0.005695023178601
0.907385917580465 0.006437058986375
0.914511900587460 0.007027612678451
0.921155915732738 0.007489088723947
0.927349903813117 0.007834261025182
0.933124205008702 0.008073415861558
0.938507143931970 0.008217192491586
0.943524637631791 0.008275433879591
0.948200970716962 0.008257973467283
0.952558881778674 0.008174245622346
0.956619337576106 0.008032097117816
0.960401901137255 0.007839076478818
0.963924801775632 0.007602559332341
0.967204235394842 0.007327980459727
0.970254915170195 0.007019813949783
0.973090830059844 0.006683033010486
0.975725320261380 0.006323340993966
0.978171520126992 0.005948881406216
0.980441659794067 0.005567318514916
0.982546850482919 0.005184846376113
0.984496868987736 0.004805658721419
0.986298747914168 0.004428384403473
0.987958865654633 0.004051337187126
0.989483821756261 0.003674690181388
0.990880279961400 0.003300023280354
0.992156293644194 0.002933122285299
0.993320675171284 0.002582516143286
0.994380604068205 0.002254176473765
0.995341813834760 0.001951860266669
0.996208563379406 0.001677057770405
0.996980235595221 0.001422290652341
0.997655480507722 0.001179268941647
0.998235958908017 0.000946258630653
0.998725277227428 0.000725974986684
0.999128061062513 0.000523748543788
0.999449238243474 0.000346104062010
0.999693490898832 0.000199673064011
0.999864845130552 0.000090378489242
0.999966374508107 0.000022844872014
1.000000000000000 0.000000000000000
