1.000000000000000 0.000000000000000
0.999964636578462 0.000020315498974
0.999858204928151 0.000080925836783
0.999679690805706 0.000180840414479
0.999427437510896 0.000318468946912
0.999099198786529 0.000491716503213
0.998692217683812 0.000698124710676
0.998203336489223 0.000935067759631
0.997629144696992 0.001200015043948
0.996966174253962 0.001490876067382
0.996211154015734 0.001806447834068
0.995361308466551 0.002146941454215
0.994413469003094 0.002512587097507
0.993363091047677 0.002902096052094
0.992205186691292 0.003314248746125
0.990934439997010 0.003748168917061
0.989545255002573 0.004203532570242
0.988031762377323 0.004681145820723
0.986387893179266 0.005183407080804
0.984607533842208 0.005714647128188
0.982684688293446 0.006281778739289
0.980612622309104 0.006891748394887
0.978381501839089 0.007544237043420
0.975979700318034 0.008235967417840
0.973393929252850 0.008961298540284
0.970609612034248 0.009713702645929
0.967612935940843 0.010492829213136
0.964389705785725 0.011300952430458
0.960924916913996 0.012141818177471
0.957202138690754 0.013019255956592
0.953202644128917 0.013935114696532
0.948906115623094 0.014891567797012
0.944290662385979 0.015891500596848
0.939332586802965 0.016938027225001
0.934006417716021 0.018035046741328
0.928284878911707 0.019187542234460
0.922138328014366 0.020399929869808
0.915534886848129 0.021676815419136
0.908440593125496 0.023023681023416
0.900819213549937 0.024446092956396
0.892632486619162 0.025950512075488
0.883839962753716 0.027542826861381
0.874399059909867 0.029227526039436
0.864265671272459 0.031008998586350
0.853394569816262 0.032891129156355
0.841740227090611 0.034878349601527
0.829258084506574 0.036978444124226
0.815905069828408 0.039199246997655
0.801639460312339 0.041540161803514
0.786423433656628 0.043998077837540
0.770225780996291 0.046572799659367
0.753023781265092 0.049266679648419
0.734805127425625 0.052083088460810
0.715567380318276 0.055007809596068
0.695322077741249 0.058020849791563
0.674099048257161 0.061110779253671
0.651946480959453 0.064264644123525
0.628930674203655 0.067457325850331
0.605136601860131 0.070652208555187
0.580671206703119 0.073828892570250
0.555656556714492 0.076942830699585
0.530228770076607 0.079934798551356
0.504538242715670 0.082760357525097
0.478745261630869 0.085393870040428
0.453009285584191 0.087770502748018
0.427488306779077 0.089821607842352
0.402336174789281 0.091496738663633
0.377697005048197 0.092749775966004
0.353701737314001 0.093522687560078
0.330466820590912 0.093811565839446
0.308091432209219 0.093624549953989
0.286654466971915 0.092968172054723
0.266212498486156 0.091913003371016
0.246806712255959 0.090476564577280
0.228459454755989 0.088675483346327
0.211170898444523 0.086598703744377
0.194935527907130 0.084272549842217
0.179736150242881 0.081712316504622
0.165534182999222 0.079005399789667
0.152290557252735 0.076202010537732
0.139969641740623 0.073302651048690
0.128521606861580 0.070348033359352
0.117889106040349 0.067398655764961
0.108025558952615 0.064469654806459
0.098889403595696 0.061554512877008
0.090431796694633 0.058670055457709
0.082600515066159 0.055846254029389
0.075351072137586 0.053095145503776
0.068648907301654 0.050406915178578
0.062458976811729 0.047776137244146
0.056742392694227 0.045211655849311
0.051460786379279 0.042725479776840
0.046581010758579 0.040322706013836
0.042078921109455 0.037995643525441
0.037931257864888 0.035737549865137
0.034113921969467 0.033545986052249
0.030601774410771 0.031423786119762
0.027370863089734 0.029374133698866
0.024399324512837 0.027399405076049
0.021669916145822 0.025500343417844
0.019167114283350 0.023677108106838
0.016875449965917 0.021929888714218
0.014780549547239 0.020256283993606
0.012870163631542 0.018648423380090
0.011132132025067 0.017100640974427
0.009554328042039 0.015609990205928
0.008129508877697 0.014176229832374
0.006860812166830 0.012802116973055
0.005747424275693 0.011490580970020
0.004783647417869 0.010244228249912
0.003959916532150 0.009065136200764
0.003256001086740 0.007951737520689
0.002648095609937 0.006901264981209
0.002118165359180 0.005913170135713
0.001652925700089 0.004988548451400
0.001242762260324 0.004129593229364
0.000884054399509 0.003340166461088
0.000588922340470 0.002628725567968
0.000363752492693 0.002001555263399
0.000204774160758 0.001461335947265
0.000102109872466 0.001008369768678
0.000042926464062 0.000641539235642
0.000013849060388 0.000359045068983
0.000002772815296 0.000158962420973
0.000000174687664 0.000039645166020
0.000000000000000 0.000000000000000
0.000000169195678 -0.000038853689291
0.000002737803128 -0.000155309178180
0.000014120203305 -0.000348992119682
0.000045788780883 -0.000619083721761
0.000115484430831 -0.000964018329459
0.000247606485954 -0.001381008190318
0.000464406340760 -0.001865182859180
0.000781504247133 -0.002408615787418
0.001204377985090 -0.002999120078707
0.001728342640669 -0.003621197560664
0.002359355126774 -0.004265202767830
0.003105582005791 -0.004925750396133
0.003971513007542 -0.005601557758763
0.004956525141662 -0.006296915179070
0.006062388423955 -0.007013611194722
0.007296362834419 -0.007747532461918
0.008664992633699 -0.008495146689779
0.010173245426960 -0.009254272631639
0.011826029805999 -0.010024226213699
0.013630749627320 -0.010805887847798
0.015594439109491 -0.011603155389911
0.017722920967733 -0.012424151896774
0.020023203472716 -0.013275847430469
0.022507662433542 -0.014154635999097
0.025190646477047 -0.015053950894279
0.028088020286463 -0.015965300898348
0.031215543650852 -0.016884138056266
0.034587911186504 -0.017813330379658
0.038219769537402 -0.018759538285462
0.042126499632610 -0.019731328412843
0.046327952704324 -0.020729495086490
0.050846527082984 -0.021752464705151
0.055706308049725 -0.022798914169924
0.060932847050531 -0.023868955849284
0.066553169053552 -0.024964369158438
0.072596039796867 -0.026087820859468
0.079093416708289 -0.027237744222430
0.086079877125199 -0.028410388098243
0.093592086556263 -0.029601781038553
0.101668611134752 -0.030808399277117
0.110349760354411 -0.032027005362005
0.119677645069773 -0.033254806308189
0.129695674065858 -0.034489777573991
0.140448599125273 -0.035726161163710
0.151982060810157 -0.036952971527668
0.164341094266728 -0.038158927451229
0.177568944820653 -0.039333721449712
0.191705965625181 -0.040467923137589
0.206788142421201 -0.041553051649205
0.222845891100917 -0.042574205168639
0.239901953210270 -0.043509726409603
0.257968948028945 -0.044330403281230
0.277046656671611 -0.045016255908366
0.297119717848298 -0.045559565594583
0.318156885158952 -0.045917700195577
0.340108354814877 -0.046056439724380
0.362904020268533 -0.045964166445264
0.386453589557205 -0.045596476797131
0.410648210574037 -0.044945846686091
0.435359427463595 -0.043985585892081
0.460441178242562 -0.042639049886100
0.485741171520582 -0.040957005810665
0.511095247687744 -0.038925266601685
0.536339312854545 -0.036547764110756
0.561314646613867 -0.033874741579935
0.585860373011304 -0.030862144595088
0.609833932304799 -0.027534427754896
0.633110429013809 -0.023938905504662
0.655589166135823 -0.020150041989663
0.677204283355124 -0.016319979475637
0.697907080308398 -0.012566760342540
0.717668676005587 -0.009003535160706
0.736479026747862 -0.005748519502244
0.754327266325198 -0.002826665470564
0.771211985403940 -0.000239401324179
0.787145895467246 0.001996844021441
0.802145905176289 0.003908616078905
0.816234448970609 0.005540804905578
0.829444295847944 0.006902954499173
0.841812978055404 0.008005626851582
0.853378216734892 0.008887307002665
0.864179875903575 0.009583104039346
0.874260070502925 0.010108427190631
0.883661169506136 0.010477894514557
0.892424357510569 0.010715243268425
0.900589703661744 0.010844164923016
0.908195893308566 0.010879260531962
0.915279947222876 0.010829061268383
0.921877116839498 0.010703430949339
0.928020640954230 0.010515182784193
0.933741804311790 0.010276518516380
0.939069671746389 0.009995814704776
0.944030803680203 0.009675498004521
0.948650092896555 0.009318600607457
0.952950925810891 0.008930292560078
0.956955270625564 0.008519116334393
0.960683519355005 0.008092978424155
0.964154433201666 0.007658056356404
0.967384414063586 0.007215064668263
0.970388305737063 0.006762891541257
0.973180158733050 0.006302028654426
0.975773514220541 0.005835924678904
0.978182524314317 0.005377088863338
0.980420252041807 0.004937098200111
0.982498192166986 0.004523560112469
0.984426370365337 0.004140180510580
0.986212793968420 0.003782189831121
0.987864492547330 0.003443381259544
0.989388099668331 0.003119871035247
0.990789812059360 0.002809482514115
0.992074026275268 0.002508210715607
0.993243296222339 0.002209772803980
0.994301073021487 0.001911549234254
0.995251559318993 0.001614021550724
0.996099470488529 0.001320120471585
0.996852064878376 0.001041378574864
0.997517203064650 0.000792116944124
0.998100021858702 0.000579451164523
0.998603557136356 0.000405170894496
0.999029385549052 0.000267670468479
0.999378124702783 0.000163450072398
0.999649818147351 0.000088268482284
0.999844225597569 0.000038010128815
0.999961033888023 0.000009314113287
1.000000000000000 0.000000000000000
