1.000000000000000 0.000000000000000
0.999972162266912 0.000031430330498
0.999887512922236 0.000124412986850
0.999742711883442 0.000275111270047
0.999532424282171 0.000477430299163
0.999249682886253 0.000723485117916
0.998886425267083 0.001004294357659
0.998434237254457 0.001310740044225
0.997885345857374 0.001634849111961
0.997233918618464 0.001971469936798
0.996477743007546 0.002320438617616
0.995620376843814 0.002689352214913
0.994668760683701 0.003090673017842
0.993620523089514 0.003525936119766
0.992469882469735 0.003993303504667
0.991209412889638 0.004489972572106
0.989829658247488 0.005011927872944
0.988321429335658 0.005556597697251
0.986678498583076 0.006125987801843
0.984895371170305 0.006724627595562
0.982967382033893 0.007360081857758
0.980889947168044 0.008041517570257
0.978653806642202 0.008770208935010
0.976246927631458 0.009543430303504
0.973655379492483 0.010356273802909
0.970863640199371 0.011202617622698
0.967857697771870 0.012082984728411
0.964623847568182 0.013001845540795
0.961147900800174 0.013965953734833
0.957414075113445 0.014981531442384
0.953402844897145 0.016048583213839
0.949092395546820 0.017165158297323
0.944459050433386 0.018329083902380
0.939479198460872 0.019545509387443
0.934128788481512 0.020825467003691
0.928382430324027 0.022182861647719
0.922209976440679 0.023621472608352
0.915577048440474 0.025137185551211
0.908447232931419 0.026727142440389
0.900786010255821 0.028406983489929
0.892559148567008 0.030203530623794
0.883727429576654 0.032130634023639
0.874243964453470 0.034176109332984
0.864060777549988 0.036329943894346
0.853135126846012 0.038611089826893
0.841425120928239 0.041044297575239
0.828884858791155 0.043633750659565
0.815468726081461 0.046377992597706
0.801135870610291 0.049284642291901
0.785850839137661 0.052366336424837
0.769585341691937 0.055640928431265
0.752314978163600 0.059104456641581
0.734020469562450 0.062726067387793
0.714701877466896 0.066507702089870
0.694373446868235 0.070446126024692
0.673059851481333 0.074503220002749
0.650811825943692 0.078678052957537
0.627696224324001 0.082947190693329
0.603794487528849 0.087255473209160
0.579219898063300 0.091612950994975
0.554081490155465 0.095897290119908
0.528499773592598 0.099953950362414
0.502616773355682 0.103655518541199
0.476577650490481 0.106803610413870
0.450553187202400 0.109333030426946
0.424717225727876 0.111163940261577
0.399241035865425 0.112308091305353
0.374289481537861 0.112882928788128
0.350002832431007 0.112851832633454
0.326500787827398 0.112328504410916
0.303887267771126 0.111322602966707
0.282243176526784 0.109811064566304
0.261620437208714 0.107937337709821
0.242064912416752 0.105686432223089
0.223595058735878 0.103097590373758
0.206203635247302 0.100296448173873
0.189891229105572 0.097267305888354
0.174633825921969 0.094048728374660
0.160381109622588 0.090764620447334
0.147101829178113 0.087420641579911
0.134763381862247 0.083996853318229
0.123306626628849 0.080558998790234
0.112675415435609 0.077156146467054
0.102834162415459 0.073767626040655
0.093740711238511 0.070387053486724
0.085336799057795 0.067053692157738
0.077569046437349 0.063796992610073
0.070406233011128 0.060600370059186
0.063818914653019 0.057444385253221
0.057761996328490 0.054344071508349
0.052182393441901 0.051333903524464
0.047037029829590 0.048432704607820
0.042304589713037 0.045625896067211
0.037966184338152 0.042896499440947
0.033996707581622 0.040239227297027
0.030361131590348 0.037666709749954
0.027026379572034 0.035190849479752
0.023965496381231 0.032817691693732
0.021164884812087 0.030541318787193
0.018612726975617 0.028354584878854
0.016295005631729 0.026252864911812
0.014194948636424 0.024232940801545
0.012294029206547 0.022292530442204
0.010574846693570 0.020430490127671
0.009021840461376 0.018646470635734
0.007631796549982 0.016940470314680
0.006408374099162 0.015312717594912
0.005349021717015 0.013763731886225
0.004446383130637 0.012294199364646
0.003686887339557 0.010904582456989
0.003043377437425 0.009594206941836
0.002491027737272 0.008362706026207
0.002011255844991 0.007210314918435
0.001590346231526 0.006137671091120
0.001218352397197 0.005145663858805
0.000891484169631 0.004236168483258
0.000618708339988 0.003413856547009
0.000404449857955 0.002681789009772
0.000246182576167 0.002040860588341
0.000137017789566 0.001490529991452
0.000067722255584 0.001029392305363
0.000028278778582 0.000655624045879
0.000009078185474 0.000367324889474
0.000001811427491 0.000162774697363
0.000000113896371 0.000040619960693
0.000000000000000 0.000000000000000
0.000000108269333 -0.000039482102227
0.000001748553675 -0.000157924165581
0.000008989302466 -0.000355286382772
0.000029023509667 -0.000631410808448
0.000072806616080 -0.000985879199176
0.000155989552319 -0.001417804240672
0.000299632632547 -0.001925459555436
0.000523992950155 -0.002504709425961
0.000844463112058 -0.003147583881152
0.001270975782144 -0.003841162709492
0.001808896584584 -0.004569625725394
0.002468233807412 -0.005323899825977
0.003257063733518 -0.006098218786325
0.004177866925311 -0.006889838011034
0.005226698344586 -0.007699652546654
0.006406142932453 -0.008526197946228
0.007723495471667 -0.009366905922648
0.009184295406377 -0.010221726544536
0.010791709404037 -0.011093882148720
0.012551196947950 -0.011985547611528
0.014471115070942 -0.012897551217453
0.016559169798149 -0.013833203525526
0.018822255451574 -0.014798519306920
0.021270972741109 -0.015793854331995
0.023919490734342 -0.016814115833710
0.026783314684505 -0.017852801999053
0.029878760090138 -0.018903927252905
0.033220963832789 -0.019969433665244
0.036824529574027 -0.021056572970268
0.040703802207418 -0.022176926165117
0.044877346393554 -0.023334822046053
0.049368463156941 -0.024526142330195
0.054202600412211 -0.025745315745933
0.059406097545265 -0.026990392641856
0.065005495958355 -0.028265927227483
0.071028466842935 -0.029579487942289
0.077506676336369 -0.030930875105483
0.084476084555568 -0.032310805535564
0.091974648512730 -0.033710480911905
0.100039518139694 -0.035136670599202
0.108708020745278 -0.036605076775608
0.118022101492340 -0.038115244655131
0.128028885812584 -0.039645433005840
0.138775596324767 -0.041177371674733
0.150306866251661 -0.042707538193944
0.162665716109184 -0.044242281800809
0.175892513567408 -0.045804432098506
0.190028446181489 -0.047382730549437
0.205117635680769 -0.048896929008904
0.221193519367189 -0.050303319378303
0.238276302703399 -0.051596864527779
0.256379344684816 -0.052725214167248
0.275502912307387 -0.053646395495040
0.295629020000750 -0.054370392182696
0.316724777044781 -0.054853950603984
0.338739372395743 -0.055093776498413
0.361601644615260 -0.055158280246317
0.385221305693781 -0.054918790837191
0.409487369844345 -0.054299181260071
0.434268786571795 -0.053289710500455
0.459417953748060 -0.051836153158522
0.484777469968253 -0.049950940305943
0.510185182953764 -0.047671258162522
0.535474574902463 -0.045005761453481
0.560476392732486 -0.041922226215313
0.585026529626024 -0.038395516630829
0.608980326662638 -0.034467478734801
0.632223425409167 -0.030257339773142
0.654671992611732 -0.025928567849855
0.676266044903917 -0.021640122679088
0.696972787169511 -0.017577962707743
0.716766570016475 -0.013865982884030
0.735616534660968 -0.010513915016889
0.753506685164410 -0.007523771490858
0.770433787855288 -0.004885588505322
0.786403725496576 -0.002568562255640
0.801433529778664 -0.000546387204991
0.815549208752275 0.001203523092330
0.828782528232604 0.002708863052127
0.841170014860925 0.003994810636210
0.852752346619162 0.005071802693700
0.863571767023335 0.005953213176891
0.873669850217748 0.006668135734300
0.883088204462062 0.007243866312653
0.891868625751066 0.007691375395803
0.900051994337683 0.008017604363133
0.907677197142007 0.008236072173080
0.914781025716724 0.008364301120963
0.921398515314467 0.008416900518771
0.927562758236404 0.008402208561178
0.933304901422304 0.008327150260415
0.938654013845522 0.008198777929254
0.943636873204234 0.008023536393470
0.948278480940975 0.007807833375438
0.952602182678996 0.007558096851348
0.956629706769602 0.007280930540635
0.960381206117840 0.006982453125925
0.963875274954060 0.006667876081930
0.967128348905517 0.006338131743252
0.970155260575234 0.005992290156683
0.972970007001367 0.005631037282028
0.975585943029253 0.005257632517602
0.978016746389357 0.004884070190290
0.980275144061882 0.004522144960950
0.982372420414058 0.004179777877102
0.984318484931479 0.003861042888433
0.986121191470172 0.003560739526579
0.987787419239400 0.003271899602158
0.989323757788770 0.002990424052446
0.990736446403133 0.002714351336451
0.992030524540897 0.002441795097089
0.993209772630647 0.002170419751847
0.994278364569650 0.001900100195409
0.995240774197642 0.001632488106834
0.996101597037653 0.001370528229304
0.996866122097532 0.001120352111266
0.997539636781256 0.000889088030880
0.998126339504388 0.000681397471061
0.998629507848016 0.000500027087530
0.999051679017777 0.000346392537519
0.999394792096123 0.000221034826761
0.999660298725313 0.000123972506414
0.999849247381476 0.000054967829753
0.999962345166971 0.000013720630711
1.000000000000000 0.000000000000000
