1.000000000000000 0.000000000000000
0.999959701491360 0.000008782369967
0.999839014538892 0.000036186027365
0.999638532863317 0.000085291468636
0.999359137544367 0.000160930573605
0.999001827988416 0.000269214986686
0.998567472263870 0.000416838537439
0.998056463024011 0.000610114196910
0.997468260169014 0.000853691524076
0.996800795403592 0.001148883345356
0.996049706625093 0.001491509667674
0.995207634744325 0.001869930264518
0.994268059985348 0.002276179170078
0.993226938260331 0.002710764293811
0.992080438830477 0.003176233478534
0.990825062552971 0.003677618622426
0.989457731662507 0.004222805560418
0.987973591454255 0.004816246773188
0.986365574500024 0.005457824831066
0.984625449028588 0.006146056191468
0.982743633554929 0.006877714098814
0.980709545101350 0.007648940449167
0.978513096597096 0.008459561443827
0.976143727417695 0.009310553781407
0.973590090280999 0.010203342160472
0.970839894288778 0.011139557538871
0.967879176498325 0.012119292128445
0.964692497387060 0.013141791267025
0.961263023351229 0.014205843945683
0.957572658926708 0.015310652952175
0.953602426430678 0.016457720713982
0.949332174918300 0.017649882252947
0.944740463141167 0.018891282018247
0.939803818223192 0.020186446017843
0.934496959960130 0.021541115155524
0.928792985264155 0.022962668018687
0.922661590478253 0.024453520357949
0.916069147752974 0.026011556805036
0.908980041876113 0.027635806356595
0.901359624321689 0.029340158909161
0.893173456659410 0.031149376955867
0.884382416367035 0.033076413280935
0.874938956884657 0.035104611520872
0.864793931809580 0.037217013859692
0.853904421219138 0.039430399967248
0.842228895665944 0.041769572225725
0.829719752848206 0.044227892613360
0.816329154328276 0.046790467682621
0.802019035737405 0.049477936224451
0.786756677119547 0.052315836417100
0.770508956082439 0.055295934142073
0.753250223162310 0.058405938070442
0.734966120437183 0.061637413730256
0.715652741698672 0.064968463409328
0.695321133066972 0.068376612081397
0.674001781301704 0.071852420574794
0.651740060673196 0.075361711455120
0.628601272588149 0.078868927712487
0.604674155939927 0.082356802695973
0.580065896683297 0.085800521701308
0.554893868062054 0.089109487968411
0.529296392737288 0.092232113557165
0.503431283529147 0.095167076855410
0.477450027541174 0.097786993556468
0.451519933806635 0.100084637956440
0.425800859846427 0.101948997062229
0.400447479720877 0.103299624958708
0.375615354384179 0.104197709505789
0.351438113952135 0.104524477089413
0.328033989436912 0.104382546887273
0.305505690500809 0.103789253161115
0.283933028951900 0.102683768356654
0.263367529179380 0.101222733721022
0.243860343527263 0.099347444050412
0.225431171486044 0.097079808770153
0.208062605674394 0.094636295066349
0.191770340048446 0.091922375537889
0.176539116472589 0.088922047703523
0.162294711308693 0.085887287769002
0.149014216681789 0.082805943404000
0.136692388952603 0.079546899749959
0.125246467248301 0.076254987907134
0.114592039674980 0.073082921013861
0.104726120743757 0.069918318919719
0.095638224774054 0.066658922121564
0.087231866891340 0.063439671039239
0.079408640278352 0.060407543453633
0.072159923236446 0.057497822332347
0.065511158806062 0.054565499016388
0.059427886532489 0.051595265035618
0.053803946977435 0.048725752195292
0.048556007729279 0.046056145379054
0.043686330054874 0.043536339597892
0.039234303075617 0.041051779549543
0.035209173378838 0.038538561865031
0.031542686696965 0.036053362665069
0.028148717979148 0.033684048379489
0.024967073810934 0.031484801787897
0.022009118264298 0.029424610841476
0.019327284322688 0.027423574943362
0.016950683212238 0.025428134075607
0.014868542994646 0.023426825604486
0.012999266728439 0.021479516734271
0.011270942863082 0.019639171399727
0.009634027282088 0.017939200422990
0.008074794148248 0.016385125222186
0.006651792294011 0.014929830336124
0.005414162306197 0.013531577155165
0.004386672486275 0.012165009295023
0.003569674723366 0.010820816337218
0.002918265922862 0.009517723035739
0.002385356384688 0.008276877556294
0.001936988258343 0.007112637730392
0.001549331200784 0.006034191030868
0.001206273213291 0.005046853195995
0.000898339608960 0.004152992889600
0.000632025749187 0.003351491655792
0.000417528757210 0.002639765563953
0.000256241385603 0.002015711172423
0.000143537452190 0.001477660476355
0.000071301315581 0.001024300762622
0.000029887782740 0.000654611868026
0.000009621937976 0.000367817676498
0.000001923659103 0.000163349404315
0.000000121086165 0.000040818814294
0.000000000000000 0.000000000000000
0.000000115428402 -0.000039750581674
0.000001866122800 -0.000159218354422
0.000009610745812 -0.000359057197569
0.000031105176146 -0.000640376446872
0.000078235763362 -0.001004708421513
0.000167089859448 -0.001451681206060
0.000317620863780 -0.001974867324891
0.000554464004868 -0.002559190750769
0.000907564636511 -0.003176645727571
0.001411613037009 -0.003783447529080
0.002086817098634 -0.004355062377559
0.002928291582693 -0.004901733120605
0.003906453549360 -0.005459117912672
0.004962639938773 -0.006092112697135
0.006070825485660 -0.006829170913993
0.007249289268161 -0.007649100220928
0.008530560830892 -0.008511514512732
0.009965030407142 -0.009351581641292
0.011600944387219 -0.010110588995545
0.013440536948173 -0.010802391544432
0.015468041199106 -0.011472511630961
0.017651583895865 -0.012196504944509
0.019965954053593 -0.013036040327915
0.022431036902670 -0.013964992821921
0.025081962629023 -0.014925046118743
0.027966265919372 -0.015830374588219
0.031116491100300 -0.016639504265389
0.034534600350659 -0.017396828617533
0.038212389404952 -0.018181148849717
0.042140594864825 -0.019076460374449
0.046343385080947 -0.020059101761841
0.050861087089890 -0.021052824584869
0.055740659392563 -0.021963062378614
0.061007062507281 -0.022800787699568
0.066669683077066 -0.023656582613334
0.072736647090133 -0.024635251032894
0.079243494004772 -0.025706846340883
0.086242286354626 -0.026761795608742
0.093781745560397 -0.027727849606170
0.101888285819922 -0.028689856830575
0.110583925272155 -0.029773505803863
0.119913908011983 -0.030943328390995
0.129939917946765 -0.032049703489519
0.140710113615616 -0.033069358086714
0.152253333331599 -0.034149234058639
0.164609495009605 -0.035316625749966
0.177837241919060 -0.036394851147673
0.191979884926397 -0.037358089197288
0.207059541439083 -0.038376526009926
0.223108851504783 -0.039386557492575
0.240161002466942 -0.040215604772898
0.258221637354223 -0.040983792957569
0.277287174168123 -0.041718466137831
0.297349703172958 -0.042240133844790
0.318375388001502 -0.042660653172381
0.340312816847965 -0.042991392590924
0.363096351431889 -0.043045514455293
0.386636931413560 -0.042969047860161
0.410825326706346 -0.042704888351013
0.435537030877302 -0.042186668868228
0.460634239864190 -0.041568991518322
0.485961276018836 -0.040705766980969
0.511362872646653 -0.039669430328045
0.536675495405904 -0.038454254638581
0.561734218519396 -0.036935328664886
0.586398709966547 -0.035320480629451
0.610519622666927 -0.033496166694827
0.633971670840504 -0.031455734291762
0.656652684647531 -0.029293756968587
0.678463480548149 -0.026916323726405
0.699342234292390 -0.024401467619949
0.719244410469008 -0.021813651790228
0.738134864064824 -0.019131547241961
0.756005088737710 -0.016410018741593
0.772862614958464 -0.013708370610438
0.788724799728464 -0.011059810997026
0.803613908323150 -0.008467189376056
0.817560845902101 -0.005935515582014
0.830612830402997 -0.003523877291985
0.842820763957303 -0.001287380443533
0.854235407427425 0.000735152665320
0.864905381183927 0.002521100470287
0.874876219165051 0.004057872817771
0.884190845570062 0.005347740313987
0.892887433386280 0.006416119308617
0.901002588878983 0.007292015434650
0.908572357502875 0.007996192074994
0.915631711481863 0.008544697658339
0.922213997930124 0.008954570717772
0.928350460404561 0.009244990172576
0.934070674222385 0.009433829115468
0.939402391396785 0.009533474552172
0.944371349838832 0.009548793676196
0.949001767443051 0.009485739620834
0.953316153426018 0.009352182980686
0.957335047208644 0.009157772764658
0.961077715294064 0.008911991299018
0.964562142686533 0.008623346719025
0.967804415922862 0.008297082710945
0.970819438309981 0.007937683799977
0.973621337392817 0.007550232904365
0.976223257570842 0.007140093125757
0.978637097632637 0.006712683295307
0.980874050124996 0.006273279086660
0.982944672656876 0.005826900628894
0.984858854771282 0.005378552179563
0.986625801354806 0.004933780141105
0.988254050256001 0.004497449114098
0.989751488131747 0.004073573358947
0.991125339045154 0.003665308253811
0.992381805004585 0.003273177429297
0.993526419053467 0.002896787654333
0.994564455061865 0.002536802216271
0.995500880329360 0.002194642322952
0.996339938215146 0.001871686081813
0.997083069565344 0.001566199214458
0.997732038718884 0.001277550614507
0.998290165256166 0.001007818564731
0.998761634369933 0.000760744064228
0.999150950670921 0.000540902465166
0.999462517134336 0.000353064349595
0.999700314503842 0.000201708464258
0.999867662062763 0.000090657961299
0.999967045312379 0.000022818169516
1.000000000000000 0.000000000000000
