1.000000000000000 0.000000000000000
0.999959914747253 0.000009664676126
0.999839516961107 0.000038710005804
0.999638379205600 0.000087288419490
0.999355784549603 0.000155648962487
0.998990719652544 0.000244129453087
0.998541864865352 0.000353144819598
0.998007581117804 0.000483170891203
0.997385893283602 0.000634722649971
0.996674469622927 0.000808325634172
0.995870596795100 0.001004478800243
0.994971149806960 0.001223606682948
0.993972556110167 0.001465998116610
0.992870752876191 0.001731728065160
0.991661136253039 0.002020558218381
0.990338501136108 0.002331810915758
0.988897060434249 0.002664605858632
0.987330686660711 0.003019084204349
0.985632746748443 0.003395875201581
0.983796017912349 0.003795935998747
0.981812660942244 0.004220662842282
0.979674195894098 0.004672034754025
0.977371481948789 0.005152798681114
0.974894703786542 0.005666707542937
0.972233352810564 0.006218762473737
0.969375773818004 0.006813621548971
0.966308855729081 0.007454653443362
0.963018296668387 0.008145478887136
0.959488534656817 0.008890108160951
0.955702650663978 0.009692986895388
0.951642267458771 0.010559048031331
0.947287445667305 0.011493771098660
0.942616608937303 0.012503286777585
0.937606487980331 0.013594512436376
0.932231997698909 0.014775210923327
0.926466156471415 0.016054102324085
0.920280029292131 0.017441000987659
0.913642699650830 0.018946981159670
0.906521440440138 0.020585123810113
0.898881988271810 0.022371476531399
0.890688558019447 0.024324930840575
0.881904107256691 0.026467707343986
0.872490740404249 0.028825986865470
0.862409913433458 0.031428684866920
0.851622788331497 0.034306178517606
0.840091185655813 0.037491625255251
0.827778194457654 0.041019461352924
0.814647974821738 0.044921376878750
0.800663360054728 0.049214251327570
0.785787941153166 0.053902893311225
0.769985617785776 0.058974899645227
0.753220216289792 0.064392438041680
0.735456367949744 0.070088007603344
0.716670349085188 0.075987628923203
0.696849247222634 0.081997469498940
0.675990686471538 0.087990350947952
0.654116751811070 0.093840785744749
0.631275387694675 0.099421871386148
0.607540097957450 0.104601776563012
0.583016813734307 0.109278451620329
0.557835496013270 0.113349422273383
0.532148322743994 0.116730364103375
0.506128778167133 0.119377437504065
0.479957780362939 0.121223984505408
0.453825391302539 0.122285174032941
0.427918952628423 0.122603332007131
0.402413373042457 0.122226938503368
0.377467916295609 0.121241871103054
0.353221849171088 0.119719733231519
0.329793350734151 0.117724439249409
0.307279648960829 0.115310969676788
0.285755327008467 0.112535934998987
0.265269343709671 0.109481037687328
0.245854327929384 0.106197337624146
0.227525106182467 0.102726597104581
0.210277496687346 0.099125574609416
0.194097380268703 0.095430982064823
0.178959219793138 0.091675265424826
0.164824411627546 0.087904380429735
0.151652560735669 0.084144242689385
0.139403032269769 0.080401889290251
0.128025919916840 0.076701417550683
0.117467164408185 0.073072377258555
0.107680148884518 0.069520160346896
0.098620994960086 0.066040878184645
0.090240292122594 0.062645651303310
0.082486726559689 0.059352787831364
0.075315852156598 0.056168239951241
0.068691654662736 0.053083642059270
0.062577894953575 0.050093890175674
0.056935308287919 0.047203447103608
0.051725452897545 0.044418934225388
0.046915238343162 0.041741981493205
0.042481912784664 0.039163359674205
0.038403550700696 0.036674754152442
0.034653684325922 0.034275607186736
0.031191943219472 0.031985155896842
0.027981341872329 0.029820342129667
0.024993686100564 0.027789043599111
0.022226431335647 0.025870760744525
0.019688397178482 0.024033188990067
0.017380395468256 0.022254615867335
0.015294836294099 0.020523729728162
0.013410223241970 0.018843864485900
0.011704224450779 0.017221141373656
0.010157751240369 0.015660554169664
0.008755641366422 0.014166591221609
0.007494199144711 0.012746414984628
0.006371780270892 0.011406541405206
0.005383164007501 0.010150921245275
0.004520677439413 0.008981557708715
0.003772834259831 0.007896399966899
0.003118197070553 0.006881873457460
0.002537979877033 0.005927126827279
0.002019101132204 0.005027352088746
0.001552805112650 0.004182057980786
0.001133740977522 0.003393790695792
0.000770834749768 0.002672000011262
0.000483446617740 0.002030896033571
0.000275329917225 0.001478125299545
0.000138507218116 0.001016084883462
0.000058614377745 0.000643928059771
0.000019001693294 0.000359108681908
0.000003816950958 0.000158545807417
0.000000240922312 0.000039470483976
0.000000000000000 0.000000000000000
0.000000224952204 -0.000037911111565
0.000003645756977 -0.000151264049910
0.000018851845058 -0.000338802659509
0.000061347340216 -0.000598044499187
0.000155392003480 -0.000924677612548
0.000334759013071 -0.001311847835275
0.000626248900678 -0.001750744098106
0.001038773998658 -0.002230406144669
0.001558208953479 -0.002737078529150
0.002173509374923 -0.003258421408860
0.002892036045237 -0.003786713246490
0.003720729820268 -0.004318265101993
0.004664423143241 -0.004855387731842
0.005727060833825 -0.005402024379932
0.006915388098410 -0.005951923615827
0.008235802031088 -0.006496497648740
0.009693184954600 -0.007026487394513
0.011290984665277 -0.007533612000518
0.013034603225161 -0.008018685028066
0.014929472275345 -0.008490709849985
0.016979436048912 -0.008967308266173
0.019187369443223 -0.009472559795366
0.021562194408980 -0.010010752640555
0.024116647049422 -0.010574965191560
0.026865359003208 -0.011154459601427
0.029824287845282 -0.011737234162092
0.033008110445159 -0.012320797212411
0.036431715780210 -0.012906398668827
0.040110710527547 -0.013497290199263
0.044062585538403 -0.014095718677545
0.048307270907965 -0.014701750639183
0.052866259662520 -0.015316319616448
0.057762803073085 -0.015940098169304
0.063022274606045 -0.016571169935758
0.068671966485163 -0.017207203420499
0.074741109012610 -0.017846978941138
0.081260912643338 -0.018492265455570
0.088264503477634 -0.019146968675621
0.095787575476851 -0.019810401793112
0.103868564347122 -0.020474798579497
0.112547839244641 -0.021132420260565
0.121866831280017 -0.021784602149411
0.131868047143397 -0.022436638077925
0.142595694591914 -0.023083742172946
0.154094878052456 -0.023713232032071
0.166409816570923 -0.024319568577448
0.179582783017846 -0.024904892901731
0.193653765003113 -0.025463619880028
0.208658910912721 -0.025983602619164
0.224628216753551 -0.026457889619699
0.241583717967583 -0.026882008460720
0.259537659545851 -0.027249316988545
0.278490195186317 -0.027551386643518
0.298427189480609 -0.027777617637043
0.319318167938587 -0.027915232522757
0.341114663528536 -0.027957849115350
0.363749109169772 -0.027903841078816
0.387134465127936 -0.027740036629151
0.411164813873519 -0.027464796382209
0.435716714870081 -0.027077012082736
0.460651702324264 -0.026567092960832
0.485820148674885 -0.025943085784511
0.511064790943318 -0.025198266766832
0.536225965050533 -0.024329316074481
0.561146912503823 -0.023349389392080
0.585678143347957 -0.022269738928108
0.609681411651988 -0.021096973806397
0.633033600436944 -0.019840599231863
0.655628620327320 -0.018503910044431
0.677377909260285 -0.017069440180528
0.698213380290937 -0.015540562333707
0.718086791103254 -0.013933181155169
0.736968544239907 -0.012269057618779
0.754847713650367 -0.010591302087359
0.771728907203775 -0.008950166377003
0.787629380665324 -0.007395257185694
0.802574711163148 -0.005959500768304
0.816596827785197 -0.004661369105496
0.829732223254914 -0.003507972389853
0.842020797126981 -0.002499448321512
0.853504529730007 -0.001632011706368
0.864226571122839 -0.000897616929357
0.874230146675316 -0.000282740638753
0.883558169141977 0.000226679610671
0.892252595849497 0.000644207369941
0.900354099350124 0.000982297765039
0.907901783726810 0.001252053035322
0.914932929831778 0.001463300155636
0.921482830436999 0.001624476661240
0.927584685958448 0.001741941944873
0.933269607839854 0.001821221564871
0.938566645776306 0.001867460234430
0.943502834722557 0.001885381407771
0.948103265547542 0.001879273237009
0.952391156654351 0.001852922484436
0.956387903099745 0.001809407865821
0.960113252402256 0.001751473210311
0.963585426834453 0.001681644085542
0.966821218054214 0.001602219524665
0.969836081135986 0.001515273513713
0.972644226260176 0.001422663016040
0.975258708427714 0.001326081429322
0.977691524201500 0.001227411499244
0.979953677768582 0.001128405780411
0.982055244993129 0.001030448259861
0.984005444063836 0.000934623145057
0.985812700641000 0.000841773904718
0.987484707583753 0.000752551088138
0.989028479531298 0.000667451071299
0.990450402630190 0.000586847463085
0.991756281237967 0.000511026786252
0.992951381282632 0.000440225463131
0.994040461242787 0.000374606894011
0.995027804803739 0.000314271249481
0.995917251377540 0.000259271471885
0.996712223239783 0.000209626089142
0.997415749532356 0.000165329458788
0.998030487353910 0.000126359937774
0.998558740133774 0.000092686374847
0.999002473460397 0.000064273242448
0.999363328512010 0.000041084660086
0.999642633215044 0.000023087507903
0.999841411234672 0.000010253785226
0.999960388881634 0.000002562332045
1.000000000000000 0.000000000000000
