1.000000000000000 0.000000000000000
0.999959951881257 0.000002750343884
0.999839662848982 0.000011020301456
0.999638697928387 0.000024866859396
0.999356328997776 0.000044385694901
0.998991530014330 0.000069712235180
0.998542970272709 0.000101023161750
0.998009005638599 0.000138538380817
0.997387667682217 0.000182523487627
0.996676650619343 0.000233292759539
0.995873295949536 0.000291212719923
0.994974574662893 0.000356706322701
0.993977066867999 0.000430257815707
0.992876938674711 0.000512418349780
0.991669916146268 0.000603812409905
0.990351256116201 0.000705145154457
0.988915713647045 0.000817210758788
0.987357505890394 0.000940901869643
0.985670272092346 0.001077220286992
0.983847029475671 0.001227288999228
0.981880124721731 0.001392365705631
0.979761180772965 0.001573857965475
0.977481038683129 0.001773340114632
0.975029694260499 0.001992572086129
0.972396229282981 0.002233520257884
0.969568737118454 0.002498380425287
0.966534242665285 0.002789602953258
0.963278616644657 0.003109920095463
0.959786484438113 0.003462375368876
0.956041129882812 0.003850354728647
0.952024394728121 0.004277619087055
0.947716574838092 0.004748337443021
0.943096314716079 0.005267119512668
0.938140502554211 0.005839046249136
0.932824168798862 0.006469695978103
0.927120392202915 0.007165163016106
0.921000218536451 0.007932064538990
0.914432598577678 0.008777530083886
0.907384353727061 0.009709166359004
0.899820179588977 0.010734987973018
0.891702700133856 0.011863302276874
0.882992587542075 0.013102533779535
0.873648744004422 0.014460903506855
0.863628210473516 0.015944829702555
0.852886436608715 0.017557943960373
0.841378001054553 0.019300902600075
0.829057254411311 0.021170240037461
0.815879245441430 0.023157684642910
0.801802466434514 0.025259588379416
0.786790485556439 0.027477668299516
0.770812724995836 0.029812729468614
0.753846154017024 0.032262610852242
0.735876179014485 0.034813025339529
0.716899239814012 0.037440108208314
0.696925528762391 0.040113637161855
0.675982409009358 0.042804738008200
0.654115571992474 0.045482788306687
0.631389922011642 0.048112269180417
0.607890291696485 0.050652451426695
0.583721239699581 0.053065051273006
0.559008030249248 0.055345460822438
0.533892470807341 0.057503047534280
0.508523966246360 0.059488716456160
0.483056222493015 0.061209921648598
0.457649645665676 0.062627917493364
0.432466998976604 0.063767792257278
0.407663396573768 0.064637967697889
0.383381050482189 0.065209577984129
0.359746690591732 0.065472885434033
0.336868779515443 0.065468553432132
0.314836773294451 0.065240283125212
0.293724875938150 0.064769218629689
0.273589237022281 0.064013466361488
0.254463253674772 0.062975258092735
0.236355123738726 0.061741371007554
0.219258399106754 0.060397972133988
0.203161615918257 0.058979911373902
0.188061583875523 0.057407380971639
0.173944027259777 0.055611657117129
0.160781300867518 0.053560791119974
0.148511446119955 0.051389548328504
0.137039026702211 0.049404022800261
0.126301090328848 0.047722158794454
0.116303321112279 0.046089567632381
0.107046048442235 0.044275378981587
0.098487079381721 0.042261512386829
0.090545198522244 0.040227229011870
0.083150383103942 0.038308834483955
0.076250057446519 0.036573816162397
0.069823731660173 0.034963813408873
0.063855344595503 0.033408026968009
0.058324321661530 0.031860407643149
0.053207268188633 0.030293483446092
0.048475625463260 0.028710820060460
0.044097004242447 0.027141440605939
0.040041931799664 0.025608040763622
0.036283982228796 0.024126139381410
0.032799505992243 0.022700859312126
0.029567269650505 0.021331877777080
0.026568311730569 0.020018631502475
0.023795960807347 0.018746744488504
0.021255568152665 0.017487991485218
0.018931200520419 0.016239101290947
0.016784492081123 0.015022445268789
0.014790991705551 0.013855409019982
0.012962210612311 0.012748469222474
0.011311136176533 0.011707809294169
0.009835888288205 0.010732483983828
0.008496238797383 0.009794613975929
0.007250865234777 0.008867633832948
0.006073034042347 0.007937832992125
0.004948511282917 0.007001590113739
0.003901603609707 0.006075216151323
0.002974026002784 0.005184669314490
0.002186946158776 0.004348234423375
0.001545413219483 0.003577793450202
0.001043276158841 0.002880467329217
0.000667033872377 0.002259917221034
0.000398838935513 0.001717373244952
0.000218831035955 0.001252444837005
0.000106939272736 0.000863755745321
0.000044262915586 0.000549437669596
0.000014116283405 0.000307509231973
0.000002803881732 0.000136160963659
0.000000175822364 0.000033962005136
0.000000000000000 0.000000000000000
0.000000172217777 -0.000033525351236
0.000002774379355 -0.000134028378816
0.000014205053055 -0.000301257610244
0.000045608107459 -0.000534684362452
0.000113500432951 -0.000833334946086
0.000238323970732 -0.001195589408674
0.000442349251967 -0.001618908404494
0.000748985293651 -0.002099433735633
0.001181060386416 -0.002631488788706
0.001758542732724 -0.003206944024314
0.002495592891062 -0.003814416662352
0.003396773789353 -0.004438266392221
0.004452198053623 -0.005057339241933
0.005631346970803 -0.005643405154266
0.006895226749191 -0.006168237137588
0.008246067962979 -0.006628094673457
0.009702027315019 -0.007035012032996
0.011290988034126 -0.007417456176886
0.013041428094038 -0.007808910355688
0.014956502492116 -0.008213196902139
0.017028909512337 -0.008627925414799
0.019253560441976 -0.009048119250627
0.021645720092079 -0.009462045285289
0.024226441559387 -0.009856061123361
0.027007815613888 -0.010235444264492
0.029996935551548 -0.010617666034393
0.033206348699778 -0.011004607404364
0.036652677358953 -0.011387265314956
0.040354356418329 -0.011753538405817
0.044330578868000 -0.012096404033644
0.048600748413713 -0.012418616760051
0.053185385398551 -0.012727215099965
0.058106201225250 -0.013033827157093
0.063387564932359 -0.013343719454785
0.069056784960533 -0.013654298650743
0.075143328819056 -0.013962039647548
0.081678881061986 -0.014262530501076
0.088697336096464 -0.014550930869814
0.096234442245814 -0.014825454596089
0.104327830977077 -0.015086633905504
0.113016952879841 -0.015336849634853
0.122343109368805 -0.015577436413957
0.132349401883220 -0.015805489480765
0.143079976741232 -0.016017642353305
0.154579284647613 -0.016213845895869
0.166891231782671 -0.016399244909050
0.180058302548723 -0.016578791766634
0.194120497280005 -0.016749005965240
0.209113724463830 -0.016903765214560
0.225068053346171 -0.017035584499422
0.242005746360802 -0.017143295368240
0.259939118030763 -0.017240720928018
0.278868370553820 -0.017349369474438
0.298779521673951 -0.017480551767126
0.319642563469880 -0.017606805024727
0.341409657440343 -0.017688985019536
0.364013789398873 -0.017731704467345
0.387368337752429 -0.017793229345750
0.411367828494931 -0.017908245532956
0.435889655446792 -0.018005645587178
0.460796338591061 -0.018000232355964
0.485938664108593 -0.017896529499447
0.511160090114474 -0.017735535821935
0.536301616398277 -0.017522595321135
0.561206730809543 -0.017240737459225
0.585726453338927 -0.016901663129349
0.609723557218697 -0.016544754723061
0.633075497076276 -0.016191194871896
0.655676736681075 -0.015828552376886
0.677440663077311 -0.015445100467668
0.698300218578351 -0.015041980366349
0.718207419956988 -0.014624785103548
0.737132088337823 -0.014194835527361
0.755060113686412 -0.013746066556402
0.771991690156911 -0.013274469529956
0.787939048270109 -0.012778315458599
0.802924144424208 -0.012257056122544
0.816976841656338 -0.011712077405212
0.830132985965507 -0.011146392491279
0.842432746762323 -0.010567128893809
0.853919068438131 -0.009983866450581
0.864636282616692 -0.009404319284567
0.874629091913768 -0.008834436937659
0.883941775433031 -0.008278718508329
0.892617627940310 -0.007740770983748
0.900698477768257 -0.007223355599039
0.908224314248002 -0.006728258979821
0.915233086650271 -0.006256500045434
0.921760590608071 -0.005808509590411
0.927840421231188 -0.005384275182147
0.933503977209422 -0.004983456934429
0.938780502867683 -0.004605479156595
0.943697157544350 -0.004249602246412
0.948279103772054 -0.003914978560776
0.952549607539840 -0.003600695402901
0.956530145422144 -0.003305807728864
0.960240514599820 -0.003029362708563
0.963698942803835 -0.002770417876543
0.966922196016545 -0.002528054272560
0.969925682400835 -0.002301385693643
0.972723551422913 -0.002089564951246
0.975328787516002 -0.001891787841682
0.977753297921580 -0.001707295388240
0.980007994560824 -0.001535374793265
0.982102869946930 -0.001375359442528
0.984047067261546 -0.001226628228021
0.985848944796010 -0.001088604394932
0.987516135008522 -0.000960754071035
0.989055598478310 -0.000842584599343
0.990473673052496 -0.000733642765651
0.991776118484607 -0.000633512989814
0.992968156858737 -0.000541815531923
0.994054509082595 -0.000458204750900
0.995039427717875 -0.000382367442546
0.995926726398968 -0.000314021276100
0.996719806072031 -0.000252913342338
0.997421678266512 -0.000198818821721
0.998034985591023 -0.000151539777825
0.998562019625284 -0.000110904078859
0.999004736359918 -0.000076764448452
0.999364769316441 -0.000048997645763
0.999643440460752 -0.000027503774290
0.999841769004990 -0.000012205718409
0.999960478174617 -0.000003048706548
1.000000000000000 0.000000000000000
