1.000000000000000 0.000000000000000
0.999970884862778 0.000033300788718
0.999881931906382 0.000129075064758
0.999728446141823 0.000275311931491
0.999503035449070 0.000453259187791
0.999196286053357 0.000639398148737
0.998797761882339 0.000808363982210
0.998297384649640 0.000936976276103
0.997687272440756 0.001009605175777
0.996964139353023 0.001025170178485
0.996132388603334 0.001006155130489
0.995207122115361 0.001007342951598
0.994198496213805 0.001069569823362
0.993103054571612 0.001193969183287
0.991913528180270 0.001370525949822
0.990618124449703 0.001575579662152
0.989200819426793 0.001773000973901
0.987652211520784 0.001951439748283
0.985967288232286 0.002116951727847
0.984142034148932 0.002281715402319
0.982173844352593 0.002465754760596
0.980058141339805 0.002684301640157
0.977785255100968 0.002936158743408
0.975343618214447 0.003215955585952
0.972719754204250 0.003514278005299
0.969899515810913 0.003823273944162
0.966869996849835 0.004145150445572
0.963617736154441 0.004484959614790
0.960128455746684 0.004849921878222
0.956385992844493 0.005245110751139
0.952371779783432 0.005671614543964
0.948065462674726 0.006129815294583
0.943444986436908 0.006620313483912
0.938487041451982 0.007146514556237
0.933166644147884 0.007713256942998
0.927456850693122 0.008325754138292
0.921328193600094 0.008986326153504
0.914748806963629 0.009695651094063
0.907684611885762 0.010454380279406
0.900099616767879 0.011265471130643
0.891955760113728 0.012132499750938
0.883212980965984 0.013059400293023
0.873829433236101 0.014050511311498
0.863761609623907 0.015108454180846
0.852964425319286 0.016230387432028
0.841392280241903 0.017412308800161
0.829000669642930 0.018656731862024
0.815746586854412 0.019966632123711
0.801589002922863 0.021337729366513
0.786490933686465 0.022764071858932
0.770421762733420 0.024243764748756
0.753358686683451 0.025773782975252
0.735288708115653 0.027348552250455
0.716211078208823 0.028962224402676
0.696139272834194 0.030605793153766
0.675102771603579 0.032263916178152
0.653149591937162 0.033925248603977
0.630347420991922 0.035583173504414
0.606783675826527 0.037232090904105
0.582564227052706 0.038856079108948
0.557812501796668 0.040437114429175
0.532666807060131 0.041951929335108
0.507276619543447 0.043367680244476
0.481799459575466 0.044659354800695
0.456396722948568 0.045828739897035
0.431227399997745 0.046880101484823
0.406442653877098 0.047809483351220
0.382182294779914 0.048619655279441
0.358569973353490 0.049272343342898
0.335712686690339 0.049756602181211
0.313699274281985 0.050092371951255
0.292598359234436 0.050282296864150
0.272459384654671 0.050330432902292
0.253313800212470 0.050240529455214
0.235176683408065 0.050014560120988
0.218048717134139 0.049660779391863
0.201918431613649 0.049187038751709
0.186764517398285 0.048596644567922
0.172557898260616 0.047894545228398
0.159263511292578 0.047087552161405
0.146842414610320 0.046181272072210
0.135252709664939 0.045182882229186
0.124451264089044 0.044100062925157
0.114394009825783 0.042942503086019
0.105037403665706 0.041720647130081
0.096338142675788 0.040446363227571
0.088253719650739 0.039134149386427
0.080742935969257 0.037798118911844
0.073767323669509 0.036447027880442
0.067290959235456 0.035085935198255
0.061279487491479 0.033720649422798
0.055700789678970 0.032357152449040
0.050524463365259 0.031001461252585
0.045722793356916 0.029656948621072
0.041271464045877 0.028322684227001
0.037147121533386 0.026999257406786
0.033328313449127 0.025687569564085
0.029796165983927 0.024387621775457
0.026532238347473 0.023100912239983
0.023519554351733 0.021828734045352
0.020745031264866 0.020568555850167
0.018195589870591 0.019319438220893
0.015857800479920 0.018082575848367
0.013722340836388 0.016857612794989
0.011782021772464 0.015643753094134
0.010027430382151 0.014442688995328
0.008448152699986 0.013257772190360
0.007036737711913 0.012092601801538
0.005785420693729 0.010951437563767
0.004684341772482 0.009839356974410
0.003722891369014 0.008761802663800
0.002896494144253 0.007723476503665
0.002201658798856 0.006728860815009
0.001630371264918 0.005782870962980
0.001171550379897 0.004890595999142
0.000812395782299 0.004057521956540
0.000539869085845 0.003291957151804
0.000340675718621 0.002601118047111
0.000201494061108 0.001989386776518
0.000109567685654 0.001459112694528
0.000053156702855 0.001011260660587
0.000021876160163 0.000645917762675
0.000006946536449 0.000362684384913
0.000001375594092 0.000160969730019
0.000000086104650 0.000040207081801
0.000000000000000 0.000000000000000
0.000000086096661 -0.000040207081886
0.000001375562268 -0.000160969730492
0.000006946465349 -0.000362684386473
0.000021876035030 -0.000645917766693
0.000053156509907 -0.001011260669386
0.000109567412392 -0.001459112711689
0.000201493696650 -0.001989386807199
0.000340675254070 -0.002601118098401
0.000539868514686 -0.003291957233105
0.000812395100851 -0.004057522079997
0.001171549587710 -0.004890596179622
0.001630370363144 -0.005782871207538
0.002201657791443 -0.006728861126226
0.002896493039258 -0.007723476883215
0.003722890179260 -0.008761803112303
0.004684340514611 -0.009839357491492
0.005785419373583 -0.010951438149932
0.007036736333645 -0.012092602456842
0.008448151269750 -0.013257772913800
0.010027428908190 -0.014442689784731
0.011782020260127 -0.015643753947208
0.013722339290431 -0.016857613708643
0.015857798906659 -0.018082576818050
0.018195588277294 -0.019319439240987
0.020745029654779 -0.020568556917540
0.023519552727911 -0.021828735156479
0.026532236713832 -0.023100913390088
0.029796164343500 -0.024387622960993
0.033328311803694 -0.025687570783234
0.037147119885191 -0.026999258656993
0.041271462397204 -0.028322685505477
0.045722791709363 -0.029656949925664
0.050524461720733 -0.031001462580483
0.055700788039326 -0.032357153797704
0.061279485857911 -0.033720650791405
0.067290957609335 -0.035085936585701
0.073767322052249 -0.036447029285292
0.080742934362339 -0.037798120332265
0.088253718055788 -0.039134150820355
0.096338141094153 -0.040446364674139
0.105037402098811 -0.041720648588394
0.114394008275176 -0.042942504554341
0.124451262556434 -0.044100064401023
0.135252708152058 -0.045182883709790
0.146842413118919 -0.046181273554360
0.159263509824426 -0.047087553641702
0.172557896817496 -0.047894546703229
0.186764515981964 -0.048596646033799
0.201918430225910 -0.049187040205085
0.218048715776746 -0.049660780829141
0.235176682082794 -0.050014561538657
0.253313798921053 -0.050240530850389
0.272459383398806 -0.050330434271756
0.292598358015775 -0.050282298204618
0.313699273102094 -0.050092373259961
0.335712685550668 -0.049756603455388
0.358569972255366 -0.049272344580442
0.382182293724474 -0.048619656479011
0.406442652865202 -0.047809484508778
0.431227399030134 -0.046880102598350
0.456396722025742 -0.045828740965670
0.481799458697644 -0.044659355823522
0.507276618710582 -0.043367681221646
0.532666806271828 -0.041951930266126
0.557812501052254 -0.040437115313427
0.582564226351290 -0.038856079946263
0.606783675167028 -0.037232091695076
0.630347420373061 -0.035583174249881
0.653149591357513 -0.033925249305268
0.675102771061573 -0.032263916836918
0.696139272328141 -0.030605793771664
0.716211077736947 -0.028962224981271
0.735288707676154 -0.027348552791419
0.753358686274531 -0.025773783480455
0.770421762353292 -0.024243765220058
0.786490933333378 -0.022764072298184
0.801589002595118 -0.021337729775588
0.815746586550361 -0.019966632504361
0.829000669360995 -0.018656732215839
0.841392279980604 -0.017412309128803
0.852964425077230 -0.016230387737189
0.863761609399760 -0.015108454463989
0.873829433028614 -0.014050511573908
0.883212980774005 -0.013059400536002
0.891955759936191 -0.012132499975815
0.900099616603789 -0.011265471338658
0.907684611734191 -0.010454380471711
0.914748806823711 -0.009695651271729
0.921328193471020 -0.008986326317497
0.927456850574140 -0.008325754289475
0.933166644038304 -0.007713257082196
0.938487041351172 -0.007146514684287
0.943444986344283 -0.006620313601627
0.948065462589734 -0.006129815402704
0.952371779705550 -0.005671614643135
0.956385992773228 -0.005245110841922
0.960128455681584 -0.004849921961156
0.963617736095096 -0.004484959690410
0.966869996795878 -0.004145150514490
0.969899515761987 -0.003823274006925
0.972719754160006 -0.003514278062384
0.975343618174530 -0.003215955637700
0.977785255065021 -0.002936158789970
0.980058141307533 -0.002684301681748
0.982173844323747 -0.002465754797484
0.984142034123316 -0.002281715434888
0.985967288209764 -0.002116951756744
0.987652211501158 -0.001951439774008
0.989200819409820 -0.001773000996818
0.990618124435115 -0.001575579682516
0.991913528167709 -0.001370525967454
0.993103054560818 -0.001193969198033
0.994198496204644 -0.001069569835294
0.995207122107771 -0.001007342960927
0.996132388597312 -0.001006155137591
0.996964139348623 -0.001025170184140
0.997687272437818 -0.001009605180444
0.998297384647869 -0.000936976279964
0.998797761881403 -0.000808363985312
0.999196286052950 -0.000639398151086
0.999503035448951 -0.000453259189414
0.999728446141821 -0.000275311932461
0.999881931906403 -0.000129075065209
0.999970884862787 -0.000033300788834
1.000000000000000 0.000000000000000
