1.000000000000000 0.000000000000000
0.999971685227807 0.000034391962824
0.999885057853630 0.000133273225910
0.999735201439377 0.000284142553967
0.999514372050562 0.000467461971470
0.999212700706994 0.000658680778381
0.998819232705338 0.000831228882821
0.998323362990785 0.000960648534597
0.997716748545703 0.001030095782615
0.996995804557928 0.001037516640720
0.996164922223131 0.001004891717349
0.995239775292522 0.000987703411907
0.994231814775052 0.001029738456992
0.993137791484776 0.001132429186389
0.991950427679461 0.001285523328255
0.990657823444638 0.001464947830103
0.989243576592469 0.001633414835060
0.987697864619361 0.001778120211652
0.986015670537430 0.001905030683361
0.984193019320347 0.002026501645827
0.982227411568241 0.002163115154781
0.980114532488319 0.002331169822290
0.977844803724049 0.002529571266964
0.975406708699069 0.002752813933016
0.972786828208761 0.002991296247239
0.969970986358218 0.003236553240241
0.966946241216198 0.003490125529059
0.963699100777877 0.003756333571598
0.960215239249083 0.004041491382008
0.956478519991863 0.004350233113345
0.952470447307865 0.004683680750217
0.948170761100248 0.005042467998755
0.943557484813321 0.005427334429510
0.938607283834543 0.005840738973653
0.933295102223400 0.006286028905902
0.927593918478315 0.006766756271568
0.921474328175694 0.007284504168162
0.914904600853992 0.007839598934939
0.907850837071226 0.008432725183591
0.900277287773433 0.009068032893380
0.892146206277833 0.009751143354508
0.883417545814714 0.010484376488168
0.874049027142405 0.011265078038988
0.863996940171651 0.012091137450759
0.853217107148685 0.012966935344785
0.841664987142578 0.013897207861704
0.829295858578472 0.014879438016375
0.816066229592585 0.015908631318530
0.801935676627693 0.016984489149911
0.786867968075387 0.018106793406110
0.770832487772915 0.019271461283676
0.753806533107925 0.020475123065195
0.735777561139902 0.021716745290966
0.716744908367475 0.022990723501165
0.696722106387184 0.024288566516924
0.675739104648958 0.025601596065832
0.653843688732279 0.026916637699091
0.631103097570177 0.028224587373013
0.607604792588253 0.029527169021262
0.583454697417787 0.030815694088858
0.558775961411385 0.032074723352058
0.533706560288916 0.033283199641308
0.508395901872515 0.034415517872809
0.483001209483922 0.035454778792227
0.457682796798841 0.036397916974670
0.432598741506431 0.037249705880723
0.407899685640845 0.038012470059472
0.383724395472284 0.038678240532353
0.360196509758850 0.039231585135753
0.337422370258364 0.039660746617757
0.315489608742281 0.039966043731900
0.294466449313722 0.040161659303540
0.274401817154756 0.040250660194233
0.255326553930332 0.040233555893543
0.237255210343669 0.040118346460575
0.220188003410548 0.039909772954152
0.204112987053675 0.039611811747270
0.189008322920015 0.039230048681826
0.174844122293463 0.038775200805144
0.161584416200510 0.038261138543885
0.149189138291947 0.037696610148791
0.137615566888961 0.037087170553142
0.126820008557588 0.036431829601048
0.116758365253482 0.035728911837245
0.107387580499734 0.034973763110784
0.098665441142025 0.034163509339257
0.090551473852949 0.033297576644991
0.083006888430147 0.032377526107886
0.075994371397405 0.031408295264827
0.069478822336757 0.030396944225568
0.063426542859513 0.029351660513523
0.057805741698282 0.028281307614235
0.052586465305358 0.027194751196904
0.047740585520474 0.026099796333421
0.043243047246078 0.025000280105805
0.039070516890894 0.023899336896830
0.035200831968146 0.022800814163409
0.031613845774976 0.021708036953404
0.028290739795932 0.020624385175511
0.025213688486260 0.019553443037869
0.022368289210552 0.018494341004792
0.019742812902870 0.017443097154912
0.017325003694267 0.016398582896014
0.015103116422618 0.015361293960809
0.013069188561053 0.014330212477095
0.011215031860138 0.013305736111964
0.009531062650287 0.012290366757200
0.008008743036363 0.011286747513563
0.006644050067730 0.010295063364680
0.005431044240613 0.009317298466980
0.004361356511985 0.008357468270148
0.003427278148623 0.007420506013279
0.002628992827684 0.006510526688903
0.001963495840873 0.005632544157642
0.001422432818713 0.004792637416542
0.000993986005537 0.003997450367822
0.000664937845836 0.003255951484921
0.000421943433682 0.002579672114692
0.000250725546167 0.001976582810314
0.000136865258821 0.001451410547417
0.000066608813192 0.001006623089081
0.000027480522921 0.000643198948027
0.000008742618141 0.000361222019173
0.000001733554691 0.000160331220030
0.000000108595455 0.000040048199180
0.000000000000000 0.000000000000000
0.000000108587195 -0.000040048199254
0.000001733521828 -0.000160331220489
0.000008742544867 -0.000361222020819
0.000027480394332 -0.000643198952487
0.000066608615672 -0.001006623099164
0.000136864980448 -0.001451410567478
0.000250725177157 -0.001976582846659
0.000421942966865 -0.002579672176010
0.000664937277182 -0.003255951582758
0.000993985334744 -0.003997450517110
0.001422432048212 -0.004792637630336
0.001963494973939 -0.005632544438425
0.002628991871604 -0.006510527037550
0.003427277115446 -0.007420506429170
0.004361355419207 -0.008357468750943
0.005431043098805 -0.009317299010769
0.006644048880800 -0.010295063969782
0.008008741810054 -0.011286748176813
0.009531061392469 -0.012290367473713
0.011215030577029 -0.013305736877691
0.013069187255412 -0.014330213290003
0.015103115098163 -0.015361294817782
0.017325002355809 -0.016398583792698
0.019742811553590 -0.017443098087884
0.022368287852513 -0.018494341971064
0.025213687122113 -0.019553444033414
0.028290738428522 -0.020624386196011
0.031613844405384 -0.021708037997954
0.035200830597386 -0.022800815231294
0.039070515520207 -0.023899337986965
0.043243045876540 -0.025000281217163
0.047740584153205 -0.026099797464765
0.052586463941696 -0.027194752346576
0.057805740339265 -0.028281308781399
0.063426541506082 -0.029351661697680
0.069478820989989 -0.030396945425939
0.075994370058393 -0.031408296480198
0.083006887100112 -0.032377527336611
0.090551472533178 -0.033297577884953
0.098665439833751 -0.034163510587786
0.107387579204317 -0.034973764364680
0.116758363972164 -0.035728913093355
0.126820007291686 -0.036431830855794
0.137615565639731 -0.037087171803583
0.149189137060671 -0.037696611392051
0.161584414988469 -0.038261139777805
0.174844121101964 -0.038775202027844
0.189008321750395 -0.039230049891820
0.204112985907302 -0.039611812943024
0.220188002288827 -0.039909774133498
0.237255209248026 -0.040118347621154
0.255326552862189 -0.040233557032960
0.274401816115518 -0.040250661310429
0.294466448304755 -0.040161660394410
0.315489607764891 -0.039966044795034
0.337422369313785 -0.039660747651646
0.360196508848188 -0.039231586138871
0.383724394596498 -0.038678241502701
0.407899684800734 -0.038012470995009
0.432598740702634 -0.037249706779947
0.457682796031807 -0.036397917836703
0.483001208753881 -0.035454779616746
0.508395901179451 -0.034415518659691
0.533706559632561 -0.033283200390295
0.558775960791238 -0.032074724062891
0.583454696833159 -0.030815694761525
0.607604792038286 -0.029527169656227
0.631103097053855 -0.028224587971073
0.653843688248455 -0.026916638261491
0.675739104196349 -0.025601596593967
0.696722105964401 -0.024288567011961
0.716744907973080 -0.022990723964454
0.735777560772427 -0.021716745723943
0.753806532765891 -0.020475123469311
0.770832487454861 -0.019271461660498
0.786867967779873 -0.018106793757195
0.801935676353312 -0.016984489476697
0.816066229337983 -0.015908631622455
0.829295858342358 -0.014879438298879
0.841664986923713 -0.013897208124078
0.853217106945899 -0.012966935588203
0.863996939983856 -0.012091137676457
0.874049026968581 -0.011265078248217
0.883417545653892 -0.010484376682018
0.892146206129107 -0.009751143533897
0.900277287635967 -0.009068033059216
0.907850836944253 -0.008432725336840
0.914904600736794 -0.007839599076506
0.921474328067595 -0.007284504298840
0.927593918378685 -0.006766756392054
0.933295102131660 -0.006286029016858
0.938607283750159 -0.005840739075734
0.943557484735799 -0.005427334523347
0.948170761029124 -0.005042468084926
0.952470447242702 -0.004683680829237
0.956478519932250 -0.004350233185676
0.960215239194641 -0.004041491448090
0.963699100728262 -0.003756333631862
0.966946241171099 -0.003490125583987
0.969970986317334 -0.003236553290264
0.972786828171801 -0.002991296292733
0.975406708665734 -0.002752813974243
0.977844803694043 -0.002529571304041
0.980114532461398 -0.002331169855388
0.982227411544195 -0.002163115184112
0.984193019299017 -0.002026501671712
0.986015670518698 -0.001905030706337
0.987697864603058 -0.001778120232129
0.989243576578391 -0.001633414853328
0.990657823432555 -0.001464947846360
0.991950427669071 -0.001285523342331
0.993137791475861 -0.001132429198149
0.994231814767498 -0.001029738466486
0.995239775286278 -0.000987703419305
0.996164922218198 -0.001004891722966
0.996995804554352 -0.001037516645208
0.997716748543341 -0.001030095786342
0.998323362989387 -0.000960648537701
0.998819232704624 -0.000831228885329
0.999212700706707 -0.000658680780290
0.999514372050497 -0.000467461972794
0.999735201439396 -0.000284142554760
0.999885057853658 -0.000133273226279
0.999971685227817 -0.000034391962919
1.000000000000000 0.000000000000000
