1.000000000000000 0.000000000000000
0.999972576782792 0.000038636042605
0.999888329285820 0.000149322481630
0.999741484617772 0.000316868790944
0.999522966044655 0.000517566384492
0.999221243013753 0.000721698431636
0.998823588641620 0.000897251215324
0.998317816083290 0.001015036240114
0.997694591493820 0.001055509294538
0.996950452416493 0.001017663793374
0.996091697943282 0.000930485528476
0.995137790713092 0.000862929635094
0.994100547626790 0.000862083715892
0.992976155140384 0.000929295763195
0.991756481563172 0.001053438134026
0.990428062432666 0.001207539548985
0.988973624339084 0.001353865923499
0.987384627539419 0.001485116610390
0.985656302310231 0.001608247906641
0.983785057130529 0.001736068367061
0.981768744936910 0.001888235676164
0.979601920376330 0.002076484527572
0.977274586106179 0.002300857864668
0.974775031636627 0.002558841705076
0.972089694946356 0.002845122397766
0.969204939030753 0.003157236163173
0.966107805926863 0.003498062884858
0.962784506212286 0.003871330271631
0.959220242851109 0.004281436057357
0.955398326340902 0.004732876868176
0.951300195583662 0.005230434551294
0.946905639944685 0.005779499775037
0.942192441155555 0.006383150474518
0.937135968079758 0.007038757183600
0.931709180115946 0.007740038701021
0.925884393071176 0.008490754364898
0.919636457533317 0.009328459404353
0.912940660841915 0.010309515848945
0.905763248248248 0.011442371455816
0.898053640243086 0.012632607572237
0.889754843453525 0.013756305852315
0.880829806677074 0.014847821281208
0.871256065292231 0.016059932847845
0.861003415962951 0.017496821167296
0.850027092319535 0.019158964596582
0.838276916322252 0.021015500952455
0.825694741293569 0.022989839227468
0.812231576291753 0.025054419054972
0.797865254490291 0.027333031749322
0.782565660200440 0.029873137722536
0.766284163631404 0.032568103650072
0.749003968211275 0.035454439502672
0.730730820532850 0.038643895009438
0.711448468425971 0.042043887173886
0.691170337732231 0.045644084467578
0.669948083257816 0.049556378479196
0.647812763156970 0.053673568693634
0.624831446945057 0.057974713763185
0.601103116065063 0.062503501989212
0.576714628878424 0.067132493017577
0.551796160840051 0.071866533296748
0.526488269596095 0.076682938376798
0.500930977613965 0.081492235750406
0.475278844282294 0.086240595222789
0.449677915566072 0.090813955753746
0.424280518874680 0.095128240353985
0.399234918640522 0.099144623742363
0.374652662701901 0.102609803776357
0.350599091651305 0.104819968607009
0.327238871639315 0.105900420328429
0.304725344030621 0.106077184918364
0.283153949944454 0.105437292231680
0.262593388170133 0.104212715945184
0.243090124473031 0.102487453936148
0.224664991611258 0.100335690718733
0.207316740949347 0.097881935412716
0.191039584453116 0.095161935388134
0.175812524793406 0.092215406390322
0.161598064059981 0.089119466507421
0.148365226776215 0.085891182476376
0.136080906818475 0.082528009515481
0.124692532755649 0.079085548790008
0.114144494961638 0.075619451850209
0.104392583620653 0.072143063944450
0.095389921233978 0.068669541110416
0.087075939150785 0.065244053949647
0.079392063723088 0.061907013794918
0.072299415290774 0.058656695784133
0.065767214595258 0.055475261943427
0.059757727070568 0.052362304187957
0.054225151912504 0.049338559246797
0.049127145606410 0.046420642834122
0.044430848874713 0.043611026309763
0.040110004923201 0.040903331787055
0.036138599140279 0.038293192683265
0.032491668589291 0.035778599744182
0.029145475962245 0.033358984829517
0.026077209240594 0.031034040253248
0.023265434536552 0.028803958980599
0.020690436145112 0.026669703007000
0.018333682169148 0.024631743123781
0.016177851526087 0.022689913317108
0.014207825822264 0.020841692648857
0.012410381042519 0.019082896714655
0.010772813953076 0.017410351971222
0.009283040425755 0.015821746415396
0.007932698581657 0.014315130824929
0.006718052662108 0.012888667606871
0.005633513446365 0.011541063532930
0.004671732938994 0.010271465680325
0.003824415490616 0.009079001270037
0.003084228592732 0.007959016974952
0.002443904987951 0.006906384185678
0.001895228557830 0.005918864727625
0.001429516568816 0.004996354682525
0.001038049996832 0.004140239863934
0.000716769073596 0.003354887860371
0.000466682661805 0.002647338767786
0.000283165863110 0.002022051822658
0.000157207656927 0.001481187814658
0.000077548712306 0.001025368183647
0.000032332984978 0.000654267628914
0.000010367990227 0.000367070919805
0.000002067160752 0.000162817722959
0.000000129907643 0.000040653539938
0.000000000000000 0.000000000000000
0.000000122461657 -0.000039366500303
0.000001976704862 -0.000157546256044
0.000010154429375 -0.000354748655976
0.000032751432713 -0.000631216487137
0.000082025160073 -0.000987052780267
0.000173716530385 -0.001421484095507
0.000324848823058 -0.001931479631323
0.000553432453567 -0.002510699440869
0.000877330473324 -0.003147918832811
0.001312704059737 -0.003825144398559
0.001874005384685 -0.004523242160822
0.002574028993975 -0.005229493167001
0.003420280725595 -0.005932592554540
0.004412001964834 -0.006622995853381
0.005542894093228 -0.007293099636190
0.006817564597134 -0.007935435336400
0.008241606649431 -0.008545313343179
0.009817129649995 -0.009122923288414
0.011544562101875 -0.009671157510364
0.013430538021490 -0.010185708562673
0.015482566155644 -0.010662100949626
0.017706979623791 -0.011098622891813
0.020110487894434 -0.011496714607777
0.022702787214864 -0.011861257693112
0.025493829775502 -0.012203322385099
0.028493375953693 -0.012541127688775
0.031714182664208 -0.012880917040634
0.035172439681701 -0.013214621448987
0.038886018482384 -0.013530856468074
0.042874037216258 -0.013820175452189
0.047155956830554 -0.014085351822996
0.051752287268080 -0.014335156588832
0.056685122188884 -0.014579552249167
0.061979678307337 -0.014813716500458
0.067663610803012 -0.015026187709962
0.073766574911463 -0.015207379037155
0.080319689294429 -0.015364567091818
0.087355872460306 -0.015514359732390
0.094910482845799 -0.015662540428728
0.103021675189949 -0.015790311650698
0.111729663168865 -0.015876576295282
0.121075970108733 -0.015931936949478
0.131103323993203 -0.015983748358958
0.141855725108886 -0.016029207782857
0.153377820544450 -0.016036660548291
0.165713788461284 -0.016003721592871
0.178906298885201 -0.015963663791453
0.192995297873737 -0.015911612488509
0.208016569275524 -0.015808706776465
0.224000415897292 -0.015682444542179
0.240969365800965 -0.015572392757928
0.258935270379611 -0.015411188834059
0.277898509090363 -0.015197421408803
0.297845978253457 -0.015020600829287
0.318746810979154 -0.014811797412745
0.340552840938885 -0.014563854947171
0.363197859112461 -0.014371694622873
0.386594558750550 -0.014159842087022
0.410637561685203 -0.013948650328615
0.435204119707343 -0.013762073541435
0.460155618183642 -0.013517826065905
0.485343407430114 -0.013295804546167
0.510610895698997 -0.013095015107335
0.535798830567504 -0.012888818109729
0.560750951869367 -0.012718259484197
0.585318047634654 -0.012632130623447
0.609361965604366 -0.012587279286304
0.632759599524603 -0.012559910801496
0.655405441993799 -0.012546033993289
0.677212727436719 -0.012473894890214
0.698114455771100 -0.012382135588901
0.718062502577058 -0.012293036041566
0.737026369055426 -0.012154034385559
0.754992573845354 -0.012014935056798
0.771961410802385 -0.011887156279847
0.787944382581142 -0.011690841393809
0.802964407637553 -0.011464543870776
0.817052436974524 -0.011276545264760
0.830243056258835 -0.011061934701768
0.842575598675305 -0.010777414452189
0.854094659980159 -0.010501131712402
0.864845085829689 -0.010271951988843
0.874868786700815 -0.010008687235299
0.884208335144700 -0.009659432374821
0.892909401403754 -0.009295358423355
0.901016275051522 -0.008992079270680
0.908567996270558 -0.008733576977985
0.915599861789207 -0.008456873276325
0.922146370751226 -0.008130654927588
0.928242007356360 -0.007776104217775
0.933919243520205 -0.007418182289751
0.939207714349737 -0.007068169396262
0.944134042026670 -0.006720805028410
0.948723003665601 -0.006371348536647
0.952997961828537 -0.006019204890796
0.956981296153583 -0.005670190077388
0.960693600498482 -0.005329606850578
0.964153576729109 -0.005000975704824
0.967377384832906 -0.004684568624340
0.970379507583352 -0.004379318439397
0.973173566666526 -0.004084588096868
0.975772767333169 -0.003800765818756
0.978191534675178 -0.003531703187794
0.980443120969243 -0.003280895632539
0.982538912850861 -0.003050308786004
0.984488042243064 -0.002839560885428
0.986293813422289 -0.002639626231995
0.987958716467163 -0.002441371542498
0.989486838131428 -0.002239613168821
0.990883481606286 -0.002032393557039
0.992161233812019 -0.001832422521986
0.993338183299692 -0.001663690945017
0.994426525368262 -0.001539930215481
0.995433349373337 -0.001466069744148
0.996359769056021 -0.001436228566198
0.997185889634416 -0.001402887383801
0.997893561017179 -0.001323102945321
0.998478897036077 -0.001183895531153
0.998947499592371 -0.000992414057257
0.999310560555779 -0.000767909910528
0.999581839341487 -0.000535511935233
0.999775348444578 -0.000321458124552
0.999903617057375 -0.000149517287402
0.999976434286655 -0.000038398425089
1.000000000000000 0.000000000000000
