1.000000000000000 0.000000000000000
0.999964630963526 0.000024717104271
0.999857545401741 0.000096760182880
0.999675891138789 0.000210027797032
0.999415196572528 0.000355107686211
0.999069810580745 0.000520456658853
0.998633552978360 0.000694144051500
0.998100612139333 0.000866255720075
0.997466739867402 0.001032091182723
0.996730809537738 0.001196328708973
0.995896822733040 0.001378383947734
0.994974542146949 0.001614085517060
0.993966661064401 0.001921329784401
0.992869236122571 0.002301190382816
0.991675406717339 0.002747793571545
0.990374409441797 0.003245577736068
0.988952959417071 0.003773352328112
0.987404066547857 0.004329680278884
0.985723153481615 0.004921868514802
0.983906464564601 0.005561536480394
0.981951327502697 0.006265514422773
0.979852406644951 0.007045450924731
0.977599857047840 0.007902799974190
0.975181872096850 0.008836220688946
0.972584447759062 0.009841145259876
0.969793038859063 0.010914674075772
0.966794520371360 0.012061347550299
0.963575012609088 0.013287332650291
0.960119583278888 0.014599892925356
0.956411460229368 0.016005400305827
0.952431623841724 0.017508483893215
0.948159140518531 0.019113378800566
0.943571145264547 0.020824216966894
0.938643127357219 0.022646145550993
0.933348499341869 0.024584457962139
0.927658530524116 0.026644705847748
0.921543090405208 0.028835010117261
0.914970307903686 0.031165301413967
0.907905786447723 0.033645211851441
0.900311061090886 0.036279697508840
0.892144525211656 0.039071423041775
0.883363379794347 0.042025907538967
0.873924406538214 0.045153007988793
0.863782939962133 0.048463000891984
0.852892733939489 0.051964927091649
0.841207174361084 0.055667923093035
0.828680237243908 0.059581507916701
0.815267591357549 0.063715456715579
0.800927665093741 0.068079076948169
0.785621939402795 0.072676438239619
0.769314336632972 0.077497887937156
0.751975296094999 0.082525813535593
0.733584307733155 0.087734824881164
0.714132453903401 0.093091452543846
0.693624791708136 0.098553636897655
0.672082481749795 0.104069396272628
0.649543552690083 0.109570600026811
0.626068316690269 0.114989827364341
0.601739750822001 0.120258177152794
0.576658014050433 0.125282233397167
0.550949057550105 0.129992978517936
0.524752319805492 0.134289829927202
0.498220410979497 0.138058026860580
0.471525479061336 0.141230199207692
0.444846121573814 0.143750389491216
0.418363292475889 0.145596035208620
0.392251887950380 0.146752396501852
0.366675593321053 0.147204140357933
0.341784144555920 0.146946089207083
0.317710063757730 0.145989883858353
0.294566074574540 0.144362836312381
0.272442264559405 0.142113661025123
0.251406215389315 0.139300633257160
0.231504312421731 0.135981290604422
0.212762191636421 0.132223083919483
0.195183372541348 0.128107032430493
0.178753656234687 0.123715585712512
0.163448884980227 0.119112405350762
0.149229796252446 0.114366773554217
0.136045928108487 0.109549825700068
0.123846715745922 0.104708288412768
0.112579544218350 0.099877190035219
0.102190587949619 0.095086615490833
0.092624180609211 0.090363376129285
0.083824223785685 0.085731857474105
0.075736176868602 0.081210937399105
0.068309977533877 0.076811789730230
0.061497259209554 0.072542774093609
0.055253632177944 0.068408986953442
0.049536648171957 0.064414012264598
0.044306887287345 0.060559395051144
0.039528402606932 0.056844645898328
0.035166759377258 0.053268972519716
0.031194891486444 0.049827302077183
0.027588425961608 0.046513702679108
0.024321696800416 0.043324528119970
0.021368642221518 0.040259920207165
0.018703622638891 0.037321220888681
0.016302009177015 0.034508984767522
0.014142107296805 0.031822579682528
0.012205441576624 0.029260265644442
0.010473870757342 0.026820195261693
0.008929795232485 0.024500468133212
0.007558383968526 0.022298947973359
0.006346964510532 0.020213335860955
0.005282538170628 0.018241411699360
0.004352076751606 0.016381027417985
0.003543494911728 0.014630107937121
0.002847938855205 0.012986682772653
0.002256554110250 0.011448831974568
0.001759737792431 0.010014677121205
0.001347594593230 0.008682394618372
0.001010274907492 0.007450230425804
0.000738619926136 0.006316945651968
0.000524515917882 0.005282022358489
0.000359939710124 0.004344509637562
0.000237063658562 0.003503057678660
0.000148458389352 0.002756088196118
0.000087241389545 0.002101928214261
0.000047184477569 0.001538914650161
0.000022790339424 0.001065475602588
0.000009346056107 0.000680193018275
0.000002959745329 0.000381850400719
0.000000584993079 0.000169468401769
0.000000036575392 0.000042330451191
0.000000000000000 0.000000000000000
0.000000034080562 -0.000040834595630
0.000000546305817 -0.000163492048815
0.000002770916681 -0.000368427818384
0.000008778788572 -0.000656382087503
0.000021498138945 -0.001028350235242
0.000044743380743 -0.001485539097702
0.000083251980648 -0.002029306488767
0.000142729067394 -0.002661080516781
0.000229899388310 -0.003382254133895
0.000352566001089 -0.004194049031586
0.000519674791138 -0.005097341383009
0.000741383495419 -0.006092439949557
0.001029133356417 -0.007178804615043
0.001395470097449 -0.008355019355025
0.001852543315340 -0.009620401539349
0.002412145695825 -0.010974462254116
0.003085691989871 -0.012416279287206
0.003883651618115 -0.013944372070878
0.004815011377644 -0.015556611710429
0.005890621297206 -0.017251225902010
0.007123951253319 -0.019027145841490
0.008528019619621 -0.020883373821212
0.010114674039584 -0.022819042745434
0.011897684824628 -0.024831680365331
0.013896881664955 -0.026914899223407
0.016133915455687 -0.029059957685894
0.018631514837938 -0.031255732707794
0.021412570918664 -0.033491290288290
0.024499494311851 -0.035756056887470
0.027913743245162 -0.038038157263885
0.031677297474372 -0.040326449822633
0.035813529056061 -0.042612569979264
0.040343796415567 -0.044889931488787
0.045291558992546 -0.047152196098631
0.050683675346778 -0.049393409070406
0.056545854226093 -0.051610395219259
0.062908446446388 -0.053797988802113
0.069803248998716 -0.055952413864137
0.077264134990715 -0.058068732876901
0.085329289538088 -0.060137364595578
0.094037529385992 -0.062150064371900
0.103430090114438 -0.064098640597016
0.113548233125984 -0.065977737638720
0.124435088659566 -0.067782108586255
0.136133317993489 -0.069509292726832
0.148686211374828 -0.071154703619025
0.162135527591943 -0.072712078135032
0.176521708030791 -0.074164434715461
0.191880685798516 -0.075493167159852
0.208241922730217 -0.076680200600386
0.225626653927058 -0.077707663377667
0.244045679660962 -0.078557458478583
0.263497365264779 -0.079208520345103
0.283965141902094 -0.079633487443072
0.305415326270860 -0.079807379476744
0.327795374748796 -0.079718711498215
0.351032956772075 -0.079347513901242
0.375036070760494 -0.078687510879038
0.399693315673246 -0.077741372927595
0.424874544192945 -0.076487332901835
0.450434609614429 -0.074919948716308
0.476215104092232 -0.073022122434400
0.502050456997878 -0.070786149946482
0.527775533961565 -0.068244891736793
0.553229778643119 -0.065442786162355
0.578260804865610 -0.062423779217527
0.602730080949915 -0.059241148567701
0.626516059720667 -0.055953616264626
0.649515407846657 -0.052614258152960
0.671646468928519 -0.049284758535857
0.692846574382477 -0.046015086672844
0.713071314218598 -0.042842464733521
0.732295184685384 -0.039804639192239
0.750506199938739 -0.036917429503448
0.767705384177240 -0.034185011674902
0.783907820981689 -0.031621056491337
0.799137738573415 -0.029232251070788
0.813426025372281 -0.027016418210259
0.826809246135133 -0.024968916840276
0.839327991938135 -0.023083465157529
0.851025490130129 -0.021353367736588
0.861946095279979 -0.019769562477412
0.872133138386184 -0.018312653315885
0.881629457898701 -0.016962501992419
0.890477383412923 -0.015702506235967
0.898718208198806 -0.014519320430725
0.906391928609270 -0.013403605549213
0.913536948225460 -0.012349530349716
0.920189687867699 -0.011352676721307
0.926384701106653 -0.010411262777590
0.932154415869265 -0.009524364430546
0.937528986900084 -0.008690561694012
0.942536466639948 -0.007908405078562
0.947202801865868 -0.007176154952989
0.951551930987829 -0.006491940728797
0.955606075729133 -0.005855318662350
0.959385706879406 -0.005265880346189
0.962909560113872 -0.004722325296011
0.966194590025843 -0.004220882147721
0.969256063196301 -0.003755126730770
0.972108065839734 -0.003319872550828
0.974763643717564 -0.002911547327220
0.977235570770961 -0.002534406311389
0.979536040936418 -0.002196890345721
0.981675875293322 -0.001903581767531
0.983664657339416 -0.001655760543012
0.985510041807167 -0.001443988989599
0.987218018992930 -0.001250042356275
0.988794463110487 -0.001061369154725
0.990245132309401 -0.000870573715174
0.991576055669806 -0.000679103050935
0.992795054916135 -0.000512919124486
0.993909017090528 -0.000393416027998
0.994923195558671 -0.000329741955926
0.995841565425782 -0.000322268082185
0.996665628776021 -0.000352900749905
0.997393777431281 -0.000379977460779
0.998026233742767 -0.000379958472248
0.998564973719426 -0.000346898693955
0.999012958885753 -0.000286069496736
0.999373540627848 -0.000209000438986
0.999650004017803 -0.000129672744038
0.999845225549331 -0.000061656736264
0.999961425393341 -0.000016035573777
1.000000000000000 0.000000000000000
