1.000000000000000 0.000000000000000
0.999966949355557 0.000027708683003
0.999866637941294 0.000107253044285
0.999695678989535 0.000228228460312
0.999448738760641 0.000374448082679
0.999119021625074 0.000525742945168
0.998698987670378 0.000660623220008
0.998181343585334 0.000759949994856
0.997560362575857 0.000811821901939
0.996833606823741 0.000817945961527
0.996004147399162 0.000801840353361
0.995082147355662 0.000814593187264
0.994072001613430 0.000886257865866
0.992969647194275 0.001015399679897
0.991768238746615 0.001189983642415
0.990457368672514 0.001383855606717
0.989023705383012 0.001559852245034
0.987459187796473 0.001707575765463
0.985758389457336 0.001831554981185
0.983916509396415 0.001942316449083
0.981929635505956 0.002057909392733
0.979791761505826 0.002190423676730
0.977493130544795 0.002338711395839
0.975022485036678 0.002499281705169
0.972367002517358 0.002666575861094
0.969513758583676 0.002841927346684
0.966451015664310 0.003041726633731
0.963166829727234 0.003290988187207
0.959648779668058 0.003621874857132
0.955879737068174 0.004031604267739
0.951837087756280 0.004475147759139
0.947494362668382 0.004882181669258
0.942825055328966 0.005202013541159
0.937809900383018 0.005488137498521
0.932431876215524 0.005842639382687
0.926671983985000 0.006367989524014
0.920498921726101 0.007046490353264
0.913874861448190 0.007808929258363
0.906759539155689 0.008585333677902
0.899113896197567 0.009351151453048
0.890896957309107 0.010086797263811
0.882072279988959 0.010838165519096
0.872609094990414 0.011726072305218
0.862469733277113 0.012815310021253
0.851599127384948 0.014001770273558
0.839941710769265 0.015184521634810
0.827456875193242 0.016426375998812
0.814118569216262 0.017889478146796
0.799930404277804 0.019887572284329
0.784853472886444 0.022371904697503
0.768734781430851 0.024399132445351
0.751533586079191 0.025861891860794
0.733352529823320 0.027702716798189
0.714219033594691 0.030119384989723
0.694134918679789 0.032983252758277
0.673107310647754 0.036105328212689
0.651117145482653 0.038973409387185
0.628255233488893 0.041751448990629
0.604717242191466 0.045238855175548
0.580495298355882 0.048582234098435
0.555739094445034 0.051954888417939
0.530608490254637 0.055470850669662
0.505159695087063 0.058396913181915
0.479653124667216 0.061530247364240
0.454194128523075 0.064346276888385
0.428902165540716 0.066438510418955
0.403973861124949 0.068108395080416
0.379556135962118 0.069401510761970
0.355779746557572 0.070362575653895
0.332756443418871 0.070904293189872
0.310578562960839 0.071005125902701
0.289321494672739 0.070828764981320
0.269043359289569 0.070267953472895
0.249776174760963 0.069389749219268
0.231531064648334 0.068396770064062
0.214313535092432 0.067227328649029
0.198116421254750 0.065843188579875
0.182919621014002 0.064278281876498
0.168691041569073 0.062590239011495
0.155389074342415 0.060843308831987
0.142963261467359 0.059108122976676
0.131371567833116 0.057387603549842
0.120583925450530 0.055607307762625
0.110552561794007 0.053778247647616
0.101212393871896 0.051999939114485
0.092522713317070 0.050272610663295
0.084476108160630 0.048462712402087
0.077046761051485 0.046512446192603
0.070164132641263 0.044542776160499
0.063761441611265 0.042669288569343
0.057814401062608 0.040873937094340
0.052323453935288 0.039062534918277
0.047273583964230 0.037189440852374
0.042613368622439 0.035315576009479
0.038289494527978 0.033513045260582
0.034266791728256 0.031813422875702
0.030546913743866 0.030167301585764
0.027132667691966 0.028524078719167
0.024017524303706 0.026856989036697
0.021182643083070 0.025176745028860
0.018605744511015 0.023503683054656
0.016265738311522 0.021853935815406
0.014146936309250 0.020236164906939
0.012239121762901 0.018652206843284
0.010530368294871 0.017104702274187
0.009007295468919 0.015597318586894
0.007654490203576 0.014137651968309
0.006455395195460 0.012736023884474
0.005394670309454 0.011400247108692
0.004458300934040 0.010135883939329
0.003634080648058 0.008946228300711
0.002915251534147 0.007829126825417
0.002296048012195 0.006781537890078
0.001769033040246 0.005802292841875
0.001325779313251 0.004891574403874
0.000957429442893 0.004050492812423
0.000658295127994 0.003281970818691
0.000427169898955 0.002590871103552
0.000258497057140 0.001980339104277
0.000143206403182 0.001451908482867
0.000070523443809 0.001006031988392
0.000029365750429 0.000642496215533
0.000009407441017 0.000360741559976
0.000001874411411 0.000160103905938
0.000000117754093 0.000039990612493
0.000000000000000 0.000000000000000
0.000000117745135 -0.000039990612561
0.000001874375925 -0.000160103906297
0.000009407362478 -0.000360741561116
0.000029365614071 -0.000642496218389
0.000070523237375 -0.001006031994540
0.000143206117718 -0.001451908494723
0.000258496687847 -0.001980339125316
0.000427169446115 -0.002590871138548
0.000658294597990 -0.003281970873981
0.000957428849339 -0.004050492896196
0.001325778669039 -0.004891574522986
0.001769032345122 -0.005802292996907
0.002296047266827 -0.006781538080494
0.002915250740760 -0.007829127049573
0.003634079810692 -0.008946228555678
0.004458300058463 -0.010135884221059
0.005394669396296 -0.011400247418734
0.006455394243138 -0.012736024227233
0.007654489210707 -0.014137652348820
0.009007294434361 -0.015597319010915
0.010530367218275 -0.017104702747010
0.012239120646642 -0.018652207365108
0.014146935157033 -0.020236165476741
0.016265737128352 -0.021853936431374
0.018605743301812 -0.023503683715639
0.021182641848594 -0.025176745738451
0.024017523044703 -0.026856989799233
0.027132666409703 -0.028524079539033
0.030546912444123 -0.030167302454131
0.034266790420427 -0.031813423774186
0.038289493223662 -0.033513046166601
0.042613367324591 -0.035315576920378
0.047273582666986 -0.037189441785578
0.052323452631557 -0.039062535894301
0.057814399753926 -0.040873938109695
0.063761440306070 -0.042669289601803
0.070164131347991 -0.044542777189053
0.077046759767571 -0.046512447231404
0.084476106880410 -0.048462713475240
0.092522712040707 -0.050272611771998
0.101212392606422 -0.051999940234173
0.110552560544934 -0.053778248761241
0.120583924216833 -0.055607308880079
0.131371566614119 -0.057387604678479
0.142963260265957 -0.059108124106206
0.155389073161470 -0.060843309953507
0.168691040409286 -0.062590240128325
0.182919619876174 -0.064278282991798
0.198116420140216 -0.065843189694692
0.214313534002747 -0.067227329762350
0.231531063585221 -0.068396771172330
0.249776173726298 -0.069389750312242
0.269043358284923 -0.070267954550626
0.289321493698979 -0.070828766053269
0.310578562019312 -0.071005126957588
0.332756442510954 -0.070904294226048
0.355779745684107 -0.070362576674459
0.379556135123689 -0.069401511757285
0.403973860322211 -0.068108396048595
0.428902164773941 -0.066438511359063
0.454194127792813 -0.064346277803303
0.479653123973897 -0.061530248260350
0.505159694426557 -0.058396914026263
0.530608489629264 -0.055470851478469
0.555739093854053 -0.051954889196654
0.580495297795867 -0.048582234823995
0.604717241664719 -0.045238855871338
0.628255232991361 -0.041751449636890
0.651117145014130 -0.038973409984222
0.673107310209913 -0.036105328785037
0.694134918269240 -0.032983253295557
0.714219033209443 -0.030119385486482
0.733352529462275 -0.027702717253555
0.751533585741541 -0.025861892274221
0.768734781117529 -0.024399132833609
0.784853472596959 -0.022371905078074
0.799930404007449 -0.019887572639596
0.814118568962786 -0.017889478465883
0.827456874957087 -0.016426376289943
0.839941710550097 -0.015184521904252
0.851599127181770 -0.014001770524762
0.862469733088686 -0.012815310255175
0.872609094815500 -0.011726072520208
0.882072279826747 -0.010838165715496
0.890896957159078 -0.010086797445244
0.899113896059000 -0.009351151622272
0.906759539027663 -0.008585333835710
0.913874861329840 -0.007808929405146
0.920498921616631 -0.007046490488998
0.926671983883715 -0.006367989647833
0.932431876121935 -0.005842639494284
0.937809900296860 -0.005488137599339
0.942825055249980 -0.005202013634032
0.947494362596121 -0.004882181756162
0.951837087690132 -0.004475147840651
0.955879737007505 -0.004031604342864
0.959648779612415 -0.003621874925326
0.963166829676307 -0.003290988248377
0.966451015617908 -0.003041726688711
0.969513758541587 -0.002841927396325
0.972367002479332 -0.002666575906058
0.975022485002441 -0.002499281745923
0.977493130514049 -0.002338711432587
0.979791761478309 -0.002190423709679
0.981929635481436 -0.002057909422106
0.983916509374693 -0.001942316475159
0.985758389438255 -0.001831555004445
0.987459187779838 -0.001707575786282
0.989023705368603 -0.001559852263676
0.990457368660096 -0.001383855623369
0.991768238735911 -0.001189983656936
0.992969647185072 -0.001015399692126
0.994072001605609 -0.000886257875838
0.995082147349158 -0.000814593195139
0.996004147393943 -0.000801840359401
0.996833606819814 -0.000817945966308
0.997560362573098 -0.000811821905842
0.998181343583530 -0.000759949998045
0.998698987669290 -0.000660623222542
0.999119021624477 -0.000525742947070
0.999448738760350 -0.000374448083984
0.999695678989414 -0.000228228461089
0.999866637941254 -0.000107253044645
0.999966949355550 -0.000027708683096
1.000000000000000 0.000000000000000
