1.000000000000000 0.000000000000000
0.999960801260735 0.000011189909085
0.999843060162362 0.000044791255618
0.999646341083372 0.000100899014355
0.999369914713068 0.000179671865895
0.999012753108032 0.000281332779203
0.998573522708406 0.000406169824078
0.998050575250711 0.000554537210121
0.997441936495111 0.000726856547384
0.996745292665740 0.000923618321987
0.995957974482794 0.001145383577749
0.995076938644634 0.001392785791936
0.994098746597004 0.001666532929600
0.993019540404875 0.001967409656486
0.991835015520350 0.002296279684885
0.990540390217936 0.002654088219993
0.989130371446568 0.003041864466036
0.987599116826685 0.003460724141476
0.985940192501289 0.003911871940614
0.984146526533258 0.004396603864869
0.982210357528965 0.004916309330362
0.980123178162387 0.005472472939273
0.977875673277177 0.006066675780373
0.975457652260257 0.006700596099282
0.972857975413918 0.007376009151453
0.970064474110325 0.008094786021084
0.967063864600344 0.008858891158030
0.963841655477527 0.009670378353808
0.960382048980185 0.010531384849284
0.956667836565111 0.011444123244384
0.952680289524473 0.012410870869165
0.948399045865856 0.013433956283514
0.943801995261775 0.014515742609709
0.938865164631885 0.015658607481963
0.933562607885784 0.016864919538199
0.927866304568137 0.018137011604941
0.921746073654814 0.019477151065704
0.915169510591658 0.020887508391468
0.908101957883037 0.022370125488851
0.900506522146598 0.023926886429887
0.892344153546379 0.025559494306794
0.883573792873476 0.027269629475336
0.874152551481832 0.029059996825809
0.864036117385613 0.030934238060726
0.853179316512569 0.032896941866702
0.841536836056448 0.034954063958282
0.829064166203603 0.037113474346133
0.815718789441548 0.039385649162780
0.801461640471198 0.041784518584420
0.786258806576159 0.044328259692283
0.770081496621964 0.047030088392210
0.752906421210356 0.049889987978394
0.734719797794036 0.052903857261516
0.715519698187682 0.056063810650808
0.695318207586792 0.059357644461947
0.674143248228790 0.062766169274597
0.652039302535072 0.066251089930689
0.629069003630612 0.069760211386001
0.605313950827341 0.073231966943769
0.580874537888144 0.076597778440708
0.555871568764592 0.079801836834022
0.530444214508163 0.082805213021705
0.504744193224480 0.085573077574065
0.478931494469384 0.088073559444264
0.453170910935185 0.090251161282816
0.427626486263190 0.092037286287729
0.402455332288223 0.093375784557522
0.377803091475257 0.094233671935263
0.353800808393712 0.094661005719415
0.330561646272425 0.094746484215211
0.308178715445014 0.094573254743382
0.286724576288950 0.094213226946141
0.266254508252162 0.093665017499555
0.246806814399593 0.092871356110170
0.228400853062170 0.091797006106089
0.211039228155326 0.090428642181353
0.194710445654214 0.088770349753014
0.179403168744167 0.086818978514867
0.165117067211237 0.084545603155474
0.151836073158708 0.081942801144019
0.139526820469840 0.079032081956600
0.128127491291414 0.075912758224807
0.117567626771413 0.072698430757564
0.107781766799314 0.069474343776144
0.098709399178906 0.066302668952126
0.090302139951606 0.063216141503722
0.082537434772896 0.060200947382705
0.075390193499236 0.057242540527476
0.068824002295848 0.054334556890947
0.062772813316802 0.051479102241469
0.057171130245357 0.048681309880022
0.051965812739881 0.045946685927549
0.047115423471032 0.043280818751702
0.042619130069928 0.040692131972861
0.038496067420675 0.038189829946480
0.034750462677681 0.035780492974957
0.031375129092034 0.033468494567740
0.028355137670299 0.031256456330307
0.025670561010879 0.029145620897762
0.023291641903645 0.027133352177090
0.021137536900322 0.025195912227474
0.019125787372805 0.023308452159424
0.017199912702628 0.021456149871590
0.015323154088463 0.019631575353062
0.013473445743379 0.017832604191920
0.011643188856712 0.016062248279015
0.009874889667299 0.014342418544630
0.008225166006819 0.012699971931955
0.006728917353698 0.011152841619702
0.005404217281431 0.009711953279352
0.004256785522920 0.008382986816094
0.003283465688382 0.007167757696830
0.002474921365642 0.006065297680080
0.001817718728637 0.005072698240595
0.001295928491810 0.004185766874213
0.000892352129082 0.003399536068533
0.000589455183316 0.002708656469921
0.000370073002461 0.002107699220590
0.000217940382986 0.001591387226580
0.000118085611909 0.001154770966738
0.000057120666391 0.000793361140413
0.000023452370524 0.000503227799219
0.000007433736255 0.000281073473210
0.000001470220013 0.000124286069562
0.000000091958338 0.000030975899442
0.000000000000000 0.000000000000000
0.000000087464888 -0.000030142080488
0.000001405490792 -0.000120418464721
0.000007166345809 -0.000270366227834
0.000022876795304 -0.000479168747742
0.000056573733261 -0.000745586063984
0.000119166639795 -0.001067853248538
0.000224900073093 -0.001443542439867
0.000391954118084 -0.001869382626949
0.000643194057667 -0.002341030382115
0.001004478753725 -0.002852984442329
0.001499669430275 -0.003398700952502
0.002152077242762 -0.003970143565587
0.002983781164741 -0.004557416488867
0.004014060905135 -0.005148365328603
0.005257351578207 -0.005728090842983
0.006720586925322 -0.006278356794311
0.008399762576024 -0.006776868729506
0.010275506255191 -0.007196395136360
0.012307385545195 -0.007503695773891
0.014432129405378 -0.007660377445590
0.016622790802642 -0.007648158985210
0.018891947469602 -0.007472842102085
0.021262560221749 -0.007156439306927
0.023770758102985 -0.006742904737507
0.026469508263994 -0.006304597661670
0.029404079154523 -0.005897727274220
0.032591514697236 -0.005525030478392
0.036045922924910 -0.005181266531420
0.039779854274364 -0.004855456457524
0.043803265339958 -0.004528732462271
0.048122131522901 -0.004171526693184
0.052737598265144 -0.003741838012192
0.057661995554045 -0.003216273367726
0.062923342738421 -0.002598822070709
0.068555313439608 -0.001901508859178
0.074598160103973 -0.001146445426304
0.081096650676964 -0.000360943958626
0.088085692868146 0.000455501590506
0.095596681734034 0.001316679015637
0.103660683494874 0.002242177880716
0.112313275627477 0.003244409252712
0.121596574982880 0.004322532319032
0.131555057573212 0.005471922031222
0.142235145427430 0.006683531592507
0.153684851702329 0.007942581711569
0.165951281276871 0.009232455687080
0.179078244745813 0.010537582091537
0.193106779569449 0.011837650897287
0.208073758409908 0.013107241893662
0.224009925020161 0.014328602196685
0.240937854217762 0.015492954768895
0.258869834512673 0.016594139168784
0.277805554441964 0.017629546269779
0.297729809318734 0.018601284428772
0.318610916781939 0.019511444626414
0.340400720728330 0.020343669841166
0.363032369716182 0.021075682544842
0.386419492838596 0.021684566877610
0.410456639602801 0.022147866766666
0.435020142452385 0.022447783281715
0.459970682980533 0.022572008712985
0.485157285537418 0.022512148787658
0.510421730774605 0.022265346051671
0.535604300211185 0.021850581577937
0.560548533201908 0.021303702918750
0.585105253473652 0.020662362651717
0.609136772872693 0.019962323722612
0.632520216980171 0.019220581760472
0.655150102338265 0.018441941551166
0.676939941914772 0.017631926263171
0.697822736201400 0.016796798305586
0.717750559231960 0.015944212227811
0.736693418609842 0.015083567437205
0.754637606410594 0.014223545296412
0.771583685418629 0.013371702905142
0.787544304435537 0.012534434805652
0.802542028794054 0.011717537716672
0.816607528358890 0.010930888828419
0.829777357763445 0.010184240540158
0.842092003871915 0.009483776654741
0.853594444180136 0.008832836567535
0.864328944786366 0.008232591986121
0.874340082677267 0.007682614895197
0.883671972560898 0.007181341228280
0.892367673970140 0.006726437767261
0.900468653424830 0.006313403543996
0.908014362258146 0.005933867768078
0.915042336306416 0.005580852676336
0.921588098469313 0.005249226479625
0.927685076627791 0.004935253761019
0.933364580228572 0.004636245621352
0.938655821021292 0.004350289811858
0.943585966071523 0.004076044299697
0.948180213493840 0.003812580653890
0.952461883338640 0.003559266224760
0.956452517736343 0.003315676294239
0.960171985779924 0.003081529210962
0.963638589745709 0.002856639027499
0.966869170149151 0.002640881370413
0.969879207842092 0.002434169241910
0.972682921912889 0.002236436216851
0.975293362579108 0.002047625098483
0.977722498588773 0.001867680562995
0.979981298890889 0.001696544683949
0.982079808516327 0.001534154505316
0.984027218739937 0.001380441044271
0.985831931685523 0.001235329266583
0.987501619595822 0.001098738699908
0.989043279027377 0.000970584442575
0.990463280250625 0.000850778394537
0.991767412143220 0.000739230588666
0.992960922862954 0.000635850538588
0.994048556578331 0.000540548547164
0.995034586521851 0.000453236939945
0.995922844614986 0.000373831202414
0.996716747895715 0.000302251010048
0.997419321960275 0.000238421147202
0.998033221611024 0.000182272315501
0.998560748882374 0.000133741835312
0.999003868597077 0.000092774245549
0.999364221585694 0.000059321807777
0.999643135683139 0.000033344920686
0.999841634597680 0.000014812450635
0.999960444729716 0.000003701983227
1.000000000000000 0.000000000000000
