1.000000000000000 0.000000000000000
0.999960661479696 0.000011740629473
0.999842505635053 0.000047015721658
0.999645110693765 0.000105985263861
0.999367770623035 0.000188917156470
0.999009490480984 0.000296189100350
0.998568979848031 0.000428291248935
0.998044644276836 0.000585829633667
0.997434574680823 0.000769530372252
0.996736534561796 0.000980244668648
0.995947944956703 0.001218954611174
0.995065866961864 0.001486779770027
0.994086981669844 0.001784984586938
0.993007567329350 0.002114986536561
0.991823473511852 0.002478365020027
0.990530092039882 0.002876870924115
0.989122324400860 0.003312436742198
0.987594545336636 0.003787187102467
0.985940562262472 0.004303449481016
0.984153570129699 0.004863764786918
0.982226101303477 0.005470897387060
0.980149969980799 0.006127843981788
0.977916210623896 0.006837840537721
0.975515009830259 0.007604366217887
0.972935631002508 0.008431142904571
0.970166331119167 0.009322128465295
0.967194268840921 0.010281501340343
0.964005403116270 0.011313633297495
0.960584381375691 0.012423046264899
0.956914416324862 0.013614347965735
0.952977150265906 0.014892139577686
0.948752505792003 0.016260886754449
0.944218521617266 0.017724742992454
0.939351172223699 0.019287311410929
0.934124169936031 0.020951327438936
0.928508747982345 0.022718240572378
0.922473423078588 0.024587668196845
0.915983736111906 0.026556688426815
0.909001969628754 0.028618932021484
0.901486841116616 0.030763425863762
0.893393456425691 0.032974131846739
0.884676546476231 0.035240722518271
0.875290832711468 0.037558926800962
0.865189807004752 0.039924869912782
0.854326413493695 0.042335546480668
0.842654014099490 0.044789648201139
0.830127647018913 0.047288676996629
0.816705618049425 0.049838390904675
0.802351455242894 0.052450619073694
0.787035545493624 0.055144127179252
0.770730645448275 0.057933391744060
0.753414692813375 0.060831078541663
0.735076318949442 0.063855449993917
0.715717278130419 0.067031681020879
0.695354798837336 0.070392950466969
0.674020505713507 0.073951650440538
0.651754244031142 0.077627059320687
0.628610940947286 0.081297446346934
0.604662731109118 0.084815516124867
0.580000499423150 0.088025275939027
0.554750298545731 0.090910125066291
0.529066857054383 0.093560909686118
0.503119157505674 0.096086814434600
0.477083257526903 0.098585945403364
0.451122368971333 0.100969349788480
0.425389211283161 0.103054718962459
0.400029863672242 0.104675671498399
0.375181629793047 0.105709069066153
0.350978365963060 0.106168556245622
0.327539479555894 0.106121167317515
0.304963377400889 0.105636905163335
0.283327423230590 0.104781966202317
0.262697101353938 0.103569961829006
0.243121777885263 0.101988723989308
0.224628020461577 0.100043938908511
0.207222285065937 0.097756327750624
0.190894042969387 0.095158185728918
0.175615392739264 0.092315627310743
0.161344229910801 0.089324763136513
0.148033201605875 0.086265053748529
0.135635533580999 0.083187377153344
0.124118089331856 0.080080721746792
0.113444918617453 0.076929690230422
0.103573436076886 0.073731611164343
0.094457065178081 0.070492758173914
0.086045919642150 0.067241137353439
0.078288436637742 0.064023471099723
0.071134950652586 0.060875952322495
0.064538282283965 0.057822412915805
0.058452988166608 0.054855476023189
0.052836373405435 0.051956472412248
0.047649405150032 0.049114811242413
0.042864456015619 0.046330952380546
0.038472658663373 0.043619383164942
0.034461212910863 0.040992721353884
0.030812026410737 0.038459966888554
0.027503772215407 0.036027247492990
0.024513399277938 0.033698425507979
0.021813870579284 0.031471867514116
0.019358765966292 0.029322890727871
0.017103529572474 0.027227083499406
0.015014370536708 0.025170055024424
0.013065852031492 0.023144723164615
0.011239505420523 0.021149528825518
0.009540220907172 0.019197288864382
0.007990754201520 0.017311481215510
0.006603459236938 0.015509393435263
0.005381592883261 0.013802640885018
0.004321890965225 0.012198511579608
0.003416549077899 0.010701026185538
0.002654738677709 0.009311772232294
0.002023761079113 0.008030559457295
0.001509920029822 0.006855933555796
0.001099176236087 0.005785577940964
0.000777633583411 0.004816627028512
0.000531896069999 0.003945909720061
0.000349326026204 0.003170137911223
0.000218227547279 0.002486051788761
0.000127973835687 0.001890531242756
0.000069093029909 0.001380680774493
0.000033323849762 0.000953893725421
0.000013649823987 0.000607900404360
0.000004318833703 0.000340803683228
0.000000853085064 0.000151104812530
0.000000053319330 0.000037721533649
0.000000000000000 0.000000000000000
0.000000050863917 -0.000036810589023
0.000000816770152 -0.000147297003551
0.000004159551335 -0.000331618370390
0.000013256006568 -0.000590023609155
0.000032711283015 -0.000922826144170
0.000068723254503 -0.001330366760092
0.000129303816155 -0.001812962764684
0.000224565111715 -0.002370840955754
0.000367081138429 -0.003004051107031
0.000572114471353 -0.003712361694942
0.000855652805057 -0.004495187586377
0.001234042011357 -0.005351442858808
0.001724573095744 -0.006279328081699
0.002345149680990 -0.007276092158905
0.003113813567303 -0.008337735963145
0.004048099477822 -0.009458643429772
0.005164167562808 -0.010631122639404
0.006475648108046 -0.011844835131507
0.007992114950462 -0.013086086343745
0.009717081324753 -0.014336943398084
0.011645382958545 -0.015574138121854
0.013759808955274 -0.016767721687735
0.016042012428332 -0.017888307566069
0.018502261156383 -0.018925644834429
0.021158780027260 -0.019878201999463
0.024033528597613 -0.020752913327739
0.027153000255236 -0.021568390377451
0.030542851701932 -0.022341422595655
0.034221364897502 -0.023070835692455
0.038205330990538 -0.023756715208074
0.042509942070772 -0.024404004174740
0.047147642267401 -0.025024570079914
0.052126606692529 -0.025639908956771
0.057456916199347 -0.026273245876770
0.063165709398620 -0.026929282203619
0.069286597281233 -0.027610146399238
0.075858052639999 -0.028319109836501
0.082922624561700 -0.029056661804550
0.090519180977479 -0.029799056165996
0.098686053683271 -0.030503034265811
0.107463039460368 -0.031110460548043
0.116891858551923 -0.031585004149572
0.127015639828686 -0.031912562326528
0.137877801186582 -0.032083440765955
0.149521140894643 -0.032094414671532
0.161986635297936 -0.031944305968977
0.175311691865921 -0.031587647105134
0.189528432186458 -0.030945465883350
0.204661684255802 -0.029918131881067
0.220730308383134 -0.028415009028352
0.237751126788262 -0.026409331852104
0.255732059705223 -0.023899467939789
0.274669270373387 -0.020906392811752
0.294545251359031 -0.017478965279748
0.315327683022782 -0.013694243190752
0.336974163787614 -0.009614193374261
0.359430577267687 -0.005293334098664
0.382627599559119 -0.000803206664626
0.406480837286086 0.003768030145558
0.430889073319241 0.008292827904005
0.455733131511181 0.012582662255092
0.480882179047888 0.016434221737772
0.506197264627417 0.019646020056009
0.531521550715043 0.022107007535530
0.556673729259861 0.023867943362457
0.581476816494085 0.025008551588990
0.605766775946236 0.025616669039827
0.629403492482020 0.025785173491869
0.652277650058235 0.025608492374458
0.674300707730783 0.025174855166725
0.695404111820150 0.024563051011410
0.715539006710232 0.023837545905448
0.734675716213101 0.023031160821939
0.752801286158464 0.022164051294230
0.769917021154735 0.021254368504906
0.786036287442195 0.020318108671783
0.801182300278504 0.019369051439569
0.815385220399914 0.018413685084221
0.828679324751302 0.017445560813486
0.841103612234247 0.016460600834548
0.852700514065344 0.015458538686130
0.863514438794063 0.014441713476610
0.873590587331073 0.013414113522932
0.882974014940086 0.012380643760704
0.891708911043783 0.011346584526292
0.899838065504296 0.010317207851034
0.907402983935220 0.009301782840973
0.914444587273948 0.008321629955179
0.921001171809323 0.007393700121524
0.927108081775216 0.006528321751764
0.932797900922938 0.005730947846719
0.938100640090107 0.005003505632076
0.943043918611357 0.004345429442995
0.947653138064037 0.003754443638482
0.951951647346384 0.003227149966330
0.955960898478570 0.002759463179920
0.959700592822364 0.002346929796179
0.963188817650081 0.001984957539232
0.966442173172030 0.001668977047300
0.969475890264286 0.001394552628659
0.972303939234306 0.001157455041355
0.974939130027756 0.000953706264604
0.977393204322017 0.000779603874019
0.979676919975079 0.000631730798476
0.981800128307183 0.000506954815821
0.983771844689964 0.000402421050226
0.985600312906751 0.000315539894942
0.987293063730582 0.000243972144132
0.988856968144896 0.000185612631610
0.990298285607550 0.000138573307619
0.991622707732659 0.000101166409575
0.992835397737839 0.000071888177767
0.993941025977209 0.000049403415557
0.994943801853681 0.000032531082949
0.995847502377765 0.000020231032581
0.996655497614735 0.000011591940679
0.997370773237566 0.000005820446475
0.997995950379708 0.000002231487672
0.998533302959479 0.000000239803309
0.998984772626632 -0.000000647433607
0.999351981461421 -0.000000836895075
0.999636242537145 -0.000000654329935
0.999838568438686 -0.000000348786917
0.999959677811706 -0.000000095862382
1.000000000000000 0.000000000000000
