1.000000000000000 0.000000000000000
0.999960637872833 0.000009882133640
0.999842407309571 0.000039559662149
0.999644874802839 0.000089126131409
0.999367314624800 0.000158737995863
0.999008703973834 0.000248615438751
0.998567716119666 0.000359043526953
0.998042711486263 0.000490373706987
0.997431726593863 0.000643025650560
0.996732460763074 0.000817489459925
0.995942260465083 0.001014328245196
0.995058101182619 0.001234181087622
0.994076566626384 0.001477766404714
0.992993825131414 0.001745885734983
0.991805603037250 0.002039427961966
0.990507154835318 0.002359373999147
0.989093229846866 0.002706801959377
0.987558035175770 0.003082892834505
0.985895194663380 0.003488936713241
0.984097703558382 0.003926339567865
0.982157878605075 0.004396630643479
0.980067303250291 0.004901470487316
0.977816767675390 0.005442659660552
0.975396203378521 0.006022148181615
0.972794612068351 0.006642045758970
0.969999988689381 0.007304632883709
0.966999238488130 0.008012372869594
0.963778088158089 0.008767924952224
0.960320991281044 0.009574158592616
0.956611028527357 0.010434169176935
0.952629803405672 0.011351295368190
0.948357334784547 0.012329138453159
0.943771947969861 0.013371584146210
0.938850166842206 0.014482827470252
0.933566610471227 0.015667401544924
0.927893898766099 0.016930211386117
0.921802573131370 0.018276574173172
0.915261039812079 0.019712267884342
0.908235545661389 0.021243590748827
0.900690198462703 0.022877434619663
0.892587046674012 0.024621376127461
0.883886211050406 0.026483673637502
0.874545741838784 0.028471581844433
0.864521869828809 0.030590945378727
0.853769649654490 0.032846947397950
0.842243546493041 0.035243828832322
0.829898197873888 0.037784514458905
0.816689381986062 0.040470171195056
0.802575213607690 0.043299699849550
0.787517582118160 0.046269174680365
0.771484230954618 0.049373445462401
0.754451469334546 0.052609977102824
0.736405791943277 0.055975695168973
0.717346052244740 0.059466359144459
0.697285739738651 0.063076633702725
0.676254721946809 0.066797723791961
0.654297310203524 0.070592595983666
0.631474014780033 0.074399909034285
0.607863926816640 0.078147308362187
0.583564549279578 0.081753633113789
0.558693731142716 0.085145396849576
0.533389492728248 0.088268958916305
0.507802879705307 0.091076343798637
0.482093461294470 0.093525484947338
0.456427689105828 0.095564565522422
0.430974207923248 0.097131370569058
0.405894741826892 0.098177152367017
0.381338898312885 0.098671386972610
0.357438539490928 0.098624053076355
0.334305398453116 0.098078246995939
0.312031133189385 0.097085099384817
0.290686909756938 0.095700018087951
0.270335632171881 0.093949645973142
0.251040319576415 0.091811095170192
0.232839533793270 0.089278018235050
0.215747481958392 0.086364479757551
0.199757916871109 0.083099939664156
0.184842641043907 0.079543433791362
0.170927634656387 0.075875157672839
0.157930204961737 0.072276181385372
0.145777510345503 0.068871883439682
0.134424433096707 0.065685105057604
0.123869496498868 0.062594174825772
0.114100863456752 0.059501331876615
0.105092725946041 0.056347750504270
0.096809730637900 0.053103372047931
0.089190127866715 0.049820864950819
0.082135568842684 0.046668625688670
0.075563658851070 0.043771726531905
0.069413740034437 0.041191924746129
0.063667180317232 0.038842887124832
0.058318419968148 0.036603239757348
0.053355530769355 0.034392024693567
0.048762210913452 0.032158743832354
0.044520481506658 0.029899558976749
0.040613254361570 0.027682642480078
0.037021955865521 0.025565569876574
0.033726905265962 0.023585415645419
0.030708097698163 0.021764017440582
0.027945759224832 0.020112026984952
0.025420729403546 0.018632012647088
0.023110975293760 0.017316676026223
0.020959303147402 0.016114655570687
0.018904434641293 0.014966245348122
0.016906232426413 0.013832338874748
0.014940675465864 0.012689598132805
0.012995628329025 0.011526329710562
0.011072603725212 0.010341577518527
0.009227472916405 0.009162235609245
0.007525056980063 0.008021494829056
0.006003575837498 0.006941989971806
0.004681053315701 0.005938120198748
0.003560813805618 0.005018102330181
0.002635769006767 0.004185587709726
0.001891751434756 0.003440933078587
0.001310097993129 0.002782197341995
0.000869644579671 0.002205921351434
0.000548259104382 0.001707736077653
0.000324013612697 0.001282835185753
0.000176074981608 0.000926340547698
0.000085376734905 0.000633583243501
0.000035120988517 0.000400317794466
0.000011148654631 0.000222883487173
0.000002207214710 0.000098323481889
0.000000138139739 0.000024469788409
0.000000000000000 0.000000000000000
0.000000132040181 -0.000023842031776
0.000002123046128 -0.000095110269128
0.000010835756027 -0.000213009008952
0.000034638118328 -0.000376137350320
0.000085809392902 -0.000582373679767
0.000181113339738 -0.000828710720401
0.000341089773945 -0.001111343963501
0.000587888062999 -0.001426047398360
0.000945393108712 -0.001768042143777
0.001438479889565 -0.002132019004651
0.002091863438313 -0.002512209583296
0.002928591211804 -0.002902487194168
0.003968078014516 -0.003296507477334
0.005223557060037 -0.003687901377598
0.006698787364680 -0.004070536670920
0.008383815655482 -0.004438868679645
0.010249538062101 -0.004788406478778
0.012240740177024 -0.005116328080702
0.014280808769201 -0.005421955903286
0.016347225960250 -0.005705694143774
0.018451434967312 -0.005970535391802
0.020617192371490 -0.006223911225189
0.022884884552642 -0.006479303377740
0.025317115343560 -0.006758297232329
0.027980694196716 -0.007081712033215
0.030899245098381 -0.007447128205405
0.034087404093635 -0.007843448981231
0.037557692655125 -0.008252684163597
0.041319226402925 -0.008647627336474
0.045375988970827 -0.008988856083627
0.049724543946390 -0.009220869974607
0.054359209244648 -0.009282504785158
0.059298181792211 -0.009157041793688
0.064570097866880 -0.008848488413723
0.070209259189082 -0.008374748225817
0.076257019493512 -0.007773004302436
0.082755021975241 -0.007078561464008
0.089736270752846 -0.006297096625005
0.097233783312339 -0.005435875017348
0.105281728246916 -0.004507895952631
0.113918958910282 -0.003521811404589
0.123188243119434 -0.002485107372599
0.133134620681258 -0.001410018030885
0.143805205669160 -0.000315058318986
0.155248671749972 0.000774525518382
0.167511026450238 0.001847333400376
0.180633840376287 0.002910594410775
0.194654913519138 0.003979150806226
0.209606986566846 0.005074075446367
0.225519180766520 0.006199381931582
0.242414291880455 0.007347640470139
0.260305393776090 0.008509448463364
0.279193650736173 0.009673378416694
0.299066153815019 0.010825952561183
0.319893724960674 0.011951887093206
0.341628824067355 0.013034663241995
0.364204728641593 0.014056649077537
0.387535194558572 0.014999574208021
0.411514920974331 0.015845031277178
0.436020901704678 0.016573380237527
0.460914974841899 0.017165097403501
0.486047388512420 0.017602908537561
0.511261099473592 0.017874265316529
0.536396786496839 0.017986996884615
0.561297713827883 0.017962628866937
0.585814352805746 0.017825062993141
0.609808567526747 0.017596293068226
0.633156468579055 0.017272151595514
0.655751398780227 0.016837761489649
0.677505919421167 0.016284337180900
0.698352334579138 0.015609440420837
0.718243067818876 0.014834677317071
0.737149661519960 0.014008363339627
0.755059662347657 0.013171483257713
0.771974514479043 0.012355359030589
0.787907426573804 0.011582722299834
0.802881133159406 0.010866752311095
0.816925405717922 0.010201703287605
0.830075704131509 0.009577497485610
0.842371734461127 0.008986642174762
0.853855944466349 0.008423699450711
0.864572263297373 0.007884811118064
0.874565075070534 0.007367303610996
0.883878406121733 0.006869368796339
0.892555302646458 0.006389847322810
0.900637441043728 0.005929467043014
0.908164792214507 0.005490522803547
0.915175287257169 0.005074436921713
0.921704697826221 0.004681830589728
0.927786592070122 0.004312735355490
0.933452340737592 0.003966758636503
0.938731160608479 0.003643211933251
0.943650184776205 0.003341209115281
0.948234551384013 0.003059740932880
0.952507504189864 0.002797730810339
0.956490499818965 0.002554076023448
0.960203317784791 0.002327677555510
0.963664170350715 0.002117461253565
0.966889810097636 0.001922392354998
0.969895633689925 0.001741485007891
0.972695780821091 0.001573808049977
0.975303227697204 0.001418488025702
0.977729874701978 0.001274710195438
0.979986628100788 0.001141718113746
0.982083475797035 0.001018812215206
0.984029557265531 0.000905347738785
0.985833227864066 0.000800732238476
0.987502117774164 0.000704422863924
0.989043185851558 0.000615923545638
0.990462768681288 0.000534782182029
0.991766625135476 0.000460587897169
0.992959976726806 0.000392968416883
0.994047544039967 0.000331587594872
0.995033579508576 0.000276143108853
0.995921896787706 0.000226364338149
0.996715896953242 0.000182010428073
0.997418591739407 0.000142868542155
0.998032624005725 0.000108752300465
0.998560285604527 0.000079500400429
0.999003532800317 0.000054975415572
0.999363999372871 0.000035062767200
0.999643007517035 0.000019669864049
0.999841576633781 0.000008725405297
0.999960430089121 0.000002178842904
1.000000000000000 0.000000000000000
