1.000000000000000 0.000000000000000
0.999960040847409 0.000005284363968
0.999840017786523 0.000021153646180
0.999639493043196 0.000047656498501
0.999357733769344 0.000084874277632
0.998993707176379 0.000132921451990
0.998546073662184 0.000191946174347
0.998013177871387 0.000262131023238
0.997393037610806 0.000343693917008
0.996683330523728 0.000436889205271
0.995881378407874 0.000542008943433
0.994984129042738 0.000659384356858
0.993988135372197 0.000789387502200
0.992889531868236 0.000932433134450
0.991684007881292 0.001088980789294
0.990366777762378 0.001259537091580
0.988932547522338 0.001444658302040
0.987375477774661 0.001644953115972
0.985689142691268 0.001861085729493
0.983866484686471 0.002093779191365
0.981899764534538 0.002343819061407
0.979780506622777 0.002612057400545
0.977499439047429 0.002899417122814
0.975046428277217 0.003206896746830
0.972410408143396 0.003535575593926
0.969579302971127 0.003886619493331
0.966539944751815 0.004261287072740
0.963277984378516 0.004660936736974
0.959777797137520 0.005087034470424
0.956022382882212 0.005541162643493
0.951993261626828 0.006025030062846
0.947670365707586 0.006540483584766
0.943031930190523 0.007089521715882
0.938054383886694 0.007674310763127
0.932712244197376 0.008297204273180
0.926978020088615 0.008960766730142
0.920822128821511 0.009667802768723
0.914212833675736 0.010421393518047
0.907116211826533 0.011224942125205
0.899496163783496 0.012082231019230
0.891314478361629 0.012997494055912
0.882530969980621 0.013975507304809
0.873103708065728 0.015021702846958
0.862989343200250 0.016142161301839
0.852143448792110 0.017342608310596
0.840521176015901 0.018628656062922
0.828078119275451 0.020006218992780
0.814771345294339 0.021481508206976
0.800560656070412 0.023061016064717
0.785410097217370 0.024751490646642
0.769289704549249 0.026559858789483
0.752177086574544 0.028489725252245
0.734059068693615 0.030536883777443
0.714934298583908 0.032692537413244
0.694815450754993 0.034943161167003
0.673731216538624 0.037269993651180
0.651728516372927 0.039653011287731
0.628874708409012 0.042079169482102
0.605257105030202 0.044535591150141
0.580982297190357 0.047008368487083
0.556174531497764 0.049483513445139
0.530972713732226 0.051949520807382
0.505527262443061 0.054396047133957
0.479995992039131 0.056813383066007
0.454538149341090 0.059167447263623
0.429307437922928 0.061357224191457
0.404450261126405 0.063279109744462
0.380102291094131 0.064844935382565
0.356388142136198 0.066026925409562
0.333420907138090 0.066887153372375
0.311294445119423 0.067493386569403
0.290081984560888 0.067906856283759
0.269836116451012 0.068167757210923
0.250588984119762 0.068257242882505
0.232355465990553 0.068153541444260
0.215135720972546 0.067848316872183
0.198917432971329 0.067344003188454
0.183678788099317 0.066649025928026
0.169399704053223 0.065748005092079
0.156057395320301 0.064619109686479
0.143619363148954 0.063258890255564
0.132042948977486 0.061690243012522
0.121272492198782 0.059979585267300
0.111252418596057 0.058187682867963
0.101930185929415 0.056361286542453
0.093256796689942 0.054534825553306
0.085211483438199 0.052678559069776
0.077802585388907 0.050698434597752
0.071022744086473 0.048535656155232
0.064833898847382 0.046193631493162
0.059155301058619 0.043758057237264
0.053915408784260 0.041303629641650
0.049057052635951 0.038884087107200
0.044537830381271 0.036536526484310
0.040349173718328 0.034281729882839
0.036490055068796 0.032131149493854
0.032952180900892 0.030091417413497
0.029722292032502 0.028165587112726
0.026783973930952 0.026354081835363
0.024118996005546 0.024655427339343
0.021699817221599 0.023058423441797
0.019467520618412 0.021520023326486
0.017370807591735 0.020003795047300
0.015374366022263 0.018488123246509
0.013454926348916 0.016962269581960
0.011598455981945 0.015423485888023
0.009820175772155 0.013886729488372
0.008168132243660 0.012385807375827
0.006674462551031 0.010946621538180
0.005355219300871 0.009586656993560
0.004214675450787 0.008316994610363
0.003248669616521 0.007143897749130
0.002447197390400 0.006070061038326
0.001796411128040 0.005095591448834
0.001280156530465 0.004218777413986
0.000881147351545 0.003436690283571
0.000581858201464 0.002745653289360
0.000365198511815 0.002141605949676
0.000215017338690 0.001620386064674
0.000116478063550 0.001177946844786
0.000056333618134 0.000810523027466
0.000023126140601 0.000514756876616
0.000007329591963 0.000287792568674
0.000001449525217 0.000127345523310
0.000000090662474 0.000031751632959
0.000000000000000 0.000000000000000
0.000000088222715 -0.000031261249073
0.000001417687370 -0.000124937907626
0.000007228407244 -0.000280694994491
0.000023074228606 -0.000497927879471
0.000057059747685 -0.000775690625232
0.000120184623547 -0.001112591234955
0.000226808553069 -0.001506649137710
0.000395234833029 -0.001955112270798
0.000646491760954 -0.002454584999613
0.001001448906697 -0.003001436406983
0.001481633223697 -0.003591490244393
0.002108661750850 -0.004219928401861
0.002903195006741 -0.004881230350417
0.003883561222336 -0.005569107825927
0.005063958214705 -0.006276435766161
0.006452114883130 -0.006995181037658
0.008046262980840 -0.007716331204791
0.009831230255781 -0.008429826559694
0.011773416086971 -0.009124499925713
0.013817981131942 -0.009788390015271
0.015938600592823 -0.010414456879872
0.018147432897011 -0.011002620540235
0.020466242254754 -0.011558291400322
0.022928451895627 -0.012094393807493
0.025582687348429 -0.012633901663800
0.028474757441110 -0.013195764521924
0.031623753095968 -0.013776281538226
0.035045323736209 -0.014366730754400
0.038753888562726 -0.014954762851708
0.042761668071402 -0.015523313110002
0.047077378494458 -0.016049215859593
0.051705334337585 -0.016501803455814
0.056658296909975 -0.016847127871682
0.061960452702758 -0.017047693340160
0.067638742474659 -0.017056879152066
0.073722864842018 -0.016816644071676
0.080245593378587 -0.016281470523898
0.087243057218763 -0.015494017462624
0.094755319613628 -0.014555563572204
0.102826426944649 -0.013616444874833
0.111498181606229 -0.012738025141005
0.120809630584533 -0.011889052528634
0.130799587733238 -0.011015292692682
0.141505691178316 -0.010033500767478
0.152963813435279 -0.008830787681679
0.165216470586398 -0.007376005782366
0.178313269777695 -0.005736144453344
0.192305364537512 -0.004022041104598
0.207242581674790 -0.002374946426514
0.223159640302990 -0.000847726262987
0.240078695497416 0.000549886207792
0.258010796423142 0.001815091892395
0.276953372873461 0.002954339004931
0.296887788250410 0.003985397978317
0.317779982708712 0.004915405921637
0.339581649662212 0.005717596793331
0.362225703031310 0.006360118102136
0.385625473317042 0.006810305290327
0.409675107968458 0.007044573844896
0.434250703418726 0.007086488019740
0.459213090183445 0.006982593085494
0.484411484125589 0.006788044697596
0.509688146853206 0.006554013180060
0.534884174504350 0.006297250537904
0.559843454778693 0.006026213931264
0.584417078436526 0.005749324529917
0.608467410029922 0.005471559659763
0.631871338010052 0.005190070096135
0.654523159343462 0.004901630862015
0.676336145417839 0.004604065433262
0.697243088341079 0.004299493899310
0.717196059153099 0.004004810734846
0.736165073386527 0.003736933267886
0.754136357680900 0.003507780657324
0.771110351169711 0.003324868602731
0.787099515512231 0.003189996912520
0.802126017532867 0.003088785618830
0.816219780103082 0.003004327397482
0.829416629732993 0.002924511046817
0.841756566506986 0.002841106358166
0.853282273819596 0.002748911690034
0.864037871013536 0.002645022054090
0.874067897870915 0.002528243154300
0.883416527118840 0.002400337645489
0.892126950453338 0.002265996365956
0.900240888065673 0.002129068304412
0.907798266424372 0.001992419601107
0.914837008676690 0.001858142501227
0.921392912250276 0.001727725221301
0.927499594841906 0.001602188730170
0.933188492823757 0.001482195969076
0.938488898789030 0.001368138409304
0.943428027396351 0.001260204174185
0.948031100809839 0.001158431298399
0.952321446859973 0.001062749096857
0.956320604582508 0.000973010084380
0.960048433055126 0.000889014430613
0.963523220476326 0.000810528549698
0.966761791251753 0.000737299104819
0.969779609502233 0.000669063446035
0.972590877914511 0.000605557287401
0.975208631246390 0.000546520258441
0.977644824094796 0.000491699828263
0.979910412757331 0.000440853991899
0.982015431180698 0.000393753022310
0.983969061105760 0.000350180523641
0.985779696599555 0.000309933967926
0.987455003217363 0.000272824855675
0.989001972069809 0.000238678608121
0.990426969086076 0.000207334273494
0.991735779768725 0.000178644109908
0.992933649731577 0.000152473092213
0.994025321302031 0.000128698378306
0.995015066454936 0.000107208761362
0.995906716328123 0.000087904127451
0.996703687550999 0.000070694932766
0.997409005597920 0.000055501710614
0.998025325358041 0.000042254615379
0.998554949093235 0.000030893008354
0.998999841935885 0.000021365088769
0.999361645058900 0.000013627572097
0.999641686631342 0.000007645416931
0.999840990654624 0.000003391601141
0.999960283756178 0.000000846947653
1.000000000000000 0.000000000000000
