1.000000000000000 0.000000000000000
0.999959418818613 0.000008704737283
0.999837528334549 0.000034853122786
0.999633886761671 0.000078547921728
0.999347754559879 0.000139961225867
0.998978089560620 0.000219335685962
0.998523540083068 0.000316986252945
0.997982435980975 0.000433302443633
0.997352777542425 0.000568751151387
0.996632222146513 0.000723880026793
0.995818068562269 0.000899321458114
0.994907238755912 0.001095797185945
0.993896257052747 0.001314123591136
0.992781226479874 0.001555217699522
0.991557802095305 0.001820103951181
0.990221161088530 0.002109921785695
0.988765969417230 0.002425934097863
0.987186344725272 0.002769536620210
0.985475815269064 0.003142268288957
0.983627274563725 0.003545822648149
0.981632931448760 0.003982060341617
0.979484255266580 0.004453022733085
0.977171915848806 0.004960946679675
0.974685718017617 0.005508280461221
0.972014530336349 0.006097700834779
0.969146207890090 0.006732131137140
0.966067508949176 0.007414760294051
0.962764005474206 0.008149062507791
0.959219987570044 0.008938817278339
0.955418362200225 0.009788129259321
0.951340546746801 0.010701447248154
0.946966358361399 0.011683581348187
0.942273900521981 0.012739717004523
0.937239448810489 0.013875424187764
0.931837338686742 0.015096659461970
0.926039858983551 0.016409758004367
0.919817156018409 0.017821411824138
0.913137154638780 0.019338629438520
0.905965504216431 0.020968671095675
0.898265559596466 0.022718952288800
0.889998412694134 0.024596921689687
0.881123123892666 0.026610489338221
0.871597019020289 0.028768331159485
0.861375884960676 0.031079239925478
0.850414408789367 0.033551914401974
0.838666786389521 0.036194742287624
0.826087517618544 0.039015528173810
0.812632413267815 0.042021161241785
0.798259834587648 0.045217219851084
0.782932128025674 0.048607298669259
0.766616801122067 0.052190100486765
0.749288440178303 0.055958736320931
0.730931028427131 0.059900975903696
0.711540115136264 0.063998431698822
0.691124984334384 0.068225844298044
0.669710542923364 0.072546646933128
0.647338738919683 0.076904238864189
0.624070078435347 0.081228888182951
0.599984304276965 0.085440454929157
0.575181304002496 0.089457082334208
0.549788538798050 0.093249349246084
0.523955261952520 0.096822218453994
0.497844430014007 0.100189403121623
0.471626274156631 0.103361390686781
0.445465329373478 0.106292734585120
0.419520986279432 0.108922572981394
0.393946033070200 0.111200065607185
0.368883878975640 0.113079703153047
0.344468376187953 0.114506822385348
0.320816176817817 0.115441258621671
0.298023646417205 0.115863379196208
0.276168090824692 0.115772342409894
0.255315683606552 0.115181934822602
0.235512999651809 0.114119730187300
0.216784896018439 0.112624599106700
0.199137206960937 0.110743210037621
0.182563654226190 0.108517519140730
0.167067108821998 0.105938992945554
0.152639488650815 0.103000465516493
0.139253687095405 0.099721209066030
0.126855442927832 0.096191508005488
0.115376540806971 0.092530415053362
0.104750901292215 0.088830333657716
0.094915830692875 0.085160011227483
0.085835388036921 0.081525335409477
0.077505679193994 0.077863478675436
0.069907846349601 0.074135289741676
0.062988768910142 0.070358103768785
0.056671764249875 0.066589235271565
0.050889498201926 0.062874198483323
0.045585770514320 0.059245907109620
0.040737217869788 0.055717303465937
0.036336441025718 0.052290023884430
0.032367050064509 0.048966197037860
0.028806259978949 0.045748278383746
0.025627461718063 0.042638692789031
0.022801180047101 0.039639616749840
0.020276538186426 0.036753008432319
0.017991323800333 0.033980471075027
0.015897506141015 0.031323035521920
0.013959038364018 0.028781194762803
0.012149101425607 0.026354960942493
0.010454018591415 0.024044301213180
0.008889901318446 0.021850329409235
0.007471851951466 0.019773550728788
0.006205893595877 0.017813484601741
0.005091484420456 0.015968920760688
0.004123450056684 0.014238123364646
0.003293460200743 0.012618993255451
0.002591150589811 0.011109196608417
0.002004969738757 0.009706266636595
0.001522812671572 0.008407683715319
0.001132490391110 0.007210938251514
0.000822073228024 0.006113579781994
0.000580137882675 0.005113255107605
0.000395941437731 0.004207737723801
0.000259540491745 0.003394950367525
0.000161869543326 0.002672982144345
0.000094789603849 0.002040101412041
0.000051115546262 0.001494765363759
0.000024628760607 0.001035627064540
0.000010080166421 0.000661540540650
0.000003187435571 0.000371564394566
0.000000629332670 0.000164964313725
0.000000039324810 0.000041214753487
0.000000000000000 0.000000000000000
0.000000036825095 -0.000039874090997
0.000000591188184 -0.000159682840228
0.000003009419374 -0.000359987059731
0.000009584796204 -0.000641726054630
0.000023633422445 -0.001006224575930
0.000049604107029 -0.001455202603528
0.000093226065795 -0.001990788005369
0.000161699618345 -0.002615532126881
0.000263936611167 -0.003332428368871
0.000410610347595 -0.004144681572562
0.000613272807722 -0.005054464837952
0.000884662749172 -0.006062803307148
0.001238949287922 -0.007169295267945
0.001691747341072 -0.008371483867662
0.002260108261332 -0.009664059848444
0.002962474197602 -0.011037851873219
0.003818581160200 -0.012478549915757
0.004849291191835 -0.013965093279067
0.006076328147934 -0.015467637343855
0.007521884004019 -0.016944991216123
0.009208052865615 -0.018341390891058
0.011156037363830 -0.019582437941403
0.013385052944897 -0.020570047951879
0.015908862400765 -0.021211959553368
0.018728960741188 -0.021501095186591
0.021833711111974 -0.021473012109339
0.025194192306089 -0.021204904209858
0.028768909887792 -0.020803201881214
0.032552811454567 -0.020279873167593
0.036556542003904 -0.019603622371507
0.040791871054321 -0.018735422357697
0.045271939961351 -0.017626646051158
0.050011600355222 -0.016216719106400
0.055030092900926 -0.014445919900029
0.060361584802691 -0.012321840158945
0.066053767632569 -0.009899533699586
0.072169122168664 -0.007277703800131
0.078787368052204 -0.004607688772624
0.085975970721740 -0.001997710446848
0.093784767200631 0.000502841177815
0.102265611985438 0.002836047124819
0.111468421631111 0.004950784439311
0.121435323739148 0.006824619620489
0.132202163699208 0.008448825627913
0.143795634969815 0.009832072515900
0.156230685230601 0.011006397577830
0.169533444741252 0.012008279810716
0.183744666827626 0.012880384847496
0.198901651916301 0.013696032630393
0.215035799721041 0.014536640341951
0.232170074313303 0.015390728263703
0.250317128826932 0.016210154332010
0.269477143426680 0.016930964709669
0.289635561960128 0.017471625108320
0.310761029810317 0.017737686034054
0.332804024912332 0.017704678837022
0.355695713144183 0.017422489385700
0.379347329442189 0.016964879438806
0.403650706280567 0.016427015463540
0.428480741303832 0.015886349594851
0.453698924358150 0.015361552879665
0.479155475793140 0.014864878436596
0.504693385235695 0.014408116098760
0.530152291481292 0.013984878603616
0.555372943440099 0.013561089114351
0.580203311577131 0.013102342310318
0.604503070727496 0.012578802058357
0.628147641138725 0.011985700168973
0.651030854409127 0.011347777882218
0.673065696094776 0.010689212034105
0.694184734233778 0.010030652554353
0.714339691717353 0.009387561724963
0.733500244604323 0.008766178686666
0.751652446645542 0.008169699736571
0.768796738307072 0.007600401394802
0.784945751565850 0.007059737787998
0.800122092770375 0.006548452536700
0.814356213434693 0.006066655775024
0.827684456999467 0.005613943778516
0.840147330985109 0.005189570244313
0.851788013364115 0.004792537717509
0.862651102205939 0.004421671817879
0.872781597699902 0.004075683243754
0.882224096357710 0.003753218192589
0.891022172488993 0.003452898303093
0.899217921241261 0.003173379127599
0.906851643366198 0.002913628666491
0.913961624691974 0.002672709746633
0.920584004845111 0.002449587583527
0.926752722955367 0.002243177831418
0.932499516266855 0.002052384894078
0.937853958161042 0.001876129373153
0.942843524677972 0.001713367097141
0.947493680772637 0.001563101715417
0.951827979383077 0.001424392444869
0.955868167928925 0.001296358222533
0.959634298129963 0.001178179241973
0.963144836066072 0.001069096627668
0.966416770226499 0.000968410822864
0.969465715950078 0.000875479125068
0.972306015168602 0.000789712692816
0.974950830759153 0.000710573261720
0.977412235110394 0.000637569742012
0.979701292731654 0.000570254819737
0.981828136897745 0.000508221645978
0.983802040439904 0.000451100670271
0.985631480874458 0.000398556653506
0.987324200114105 0.000350285880404
0.988887259038906 0.000306013580717
0.990327087220348 0.000265491560623
0.991649528096350 0.000228496040525
0.992859879891056 0.000194825692017
0.993962932563092 0.000164299864649
0.994963001051666 0.000136756992014
0.995863955072709 0.000112053166185
0.996669245698444 0.000090060869640
0.997381928933911 0.000070667854175
0.998004686483808 0.000053776156955
0.998539843882732 0.000039301244656
0.998989386141949 0.000027171277505
0.999354971046204 0.000017326486002
0.999637940214982 0.000009718654061
0.999839328023976 0.000004310703275
0.999959868464395 0.000001076374013
1.000000000000000 0.000000000000000
