1.000000000000000 0.000000000000000
0.999960236540309 0.000006113197140
0.999840801587573 0.000024474916860
0.999641260465014 0.000055151685779
0.999360885517002 0.000098254855088
0.998998651288028 0.000153941314564
0.998553227714078 0.000222414499766
0.998022971266715 0.000303925699940
0.997405913972557 0.000398775676355
0.996699750212708 0.000507316602830
0.995901821188120 0.000629954342322
0.995009096917746 0.000767151075384
0.994018155616749 0.000919428298136
0.992925160281998 0.001087370209055
0.991725832291776 0.001271627505188
0.990415421806289 0.001472921609397
0.988988674735531 0.001692049350525
0.987439796021945 0.001929888118024
0.985762408967778 0.002187401511025
0.983949510322163 0.002465645498947
0.981993420832101 0.002765775105892
0.979885730956562 0.003089051623759
0.977617241446192 0.003436850348392
0.975177898505815 0.003810668818261
0.972556723287101 0.004212135514838
0.969741735509461 0.004643018956516
0.966719871085219 0.005105237081633
0.963476893738354 0.005600866768596
0.959997300765138 0.006132153279266
0.956264223302333 0.006701519332166
0.952259321759847 0.007311573410535
0.947962677458609 0.007965116781644
0.943352682013033 0.008665148542610
0.938405926636798 0.009414867807651
0.933097094360059 0.010217671905628
0.927398859157892 0.011077149158044
0.921281797237399 0.011997064450592
0.914714317246877 0.012981335392118
0.907662617981613 0.014033996374127
0.900090684281891 0.015159147309380
0.891960334242341 0.016360883258948
0.883231333534693 0.017643200589476
0.873861595491708 0.019009874796859
0.863807488434796 0.020464304782400
0.853024274274560 0.022009318308308
0.841466704262487 0.023646933776984
0.829089798355891 0.025378074613666
0.815849833237424 0.027202234675368
0.801705559704335 0.029117096581478
0.786619781137136 0.031119022525210
0.770561726402389 0.033207753394678
0.753508814876610 0.035384756153684
0.735448640342195 0.037651920135340
0.716381247527479 0.040011783142182
0.696321382735921 0.042467734110173
0.675299577954976 0.045016204147943
0.653362088192902 0.047632463190592
0.630573537925148 0.050282745537876
0.607017660759130 0.052927014142038
0.582797146757227 0.055521401953777
0.558034646128261 0.058034046755557
0.532869631125915 0.060442242349706
0.507453576820788 0.062725381490063
0.481945411375344 0.064864687639598
0.456504766213188 0.066834972089593
0.431287932947195 0.068609908543942
0.406444371651463 0.070168881451900
0.382112974892255 0.071491333415002
0.358422060510845 0.072508210964695
0.335484104098574 0.073140065529658
0.313391671798747 0.073331861660287
0.292216846224944 0.073053796114372
0.272014416208970 0.072332647542897
0.252823053140175 0.071248807800561
0.234662543676232 0.069879257247601
0.217535840524131 0.068292519865479
0.201431682856122 0.066548273986421
0.186326264357350 0.064697933083744
0.172182453406771 0.062786712979042
0.158957010911897 0.060851936803354
0.146604158326876 0.058922786068244
0.135084202785944 0.056993925104840
0.124365988876282 0.055021222394022
0.114413136107320 0.052976964093598
0.105184944952131 0.050849690331762
0.096638161033648 0.048640747710264
0.088721711935489 0.046404468282623
0.081379769212823 0.044232848807948
0.074562414896063 0.042189671718989
0.068227145652477 0.040287436365660
0.062340533826813 0.038456392461119
0.056871774026233 0.036637939962287
0.051791616534259 0.034796252151737
0.047074089983711 0.032914953545029
0.042711398629086 0.031020281608432
0.038700498769623 0.029152171394436
0.035031151232324 0.027339114444051
0.031688168613797 0.025600523525650
0.028653272217468 0.023948935617918
0.025906461490450 0.022391726293091
0.023422654053364 0.020929227728197
0.021139670716340 0.019531627611463
0.018992455046531 0.018164622494560
0.016936616972010 0.016807134090627
0.014943539282429 0.015448004148282
0.012996344317979 0.014083276646069
0.011095024857628 0.012717182238324
0.009291028026438 0.011374293910518
0.007634604813216 0.010079454515488
0.006154369320177 0.008849805395532
0.004862868095467 0.007696580993774
0.003760976881138 0.006626546865587
0.002841318405086 0.005643133693982
0.002090910605021 0.004747330134050
0.001493210859529 0.003938384439132
0.001029687115763 0.003214354585038
0.000681019337101 0.002572538464180
0.000428012934353 0.002009809235875
0.000252288591570 0.001522875748361
0.000136799201565 0.001108483818294
0.000066213732268 0.000763570846736
0.000027199152982 0.000485383592862
0.000008624580795 0.000271566778372
0.000001706177714 0.000120228444657
0.000000106728168 0.000029986539963
0.000000000000000 0.000000000000000
0.000000103774434 -0.000029512937475
0.000001667785879 -0.000117987762231
0.000008506213252 -0.000265220861946
0.000027165247235 -0.000470833520800
0.000067214642672 -0.000734210994536
0.000141671655484 -0.001054413364361
0.000267511313247 -0.001430055302566
0.000464366804449 -0.001859185744085
0.000752820119494 -0.002339134126035
0.001154787512074 -0.002866266938853
0.001692865547630 -0.003435703369517
0.002389375789991 -0.004040962310612
0.003265106985315 -0.004673523636347
0.004337668830926 -0.005322284008270
0.005619348512065 -0.005972882639564
0.007114332324233 -0.006606866448537
0.008815118290117 -0.007200656574220
0.010697899732399 -0.007724268941236
0.012716641762916 -0.008139729987717
0.014813853996700 -0.008407507809982
0.016982473590412 -0.008516807913514
0.019236793623240 -0.008474909436824
0.021600861702898 -0.008305306361342
0.024111813631341 -0.008053725785650
0.026822047236183 -0.007792022152363
0.029768561453095 -0.007561805959450
0.032966829205894 -0.007363127641614
0.036430926599881 -0.007191388338681
0.040173462294575 -0.007037209140481
0.044204580065877 -0.006884655759387
0.048530622803660 -0.006708920400127
0.053153680830957 -0.006475606207227
0.058087970247848 -0.006169367701228
0.063361769047559 -0.005797557083121
0.069008743930519 -0.005375581482510
0.075068998999312 -0.004929376403281
0.081586932737407 -0.004490253233590
0.088597531341433 -0.004062517662718
0.096132689916308 -0.003638495702716
0.104224082488427 -0.003205517044489
0.112907447377841 -0.002755562400891
0.122224516784437 -0.002289916654954
0.132219051492852 -0.001811106955079
0.142936317255856 -0.001322646831554
0.154422614086389 -0.000829191440586
0.166723334750585 -0.000333251497161
0.179880802310974 0.000168200371433
0.193934202475525 0.000681109682567
0.208918180438727 0.001214347654393
0.224862124666487 0.001771927432747
0.241788431286516 0.002351439053460
0.259709730866822 0.002949216078530
0.278626687961306 0.003560381270085
0.298525844165599 0.004178746095574
0.319377566178199 0.004796114010227
0.341134111289135 0.005399273325436
0.363728639684623 0.005971595031632
0.387074898158054 0.006494256166962
0.411067703514926 0.006947062059557
0.435584285456905 0.007316996006381
0.460486756355872 0.007601251457664
0.485625724402631 0.007799815544749
0.510844557918817 0.007914981156193
0.535984220232301 0.007950194750014
0.560888221720329 0.007909606824903
0.585407290837337 0.007798963804348
0.609403618395248 0.007625405534587
0.632754422943675 0.007400022337803
0.655354477831923 0.007137684675782
0.677117464227433 0.006852198779643
0.697976454767461 0.006555606981948
0.717883511245620 0.006257074987565
0.736808535113863 0.005959456723050
0.754737649894711 0.005663839736319
0.771671215230106 0.005371380836118
0.787621655334037 0.005083240252334
0.802611265469928 0.004800526728108
0.816670110879406 0.004524435028272
0.829834094763726 0.004256360872006
0.842143237808998 0.003997415900335
0.853640200344084 0.003748397017238
0.864369046266064 0.003509832031731
0.874374236760467 0.003282023369075
0.883699833827378 0.003065088433468
0.892388888971131 0.002858995827647
0.900482990758181 0.002663597103410
0.908021945376266 0.002478654048836
0.915043566080475 0.002303861736866
0.921583549904711 0.002138867690894
0.927675422827458 0.001983287588904
0.933350537421224 0.001836717947933
0.938638109704682 0.001698746220536
0.943565284353143 0.001568958706309
0.948157219560178 0.001446946642736
0.952437184671278 0.001332310796737
0.956426665242721 0.001224664835063
0.960145471441444 0.001123637710646
0.963611846726745 0.001028875264421
0.966842574575658 0.000940041208748
0.969853081663090 0.000856817629398
0.972657536414890 0.000778905118106
0.975268942242834 0.000706022626523
0.977699225067687 0.000637907114724
0.979959314958648 0.000574313052692
0.982059221880535 0.000515011821162
0.984008105656656 0.000459791048263
0.985814340335957 0.000408453910428
0.987485573206054 0.000360818419531
0.989028778725718 0.000316716713022
0.990450307666636 0.000275994359705
0.991755931758811 0.000238509690512
0.992950884130018 0.000204133161055
0.994039895819777 0.000172746750723
0.995027228634121 0.000144243401552
0.995916704590529 0.000118526498902
0.996711732183759 0.000095509395094
0.997415329683714 0.000075114976506
0.998030145656517 0.000057275274167
0.998558476879930 0.000041931117559
0.999002283804533 0.000029031831165
0.999363203692657 0.000018534973149
0.999642561548194 0.000010406115565
0.999841378931982 0.000004618665480
0.999960380739481 0.000001153726464
1.000000000000000 0.000000000000000
