1.000000000000000 0.000000000000000
0.999960438353858 0.000014692930359
0.999841608088181 0.000058820755050
0.999643072247381 0.000132530858919
0.999364099317326 0.000236069832041
0.999003658312517 0.000369784899700
0.998560411836746 0.000534125938314
0.998032707055364 0.000729648091325
0.997418564498944 0.000957015003103
0.996715664599335 0.001217002693022
0.995921331839755 0.001510504095972
0.995032516380753 0.001838534299723
0.994045773003426 0.002202236513695
0.992957237190484 0.002602888807856
0.991762598144648 0.003041911664506
0.990457068522710 0.003520876389754
0.989035350642885 0.004041514435286
0.987491598903356 0.004605727684645
0.985819378131979 0.005215599761518
0.984011617572210 0.005873408420386
0.982060560199881 0.006581639082166
0.979957707061646 0.007342999579120
0.977693756331340 0.008160436174054
0.975258536798833 0.009037150918725
0.972640935541651 0.009976620415141
0.969828819588702 0.010982616041190
0.966808951475272 0.012059225698773
0.963566898718630 0.013210877138543
0.960086937425925 0.014442362911067
0.956351950495365 0.015758866990403
0.952343321206043 0.017165993114251
0.948040823433188 0.018669794886775
0.943422510300364 0.020276807698973
0.938464603818828 0.021994082540824
0.933141389002009 0.023829221814635
0.927425117118468 0.025790417316414
0.921285924200207 0.027886490639440
0.914691772693785 0.030126936379736
0.907608426261584 0.032521968694953
0.899999470226450 0.035082571991455
0.891826392993675 0.037820556788524
0.883048610559529 0.040748187202438
0.873622927275565 0.043875695765957
0.863504029878586 0.047211701181872
0.852645070728925 0.050763431151265
0.840998166343778 0.054536102463298
0.828515063267984 0.058532167650306
0.815147997071255 0.062750422056440
0.800850767383094 0.067184973082963
0.785580053315782 0.071824107960633
0.769298078427659 0.076652337163958
0.751976196976638 0.081654432844292
0.733595732453847 0.086810830762877
0.714150129291604 0.092096623495564
0.693647359291299 0.097481421447523
0.672111933370017 0.102927399084981
0.649584417668191 0.108370856908289
0.626123370284153 0.113726752547045
0.601807276800196 0.118899232325762
0.576734692761474 0.123785447244832
0.551029754337094 0.128315378075099
0.524842773635245 0.132471050184013
0.498339380036034 0.136248535837962
0.471694685104411 0.139648954000154
0.445081066502197 0.142581239684106
0.418663731319584 0.144882498301066
0.392601433969541 0.146411141572686
0.367045635374690 0.147068386307609
0.342159618091319 0.146877013169121
0.318095963339371 0.145919477707428
0.294979346815613 0.144287008114925
0.272902997658334 0.142076607033627
0.251907335210988 0.139402321425776
0.231999359919544 0.136379838527368
0.213173263701437 0.133111627288198
0.195412560834917 0.129686019552166
0.178701959817039 0.126159925665092
0.163125246837848 0.122392516715836
0.148784924626579 0.118188957775583
0.135720288502452 0.113445940701125
0.123799635122381 0.108314671836958
0.112760116861167 0.103141337960461
0.102398955972700 0.098179789752333
0.092570170860200 0.093597045942688
0.083327497088344 0.089327065531031
0.075226767832701 0.084753032950880
0.068707129843808 0.079372700252053
0.063748525476865 0.073155221702356
0.059482243611035 0.066937204062425
0.055158638693500 0.061437316309160
0.050432441399483 0.056973181081799
0.045541842461634 0.053293012739759
0.040747024813458 0.050118427313205
0.036222016533538 0.047250634783209
0.032076621335275 0.044550985442447
0.028373334551397 0.041925895180882
0.025140310151042 0.039315226526589
0.022381236449704 0.036683381435422
0.020061356678646 0.034022970504800
0.018059469605805 0.031375808091194
0.016265605999526 0.028783440642696
0.014601941899180 0.026275551710403
0.013015045692757 0.023872688034907
0.011469860473301 0.021588402505611
0.009949400167763 0.019430893957938
0.008485062193017 0.017403999224068
0.007118901835429 0.015508557215280
0.005876653072268 0.013743449357229
0.004771606873291 0.012106170534893
0.003807918560565 0.010593268720843
0.002983173946231 0.009200684239502
0.002290373746812 0.007924010321855
0.001719462157825 0.006758692065747
0.001258498905840 0.005700177323258
0.000894553104289 0.004744030192583
0.000614380655478 0.003886015541184
0.000404933838302 0.003122161205992
0.000253741365570 0.002448803106727
0.000149189006120 0.001862617392076
0.000080724385395 0.001360642853690
0.000039004439572 0.000940296140633
0.000015999913510 0.000599381747989
0.000005068031329 0.000336098306602
0.000001001845979 0.000149042341484
0.000000062641756 0.000037210373883
0.000000000000000 0.000000000000000
0.000000056790863 -0.000035392866392
0.000000912237188 -0.000141640092478
0.000004648747998 -0.000318945402979
0.000014828643086 -0.000567641039334
0.000036635194250 -0.000888176409178
0.000077077404236 -0.001281101375088
0.000145266208980 -0.001747043317452
0.000252768689943 -0.002286676471357
0.000413246862591 -0.002900614315489
0.000641047243382 -0.003589193581958
0.000951715181692 -0.004352394932635
0.001361935806787 -0.005189685361100
0.001889241770178 -0.006099804044134
0.002551608430343 -0.007080493293198
0.003366901285804 -0.008128161132465
0.004352130758680 -0.009237458670814
0.005522457115193 -0.010400751243629
0.006889872679157 -0.011607457063816
0.008461468660124 -0.012843220573986
0.010237168755752 -0.014088879500011
0.012206779780578 -0.015319174354046
0.014346534262413 -0.016501397142886
0.016638475611522 -0.017610752804595
0.019093550127100 -0.018648881686374
0.021728597268789 -0.019630112686121
0.024564583764814 -0.020583751758339
0.027627526344362 -0.021558712720727
0.030941998868728 -0.022594749043248
0.034525516492559 -0.023698050219469
0.038395036507634 -0.024872380674900
0.042567036669764 -0.026121717922013
0.047056818815411 -0.027450251474724
0.051877559791832 -0.028862378825653
0.057043897868995 -0.030357724702133
0.062587484373335 -0.031913488645612
0.068549866858330 -0.033489426875374
0.074980791298344 -0.035026593697460
0.081937794969874 -0.036449651305039
0.089461726843393 -0.037750719768458
0.097576035633718 -0.038993013566583
0.106296565313650 -0.040278436128840
0.115649694749083 -0.041667408124509
0.125682312163995 -0.043133072573312
0.136445894408230 -0.044626525311592
0.147995748201380 -0.046075457716442
0.160390275233496 -0.047382714931713
0.173678685063927 -0.048488385426299
0.187898739895073 -0.049374093135642
0.203080756964829 -0.050030661784626
0.219246875944266 -0.050447335812537
0.236413553244067 -0.050574301451943
0.254585848333463 -0.050346651690274
0.273753719507624 -0.049692818134461
0.293889442701631 -0.048535583515830
0.314946136964367 -0.046798124078445
0.336866319595852 -0.044462136837261
0.359580599465814 -0.041568845248634
0.383001598075809 -0.038189012113334
0.407024552103424 -0.034422305155031
0.431533129445740 -0.030383266948637
0.456405409231984 -0.026186923835333
0.481510846014456 -0.021959811622196
0.506712651747781 -0.017834280740333
0.531862840230333 -0.013889349112119
0.556802520777430 -0.010122479257306
0.581378549727441 -0.006522076361722
0.605449138423723 -0.003076788647823
0.628891876909030 0.000158942187132
0.651606743210582 0.003059397374086
0.673511274848827 0.005522834905984
0.694540646675138 0.007478786218100
0.714645394792077 0.008911910272321
0.733785760816117 0.009918366586157
0.751938143042596 0.010603829308112
0.769095227774393 0.011055815440160
0.785263624589356 0.011344915723236
0.800461432243851 0.011525558263277
0.814715888143981 0.011614901479057
0.828061176094924 0.011604450121697
0.840536460523777 0.011491739206644
0.852184202285800 0.011279795295571
0.863048747276324 0.010975389357204
0.873175175888382 0.010587645171124
0.882608391241221 0.010126967822025
0.891392418242637 0.009604247050781
0.899570000259974 0.009032024722084
0.907182770782126 0.008432144846762
0.914270299411608 0.007824979779141
0.920869668946993 0.007225190238111
0.927015497616185 0.006643032415252
0.932739999242382 0.006085406834024
0.938073069804760 0.005556683301037
0.943042391974578 0.005059345107015
0.947673550955767 0.004594488633383
0.951990156434230 0.004162208187705
0.956013966663527 0.003761890362661
0.959765011713927 0.003392437508718
0.963261713716765 0.003052435983804
0.966521002575820 0.002740281614477
0.969558426119259 0.002454272179475
0.972388254053907 0.002192674615212
0.975023575379374 0.001953772956961
0.977476389141184 0.001735901692281
0.979757688564458 0.001537468148360
0.981877538725667 0.001356966706820
0.983845147999638 0.001192986992023
0.985668933570760 0.001044217674585
0.987356581327737 0.000909447140342
0.988915100475668 0.000787561972105
0.990350873201795 0.000677543958004
0.991669699725185 0.000578466160659
0.992876839048433 0.000489488444006
0.993977045713159 0.000409852749676
0.994974602841920 0.000338878335275
0.995873351728499 0.000275957126757
0.996676718216876 0.000220549292019
0.997387736087419 0.000172179109306
0.998009067647008 0.000130431179346
0.998543021698548 0.000094947012260
0.998991569044464 0.000065422007566
0.999356355658629 0.000041602836825
0.999638713641668 0.000023285232667
0.999839670055650 0.000010312184359
0.999959953715927 0.000002572538160
1.000000000000000 0.000000000000000
