1.000000000000000 0.000000000000000
0.999959270465384 0.000013526723493
0.999836939192078 0.000054170185506
0.999632577264651 0.000122120771309
0.999345466792597 0.000217697496461
0.998974596335342 0.000341350582971
0.998518654441388 0.000493665097808
0.997976021245125 0.000675365685453
0.997344758047881 0.000887322434811
0.996622594792186 0.001130557929155
0.995806915319804 0.001406255535391
0.994894740284870 0.001715768995785
0.993882707573091 0.002060633390683
0.992767050056470 0.002442577544333
0.991543570490223 0.002863537946696
0.990207613334303 0.003325674261132
0.988754033256193 0.003831386479587
0.987177160044216 0.004383333771428
0.985470759631536 0.004984455046904
0.983627990900136 0.005637991217878
0.981641357901377 0.006347509082717
0.979502657095318 0.007116926683264
0.977202919174642 0.007950539872194
0.974732345001040 0.008853049679322
0.972080235142209 0.009829589863131
0.969234912456288 0.010885753763287
0.966183637127687 0.012027619211136
0.962912513513944 0.013261769782869
0.959406388117359 0.014595310062541
0.955648737947767 0.016035871780168
0.951621548493595 0.017591606655502
0.947305180467199 0.019271160452817
0.942678224437068 0.021083621067219
0.937717342403844 0.023038431339554
0.932397095319968 0.025145254646954
0.926689755496427 0.027413778047448
0.920565102789974 0.029853433782244
0.913990203431629 0.032473015190489
0.906929170363271 0.035280157544981
0.899342904031346 0.038280648032073
0.891188812808215 0.041477522270937
0.882420512674763 0.044869897807674
0.872987699776667 0.048451982342581
0.862840016903605 0.052221959298403
0.851928809696028 0.056185072795194
0.840205149457004 0.060346684613305
0.827620712831057 0.064712071807123
0.814129063240698 0.069286615513530
0.799687242680759 0.074076089246534
0.784257691568854 0.079087061511443
0.767810035773118 0.084326165311579
0.750317220090438 0.089783212818245
0.731757259063692 0.095429152027499
0.712118911298211 0.101224502961190
0.691403988269981 0.107118721135510
0.669629587390009 0.113049857858864
0.646833005170348 0.118948094931415
0.623074995117831 0.124738645917131
0.598437779545970 0.130340318722467
0.573024802119391 0.135667782570506
0.546961366247658 0.140632395650805
0.520394252855248 0.145143390690969
0.493485468084425 0.149115792545043
0.466407478143435 0.152476607854844
0.439342247381128 0.155194423066354
0.412474873754680 0.157278554952807
0.385983334679302 0.158753822741608
0.360032421433755 0.159643978985406
0.334767603530721 0.159907132926812
0.310313259957731 0.159497603004471
0.286771507816831 0.158397684216947
0.264228562432070 0.156614992553361
0.242780586910391 0.154176569598297
0.222501559344437 0.151127611358464
0.203432976689609 0.147527835777881
0.185588092370252 0.143446664295397
0.168937149968642 0.138998003801332
0.153388917512908 0.134383200255979
0.138853131468609 0.129771271018166
0.125290097885745 0.125214584243201
0.112778158724963 0.120535252279578
0.101369433276523 0.115585641428646
0.091069788739861 0.110288338135542
0.081821691616960 0.104680030176144
0.073468337339218 0.098993073028911
0.065865870925469 0.093426025576598
0.058933207746389 0.088056563162956
0.052648649750285 0.082852637961177
0.046984033608856 0.077787919491859
0.041902138834102 0.072849528761334
0.037347447627788 0.068058921501650
0.033258075471813 0.063451143888967
0.029579834741688 0.059049296982078
0.026265542844532 0.054866874269532
0.023274080975791 0.050910183920825
0.020569564586443 0.047179692966219
0.018120373618204 0.043660524877440
0.015898674123711 0.040329047950042
0.013880211408433 0.037166995811607
0.012043821965142 0.034160643931752
0.010371017822459 0.031299677473534
0.008850857309653 0.028578831717690
0.007484452793388 0.025999542584086
0.006270024203965 0.023562421004151
0.005201933098402 0.021266527322333
0.004271955742198 0.019109796921810
0.003470240474849 0.017089373562087
0.002786021463712 0.015201869565064
0.002208145129747 0.013443568100199
0.001725453105702 0.011810579714186
0.001327055849758 0.010298962772242
0.001002523416774 0.008904815501785
0.000742013933496 0.007624345754442
0.000536355675779 0.006453923347736
0.000377095022817 0.005390118848816
0.000256519743365 0.004429731867007
0.000167664877055 0.003569811288483
0.000104306773004 0.002807669381691
0.000060949530194 0.002140891299983
0.000032807065147 0.001567341187020
0.000015783245824 0.001085165834097
0.000006451924563 0.000692796633080
0.000002038236009 0.000388950403254
0.000000402166219 0.000172629536311
0.000000025120572 0.000043121793837
0.000000000000000 0.000000000000000
0.000000022673324 -0.000040959836461
0.000000363859355 -0.000164001008312
0.000001850978182 -0.000369609135805
0.000005889724036 -0.000658595679208
0.000014504956540 -0.001032101020269
0.000030399783917 -0.001491598655077
0.000057034757525 -0.002038900366397
0.000098729769408 -0.002676162189674
0.000160792017373 -0.003405890919822
0.000249674306443 -0.004230950821025
0.000373169028442 -0.005154570093759
0.000540643821389 -0.006180345671423
0.000762956153780 -0.007311745596797
0.001051813999908 -0.008550780581763
0.001420356806482 -0.009898218270027
0.001883429734092 -0.011353259800647
0.002457753803938 -0.012912924551398
0.003162109442261 -0.014571267848718
0.004017531829986 -0.016318388088645
0.005047515329552 -0.018139168501841
0.006278222690735 -0.020011684696145
0.007738692593250 -0.021905191380234
0.009461036185271 -0.023777579385753
0.011480609390620 -0.025572166110052
0.013836142583810 -0.027213647369672
0.016563853118688 -0.028621492396855
0.019670622561899 -0.029786788659567
0.023139714514229 -0.030745783735173
0.026930040009372 -0.031570819526742
0.030996383318168 -0.032343033874544
0.035350053184147 -0.033069276583050
0.040016448473505 -0.033742211973636
0.045024947635213 -0.034356030815176
0.050409770667943 -0.034907482877779
0.056208982363639 -0.035396811037256
0.062453757508490 -0.035826874901336
0.069171634312032 -0.036206051207374
0.076389010987057 -0.036551670647051
0.084133742586770 -0.036888362383167
0.092443952559893 -0.037238508387891
0.101362292158075 -0.037632895688670
0.110933689125060 -0.038097087952409
0.121203729965854 -0.038608188139328
0.132219316982053 -0.039118557370009
0.144028446611870 -0.039557205865828
0.156679229190520 -0.039825543402753
0.170213078225816 -0.039834343784054
0.184661727487080 -0.039509066524937
0.200048305726229 -0.038761903647770
0.216388741905691 -0.037509516979025
0.233698468050897 -0.035719996994493
0.251984070425683 -0.033386969594948
0.271239609849098 -0.030527379480192
0.291444599281799 -0.027187137232731
0.312563043688568 -0.023437456824246
0.334547631334352 -0.019320173940151
0.357336994983824 -0.014869690156547
0.380853338328469 -0.010136193726759
0.405002286035179 -0.005183226276799
0.429663006804415 -0.000042276752191
0.454689779815951 0.005291347060779
0.479924860838123 0.010821650744815
0.505205899794749 0.016537571278655
0.530396974729933 0.022282237599864
0.555382808781288 0.027808190326060
0.580052627343435 0.032883718219645
0.604298663978182 0.037318715267394
0.627997883204134 0.041048931540239
0.651031214702977 0.044075414284163
0.673298010241797 0.046416775493584
0.694715890708518 0.048103176318034
0.715203005495525 0.049129454902238
0.734687627115213 0.049477294776781
0.753124686629772 0.049156147894259
0.770493144849306 0.048198497665201
0.786792673882978 0.046655537233439
0.802048871292156 0.044646042671651
0.816307675314192 0.042339378014673
0.829618893815829 0.039871200085384
0.842033947052732 0.037344263763367
0.853604744179796 0.034834291450319
0.864382782076015 0.032395245678194
0.874418443698189 0.030063908942422
0.883760481411506 0.027863385655893
0.892455836640546 0.025799575142545
0.900549273125451 0.023867489915614
0.908082990883076 0.022061082599668
0.915096578530254 0.020373898489116
0.921627029499478 0.018799302949261
0.927708798338018 0.017330652395942
0.933373886135005 0.015961419719558
0.938651946168915 0.014685283482229
0.943570402649990 0.013496188718981
0.948154576951792 0.012388385797665
0.952427816999957 0.011356452577234
0.956411626537472 0.010395304061719
0.960125791841368 0.009500192872539
0.963588504152578 0.008666703140445
0.966816476624968 0.007890739831924
0.969825055024903 0.007168515053673
0.972628321740381 0.006496532504179
0.975239192906995 0.005871570946300
0.977669508642475 0.005290667344330
0.979930116515294 0.004751100130584
0.982030948466705 0.004250372929483
0.983981091468367 0.003786198962868
0.985788852236670 0.003356486281677
0.987461816345637 0.002959323910585
0.989006902087486 0.002592968949197
0.990430409427124 0.002255834642350
0.991738064386903 0.001946479410170
0.992935059182918 0.001663596813632
0.994026088415793 0.001406006421671
0.995015381598409 0.001172645540185
0.995906732281382 0.000962561760451
0.996703524014911 0.000774906283799
0.997408753363456 0.000608927980300
0.998025050167830 0.000463968141211
0.998554695227911 0.000339455887691
0.998999635558496 0.000234904201621
0.999361497350791 0.000149906548012
0.999641596752715 0.000084134062352
0.999840948562529 0.000037333280273
0.999960272912289 0.000009324390978
1.000000000000000 0.000000000000000
