1.000000000000000 0.000000000000000
0.999960590120617 0.000008982540739
0.999842215800196 0.000035955617099
0.999644442024755 0.000080995701612
0.999366540538505 0.000144230615972
0.999007484965020 0.000225840083867
0.998565943916429 0.000326056508206
0.998040272029804 0.000445165976063
0.997428498851834 0.000583509495711
0.996728315474550 0.000741484471236
0.995937058805890 0.000919546421497
0.995051693339646 0.001118210951623
0.994068790269456 0.001338055986952
0.992984503771478 0.001579724281381
0.991794544260083 0.001843926214661
0.990494148400845 0.002131442896468
0.989078045645648 0.002443129599336
0.987540421036506 0.002779919548135
0.985874874008682 0.003142828101228
0.984074372911021 0.003532957368354
0.982131204953804 0.003951501323630
0.980036921294031 0.004399751489944
0.977782276977694 0.004879103295024
0.975357165482111 0.005391063231773
0.972750547643451 0.005937256998625
0.969950374821474 0.006519438853485
0.966943506252980 0.007139502491775
0.963715620687444 0.007799493861378
0.960251122595158 0.008501626462459
0.956533043505189 0.009248299858248
0.952542939386437 0.010042122356029
0.948260785452567 0.010885939121273
0.943664870377774 0.011782867380432
0.938731692686513 0.012736340871489
0.933435863062244 0.013750166341072
0.927750017546994 0.014828595690327
0.921644748115359 0.015976418366575
0.915088558941669 0.017199079808377
0.908047858867274 0.018502833192138
0.900487003128573 0.019894933392497
0.892368400306861 0.021383883914035
0.883652580820096 0.022979115403586
0.874297649878155 0.024687015077775
0.864259778819561 0.026511729165553
0.853493869777228 0.028456142542779
0.841954097854082 0.030521369180524
0.829594623838910 0.032706124950827
0.816370502553294 0.035005980263516
0.802238807556800 0.037412492975056
0.787159994564764 0.039912250687408
0.771100207269633 0.042487238351071
0.754033984573356 0.045115539231561
0.735945605563982 0.047769028430819
0.716831239209238 0.050412576175099
0.696701196396683 0.053003690862578
0.675582552013033 0.055498092114909
0.653524524532609 0.057889252593719
0.630598617671090 0.060197053596248
0.606897674958122 0.062452974141392
0.582535125242143 0.064697895906979
0.557637442239260 0.066925257671714
0.532339655667994 0.069063422766480
0.506787828547050 0.071033772625536
0.481135669805687 0.072759841156309
0.455545096192551 0.074204017650400
0.430180919350142 0.075367744222269
0.405200833487388 0.076260209705803
0.380750231978618 0.076896420275269
0.356954137380242 0.077298488041925
0.333916580906291 0.077493189973744
0.311723019118445 0.077508434343387
0.290440036706838 0.077371428283737
0.270122513315392 0.077064266096144
0.250816967532024 0.076508607039789
0.232549885995882 0.075649758450681
0.215328944982922 0.074460835148144
0.199145906557670 0.072937510530893
0.183978357837404 0.071106605043280
0.169788246569459 0.069070259944810
0.156530674396058 0.066930838025056
0.144158233804795 0.064764864225717
0.132629978361141 0.062591062836470
0.121912597278516 0.060373866295515
0.111967658284295 0.058091572288788
0.102752781617198 0.055736804847103
0.094223686428727 0.053313323480815
0.086337443730443 0.050851613697691
0.079052410597521 0.048393914517028
0.072327052990538 0.045972268703413
0.066113794149166 0.043605923887467
0.060358181070126 0.041302336051854
0.055013170904414 0.039066863298761
0.050039009640436 0.036903761210780
0.045405245413401 0.034818514911407
0.041101581758402 0.032825870349963
0.037119317390907 0.030938206459407
0.033445611827786 0.029162301152991
0.030065003987141 0.027500812655480
0.026960542558646 0.025953422079774
0.024114457203362 0.024517325838338
0.021497910888064 0.023161350772470
0.019069834909693 0.021822577756877
0.016798211551615 0.020458129686020
0.014659699197796 0.019044075271798
0.012637570717001 0.017570308318945
0.010729895034402 0.016044780957112
0.008969247555281 0.014507977410888
0.007381286621267 0.012996938287822
0.005977641025485 0.011538251305485
0.004759720298546 0.010150432523115
0.003721664235373 0.008845811191136
0.002852617746577 0.007632020153695
0.002138477792909 0.006513172893821
0.001563228098653 0.005490791732916
0.001109952811011 0.004564538510868
0.000761600905792 0.003732788582222
0.000501557848509 0.002993080612159
0.000314068944046 0.002342468001457
0.000184549266924 0.001777792460682
0.000099807519150 0.001295896010779
0.000048205187106 0.000893784287115
0.000019767624283 0.000568751288981
0.000006259903409 0.000318473503778
0.000001237243989 0.000141079529890
0.000000077355433 0.000035199830939
0.000000000000000 0.000000000000000
0.000000074826650 -0.000034571218492
0.000001201961388 -0.000138260338062
0.000006124894219 -0.000310982515812
0.000019535845582 -0.000552558369846
0.000048260040567 -0.000862655147137
0.000101523228975 -0.001240700538222
0.000191312461192 -0.001685765110502
0.000332843691571 -0.002196407872473
0.000545146661693 -0.002770477756221
0.000849959544168 -0.003404858367595
0.001268171128463 -0.004095142815369
0.001820929934296 -0.004835237070693
0.002529273455179 -0.005616861876866
0.003413123715894 -0.006428931639422
0.004489962174169 -0.007256782018523
0.005773092472649 -0.008081210089441
0.007269375051018 -0.008877282047054
0.008976286653835 -0.009612852345255
0.010878118598403 -0.010246724326036
0.012941078131001 -0.010726365110534
0.015121506446539 -0.010996913060302
0.017416566345037 -0.011045613171273
0.019840306311325 -0.010886308664142
0.022413132097583 -0.010556136236975
0.025163856092628 -0.010124105989419
0.028127298863705 -0.009680682648794
0.031323844205059 -0.009250212096893
0.034768679315638 -0.008830403694243
0.038477277671213 -0.008415836592931
0.042465073858213 -0.007996755845442
0.046747005995891 -0.007557487646878
0.051336934582045 -0.007074512765510
0.056251699653759 -0.006528322458210
0.061517179902610 -0.005921265705475
0.067163370280027 -0.005262945126022
0.073224241036386 -0.004569898181854
0.079737739190461 -0.003865940636888
0.086740126894394 -0.003166573757808
0.094266844114037 -0.002482311204568
0.102354772021485 -0.001826266547650
0.111042912677700 -0.001211136168532
0.120373010401261 -0.000645763224374
0.130388140800088 -0.000138089282146
0.141132043705807 0.000305214396178
0.152648377603952 0.000679790173210
0.164980330712242 0.000989371667685
0.178170123469084 0.001252990362453
0.192257088347857 0.001503733370509
0.207276086303956 0.001789546617072
0.223256681876791 0.002133539499575
0.240221375598320 0.002526407985422
0.258182927266986 0.002951603298791
0.277142166049183 0.003384928726566
0.297085839439715 0.003793414938965
0.317984438563974 0.004142705185121
0.339789856290485 0.004426993688414
0.362434656197716 0.004651952270823
0.385831850617241 0.004827359401592
0.409875424131811 0.004966806729172
0.434442200667017 0.005082163074297
0.459394377272298 0.005183018688350
0.484582714009687 0.005280208613863
0.509850752106158 0.005383864791280
0.535039411084557 0.005480468414085
0.559991946640154 0.005537940223851
0.584558835307966 0.005526370939133
0.608602039746730 0.005422186488665
0.631998594181412 0.005234667803667
0.654643074047293 0.004994171223624
0.676448987973743 0.004727920245109
0.697349269774730 0.004458689001397
0.717295831856753 0.004197567699682
0.736258403242979 0.003938635038487
0.754222995975571 0.003676031130929
0.771189913326049 0.003406049249447
0.787171569876901 0.003126770312822
0.802190300768182 0.002838398019470
0.816276353154394 0.002549286053676
0.829465853014332 0.002269867002879
0.841799000563116 0.002007303715705
0.853318600386535 0.001766108399189
0.864068832917793 0.001548757341486
0.874094254451249 0.001356207208148
0.883439005763325 0.001188316787512
0.892146204809302 0.001044182279227
0.900257485991971 0.000921794538993
0.907812669771972 0.000817532904908
0.914849588658577 0.000728159678624
0.921403967565039 0.000651053529185
0.927509366248519 0.000584092246929
0.933197174828785 0.000525556907061
0.938496648996981 0.000474053932425
0.943434973977097 0.000428451967516
0.948037348454263 0.000387830908720
0.952327081525227 0.000351440847109
0.956325697270358 0.000318669052722
0.960053042819230 0.000289013456133
0.963527396815409 0.000262061363261
0.966765576014204 0.000237472375305
0.969783038402209 0.000214964681865
0.972593981739321 0.000194304056690
0.975211436818562 0.000175295017240
0.977647355039272 0.000157773716110
0.979912690113821 0.000141602218616
0.982017473893004 0.000126663890227
0.983970886413322 0.000112859673113
0.985781320351269 0.000100105075602
0.987456440123581 0.000088327733828
0.989003235905180 0.000077465433271
0.990428072853262 0.000067464500423
0.991736735830983 0.000058278492894
0.992934469920561 0.000049867130601
0.994026017005859 0.000042195422143
0.995015648690549 0.000035232949622
0.995907195801138 0.000028953282449
0.996704074705620 0.000023333496520
0.997409310658937 0.000018353779839
0.998025558366562 0.000013997109384
0.998555119937448 0.000010248987082
0.998999960377916 0.000007097225160
0.999361720758610 0.000004531773166
0.999641729167770 0.000002544580535
0.999841009545639 0.000001129489972
0.999960288476834 0.000000282157995
1.000000000000000 0.000000000000000
