1.000000000000000 0.000000000000000
0.999959267728700 0.000002041521555
0.999836926084070 0.000008194595752
0.999632539643238 0.000018545110097
0.999345379591175 0.000033237411460
0.998974419027479 0.000052476123930
0.998518326339958 0.000076528726522
0.997975456588661 0.000105728923564
0.997343840827313 0.000140480850210
0.996621173271981 0.000181264165072
0.995804796209133 0.000228640091627
0.994891682517162 0.000283258479442
0.993878415656625 0.000345865965343
0.992761166965316 0.000417315322903
0.991535670074514 0.000498576095678
0.990197192242775 0.000590746614579
0.988740502383582 0.000695067501690
0.987159835543310 0.000812936760260
0.985448853566974 0.000945926541490
0.983600601671550 0.001095801660521
0.981607460631400 0.001264539903087
0.979461094268573 0.001454354115859
0.977152391934049 0.001667716001329
0.974671405666412 0.001907381433816
0.972007281724473 0.002176416965963
0.969148186213308 0.002478226990825
0.966081224562948 0.002816580745054
0.962792354680723 0.003195637960172
0.959266293688010 0.003619971461791
0.955486418277350 0.004094584342931
0.951434658895626 0.004624918450430
0.947091388183619 0.005216849764779
0.942435304394399 0.005876664753682
0.937443310886668 0.006611009855528
0.932090393260445 0.007426803806290
0.926349496288821 0.008331099458651
0.920191403519452 0.009330877950194
0.913584623291833 0.010432753464119
0.906495285958958 0.011642561330259
0.898887058330096 0.012964795843652
0.890721082775264 0.014401857061463
0.881955950054583 0.015953058302441
0.872547716748864 0.017613338742800
0.862449980148780 0.019371619437006
0.851614669309950 0.021212793212536
0.839996009775508 0.023138658938861
0.827550293816516 0.025161211038873
0.814236067792127 0.027297173027130
0.800015652761431 0.029569415279114
0.784856955865216 0.032008616795300
0.768735562103000 0.034655123848072
0.751635966471100 0.037554415871713
0.733545751479634 0.040709934211093
0.714459493537726 0.044092728039682
0.694383719348916 0.047657422699187
0.673338651679977 0.051340279372144
0.651361084038506 0.055065055481415
0.628514607335478 0.058790128335279
0.604886803214627 0.062491896103128
0.580585234476101 0.066146901723305
0.555735555240698 0.069732285316036
0.530475382350260 0.073224069484119
0.504952081730088 0.076598825226057
0.479320708486962 0.079835890697082
0.453739320260451 0.082889478030932
0.428363720208029 0.085582206621137
0.403343242235424 0.087714226164990
0.378816752243786 0.089116704259676
0.354914065485123 0.089727625533775
0.331760467351346 0.089694915373861
0.309461448047105 0.089187931038600
0.288099283788071 0.088356971561098
0.267731825938513 0.087317793655171
0.248388224070386 0.086105334981886
0.230078435350204 0.084734786766767
0.212798411143827 0.083225145434680
0.196532316172574 0.081597726634693
0.181256743806287 0.079868162221244
0.166965809844695 0.077968480873333
0.153655427469792 0.075805265779784
0.141303939778108 0.073329486783830
0.129867276230701 0.070565907096043
0.119272691144024 0.067647719272866
0.109449660295801 0.064690320862412
0.100334513611907 0.061776573388349
0.091870247987535 0.058962700949275
0.084025451254169 0.056238922795430
0.076789932541659 0.053542938953746
0.070143802735669 0.050833910881304
0.064050855450092 0.048100818491651
0.058455338402909 0.045364602090497
0.053306030375432 0.042646598734589
0.048558567393110 0.039964489030611
0.044175612931604 0.037335466923041
0.040133469256333 0.034793164462772
0.036412756012371 0.032369141480533
0.032993210292043 0.030083138297818
0.029854386929183 0.027946053896157
0.026976180109668 0.025962308872510
0.024339179881718 0.024131657785743
0.021921419047607 0.022446162312517
0.019677902271688 0.020865167565914
0.017564698972309 0.019346471476823
0.015551509908147 0.017862775674080
0.013618370396106 0.016397960195375
0.011753030008318 0.014944118377178
0.009963438046216 0.013505100645061
0.008295771257558 0.012102630784156
0.006784535937972 0.010755444090439
0.005447439752085 0.009476594891829
0.004289864760751 0.008274777372711
0.003308345224228 0.007155371452679
0.002493263182988 0.006121270006420
0.001830930147434 0.005173532241132
0.001305187887810 0.004311898918143
0.000898633357164 0.003535197836045
0.000593550657301 0.002841662201053
0.000372615445151 0.002229179891809
0.000219423304280 0.001695487938064
0.000118882604093 0.001238323582500
0.000057503627532 0.000855540928554
0.000023608781705 0.000545200271488
0.000007483128274 0.000305635666438
0.000001479971499 0.000135505026344
0.000000092571138 0.000033825999726
0.000000000000000 0.000000000000000
0.000000088651363 -0.000033064941829
0.000001424614652 -0.000132303190036
0.000007263881750 -0.000297838117029
0.000023188079588 -0.000529852013976
0.000057343163098 -0.000828549877898
0.000120786319797 -0.001194106218341
0.000227848907243 -0.001626581892833
0.000394944097078 -0.002125651416946
0.000639736087863 -0.002690321794569
0.000981373026254 -0.003318702731551
0.001440028933585 -0.004007644618867
0.002036265082422 -0.004752279998542
0.002790179940409 -0.005545447505095
0.003720286017204 -0.006376969807119
0.004842035366285 -0.007232749938140
0.006165894562183 -0.008093641513110
0.007694843536678 -0.008934037225382
0.009421139252197 -0.009720106143153
0.011322142971995 -0.010407592965331
0.013357094768168 -0.010940837952731
0.015504165984810 -0.011285655314812
0.017773454256692 -0.011443062617191
0.020181297938352 -0.011431987874613
0.022750811888580 -0.011294868336504
0.025513486007775 -0.011104030428172
0.028496250820310 -0.010910420251807
0.031714125920962 -0.010714658553451
0.035181656371390 -0.010512944262985
0.038913305481791 -0.010299328786065
0.042923005619365 -0.010064984093759
0.047223541821701 -0.009797254156074
0.051827033951039 -0.009480243545658
0.056753840235261 -0.009107050361887
0.062030797467000 -0.008677348235375
0.067688317446987 -0.008193461125957
0.073761012940872 -0.007661423936955
0.080285133991163 -0.007090279418581
0.087294630009600 -0.006490817732697
0.094824769555486 -0.005879505900279
0.102912626426586 -0.005277424677189
0.111597845806741 -0.004691648138068
0.120922078131451 -0.004120693161104
0.130928291544442 -0.003559713414173
0.141660254538867 -0.002999124166272
0.153161921692112 -0.002424624019746
0.165477107376576 -0.001827944525906
0.178648311924206 -0.001203206435144
0.192715256810314 -0.000541925528843
0.207713573754583 0.000162384388519
0.223673640361825 0.000899690729699
0.240618328179353 0.001651197610727
0.258560821848998 0.002390924634456
0.277502451899149 0.003084623198122
0.297430503798314 0.003690226892261
0.318315306509382 0.004187930298266
0.340108267008538 0.004590324740224
0.362741426665047 0.004919856541933
0.386127095714183 0.005207968143866
0.410158746321677 0.005474257856027
0.434713268838532 0.005686563992296
0.459652787411537 0.005800685581839
0.484827976676354 0.005771185928326
0.510082317821971 0.005582645110624
0.535256860260177 0.005279232764667
0.560195126267740 0.004913509943016
0.584747859317994 0.004536368572403
0.608777371765167 0.004180322081389
0.632161011645221 0.003857114959753
0.654793531198596 0.003575152292885
0.676588564452271 0.003340315561382
0.697479007299537 0.003148869985585
0.717416592060994 0.002985530005663
0.736370985652929 0.002837008337913
0.754328150370667 0.002693164328649
0.771288337181615 0.002546757817426
0.787263944305792 0.002396118323740
0.802277318990165 0.002244911053981
0.816358583104027 0.002096282878932
0.829543693753756 0.001952522763556
0.841872726671857 0.001815213745576
0.853388398361197 0.001685372429442
0.864134829369782 0.001563570078136
0.874156535340705 0.001449847698716
0.883497629336797 0.001343741057930
0.892201214549717 0.001244756751833
0.900308931440743 0.001152424834955
0.907860637525192 0.001066300140080
0.914894196218521 0.000985962932139
0.921445353097887 0.000911019029714
0.927547680744218 0.000841099510348
0.933232576172168 0.000775860098992
0.938529297547229 0.000714980323196
0.943465029328441 0.000658162504247
0.948064967114759 0.000605130640696
0.952352415303608 0.000555629229489
0.956348892204521 0.000509422060357
0.960074238515329 0.000466291011015
0.963546726094963 0.000426034863962
0.966783164789394 0.000388468160187
0.969799005717600 0.000353420100569
0.972608439932487 0.000320733502227
0.975224491763334 0.000290263814246
0.977659106444060 0.000261878195039
0.979923231854334 0.000235454651949
0.982026894363957 0.000210881242462
0.983979268887842 0.000188055335498
0.985788743339845 0.000166882930660
0.987462977726832 0.000147278032862
0.989008958156537 0.000129162079558
0.990433046049063 0.000112463417647
0.991741022846522 0.000097116827116
0.992938130511405 0.000083063088547
0.994029108094340 0.000070248591695
0.995018224637727 0.000058624982487
0.995909308664878 0.000048148845974
0.996705774485573 0.000038781422927
0.997410645529436 0.000030488357970
0.998026574898460 0.000023239477326
0.998555863310055 0.000017008594477
0.999000474582177 0.000011773342182
0.999362048792698 0.000007515029546
0.999641913226282 0.000004218522988
0.999841091203564 0.000001872150135
0.999960308869475 0.000000467625881
1.000000000000000 0.000000000000000
