1.000000000000000 0.000000000000000
0.999959796120222 0.000009105956780
0.999839035932076 0.000036444079650
0.999637272791835 0.000082075173991
0.999353758960215 0.000146100741633
0.998987440571984 0.000228663221121
0.998536950531682 0.000329946326159
0.998000599273316 0.000450175484731
0.997376363303647 0.000589618382698
0.996661871430066 0.000748585617536
0.995854388555055 0.000927431470469
0.994950796899981 0.001126554808864
0.993947574501409 0.001346400135724
0.992840770803550 0.001587458809910
0.991625979151058 0.001850270469989
0.990298305967697 0.002135424707105
0.988852336388873 0.002443563049104
0.987282096100655 0.002775381340667
0.985581009125726 0.003131632634311
0.983741851289393 0.003513130747075
0.981756699098328 0.003920754690760
0.979616873773849 0.004355454253617
0.977312880203971 0.004818257103732
0.974834340618640 0.005310277905708
0.972169922856606 0.005832730101273
0.969307263187884 0.006386941212322
0.966232883792352 0.006974372795691
0.962932105185042 0.007596646530664
0.959388954137216 0.008255578375316
0.955586067988339 0.008953223314183
0.951504596700547 0.009691933971952
0.947124104602015 0.010474437327285
0.942422474531656 0.011303934976823
0.937375818073120 0.012184233928604
0.931958396794042 0.013119916809167
0.926142560933388 0.014116562714954
0.919898713852409 0.015181032787097
0.913195312825459 0.016321837984183
0.905998919424924 0.017549610479481
0.898274315853199 0.018877704561615
0.889984707052467 0.020322957706299
0.881092032167555 0.021906647277299
0.871557412729551 0.023655682521825
0.861341247082138 0.025601320804998
0.850400253508431 0.027761026253617
0.838688752699697 0.030141833135305
0.826160426407654 0.032745191841650
0.812768962903061 0.035564765686234
0.798468851930087 0.038583736235032
0.783216347650116 0.041771651843778
0.766970681911465 0.045081273531692
0.749701278505158 0.048476377399450
0.731396306448658 0.051965778984490
0.712058801623602 0.055570173430562
0.691708451711472 0.059319454704835
0.670383917210220 0.063253818815052
0.648137998994221 0.067381945079355
0.625027261882071 0.071607763646148
0.601122969028424 0.075797092948302
0.576512956570631 0.079793025548145
0.551306493427733 0.083463754907915
0.525649820008052 0.086838534940969
0.499708261099948 0.089999756549864
0.473656307794969 0.093040499858022
0.447666093248318 0.095947244205562
0.421895570721383 0.098481404654532
0.396494595033887 0.100398306566937
0.371602500455951 0.101495830588255
0.347350159513278 0.101804090544243
0.323857106232423 0.101580509713440
0.301222392329109 0.101063997460644
0.279523442225849 0.100453572549128
0.258819290202740 0.099806910649879
0.239152821145277 0.099005619609455
0.220546855226267 0.097953548801072
0.203006097662015 0.096592129168989
0.186519969853184 0.094894028650692
0.171068855438528 0.092870638964283
0.156629867514212 0.090578433491434
0.143170242797189 0.088075577154729
0.130648740709513 0.085415353581046
0.119017419799705 0.082648560780252
0.108225062156689 0.079819829804654
0.098219436792657 0.076966378428161
0.088949220045671 0.074117049305881
0.080379419200392 0.071255204986226
0.072485360534646 0.068336999124894
0.065235636178716 0.065340269624164
0.058602589238412 0.062268034847103
0.052558580263382 0.059137116876857
0.047069940856094 0.055966499395259
0.042097419436019 0.052779142709107
0.037584934596750 0.049623269508551
0.033475918704720 0.046546741456131
0.029722669761727 0.043582675836472
0.026284856512504 0.040752879344742
0.023128234963575 0.038070636398287
0.020225901644314 0.035538691509925
0.017571344312686 0.033125610681718
0.015161807313052 0.030796100832120
0.012989187383387 0.028527545589713
0.011041777030021 0.026306739081998
0.009306654466237 0.024130524913432
0.007774240113473 0.022014940945784
0.006433640857449 0.019976886195742
0.005271674152007 0.018028312430498
0.004273857760240 0.016177337379192
0.003425139325807 0.014429131320750
0.002710425790605 0.012786619532802
0.002114960459076 0.011251038195828
0.001624584783078 0.009822373716807
0.001225913563781 0.008499709353595
0.000906445734524 0.007281498173313
0.000654627802564 0.006165777514797
0.000459883074125 0.005150337046292
0.000312616719050 0.004232850055098
0.000204204354739 0.003410975647898
0.000126969991732 0.002682437977464
0.000074157766203 0.002045087361933
0.000039900794345 0.001496947162318
0.000019189647169 0.001036249480680
0.000007842304219 0.000661462093937
0.000002476956222 0.000371308513626
0.000000488654250 0.000164782633020
0.000000030518424 0.000041159068107
0.000000000000000 0.000000000000000
0.000000029244039 -0.000040278903769
0.000000469251270 -0.000161264448563
0.000002386880027 -0.000363402091791
0.000007593989559 -0.000647430690082
0.000018699210666 -0.001014376801412
0.000039181658856 -0.001465545831584
0.000073400948782 -0.002002494395515
0.000126534002585 -0.002626980723324
0.000204665090758 -0.003340929355737
0.000314841793205 -0.004146375811978
0.000465127392520 -0.005045393042322
0.000664655721725 -0.006039996466570
0.000923686363310 -0.007132021955324
0.001253657313548 -0.008322969654807
0.001667231190183 -0.009613804738284
0.002178329698594 -0.011004703893659
0.002802149285789 -0.012494733509694
0.003555148580815 -0.014081441954344
0.004454995187587 -0.015760343862114
0.005520455461142 -0.017524268730227
0.006771205805134 -0.019362539074012
0.008227537450934 -0.021259934545756
0.009909918203340 -0.023195387324004
0.011838363741108 -0.025140340167606
0.014031592122244 -0.027056890986918
0.016508284679974 -0.028910006708178
0.019288496812098 -0.030682563608816
0.022389877643950 -0.032361838143805
0.025825608108414 -0.033939630178564
0.029606258887009 -0.035409684002136
0.033751726098580 -0.036753036651974
0.038282648447919 -0.037947651163005
0.043215820843477 -0.038973165466921
0.048561947911526 -0.039812700050565
0.054324809907419 -0.040453250408139
0.060520416847060 -0.040866473349387
0.067174699115354 -0.041010499135262
0.074312650498161 -0.040840139637699
0.081960258287738 -0.040323661601497
0.090156247525092 -0.039509824590006
0.098946930257484 -0.038513868045305
0.108381588078359 -0.037472930157462
0.118504942513216 -0.036405743558672
0.129360898473704 -0.035293816781082
0.140993385527658 -0.034109244720165
0.153445524552580 -0.032813501109771
0.166760373397027 -0.031391071454567
0.180980369374622 -0.029862015584284
0.196144807235262 -0.028260775786578
0.212287281635230 -0.026624973669726
0.229431185925116 -0.024961300837528
0.247589190437600 -0.023267443618431
0.266761448326502 -0.021538108948340
0.286933321742794 -0.019764295638550
0.308073645288798 -0.017938924977795
0.330135594273788 -0.016101715090279
0.353054732301711 -0.014325251798887
0.376747502673143 -0.012695748402624
0.401111359111808 -0.011306250053420
0.426021639849818 -0.010172426269953
0.451333911774628 -0.009228276359543
0.476891224280393 -0.008392972120616
0.502529297592080 -0.007585446341813
0.528085612052309 -0.006795975652472
0.553402618326117 -0.006055534565990
0.578330035991037 -0.005392851931936
0.602728831220995 -0.004826852891293
0.626473759787541 -0.004342991919482
0.649456915254641 -0.003917780810908
0.671589720640091 -0.003530591182178
0.692803470620858 -0.003164532562359
0.713049087778184 -0.002809064654436
0.732295845741734 -0.002457749805109
0.750529564335191 -0.002106195443770
0.767750568058577 -0.001751761932853
0.783971485922272 -0.001393857384225
0.799215165085055 -0.001040740210447
0.813512416257151 -0.000703871091911
0.826899905876164 -0.000391061187004
0.839418424619892 -0.000107082290187
0.851111400172512 0.000145639562500
0.862023652862716 0.000366431040577
0.872200382618873 0.000555880245744
0.881686337659968 0.000715247904056
0.890525169644718 0.000845964482050
0.898759063223135 0.000949952134715
0.906428419268154 0.001029480328045
0.913571634385492 0.001086982418037
0.920224970407404 0.001124924292279
0.926422494539810 0.001145713585029
0.932196073739808 0.001151639880281
0.937575409658479 0.001144838108503
0.942588102985235 0.001127268934890
0.947259738225499 0.001100711296548
0.951613981822601 0.001066763372827
0.955672688110458 0.001026849184954
0.959456008882446 0.000982228744742
0.962982503416597 0.000934010236930
0.966269246642352 0.000883163153646
0.969331933802560 0.000830531628439
0.972184980486669 0.000776847463078
0.974841617313834 0.000722742521397
0.977313978850965 0.000668760295767
0.979613186580004 0.000615366545341
0.981749425897070 0.000562958970381
0.983732017246708 0.000511875931142
0.985569481578047 0.000462404248497
0.987269600364771 0.000414786141060
0.988839470464298 0.000369225363209
0.990285554108753 0.000325892612442
0.991613724325514 0.000284930274851
0.992829306081529 0.000246456575221
0.993937113435765 0.000210569194539
0.994941482969977 0.000177348412977
0.995846303751002 0.000146859831262
0.996655044058901 0.000119156718101
0.997370775095512 0.000094282026064
0.997996191867677 0.000072270113346
0.998533631419160 0.000053148204044
0.998985088565159 0.000036937615161
0.999352229263674 0.000023654774357
0.999636401738772 0.000013312048655
0.999838645452047 0.000005918400702
0.999959698000345 0.000001479885824
1.000000000000000 0.000000000000000
