1.000000000000000 0.000000000000000
0.999959649143740 0.000007851660909
0.999838448955315 0.000031429557564
0.999635955593294 0.000070802538957
0.999351426038240 0.000126085711341
0.998983813136713 0.000197440977238
0.998531758601764 0.000285077794276
0.997993583908429 0.000389254158171
0.997367279004480 0.000510277815528
0.996650488738094 0.000648507713591
0.995840496885019 0.000804355695696
0.994934207638233 0.000978288452994
0.993928124403113 0.001170829745124
0.992818325720730 0.001382562904988
0.991600438121439 0.001614133645780
0.990269605690483 0.001866253192099
0.988820456107605 0.002139701761603
0.987247062904023 0.002435332429495
0.985542903663661 0.002754075415684
0.983700813882307 0.003096942844230
0.981712936190087 0.003465034037424
0.979570664641350 0.003859541423626
0.977264583784657 0.004281757159997
0.974784402247542 0.004733080600378
0.972118880610978 0.005215026776916
0.969255753412745 0.005729236114697
0.966181645215125 0.006277485665356
0.962881980809805 0.006861702233392
0.959340889823811 0.007483977884002
0.955541106249449 0.008146588471629
0.951463863766700 0.008852016024119
0.947088788180389 0.009602976070659
0.942393788882553 0.010402451327414
0.937354952003331 0.011253733570517
0.931946438865551 0.012160476051755
0.926140394546714 0.013126759469462
0.919906872816003 0.014157175317273
0.913213785490072 0.015256931414405
0.906026886368536 0.016431985582260
0.898309802380876 0.017689214764912
0.890024127383968 0.019036628356400
0.881129597129879 0.020483636007454
0.871584367141916 0.022041381575342
0.861345418357398 0.023723155883015
0.850369118046002 0.025544901153012
0.838611600531326 0.027523647102375
0.826028282537172 0.029669633175768
0.812575477228785 0.031989616953541
0.798211870734434 0.034487924766690
0.782899919326585 0.037165520513905
0.766607473504348 0.040018932046997
0.749309631351898 0.043039191472092
0.730991931467012 0.046217956824200
0.711653613480548 0.049553462202794
0.691308643249505 0.053042795215569
0.669987658993292 0.056680954391623
0.647739522546316 0.060459542015348
0.624629721319109 0.064347108136480
0.600740566715296 0.068287598433771
0.576172746744533 0.072214974929752
0.551044512003867 0.076058377607466
0.525495438712515 0.079786427742396
0.499682530113131 0.083405317379615
0.473771135352811 0.086926595417284
0.447927784566373 0.090347348939081
0.422306630363013 0.093571900476277
0.397051909896428 0.096482110605807
0.372297669977934 0.098976937091192
0.348168456153035 0.100994072249043
0.324781506092281 0.102532721387090
0.302235343560529 0.103610477996147
0.280607377990273 0.104254366514585
0.259955868000441 0.104482119614358
0.240324320398957 0.104268223647520
0.221737237404523 0.103599551697659
0.204201116246593 0.102484714743251
0.187707190473265 0.100949025666500
0.172246828816627 0.099006296656385
0.157847583256857 0.096592625955302
0.144520408400434 0.093665308218414
0.132245499312748 0.090234998629516
0.120939993748526 0.086473470485874
0.110498392642577 0.082599361058120
0.100830407414928 0.078770364574095
0.091859058521805 0.075094797583231
0.083542452075429 0.071587830827830
0.075894233997605 0.068129455530116
0.068914630916793 0.064626704147560
0.062578747312764 0.061047945729707
0.056834425477587 0.057434988584903
0.051628393760125 0.053830954826820
0.046910968812159 0.050269647411287
0.042632841451257 0.046783055050701
0.038732541479565 0.043424367745514
0.035154512236012 0.040237871426034
0.031854423489226 0.037250493397325
0.028796794574701 0.034476343411019
0.025953115346340 0.031920214576752
0.023300368386091 0.029580258265961
0.020819885774451 0.027441346526295
0.018496487733655 0.025452090096742
0.016317687820428 0.023566360800739
0.014273115803799 0.021753078540528
0.012354088621579 0.019992422372300
0.010554530210102 0.018273523356496
0.008889097002068 0.016601227490674
0.007380249897737 0.014988146074918
0.006038778959129 0.013443886736374
0.004866444524538 0.011975419111779
0.003858568095522 0.010587648246444
0.003006026541997 0.009283874678536
0.002296780047866 0.008066163483766
0.001717036480227 0.006935640157750
0.001252132982066 0.005892727688182
0.000887198331932 0.004937336342350
0.000607646009484 0.004069015427522
0.000399537181444 0.003287074460263
0.000249844368202 0.002590679716080
0.000146639884596 0.001978930950849
0.000079227887985 0.001450922132831
0.000038234710756 0.001005789252230
0.000015668863684 0.000642747647162
0.000004959480857 0.000361120770317
0.000000979884268 0.000160361895215
0.000000061254151 0.000040069904647
0.000000000000000 0.000000000000000
0.000000057995807 -0.000038977874257
0.000000931429698 -0.000156112545249
0.000004744602715 -0.000352007482084
0.000015125496862 -0.000627669492396
0.000037340329188 -0.000984510062595
0.000078488735278 -0.001424346824645
0.000147766463899 -0.001949404541450
0.000256429130280 -0.002562072315540
0.000416885315454 -0.003264039185011
0.000642933648770 -0.004056096524590
0.000949787886344 -0.004937717897210
0.001353923715210 -0.005906420026979
0.001872855966290 -0.006956952477009
0.002524822772571 -0.008080272887348
0.003328346623246 -0.009262253638851
0.004301633893611 -0.010482052071649
0.005461763789563 -0.011710059189452
0.006823604121061 -0.012905320228915
0.008398374134008 -0.014012293443909
0.010191752802583 -0.014956779539613
0.012201403273707 -0.015640811626527
0.014418780749461 -0.015960929203390
0.016845330177878 -0.015900115598608
0.019482226203072 -0.015493878114757
0.022324246614387 -0.014821692045228
0.025357860724646 -0.014019659611084
0.028577084053526 -0.013186335431258
0.031994385106624 -0.012318808176725
0.035626148605984 -0.011402773543574
0.039492398966026 -0.010417284892325
0.043617820298673 -0.009332564716979
0.048033066409303 -0.008107194210659
0.052772910352350 -0.006704594595367
0.057869014325510 -0.005141783923218
0.063356013655398 -0.003464517815307
0.069273865073173 -0.001746360977300
0.075667495395361 -0.000087287357149
0.082573458263530 0.001486472234006
0.090020019177417 0.003018532291405
0.098031938934644 0.004581797257967
0.106640170356560 0.006226313489040
0.115888720644087 0.007941648257168
0.125824951022357 0.009705663850729
0.136498737658484 0.011485847729184
0.147962034480457 0.013237278825441
0.160264097590896 0.014917488392786
0.173449028155854 0.016490586445200
0.187556971579800 0.017915049923206
0.202622720140798 0.019147359225430
0.218675720088116 0.020164571086946
0.235736868505912 0.020958279478481
0.253815384799147 0.021531754502383
0.272906201471918 0.021903474995887
0.292987615667783 0.022109499707474
0.314024614550151 0.022176026640440
0.335969345162845 0.022109177911814
0.358755429373266 0.021920758948591
0.382297316333068 0.021630097097013
0.406489841704913 0.021251177560987
0.431208288131085 0.020772591766616
0.456312495309621 0.020179738051093
0.481650722053534 0.019460094220580
0.507065304513730 0.018630951121282
0.532398053814305 0.017751057611409
0.557493410564460 0.016882268132591
0.582202847775822 0.016079488517281
0.606387603262224 0.015344276779117
0.629922802012917 0.014643864557609
0.652701256120954 0.013949307297069
0.674635054520172 0.013238193383210
0.695656394454197 0.012506463217369
0.715716990409986 0.011761398357802
0.734786624332253 0.011010157720033
0.752851458996197 0.010259324365008
0.769912087237160 0.009516590966043
0.785981720221991 0.008799922084429
0.801083514872284 0.008126538931120
0.815248231945662 0.007507664827333
0.828512331625754 0.006949692356296
0.840916284656004 0.006455270520482
0.852503118400331 0.006024242820181
0.863317066556819 0.005650965021249
0.873402464178194 0.005321975420629
0.882803327176772 0.005025941421035
0.891562766701223 0.004754471143615
0.899722506714120 0.004501444035140
0.907322540773128 0.004262472135280
0.914400902953994 0.004034472643036
0.920993530391275 0.003815333114782
0.927134197809967 0.003603652313450
0.932854507367035 0.003398541871590
0.938183919920241 0.003199476182528
0.943149816381609 0.003006180085155
0.947777580042856 0.002818545848158
0.952090692668786 0.002636572642024
0.956110838754868 0.002460323105118
0.959858013664015 0.002289892779390
0.963350632428241 0.002125389138968
0.966605636858449 0.001966917692434
0.969638599283853 0.001814573238031
0.972463821772227 0.001668434819255
0.975094430090728 0.001528563291298
0.977542461977655 0.001395000688226
0.979818949528096 0.001267770794128
0.981933995667222 0.001146880483422
0.983896844807461 0.001032321517474
0.985715947870769 0.000924072575958
0.987399021913384 0.000822101369148
0.988953104624720 0.000726366727254
0.990384603989905 0.000636820599261
0.991699343411137 0.000553409920006
0.992902602579772 0.000476078322807
0.993999154381615 0.000404767687974
0.994993298103869 0.000339419526352
0.995888889195478 0.000279976202805
0.996689365813857 0.000226382008115
0.997397772371420 0.000178584089743
0.998016780275130 0.000136533252733
0.998548706032173 0.000100184642081
0.998995526874896 0.000069498317426
0.999358894038551 0.000044439730036
0.999640143806307 0.000024980110976
0.999840306417355 0.000011096778133
0.999960112915759 0.000002773368405
1.000000000000000 0.000000000000000
