1.000000000000000 0.000000000000000
0.999961085492467 0.000011965327857
0.999844195427592 0.000047882110112
0.999648889172507 0.000107812709696
0.999374428976558 0.000191860953074
0.999019774895725 0.000300171957903
0.998583577623093 0.000432931882409
0.998064169161257 0.000590367587441
0.997459551253703 0.000772746199970
0.996767381473010 0.000980374565107
0.995984956844184 0.001213598572596
0.995109194861594 0.001472802343564
0.994136611737970 0.001758407264454
0.993063297703908 0.002070870858112
0.991884889156722 0.002410685487614
0.990596537438680 0.002778376897769
0.989192874007467 0.003174502613537
0.987667971747092 0.003599650235808
0.986015302156722 0.004054435705478
0.984227688150035 0.004539501649833
0.982297252200937 0.005055515985107
0.980215359586253 0.005603171031463
0.977972556506482 0.006183183508845
0.975558502917367 0.006796295933823
0.972961899985138 0.007443280141256
0.970170412195843 0.008124943926427
0.967170584315986 0.008842142164052
0.963947753632435 0.009595794236802
0.960485958212748 0.010386910231147
0.956767842345714 0.011216629174718
0.952774560874291 0.012086273648954
0.948485684853333 0.012997426477570
0.943879111893457 0.013952036941469
0.938930985737450 0.014952566193560
0.933615631110434 0.016002184342965
0.927905511747655 0.017105035154955
0.921771221793202 0.018266588576012
0.915181523532101 0.019494106429446
0.908103447703547 0.020797252677109
0.900502476447195 0.022188886559069
0.892342397150362 0.023684118043781
0.883583441298968 0.025291298974382
0.874183265565148 0.027015411518699
0.864097799359118 0.028860330565548
0.853281617462881 0.030828305295561
0.841688452613285 0.032919309489128
0.829271872663611 0.035130246769411
0.815986145903022 0.037454000863986
0.801787315112263 0.039878330691945
0.786634850332236 0.042385944549897
0.770495370510459 0.044961303554505
0.753343949642682 0.047587618285658
0.735165624791279 0.050243963698689
0.715957703544950 0.052905072788286
0.695732072479078 0.055541355297772
0.674517994811122 0.058127728335084
0.652365048875238 0.060659137349883
0.629343426588949 0.063138576856839
0.605544220375692 0.065575259778763
0.581078327501757 0.067980152485850
0.556070142438688 0.070328322420438
0.530656735637400 0.072573367412940
0.504986854207642 0.074668266091116
0.479217418119310 0.076568489926989
0.453512864856590 0.078238265425126
0.428037573809959 0.079650081264265
0.402948615149842 0.080783937516739
0.378390104708127 0.081633853302802
0.354484584661324 0.082234980976376
0.331335284541561 0.082635511476441
0.309027249145501 0.082880555267536
0.287627658680473 0.083004905154951
0.267198192607615 0.082946511772446
0.247789603888350 0.082591962387960
0.229430608849870 0.081866490988180
0.212130217598252 0.080731030617454
0.195880712394496 0.079176136571530
0.180652683681845 0.077276415105055
0.166394210829323 0.075213067169655
0.153051600813858 0.073132121613090
0.140576101460367 0.071119892430366
0.128949865452730 0.069102285198314
0.118158433951764 0.066971611454980
0.108174162910087 0.064665002782188
0.098960278283193 0.062153041124472
0.090464282864605 0.059476955181189
0.082608591305839 0.056797430110721
0.075323283012772 0.054243818070240
0.068552837256416 0.051874424336306
0.062262089288910 0.049622364002916
0.056420659383753 0.047417135597689
0.050998778974550 0.045214315728601
0.045972579567243 0.042992460805254
0.041345836137742 0.040765488842182
0.037121517993550 0.038554810146542
0.033291291432845 0.036377470787059
0.029839159843927 0.034246886556448
0.026744209451926 0.032173484071168
0.023981042038422 0.030164300463672
0.021492436117872 0.028206506034838
0.019206452214388 0.026277202619214
0.017070349318097 0.024363219303683
0.015047132025701 0.022459046179340
0.013111701337294 0.020564595125214
0.011257176789620 0.018687846611641
0.009519404083173 0.016856080228747
0.007930606302716 0.015094157107995
0.006507970064361 0.013419142476829
0.005257616844699 0.011842139585560
0.004177681965392 0.010369735559975
0.003260691953358 0.009005138844426
0.002495392718777 0.007749072457834
0.001868148683020 0.006600474047054
0.001364007482062 0.005557043210614
0.000967504742120 0.004615668219238
0.000663267542384 0.003772757630599
0.000436462649168 0.003024497028655
0.000273125718114 0.002367046930019
0.000160399855759 0.001796694566511
0.000086705765593 0.001309969595775
0.000041860825613 0.000903731668562
0.000017160576002 0.000575236078772
0.000005433015423 0.000322182349776
0.000001073635357 0.000142749495247
0.000000067121193 0.000035620775214
0.000000000000000 0.000000000000000
0.000000064407441 -0.000034849748577
0.000001034512048 -0.000139392457225
0.000005270704804 -0.000313600977055
0.000016807209897 -0.000557404587257
0.000041506310926 -0.000870649555381
0.000087282166276 -0.001253041403434
0.000164402502661 -0.001704066226085
0.000285879422096 -0.002222887448207
0.000467963974038 -0.002808213285891
0.000730763178935 -0.003458128835790
0.001098195683853 -0.004169772630479
0.001592871002405 -0.004938228847906
0.002236100869337 -0.005756040140726
0.003048622356345 -0.006612703914249
0.004049486220872 -0.007493770725463
0.005254583530528 -0.008379716998029
0.006674714620916 -0.009244537679799
0.008313071639550 -0.010053989957558
0.010161971434868 -0.010763401961517
0.012198631894755 -0.011314938889636
0.014381078938451 -0.011635691741933
0.016682700005134 -0.011679596787569
0.019113688557565 -0.011455920336386
0.021691494794614 -0.011002530688829
0.024440569556452 -0.010393608124153
0.027393835879171 -0.009748120220316
0.030578733366452 -0.009145450642196
0.034011782400398 -0.008592317707237
0.037709658628930 -0.008089089119174
0.041689526987794 -0.007631506796321
0.045968750377512 -0.007208728091368
0.050564473924515 -0.006800735845343
0.055494505444172 -0.006382227953794
0.060783208545466 -0.005951576228042
0.066459022654416 -0.005517962878746
0.072553174679494 -0.005094526407747
0.079099872007692 -0.004698647359918
0.086133758865627 -0.004330511745309
0.093688629000076 -0.003961658843267
0.101799012715438 -0.003546394540966
0.110501319979241 -0.003037986200974
0.119837073292582 -0.002433816578027
0.129850381645934 -0.001746969476356
0.140587085134092 -0.001001423827460
0.152094385086576 -0.000235758149141
0.164419170025659 0.000509698246688
0.177604411402969 0.001231177261533
0.191689582094301 0.001936734677487
0.206709527230675 0.002640851025811
0.222693572567110 0.003352199397479
0.239664223344535 0.004064210166740
0.257634183059593 0.004767637211549
0.276604080070832 0.005451521208774
0.296560285015581 0.006103201252689
0.317472864019941 0.006709558199542
0.339293690538885 0.007265007168610
0.361955380820781 0.007769358019902
0.385370976754437 0.008225115563934
0.409434449015918 0.008637419555223
0.434022419185370 0.009004635897895
0.458996816016003 0.009313086534868
0.484208100174604 0.009548583921552
0.509499493001967 0.009698412164302
0.534711714606539 0.009765304153975
0.559687912707288 0.009772861222277
0.584278453802627 0.009746264170886
0.608345181341460 0.009709032210817
0.631764906315632 0.009665728422340
0.654431936087076 0.009596828988097
0.676259554484835 0.009485230942837
0.697180518458128 0.009318716905093
0.717146603888538 0.009090657338246
0.736127215129390 0.008803411487097
0.754108044786623 0.008463006342658
0.771089208028267 0.008076319753895
0.787083041101607 0.007650657451713
0.802111876938067 0.007193405285093
0.816206084709066 0.006715745416539
0.829402288174106 0.006236595970787
0.841741134419565 0.005771031606803
0.853265760951708 0.005329354792129
0.864020590259771 0.004918129128821
0.874050349640419 0.004541058405491
0.883399296360445 0.004199714270354
0.892110623863162 0.003894124424777
0.900226023216262 0.003623237904004
0.907785335305283 0.003384157257487
0.914826272152948 0.003170211998916
0.921384450765040 0.002975509761307
0.927493363662774 0.002795682889832
0.933184363677675 0.002627526973926
0.938486690885589 0.002468718461711
0.943427530242752 0.002317595602102
0.948032090725110 0.002172989638457
0.952323698690227 0.002034095564143
0.956323899790979 0.001900373808218
0.960052565098214 0.001771475951465
0.963527998168588 0.001647189004296
0.966767040658772 0.001527393943767
0.969785174771929 0.001412035145410
0.972596621357658 0.001301098094022
0.975214432899797 0.001194593349706
0.977650580941174 0.001092545210911
0.979916037730248 0.000994983879962
0.982020852048304 0.000901940219501
0.983974219300612 0.000813442407231
0.985784546041976 0.000729513965323
0.987459509164888 0.000650172770512
0.989006110014182 0.000575430750285
0.990430723711063 0.000505294046212
0.991739143976059 0.000439763483029
0.992936623738017 0.000378835225540
0.994027911807466 0.000322501538182
0.995017285879329 0.000270751586568
0.995908582113669 0.000223572238598
0.996705221524918 0.000180948836142
0.997410233390758 0.000142865918161
0.998026275872025 0.000109307883191
0.998555654015120 0.000080259584137
0.999000335288699 0.000055706851803
0.999361962787070 0.000035636945858
0.999641866213791 0.000020038933412
0.999841070740527 0.000008903996150
0.999960303818212 0.000002225667340
1.000000000000000 0.000000000000000
