1.000000000000000 0.000000000000000
0.999960129343601 0.000006014309444
0.999840372333635 0.000024079068658
0.999640292886410 0.000054259893625
0.999359160982619 0.000096666555626
0.998995947817635 0.000151453598892
0.998549318951726 0.000218821206534
0.998017625399544 0.000299016315609
0.997398892580174 0.000392333981850
0.996690807030566 0.000499118993844
0.995890700766073 0.000619767735014
0.994995533152203 0.000754730289559
0.994001870131415 0.000904512785176
0.992905860627964 0.001069679960690
0.991703209932573 0.001250857940198
0.990389149847174 0.001448737186447
0.988958405348546 0.001664075594354
0.987405157508811 0.001897701669867
0.985723002391078 0.002150517718808
0.983904905621028 0.002423502943527
0.981943152321153 0.002717716310444
0.979829292085370 0.003034299006755
0.977554078670076 0.003374476246983
0.975107404086299 0.003739558116321
0.972478226800144 0.004130939043679
0.969654493790134 0.004550095377707
0.966623056276356 0.004998580387413
0.963369579035330 0.005478015817490
0.959878443355871 0.005990078887393
0.956132643886914 0.006536483321255
0.952113679893019 0.007118952619139
0.947801441784802 0.007739183313401
0.943174094251150 0.008398795379363
0.938207957912572 0.009099266268123
0.932877392168860 0.009841844182083
0.927154682860973 0.010627435203592
0.921009939540233 0.011456457702552
0.914411008570755 0.012328656090052
0.907323410012968 0.013242864472252
0.899710308266787 0.014196709145045
0.891532677408488 0.015187572219384
0.882749947454999 0.016217239207134
0.873320010288491 0.017289983847338
0.863199501175100 0.018412116938602
0.852344352042542 0.019592740825984
0.840710531317699 0.020844704164187
0.828255000573646 0.022185784865561
0.814936915618174 0.023640121381203
0.800719093083837 0.025239897285792
0.785568865072537 0.027019684983532
0.769455700625451 0.028981078626114
0.752354674290088 0.031105377476458
0.734249491873387 0.033361006284334
0.715134448140846 0.035701021428585
0.695016412202583 0.038061062798996
0.673920722576844 0.040393728935601
0.651899148589901 0.042724521417831
0.629025378751521 0.045101357312373
0.605394431521479 0.047585684955208
0.581120630866770 0.050237576388981
0.556324294486649 0.052999650797291
0.531133321456166 0.055738344122478
0.505686170619045 0.058308555878971
0.480129733951613 0.060575834557776
0.454626412894734 0.062534623966272
0.429343275377028 0.064251221659459
0.404440149790861 0.065794390897680
0.380063904467948 0.067220425022458
0.356338850690537 0.068503954660786
0.333368743872323 0.069591219370848
0.311238913108762 0.070442439971416
0.290015931389508 0.071032185551532
0.269752100192040 0.071348382355055
0.250485888402336 0.071390720534695
0.232237546308081 0.071168760266167
0.215010982953905 0.070699694753512
0.198796244645305 0.070006136398037
0.183571640929002 0.069113554160578
0.169305287730512 0.068047337500301
0.155958919837935 0.066833549672639
0.143490629874631 0.065496689869957
0.131868637107166 0.064018496808253
0.121068170696584 0.062351749215092
0.111055929857929 0.060474380712245
0.101792324150946 0.058384567252102
0.093234867671623 0.056098046319259
0.085346843408357 0.053673752764101
0.078092170442218 0.051179811403809
0.071430957619734 0.048667938365354
0.065304899821731 0.046166835494843
0.059644259728315 0.043688210684583
0.054391592756446 0.041242310136241
0.049500306240570 0.038838478478289
0.044942897376043 0.036486318682336
0.040733520942630 0.034198681643550
0.036882496221018 0.031986161152835
0.033387633065731 0.029856199635144
0.030238093712125 0.027813758344134
0.027417294276595 0.025861858176729
0.024905064211885 0.024002014993766
0.022666723648724 0.022230977111235
0.020615809785938 0.020529911759703
0.018675914138632 0.018882243354944
0.016796159453838 0.017278134623568
0.014944797598328 0.015712668851132
0.013104256518360 0.014184461125979
0.011271443152558 0.012695712269560
0.009496417800137 0.011262610264465
0.007842389400204 0.009904568534586
0.006348090342831 0.008634113618637
0.005033385693338 0.007458415062876
0.003904309043568 0.006380664113085
0.002956986632672 0.005401154554771
0.002180686287704 0.004518128137411
0.001560178380288 0.003728434119354
0.001077556900232 0.003028042230215
0.000713637768961 0.002412440215434
0.000449026956626 0.001876940664912
0.000264931479900 0.001416916686230
0.000143770874859 0.001027981886377
0.000069634412604 0.000706126854315
0.000028619479906 0.000447821714659
0.000009078644317 0.000250092210270
0.000001796530752 0.000110575055687
0.000000112404765 0.000027556892814
0.000000000000000 0.000000000000000
0.000000109038232 -0.000027075966031
0.000001752754893 -0.000108159659523
0.000008942059660 -0.000242805272052
0.000028567878583 -0.000430225239423
0.000070718761526 -0.000669221403105
0.000149142889908 -0.000958084518323
0.000281699806850 -0.001294483277497
0.000488518617931 -0.001675677360109
0.000790826145271 -0.002098614481460
0.001211143004333 -0.002559804708185
0.001772493503355 -0.003055314432569
0.002497335244259 -0.003580769833776
0.003406153958757 -0.004131370254860
0.004515629238234 -0.004701915897379
0.005836251729849 -0.005286855565790
0.007369240770646 -0.005880361905023
0.009102571589163 -0.006476443773368
0.011005870941995 -0.007069108214639
0.013023905757775 -0.007652588515057
0.015095888152777 -0.008222041754141
0.017218045039750 -0.008774991085242
0.019406261186867 -0.009311570578200
0.021688403417211 -0.009835423818259
0.024108457180098 -0.010355078297207
0.026730063453404 -0.010885135152086
0.029601038938392 -0.011434459315556
0.032738847047650 -0.012001393372759
0.036158280855769 -0.012583103035937
0.039871814909008 -0.013175859841793
0.043888226618036 -0.013774825881050
0.048210754687175 -0.014373790239053
0.052835612536096 -0.014964544998844
0.057771154749917 -0.015529406197241
0.063046039836117 -0.016036822319640
0.068695284000118 -0.016443485006584
0.074760978431952 -0.016691171246296
0.081290516024838 -0.016714187247624
0.088318386943854 -0.016500688698121
0.095871935273774 -0.016076741949943
0.103975880598903 -0.015494518290850
0.112659875122407 -0.014788643874346
0.121963793077049 -0.013945389621560
0.131930032902108 -0.012946427164338
0.142602781060859 -0.011772192124498
0.154027748071589 -0.010402443492647
0.166251792338085 -0.008835711950334
0.179322430187676 -0.007113637081684
0.193287256608430 -0.005308017573288
0.208192854459476 -0.003522875849183
0.224076213110722 -0.001830353874632
0.240960417692813 -0.000249161129814
0.258857509377752 0.001207476262974
0.277766245453490 0.002531306993721
0.297669651022147 0.003720867453939
0.318533487628780 0.004778479686170
0.340308233086521 0.005686311191009
0.362926237798037 0.006418543476383
0.386300057753417 0.006950816654759
0.410322963727115 0.007262135009124
0.434870913775198 0.007359671122160
0.459805289712568 0.007288004866002
0.484975942249709 0.007102603364685
0.510225464328191 0.006864265783028
0.535394450871482 0.006605073313418
0.560326579095132 0.006317974981778
0.584872788595275 0.005994614365412
0.608895474189800 0.005628779140856
0.632272022240733 0.005230782906755
0.654897330525260 0.004829589772602
0.676685172270977 0.004450819660724
0.697568678701154 0.004114645889051
0.717499906100753 0.003832589744709
0.736448558844191 0.003595143574539
0.754400543699125 0.003388549578064
0.771356057399497 0.003201996274123
0.787327409779241 0.003027313507429
0.802336823834997 0.002858600817842
0.816414350410581 0.002693525083200
0.829595949901652 0.002534458253266
0.841921704137102 0.002383546133677
0.853434329254853 0.002242130937165
0.864177940667972 0.002110932736763
0.874197047598669 0.001990202991360
0.883535757214721 0.001879850934198
0.892237163759083 0.001779545125787
0.900342896412065 0.001688793194993
0.907892792188047 0.001606528438999
0.914924671770529 0.001530326565232
0.921474245034548 0.001458173407243
0.927575059704898 0.001388696747032
0.933258495992440 0.001320999019772
0.938553801160859 0.001254528675696
0.943488153029001 0.001188982178101
0.948086743577195 0.001124230041638
0.952372875677250 0.001060261567874
0.956368067517980 0.000997144003317
0.960092160577393 0.000934992735382
0.963563428031480 0.000873949870754
0.966798681321699 0.000814169129077
0.969813373261498 0.000755805454570
0.972621696576357 0.000699008119371
0.975236677168362 0.000643916383408
0.977670261697783 0.000590657002124
0.979933399299796 0.000539343048581
0.982036117420092 0.000490073651166
0.983987591871791 0.000442934351182
0.985796211298232 0.000397997862970
0.987469636280408 0.000355325078483
0.989014853360663 0.000314966202885
0.990438224271164 0.000276961941055
0.991745530660695 0.000241344679674
0.992942014609742 0.000208139627791
0.994032415214081 0.000177365892066
0.995021001503153 0.000149037472466
0.995911601942662 0.000123164170989
0.996707630752299 0.000099752410663
0.997412111249947 0.000078805965280
0.998027696413760 0.000060326602284
0.998556686833522 0.000044314642484
0.999001046202897 0.000030769440781
0.999362414484838 0.000019689792287
0.999642118863426 0.000011074268035
0.999841182577032 0.000004921484064
0.999960331709691 0.000001230307182
1.000000000000000 0.000000000000000
