1.000000000000000 0.000000000000000
0.999960366531457 0.000007970839091
0.999841321585648 0.000031909874954
0.999642430582865 0.000071896815299
0.999362966017872 0.000128065013826
0.999001902621587 0.000200602235038
0.998557910527784 0.000289751732124
0.998029346384691 0.000395813644992
0.997414242333573 0.000519146727642
0.996710292758152 0.000660170416042
0.995914838689982 0.000819367249719
0.995024849735664 0.000997285662251
0.994036903372058 0.001194543157792
0.992947161435515 0.001411829892628
0.991751343610745 0.001649912682552
0.990444697704536 0.001909639458441
0.989021966469555 0.002191944193843
0.987477350724346 0.002497852329537
0.985804468498352 0.002828486720806
0.983996309916237 0.003185074133478
0.982045187525519 0.003568952314578
0.979942681767420 0.003981577662426
0.977679581295442 0.004424533519221
0.975245817862744 0.004899539106265
0.972630395532195 0.005408459117935
0.969821314017372 0.005953313985056
0.966805486045755 0.006536290811415
0.963568648755453 0.007159754978638
0.960095269304970 0.007826262404553
0.956368445105074 0.008538572428716
0.952369799389190 0.009299661286297
0.948079373243690 0.010112736118798
0.943475515745537 0.010981249458283
0.938534774529380 0.011908914112656
0.933231789960558 0.012899718375581
0.927539197158786 0.013957941489222
0.921427541435179 0.015088169305294
0.914865214307036 0.016295310125232
0.907818419168467 0.017584610758976
0.900251177935186 0.018961672929499
0.892125370004257 0.020432352504776
0.883400764345217 0.022002249908046
0.874035265933418 0.023676845453711
0.863985252552830 0.025461514193594
0.853206021751137 0.027361392632964
0.841652397322245 0.029381214892063
0.829279522142010 0.031525115854955
0.816043862682981 0.033796400186091
0.801904446045845 0.036197278190443
0.786824283769006 0.038728210505708
0.770771745277657 0.041385398917593
0.753722578727176 0.044160915147662
0.735662101980122 0.047042799174311
0.716587387411345 0.050014534968919
0.696509442287792 0.053054637499803
0.675455427722401 0.056135183274053
0.653470731446657 0.059219462278515
0.630619894422726 0.062264314160882
0.606987061551694 0.065221398618048
0.582675834896154 0.068040910519785
0.557810010568174 0.070696017484516
0.532530518678284 0.073177810937322
0.506990689573275 0.075482886867519
0.481351714684697 0.077608148245016
0.455776651458654 0.079508303797971
0.430425814842308 0.081118551430468
0.405452503874292 0.082384089434672
0.380998583369985 0.083267500530896
0.357190739251818 0.083779472369857
0.334137925275977 0.083954607563074
0.311929841589337 0.083831084592713
0.290636643980402 0.083447268385557
0.270317152775100 0.082800168289332
0.251018407724375 0.081851967912776
0.232766403625573 0.080584512341275
0.215568126787973 0.078998580576063
0.199414516740627 0.077109675434937
0.184281159355382 0.074960353608622
0.170126628123904 0.072648679061274
0.156903825132480 0.070263501320069
0.144564207989904 0.067870166953598
0.133072438271264 0.065465049991827
0.122402533022114 0.062996441118816
0.112520223968221 0.060434626905795
0.103385084666000 0.057768705076272
0.094952450618841 0.055005329437186
0.087167984049276 0.052216098895367
0.079975061100367 0.049492812219813
0.073322527434521 0.046897630916403
0.067161607031333 0.044439008416274
0.061444661104582 0.042069664290805
0.056130239359977 0.039753858050038
0.051182544929194 0.037469748921259
0.046574268116209 0.035209245729330
0.042307620079737 0.032996695748204
0.038388038601292 0.030861195269108
0.034810799381780 0.028822166809510
0.031564140400478 0.026891672688910
0.028631679479111 0.025076286428576
0.025994210967089 0.023378540108393
0.023626373794687 0.021794900526474
0.021457768962374 0.020289745530428
0.019411834711115 0.018821785571004
0.017436933280645 0.017365213463401
0.015500519138753 0.015905928923512
0.013584215423538 0.014438359486290
0.011682929871643 0.012964365808602
0.009842552302494 0.011510060037161
0.008127865524704 0.010110673963097
0.006578923514165 0.008790227761035
0.005216248466144 0.007563721624613
0.004046045046566 0.006439394523250
0.003064263447866 0.005420498181285
0.002259756207501 0.004506687529755
0.001616722637761 0.003695107993600
0.001116594229742 0.002981243391617
0.000739482314895 0.002359575050834
0.000465283835375 0.001824092262668
0.000274520894953 0.001368685872241
0.000148973729389 0.000987450147523
0.000072153970502 0.000674912765660
0.000029654883020 0.000426208496433
0.000009407069867 0.000237208730372
0.000001861522175 0.000104616209193
0.000000116472819 0.000026032020953
0.000000000000000 0.000000000000000
0.000000112277080 -0.000025472161918
0.000001804829582 -0.000101597530441
0.000009207602359 -0.000227481279272
0.000029415568521 -0.000401559537396
0.000072815046815 -0.000621487416812
0.000153558367665 -0.000883975642307
0.000290205619528 -0.001184568826146
0.000506051672090 -0.001517484128778
0.000825441419121 -0.001876440737620
0.001272823071323 -0.002254769036393
0.001872908095115 -0.002645205278762
0.002649392227468 -0.003040006931520
0.003623271452760 -0.003431117059105
0.004810649881513 -0.003810390881813
0.006219899139831 -0.004169903845432
0.007847991833459 -0.004502365879455
0.009675784965114 -0.004801673299815
0.011661970313788 -0.005063638418612
0.013736920218141 -0.005286799775044
0.015850320178984 -0.005468303307704
0.018007474626185 -0.005600964126659
0.020227319713829 -0.005677799907623
0.022542865287387 -0.005692811150655
0.025006031271728 -0.005641622036155
0.027684275121963 -0.005521487143212
0.030609953970547 -0.005327228452982
0.033797435684728 -0.005053350925171
0.037259336298791 -0.004696297605173
0.041005430701045 -0.004255450365009
0.045041153421265 -0.003734462877355
0.049365608717593 -0.003143027305520
0.053972572412377 -0.002496580792526
0.058876190520392 -0.001798290440568
0.064106348074905 -0.001043136624912
0.069699686515791 -0.000225362202563
0.075701408145569 0.000661596275475
0.082160952059399 0.001621753879692
0.089114084628797 0.002645843321446
0.096593322825546 0.003714921042587
0.104631077658017 0.004800731598188
0.113263776229451 0.005887016043543
0.122533061506670 0.006977524864514
0.132482135967700 0.008081628662909
0.143155128870589 0.009215582157100
0.154596454343203 0.010404417065836
0.166850847352651 0.011655858010495
0.179963164501521 0.012935176319395
0.193976478423044 0.014188205866590
0.208930535162321 0.015342616733315
0.224857482805915 0.016355660260316
0.241779304353170 0.017224963497608
0.259707163488723 0.017959342776345
0.278639042776014 0.018580559067356
0.298557357167964 0.019126091172094
0.319427661801875 0.019637044039922
0.341201015084331 0.020092466144303
0.363810827874069 0.020442688596665
0.387171243311146 0.020630144470962
0.411177583146854 0.020592409457699
0.435706711530127 0.020304090863237
0.460619238134177 0.019789882961113
0.485764138408480 0.019085449252126
0.510983213737076 0.018233248535924
0.536117539391721 0.017276824543199
0.561012703098200 0.016257624480753
0.585521590211694 0.015216457253883
0.609508360908313 0.014190955759422
0.632850627166000 0.013191693120628
0.655441823351355 0.012199439172406
0.677194441534080 0.011197315661962
0.698040662946346 0.010173247710054
0.717932226969036 0.009125148702374
0.736840280739600 0.008080209156658
0.754752369466053 0.007068075474575
0.771669909783379 0.006110502447357
0.787606063081270 0.005222326578008
0.802583592840697 0.004412562259524
0.816632724696697 0.003683194461465
0.829789189433719 0.003028340111017
0.842092783499056 0.002441277322998
0.853585940676495 0.001915568936844
0.864312503942354 0.001445148723206
0.874316724744719 0.001024373770830
0.883642470124510 0.000648050173299
0.892332613440625 0.000311438466447
0.900428582771168 0.000010244528438
0.907970018322092 -0.000258074339803
0.914994521944045 -0.000492082869115
0.921537616189950 -0.000691175320914
0.927632697863182 -0.000856158959425
0.933311025479514 -0.000988779803162
0.938601748035790 -0.001091369542783
0.943531963845892 -0.001166586924110
0.948126800403790 -0.001217231913556
0.952409508118307 -0.001246115302160
0.956401562346432 -0.001255970052726
0.960122769457423 -0.001249393697339
0.963591373720912 -0.001228813522291
0.966824162662948 -0.001196468216286
0.969836569207442 -0.001154401186984
0.972642769447171 -0.001104461944734
0.975255775295142 -0.001048312876095
0.977687521576794 -0.000987439438455
0.979948947355699 -0.000923162346739
0.982050071456340 -0.000856650730802
0.984000062270321 -0.000788935547638
0.985807302017896 -0.000720922759529
0.987479445693515 -0.000653405956368
0.989023474959019 -0.000587078222006
0.990445747266682 -0.000522543131815
0.991752040500623 -0.000460324830328
0.992947593422572 -0.000400877180399
0.994037142199084 -0.000344592003742
0.995024953273918 -0.000291806450860
0.995914852833068 -0.000242809548990
0.996710253091760 -0.000197847981939
0.997414175613489 -0.000157131157149
0.998029271851507 -0.000120835614167
0.998557841083371 -0.000089108825701
0.999001845889529 -0.000062072438332
0.999362925307702 -0.000039824995046
0.999642405775976 -0.000022444176424
0.999841309959159 -0.000009988591751
0.999960363535084 -0.000002499145634
1.000000000000000 0.000000000000000
