1.000000000000000 0.000000000000000
0.999960892920343 0.000010881861685
0.999843425070584 0.000043544352082
0.999647155617318 0.000098038133173
0.999371346492440 0.000174447460137
0.999014957343110 0.000272889904460
0.998576638398689 0.000393515957074
0.998054721191324 0.000536508502637
0.997447207048141 0.000702082154098
0.996751753254115 0.000890482435260
0.995965656765357 0.001101984798338
0.995085835332967 0.001336893463953
0.994108805877858 0.001595540072967
0.993030659937177 0.001878282143725
0.991847035983589 0.002185501335441
0.990553088400127 0.002517601529794
0.989143452876263 0.002875006759785
0.987612207976387 0.003258159039576
0.985952832621118 0.003667516184010
0.984158159216862 0.004103549755396
0.982220322171873 0.004566743342480
0.980130701551176 0.005057591468478
0.977879861651970 0.005576599549449
0.975457484331001 0.006124285491608
0.972852296992808 0.006701183739633
0.970051995261391 0.007307852884942
0.967043160519173 0.007944888335402
0.963811172720204 0.008612942064015
0.960340119187266 0.009312752129459
0.956612700506973 0.010045185540249
0.952610135170267 0.010811299171791
0.948312065300640 0.011612424908580
0.943696466708126 0.012450287052160
0.938739567648849 0.013327162402295
0.933415782109132 0.014246096388391
0.927697665225058 0.015211192311484
0.921555900649143 0.016227995261511
0.914959332335701 0.017303997686633
0.907875056369864 0.018449299947344
0.900268592114160 0.019677466429071
0.892103702465648 0.021004273649609
0.883340703085914 0.022438246994090
0.873937469316113 0.023984707943197
0.863850187106020 0.025647897146354
0.853033729524305 0.027430427644884
0.841442173230459 0.029332594760720
0.829029478924990 0.031351524416376
0.815750358922294 0.033480146789797
0.801561351881502 0.035705992403593
0.786422627838864 0.038012790960815
0.770302428605309 0.040395985876264
0.753178138288733 0.042857317318351
0.735037689564749 0.045400347094157
0.715881934771378 0.048031064192631
0.695726984165391 0.050758433728482
0.674604341564300 0.053581389184290
0.652559243422177 0.056466219791382
0.629654794534930 0.059366557483725
0.605972996530502 0.062227655912628
0.581614847069752 0.064989352544522
0.556702827715209 0.067602051818746
0.531377204642075 0.070024104389170
0.505790557712954 0.072216526759284
0.480103433114184 0.074148586048589
0.454479616961490 0.075827136111881
0.429080892452964 0.077280500490240
0.404061946439087 0.078540738715185
0.379565950659428 0.079629384878091
0.355721213466800 0.080489238754554
0.332638180069178 0.081045058133081
0.310407613710699 0.081243123616617
0.289100131259641 0.081052837894359
0.268768725457596 0.080495890230486
0.249449129062700 0.079632292399595
0.231158945692690 0.078519882166834
0.213899797936215 0.077211553835635
0.197659802070698 0.075754583594261
0.182419180537727 0.074173051991607
0.168156241066524 0.072447934607058
0.154840353502127 0.070568607142232
0.142432942901216 0.068538739633955
0.130888485676799 0.066383474974106
0.120157692667860 0.064137656908439
0.110190598640216 0.061832492534570
0.100937664485898 0.059495203435903
0.092355382169530 0.057142757123451
0.084425642911378 0.054757101049226
0.077129492740534 0.052320898330720
0.070435794606755 0.049831877097331
0.064277652976567 0.047322381794727
0.058580332889478 0.044834215070637
0.053284089778749 0.042398132293875
0.048341673758592 0.040035872188340
0.043740215113769 0.037754286034539
0.039499139006555 0.035546940083160
0.035625396986431 0.033409247610079
0.032114241769380 0.031338807706233
0.028952908757517 0.029334684700217
0.026123375754636 0.027396883154680
0.023601375216055 0.025525282104283
0.021320939339629 0.023710985281934
0.019203858118907 0.021942574419897
0.017195181754635 0.020213866552224
0.015258285480883 0.018522596555545
0.013370256552983 0.016869245360022
0.011521591984263 0.015256894077230
0.009749604086370 0.013698714554171
0.008105673897129 0.012210577383810
0.006620865050009 0.010803309284059
0.005310484794474 0.009483741323540
0.004178311258125 0.008255689768902
0.003219877604845 0.007120728803485
0.002425015264093 0.006078798237349
0.001779815967014 0.005128680482525
0.001268138756379 0.004268374035787
0.000872761585660 0.003495385120475
0.000576256117329 0.002806954691551
0.000361647706771 0.002200234467430
0.000212909392990 0.001672422830218
0.000115328279272 0.001220869182980
0.000055774396166 0.000843153549592
0.000022895534550 0.000537146754236
0.000007256250714 0.000301055347676
0.000001434983830 0.000133454494618
0.000000089750817 0.000033311250903
0.000000000000000 0.000000000000000
0.000000086556397 -0.000032673826709
0.000001390862715 -0.000130727277149
0.000007091329464 -0.000294250491159
0.000022635336539 -0.000523374184554
0.000055970293268 -0.000818239379499
0.000117879415630 -0.001178952992892
0.000222435133366 -0.001605527137335
0.000387495503399 -0.002097781382715
0.000632944294461 -0.002654754825410
0.000978951854753 -0.003274057976440
0.001446624652657 -0.003951609252447
0.002057370485039 -0.004681028624262
0.002831964217999 -0.005452858052838
0.003789315622422 -0.006253582963724
0.004944854300343 -0.007064405931575
0.006308423993880 -0.007859711509693
0.007881549898986 -0.008605145853967
0.009653906388090 -0.009255215673226
0.011598766781479 -0.009750287107708
0.013668041354997 -0.010013757672406
0.015825847130854 -0.009990294224936
0.018079908408157 -0.009682812409673
0.020448067956077 -0.009122915373606
0.022957540723886 -0.008377234276917
0.025647985203456 -0.007559863835193
0.028563113247146 -0.006797249410666
0.031723308622575 -0.006114302761438
0.035143848024925 -0.005509606475343
0.038839433175921 -0.004973841065544
0.042823506326310 -0.004486573326094
0.047107320221096 -0.004012027796948
0.051698791906065 -0.003493957113975
0.056609660202076 -0.002883539435039
0.061865300026093 -0.002177815290302
0.067495990512056 -0.001384226802379
0.073536486938489 -0.000518187390016
0.080026174581819 0.000396051195506
0.087002388025687 0.001342722075020
0.094501149337559 0.002311480722711
0.102560245455172 0.003287667897038
0.111219413369758 0.004258232347987
0.120520543017931 0.005220737106371
0.130506794270099 0.006176243151139
0.141221952418531 0.007129401380791
0.152709655694228 0.008089926865594
0.165013273651859 0.009063640139987
0.178176249095604 0.010035068762162
0.192239761576488 0.010980089373450
0.207241044472269 0.011867716774855
0.223211020359894 0.012676073813572
0.240171977873942 0.013401468916970
0.258135879056984 0.014046471135787
0.277102087254583 0.014620729711114
0.297055089436463 0.015142597832006
0.317962727808123 0.015633782856386
0.339776411052481 0.016080031404067
0.362429231587511 0.016447196975626
0.385834887022942 0.016696110921066
0.409888152759776 0.016784393255675
0.434465794852598 0.016691924102014
0.459428833860489 0.016432946663091
0.484626684254645 0.016029748317631
0.509901538330126 0.015509758757199
0.535094233452452 0.014909760004647
0.560049532967860 0.014275624615493
0.584619466769502 0.013652267717138
0.608667370308824 0.013079883007322
0.632070106366150 0.012557389856515
0.654720322227031 0.012034707688735
0.676529825917688 0.011467642764595
0.697430256185321 0.010822903568631
0.717372974128157 0.010086403234527
0.736329114791680 0.009297462572741
0.754286370472321 0.008503469607505
0.771246306333965 0.007740128450532
0.787222230661078 0.007032814226342
0.802237050123973 0.006398139606957
0.816320924124045 0.005837068616036
0.829509100195317 0.005328362505432
0.841841053901327 0.004853519625304
0.853359101546821 0.004399513327917
0.864107117757560 0.003957565581856
0.874129490215720 0.003522115682518
0.883470291288706 0.003089976895481
0.892172641259110 0.002659663608521
0.900278236029874 0.002230866724373
0.907827099158600 0.001807219636587
0.914857521118238 0.001401888328320
0.921405601807343 0.001025435065202
0.927505147672891 0.000684117819401
0.933187700256467 0.000381055760968
0.938482596961383 0.000117124465111
0.943417054618660 -0.000108363358422
0.948016268319397 -0.000297145631902
0.952303519590204 -0.000451629851053
0.956300289332940 -0.000574613284268
0.960026372055408 -0.000669080698284
0.963499988815482 -0.000738060955747
0.966737897017276 -0.000784527937945
0.969755495763226 -0.000811334531624
0.972566925906357 -0.000821171021561
0.975185164285300 -0.000816541275490
0.977622111880698 -0.000799751703256
0.979888675821895 -0.000772909208644
0.981994845311157 -0.000737925305276
0.983949761630237 -0.000696524298313
0.985761782460270 -0.000650253990448
0.987438540787854 -0.000600497792678
0.988986998693765 -0.000548487438502
0.990413496330679 -0.000495315738359
0.991723796396017 -0.000441948988296
0.992923124398590 -0.000389238777371
0.994016205005081 -0.000337933033575
0.995007294736351 -0.000288686216552
0.995900211265211 -0.000242068613930
0.996698359547684 -0.000198574731470
0.997404754999505 -0.000158630789539
0.998022043909120 -0.000122601352416
0.998552521258172 -0.000090795124830
0.998998146100484 -0.000063469953625
0.999360554631090 -0.000040837072737
0.999641071057932 -0.000023064627628
0.999840716370422 -0.000010280511716
0.999960215081210 -0.000002574542554
1.000000000000000 0.000000000000000
