1.000000000000000 0.000000000000000
0.999960497699363 0.000007421154383
0.999841846145888 0.000029704772590
0.999643610421307 0.000066911401356
0.999365062441436 0.000119142224188
0.999005176095724 0.000186539471117
0.998562620382724 0.000269286995124
0.998035750481192 0.000367611018066
0.997422596678650 0.000481781049995
0.996720851061044 0.000612110986873
0.995927851848434 0.000758960393087
0.995040565242508 0.000922735976876
0.994055564632164 0.001103893268848
0.992969006983547 0.001302938516520
0.991776606220912 0.001520430811255
0.990473603384896 0.001756984468512
0.989054733335605 0.002013271688307
0.987514187749970 0.002290025530641
0.985845574147095 0.002588043251090
0.984041870662906 0.002908190055609
0.982095376287951 0.003251403351981
0.979997656281960 0.003618697599762
0.977739482488314 0.004011169892942
0.975310768294877 0.004430006452475
0.972700498029061 0.004876490262505
0.969896650640908 0.005352010158958
0.966886117625710 0.005858071777621
0.963654615277159 0.006396310897909
0.960186591555102 0.006968509887311
0.956465128113585 0.007576618171146
0.952471838383364 0.008222777936810
0.948186763060227 0.008909356648292
0.943588264942654 0.009638988415939
0.938652925819851 0.010414626862279
0.933355449068484 0.011239612874427
0.927668572811188 0.012117761566079
0.921562999960779 0.013053473915801
0.915007353257681 0.014051879926261
0.907968165532619 0.015119021771376
0.900409917903691 0.016262087250452
0.892295141427654 0.017489705892567
0.883584600802951 0.018812322125234
0.874237511941475 0.020242189886591
0.864210984481264 0.021787383708790
0.853460349522980 0.023450854428850
0.841940179626770 0.025233048795948
0.829604986172127 0.027131066970127
0.816410092116683 0.029137545671331
0.802312711575638 0.031239340979507
0.787273249541752 0.033416023537601
0.771257089471809 0.035640042051086
0.754239362776399 0.037895828415753
0.736207033596692 0.040179291861698
0.717159777286088 0.042488405086786
0.697112291735421 0.044823794314751
0.676096399493932 0.047188955478949
0.654160397486799 0.049567556519682
0.631368592913287 0.051907938479389
0.607804246186861 0.054147607173912
0.583569405518096 0.056216890319517
0.558785242573126 0.058061088498833
0.533593086086864 0.059683295931645
0.508147433256620 0.061104191481468
0.482610669295297 0.062351247863183
0.457146950738286 0.063429747406005
0.431915906235557 0.064294034720302
0.407069691617328 0.064899478931829
0.382748909039023 0.065212070807494
0.359079376176464 0.065233038348647
0.336169637675096 0.065006823662202
0.314108825596939 0.064580311039798
0.292966073403101 0.063997540923173
0.272791519489938 0.063290574960553
0.253618980155744 0.062459017263762
0.235465238096257 0.061501254706405
0.218331515141050 0.060422310930668
0.202205870517553 0.059232194015365
0.187065592870445 0.057944526241974
0.172878982100791 0.056578264895338
0.159607791132626 0.055154758053929
0.147209701137322 0.053693438598661
0.135641796556101 0.052203823625393
0.124868065846760 0.050660573565098
0.114850841440613 0.049041839666217
0.105549086172711 0.047339447669329
0.096920086388485 0.045554745246155
0.088919602171599 0.043707335324219
0.081500964208179 0.041852096226165
0.074619831863876 0.040035173774500
0.068235584065730 0.038282371237052
0.062314126868935 0.036566998064134
0.056824435129921 0.034853011122981
0.051736554912344 0.033119506049553
0.047021979598638 0.031357033464357
0.042657079815023 0.029586306860994
0.038622952402522 0.027853978636429
0.034900057618958 0.026194015979168
0.031468509106523 0.024628413302525
0.028308617310521 0.023170237758699
0.025401266395330 0.021825977999097
0.022726929478250 0.020594253922672
0.020251576095274 0.019431535579954
0.017938151514953 0.018281691076321
0.015759633837454 0.017109351073225
0.013696908837358 0.015895174134182
0.011736977191286 0.014631601028623
0.009889409830524 0.013330783362209
0.008192835893864 0.012026840537764
0.006672248183729 0.010747742131850
0.005338301184313 0.009513847999057
0.004191237771179 0.008339613543917
0.003223933474621 0.007234945013652
0.002424248286371 0.006206275807497
0.001776836019279 0.005257420406477
0.001264529622138 0.004390251060370
0.000869395864766 0.003605233227839
0.000573533052465 0.002901848474149
0.000359669803895 0.002278927708673
0.000211610560586 0.001734912988679
0.000114563699709 0.001268062385611
0.000055380347048 0.000876609412690
0.000022725799679 0.000558886094310
0.000007200521282 0.000313416794755
0.000001423689762 0.000138988316596
0.000000089032913 0.000034700446373
0.000000000000000 0.000000000000000
0.000000087176170 -0.000034300928547
0.000001400668715 -0.000137266657623
0.000007140217057 -0.000309077653186
0.000022786539257 -0.000550006382444
0.000056328944534 -0.000860373331025
0.000118596012269 -0.001240482316457
0.000223545445649 -0.001690514485825
0.000387034155218 -0.002210210891819
0.000626315770801 -0.002798584059718
0.000960169833445 -0.003453637206852
0.001408473568873 -0.004171945865113
0.001991617159468 -0.004948129175582
0.002729722875176 -0.005774185042406
0.003641610430757 -0.006638656017592
0.004743435399860 -0.007525584469675
0.006046907898785 -0.008413205217784
0.007556973965741 -0.009272310860402
0.009268810730291 -0.010064208833290
0.011163946858027 -0.010738168964214
0.013205799463038 -0.011228765633391
0.015364851399766 -0.011483535886721
0.017646924575365 -0.011494546545075
0.020064731538150 -0.011274182457891
0.022636037789261 -0.010858936449210
0.025385199193375 -0.010318057728451
0.028337582892113 -0.009720852831363
0.031509380421629 -0.009077240865260
0.034916772366724 -0.008390870593260
0.038577531168351 -0.007668374433421
0.042511185754567 -0.006920399814037
0.046739205024456 -0.006162942073319
0.051285150920343 -0.005418424949635
0.056173420427703 -0.004699516026052
0.061428492956591 -0.003999491407004
0.067075853868644 -0.003303763804625
0.073141785091584 -0.002587969780008
0.079653990884506 -0.001822209102449
0.086645964529471 -0.001003797657916
0.094155232753688 -0.000144010581375
0.102222262426371 0.000739599684529
0.110888927943313 0.001630123606914
0.120197764092015 0.002513355835640
0.130192745052649 0.003370871977362
0.140918848233372 0.004178683175163
0.152421373656312 0.004906808968264
0.164744575815570 0.005540363571519
0.177930255455502 0.006091876859516
0.192016653675078 0.006588511412456
0.207037033661425 0.007070116502847
0.223020492117181 0.007546134476861
0.239989566814408 0.008002959357402
0.257956977562012 0.008423092660584
0.276923425683166 0.008784939060495
0.296875423351936 0.009062583738762
0.317783027231296 0.009232793115423
0.339597680870829 0.009288520088175
0.362251490353508 0.009228640718065
0.385656916165287 0.009056272912301
0.409707414704094 0.008780006849284
0.434279939667229 0.008420872511418
0.459237094675500 0.008008956489974
0.484430103847371 0.007578585248361
0.509702950222312 0.007162897610781
0.534896677754175 0.006770473757510
0.559854579865785 0.006398728906266
0.584427162580671 0.006044773791009
0.608476396676771 0.005705434347735
0.631879195203267 0.005376403558503
0.654529934469901 0.005053566364718
0.676341950799353 0.004733664831468
0.697248045881776 0.004414814112400
0.717200181106686 0.004102246858816
0.736168299612801 0.003804621697814
0.754138579586208 0.003528329209287
0.771111430692159 0.003277609063069
0.787099323307421 0.003054821479351
0.802124534515462 0.002856999450494
0.816217031458999 0.002675235369271
0.829412662926529 0.002502524579224
0.841751444092118 0.002334051607028
0.853276067726036 0.002166704900905
0.864030658122013 0.001998661465042
0.874059756466632 0.001829042861809
0.883407518139457 0.001657672976542
0.892117128071304 0.001486838485584
0.900230345665095 0.001321216430399
0.907787123881154 0.001164149632773
0.914825398863793 0.001017708713453
0.921380971438170 0.000883023166478
0.927487456075799 0.000760539257764
0.933176281543636 0.000650218643990
0.938476730114234 0.000551689609082
0.943416004624808 0.000464360869056
0.948019314786285 0.000387506115572
0.952309975950495 0.000320325906552
0.956309515058294 0.000261992182347
0.960037779739300 0.000211679578703
0.963513047547057 0.000168586802151
0.966752133124870 0.000131950602903
0.969770491739248 0.000101054297957
0.972582318118965 0.000075232337241
0.975200639924000 0.000053872045627
0.977637405462106 0.000036413393820
0.979903565490220 0.000022347435153
0.982009149098813 0.000011213879603
0.983963333792248 0.000002598150042
0.985774509957658 -0.000003871830005
0.987450339966909 -0.000008528939895
0.988997812187466 -0.000011670133371
0.990423290193742 -0.000013559594671
0.991732557474578 -0.000014431725251
0.992930857928333 -0.000014493928465
0.994022932426793 -0.000013929174807
0.995013051714812 -0.000012898341040
0.995905045895553 -0.000011542323906
0.996702330732412 -0.000009983933871
0.997407930979101 -0.000008329577383
0.998024500929283 -0.000006670737679
0.998554342357118 -0.000005085264855
0.998999420000276 -0.000003638485812
0.999361374717567 -0.000002384144139
0.999641534434401 -0.000001365179081
0.999840922970861 -0.000000614351602
0.999960266829193 -0.000000154724234
1.000000000000000 0.000000000000000
