1.000000000000000 0.000000000000000
0.999959689889390 0.000004718756137
0.999838614081464 0.000018899342881
0.999636335194723 0.000042614928668
0.999352121074328 0.000075988174483
0.998984939984400 0.000119192311848
0.998533453818643 0.000172452667147
0.997996009270271 0.000236048647460
0.997370626884686 0.000310316207332
0.996654987900427 0.000395650820122
0.995846418765450 0.000492510981680
0.994941873196824 0.000601422277924
0.993937911632364 0.000722982051390
0.992830677902753 0.000857864704712
0.991615872932281 0.001006827680987
0.990288725255775 0.001170718161771
0.988843958118924 0.001350480522325
0.987275752909352 0.001547164580127
0.985577708647299 0.001761934665484
0.983742797248370 0.001996079531051
0.981763314257771 0.002251023098448
0.979630824747429 0.002528336012730
0.977336104066338 0.002829747936152
0.974869073143291 0.003157160457689
0.972218728063177 0.003512660419102
0.969373063677885 0.003898533355456
0.966318991076052 0.004317276609760
0.963042248829633 0.004771611497213
0.959527308068367 0.005264493651225
0.955757271616370 0.005799120364385
0.951713767671775 0.006378933322489
0.947376838836231 0.007007614593736
0.942724827725057 0.007689073048692
0.937734260932881 0.008427417515039
0.932379733818403 0.009226911875614
0.926633799432793 0.010091905957417
0.920466865978036 0.011026734392189
0.913847108472146 0.012035573621909
0.906740401842348 0.013122244857769
0.899110284480631 0.014289948093831
0.890917963379090 0.015540909296964
0.882122374289930 0.016875919800897
0.872680319260261 0.018293787394765
0.862547254677661 0.019794434369135
0.851678400408216 0.021383239089955
0.840028805868967 0.023067187693953
0.827554144702284 0.024854667045970
0.814211815749762 0.026755862051866
0.799962293520714 0.028783232039038
0.784770739230186 0.030952062330631
0.768608792711451 0.033280595020790
0.751455376159546 0.035782378614331
0.733298609289109 0.038464628691315
0.714138801238969 0.041332895082326
0.693990648594177 0.044390771930237
0.672885174769279 0.047638981196929
0.650868434778183 0.051052018012695
0.628000323789040 0.054559894288223
0.604358185048283 0.058073067343200
0.580036842219659 0.061486620867602
0.555151454121741 0.064714015645204
0.529843162601077 0.067750419865290
0.504267675941080 0.070612249114489
0.478588973136623 0.073321905578001
0.452972431309421 0.075861846219343
0.427578184569418 0.078139873747274
0.402559108708156 0.080066628701541
0.378056720425961 0.081570619338048
0.354195606371992 0.082663533529264
0.331080801276559 0.083440893303651
0.308798956571001 0.083994047086198
0.287417983717851 0.084401960996156
0.266995214430669 0.084661041845817
0.247586044352834 0.084617996270682
0.229225015224882 0.084149230140388
0.211925410891190 0.083182011514438
0.195682504522260 0.081685669333158
0.180476293990814 0.079683331702685
0.166272361100239 0.077325087882058
0.153028025318670 0.074768171813910
0.140696069595232 0.072130978077337
0.129227874505026 0.069471509209618
0.118574754393098 0.066797285749595
0.108687081798260 0.064116200166964
0.099515322694528 0.061438446791087
0.091012964586715 0.058773155774641
0.083154321044370 0.056109887040868
0.075918487487566 0.053434930073972
0.069275352862011 0.050745577461706
0.063164355578533 0.048072252747125
0.057509626063786 0.045462742185119
0.052250167043002 0.042950761090033
0.047337742884274 0.040558214576623
0.042751703162193 0.038288056218562
0.038506173756490 0.036121207624601
0.034606752542809 0.034042087873557
0.031048763967163 0.032040209195316
0.027820484318424 0.030108783051989
0.024905562278666 0.028243668821578
0.022280735468753 0.026440430166794
0.019891360202934 0.024680126482094
0.017681374896870 0.022944205356817
0.015610328127574 0.021222825912332
0.013649770280793 0.019512480345583
0.011780468611714 0.017814183259003
0.010008319337099 0.016139525168368
0.008370350640260 0.014512800171235
0.006891386101240 0.012952984532520
0.005582942555238 0.011473133519046
0.004446832284949 0.010081768064785
0.003477952432273 0.008783970350090
0.002666437219309 0.007582248276497
0.001999311476026 0.006477216538403
0.001461754670663 0.005468132228254
0.001038061498797 0.004553315146719
0.000712366815098 0.003730476812452
0.000469188263456 0.002996977249849
0.000293828565449 0.002350024717271
0.000172670422288 0.001786830415177
0.000093389863451 0.001304727718699
0.000045108233931 0.000901263480935
0.000018498531995 0.000574267346758
0.000005858236392 0.000321903718210
0.000001157892575 0.000142709953776
0.000000072397713 0.000035623510034
0.000000000000000 0.000000000000000
0.000000069553365 -0.000034880326837
0.000001117301910 -0.000139563350698
0.000005693597865 -0.000314169061890
0.000018160546552 -0.000558876675945
0.000044863635020 -0.000873892408621
0.000094380900125 -0.001259402165141
0.000177858965847 -0.001715506827243
0.000309448599529 -0.002242136980583
0.000506342902860 -0.002838886896171
0.000786348266059 -0.003504534194017
0.001167998606605 -0.004236782490842
0.001670723900054 -0.005031943214580
0.002314302584933 -0.005884457339170
0.003118125552214 -0.006786295761154
0.004100216278309 -0.007726208758517
0.005275936206249 -0.008688787547642
0.006656285357152 -0.009653291733768
0.008245683946868 -0.010592184926976
0.010039090136922 -0.011469306381622
0.012018270256191 -0.012237588476013
0.014150949541337 -0.012839978813150
0.016427330116367 -0.013246545562181
0.018858290356603 -0.013455875584099
0.021457725834087 -0.013482381518854
0.024243046293994 -0.013362199891451
0.027235026746784 -0.013152112380868
0.030450898987508 -0.012873308558278
0.033906285163196 -0.012527945446245
0.037617947998787 -0.012122846244337
0.041603813956927 -0.011671444663984
0.045882957917435 -0.011196201963350
0.050475561165764 -0.010731494860712
0.055403707900005 -0.010304650063401
0.060692452526350 -0.009909501332032
0.066368958547467 -0.009528625480032
0.072462459200778 -0.009133437266524
0.079004385611434 -0.008687709984427
0.086028808731578 -0.008189904044734
0.093572394011128 -0.007661821852337
0.101674290688799 -0.007136809699562
0.110375296052167 -0.006640880390383
0.119717269955300 -0.006183407207850
0.129743357122250 -0.005773379589408
0.140497496981890 -0.005420051953267
0.152023738994238 -0.005132327435095
0.164365788966215 -0.004912421291743
0.177566132684718 -0.004751704094194
0.191664416387912 -0.004632488136926
0.206695965065888 -0.004528606019497
0.222690637842499 -0.004427584042205
0.239670757671753 -0.004325015592075
0.257648760146367 -0.004214543773890
0.276624996046313 -0.004087428275433
0.296585557821867 -0.003932275396079
0.317500284311812 -0.003743771962357
0.339321115565213 -0.003536469545313
0.361980959042991 -0.003332354874949
0.385393293231565 -0.003158568472258
0.409452639387218 -0.003041582305122
0.434035912141456 -0.002974501394141
0.459005010002259 -0.002932804576540
0.484210351493194 -0.002888795131414
0.509495152620309 -0.002818507157779
0.534700290963961 -0.002726482080059
0.559669152660716 -0.002627040932368
0.584252340214059 -0.002533941316701
0.608311907805458 -0.002456893578190
0.631724810006139 -0.002394019764536
0.654385448964983 -0.002341082366267
0.676207178745554 -0.002294357052004
0.697122799091014 -0.002250265400870
0.717084134490161 -0.002202374181298
0.736060939538216 -0.002144345282820
0.754039257485335 -0.002071931444435
0.771019412602585 -0.001982709006807
0.787013834642988 -0.001876088949883
0.802044893206499 -0.001758455467213
0.816142769214020 -0.001639728449300
0.829343478034311 -0.001527074475386
0.841687151409004 -0.001425260162507
0.853216559620107 -0.001337177143023
0.863975874811269 -0.001264293904668
0.874009664149538 -0.001207032244901
0.883362089110742 -0.001164543182132
0.892076275210308 -0.001132325459924
0.900193882639977 -0.001105732001559
0.907754796463007 -0.001081515978950
0.914796912730526 -0.001057492665317
0.921356012614684 -0.001032267805550
0.927465705651144 -0.001005026278207
0.933157425992435 -0.000975369480827
0.938460468281728 -0.000943191565681
0.943402052211076 -0.000908586293274
0.948007406981640 -0.000871777763891
0.952299868725809 -0.000833069591798
0.956300985495706 -0.000792808193284
0.960030625695429 -0.000751356777775
0.963507086867862 -0.000709077379806
0.966747202574749 -0.000666318871449
0.969766445763477 -0.000623409373052
0.972579027525406 -0.000580651856591
0.975197990544890 -0.000538322029628
0.977635296837880 -0.000496667815431
0.979901909603289 -0.000455909919814
0.982007869174863 -0.000416243109065
0.983962363179117 -0.000377837924964
0.985773791086421 -0.000340842639589
0.987449823395987 -0.000305385310183
0.988997455727985 -0.000271575837131
0.990423058112579 -0.000239507959797
0.991732419770482 -0.000209261148023
0.992930789675824 -0.000180902363902
0.994022913182283 -0.000154487680270
0.995013064979291 -0.000130063750734
0.995905078628263 -0.000107669131672
0.996702372910126 -0.000087335460341
0.997407975195845 -0.000069088495475
0.998024542031622 -0.000052949027942
0.998554377110392 -0.000038933669518
0.998999446781440 -0.000027055527732
0.999361393230557 -0.000017324774313
0.999641545444142 -0.000009749114058
0.999840928052272 -0.000004334160085
0.999960268127668 -0.000001083720443
1.000000000000000 0.000000000000000
