1.000000000000000 0.000000000000000
0.999960508107570 0.000012074329638
0.999841886560553 0.000048332896571
0.999643696766450 0.000108882597468
0.999365204451183 0.000193902136092
0.999005374698238 0.000303642839416
0.998562864941237 0.000438429804492
0.998036015847278 0.000598663380318
0.997422840009789 0.000784820990180
0.996721008350652 0.000997459301068
0.995927834111826 0.001237216747961
0.995040254296706 0.001504816421893
0.994054808400926 0.001801069331905
0.992967614251472 0.002126878052193
0.991774340751897 0.002483240767111
0.990470177310500 0.002871255728258
0.989049799708004 0.003292126139719
0.987507332142141 0.003747165490038
0.985836305169708 0.004237803352710
0.984029609253139 0.004765591681553
0.982079443610436 0.005332211633617
0.979977260066426 0.005939480961292
0.977713701612988 0.006589362027923
0.975278535409877 0.007283970519204
0.972660580001278 0.008025584947815
0.969847626592595 0.008816657084020
0.966826354335770 0.009659823493921
0.963582239719844 0.010557918434656
0.960099460370048 0.011513988448353
0.956360793839463 0.012531309122540
0.952347512352719 0.013613404654475
0.948039274955372 0.014764071084026
0.943414019165008 0.015987404361020
0.938447855044615 0.017287834808671
0.933114965664418 0.018670170058824
0.927387519227763 0.020139649194453
0.921235599754348 0.021702011669137
0.914627165182356 0.023363585610021
0.907528044103621 0.025131401371531
0.899901985097884 0.027013337698403
0.891710630549118 0.029017840433120
0.882913168493489 0.031152362148509
0.873466803404215 0.033424143206060
0.863327197123342 0.035840517341622
0.852448935963122 0.038408839401723
0.840786165081418 0.041136401808294
0.828293418499405 0.044030340834792
0.814926671544457 0.047097534566178
0.800644637696670 0.050344495158078
0.785409960803804 0.053775401728322
0.769189398729394 0.057383648019274
0.751956375255068 0.061154352127518
0.733693405159091 0.065065285497427
0.714394232032203 0.069085828562557
0.694066000391919 0.073176217034827
0.672733016419672 0.077295299099514
0.650440542325059 0.081410259047683
0.627254003792323 0.085487144356344
0.603259308223503 0.089490508005979
0.578562132987287 0.093377474003556
0.553284471923355 0.097060712660987
0.527563419849619 0.100432868534357
0.501548692393379 0.103386642014281
0.475400373895691 0.105841341560911
0.449291227335277 0.107826950024913
0.423394997653996 0.109413571018229
0.397878124552116 0.110676909142674
0.372893438114479 0.111655292746478
0.348573736232354 0.112275573190795
0.325032448754030 0.112464101211754
0.302362745730442 0.112172637576524
0.280639063801023 0.111384481818725
0.259925487741255 0.110137719493253
0.240266675219391 0.108489086187056
0.221685679434714 0.106497329180957
0.204186685476391 0.104220874427794
0.187758337531754 0.101713133468813
0.172378741452717 0.099004011135881
0.158016177567143 0.096117827344297
0.144630988128235 0.093082817643895
0.132191339704409 0.089909401952964
0.120670839223480 0.086594913656873
0.110032272536714 0.083148570730545
0.100230480116721 0.079588385417725
0.091214255366937 0.075948319368102
0.082926509724050 0.072294998730365
0.075310852644801 0.068685799764375
0.068309156882510 0.065160088886402
0.061854724844733 0.061738652035523
0.055888167572731 0.058434859176310
0.050359256535395 0.055257810721288
0.045235066833332 0.052210562250342
0.040512124477248 0.049287207250834
0.036183266579694 0.046482105281736
0.032233962536844 0.043791120302638
0.028644916585692 0.041211121427542
0.025393968088833 0.038739564142236
0.022450704410574 0.036359935898904
0.019772654110642 0.034031440583206
0.017323356519717 0.031725404561504
0.015073358478839 0.029426278542997
0.012998944425642 0.027128104751054
0.011093050593791 0.024844845007363
0.009366957831447 0.022611098246247
0.007825154234730 0.020453905854977
0.006465238143488 0.018392101605836
0.005279996545867 0.016438219142760
0.004258985840235 0.014599994483444
0.003389726432065 0.012881547787043
0.002658598480644 0.011284311269079
0.002051507103285 0.009807756339579
0.001554370412268 0.008449962075159
0.001153472041501 0.007208058430537
0.000835710633084 0.006078570685787
0.000588771558212 0.005057686142280
0.000401240515473 0.004141459727769
0.000262674246203 0.003325971715151
0.000163640166120 0.002607448013704
0.000095734026555 0.001982351308049
0.000051582623054 0.001447449581261
0.000024836934738 0.000999867170719
0.000010159802794 0.000637122394061
0.000003211260151 0.000357154888162
0.000000633843092 0.000158345078544
0.000000039597839 0.000039527601042
0.000000000000000 0.000000000000000
0.000000037193795 -0.000038278599352
0.000000596978610 -0.000153166859025
0.000003038016966 -0.000344817711102
0.000009672058466 -0.000613470981121
0.000023836575826 -0.000959430020900
0.000049999858319 -0.001383027407664
0.000093902125462 -0.001884578036388
0.000162737478000 -0.002464317326117
0.000265382949376 -0.003122321550414
0.000412682618373 -0.003858406453510
0.000617796763836 -0.004671999287162
0.000896628471222 -0.005561978149697
0.001268343043303 -0.006526470967712
0.001754977675799 -0.007562666583002
0.002376510719832 -0.008666847898717
0.003151940987077 -0.009833993342287
0.004100045146248 -0.011057314777101
0.005238609629764 -0.012327784547329
0.006583394413168 -0.013633549854231
0.008146750377726 -0.014959207447330
0.009935789239668 -0.016284905096243
0.011949977209984 -0.017585228123938
0.014178006561580 -0.018827833906467
0.016606336205755 -0.019981950321266
0.019245181558526 -0.021041542797252
0.022110172424631 -0.022013404723529
0.025217608145175 -0.022917198303618
0.028584316521768 -0.023787321719563
0.032228367327440 -0.024637786370819
0.036168859422278 -0.025460699099665
0.040425024301881 -0.026247392950594
0.045015678728555 -0.026989186449900
0.049958478027178 -0.027677820159179
0.055269883978923 -0.028306253929302
0.060973700479588 -0.028871221649481
0.067100186858639 -0.029374618916449
0.073682045367614 -0.029824904840845
0.080754396921013 -0.030238344556994
0.088353735784217 -0.030619095279903
0.096517614241182 -0.030956563920383
0.105284960014214 -0.031237925671427
0.114696588105782 -0.031448147182992
0.124795301732105 -0.031569698531412
0.135624580736550 -0.031582449312128
0.147227781343958 -0.031463515835474
0.159647344916728 -0.031189413291607
0.172925731821204 -0.030763719955521
0.187104287171637 -0.030221586027313
0.202220862298661 -0.029621865639515
0.218307537584913 -0.029028557984383
0.235386771109144 -0.028444058819590
0.253470432807169 -0.027850125467911
0.272557937557672 -0.027220302167494
0.292634013377953 -0.026518661040911
0.313666734663174 -0.025701307107313
0.335607133151089 -0.024753994525314
0.358388178511492 -0.023695311396635
0.381923558746595 -0.022552449373407
0.406108146560687 -0.021360145274531
0.430819146941601 -0.020149219067676
0.455918152142306 -0.018931217078668
0.481255156037408 -0.017715353499842
0.506672896128637 -0.016510971122173
0.532011706102277 -0.015330602571460
0.557114542829266 -0.014192905625928
0.581831577645125 -0.013115593012696
0.606024419234313 -0.012113777651064
0.629569460620627 -0.011198561477817
0.652360305335054 -0.010376062539423
0.674309552871099 -0.009649212353323
0.695349348398210 -0.009018205307268
0.715430952951784 -0.008478817740651
0.734523313337247 -0.008009154835740
0.752611705902439 -0.007583517701324
0.769695938617077 -0.007182236385001
0.785788142330224 -0.006791017175743
0.800910534871506 -0.006400101034950
0.815093407655707 -0.006008066145323
0.828373393752679 -0.005629559254679
0.840791234508048 -0.005277493868692
0.852390201905249 -0.004959965360639
0.863214882995578 -0.004681382145575
0.873310190940268 -0.004443412972423
0.882720582753909 -0.004245758340816
0.891489459390495 -0.004086763048865
0.899658722258986 -0.003963891139331
0.907268389370431 -0.003872052842999
0.914356179452170 -0.003797868948079
0.920957732887428 -0.003729555619678
0.927106637714428 -0.003659274189860
0.932834390535537 -0.003582107628469
0.938170405440892 -0.003495270472108
0.943142058278335 -0.003397504871492
0.947774756042289 -0.003288623147945
0.952092023270378 -0.003169164675058
0.956115599114933 -0.003040141256858
0.959865540224415 -0.002902850488719
0.963360325763253 -0.002758740953230
0.966616961855687 -0.002609316638985
0.969651083497332 -0.002456070800806
0.972477052571270 -0.002300441724203
0.975108051063970 -0.002143784622016
0.977556168926061 -0.001987355269722
0.979832486285925 -0.001832302055867
0.981947149918384 -0.001679663949958
0.983909444011312 -0.001530372524193
0.985727855371798 -0.001385256649847
0.987410133280177 -0.001245048857252
0.988963344242527 -0.001110392626729
0.990393921916033 -0.000981850087107
0.991707712491837 -0.000859909754837
0.992910015820051 -0.000744994062702
0.994005622554611 -0.000637466512376
0.994998847583485 -0.000537638347101
0.995893559994235 -0.000445774685251
0.996693209807191 -0.000362100086835
0.997400851689450 -0.000286803546470
0.998019165843217 -0.000220042920497
0.998550476242060 -0.000161948804684
0.998996766368900 -0.000112627883698
0.999359692589954 -0.000072165775433
0.999640595279808 -0.000040629393083
0.999840507794055 -0.000018068846125
0.999960163367742 -0.000004518898652
1.000000000000000 0.000000000000000
