1.000000000000000 0.000000000000000
0.999960143685522 0.000011229126835
0.999840432372105 0.000044966428745
0.999640438020064 0.000101362038592
0.999359444122387 0.000180667409023
0.998996441013994 0.000283237167686
0.998550119245567 0.000409531731082
0.998018860962146 0.000560120693074
0.997400729208806 0.000735687007753
0.996693455066981 0.000937031989381
0.995894422505683 0.001165081153981
0.995000650811406 0.001420890927624
0.994008774439125 0.001705656244890
0.992915020104212 0.002020719056771
0.991715180911222 0.002367577759379
0.990404587290396 0.002747897542226
0.988978074486220 0.003163521635759
0.987429946314639 0.003616483410388
0.985753934876571 0.004109019240711
0.983943155885383 0.004643581995622
0.981990059235393 0.005222854943027
0.979886374407557 0.005849765761362
0.977623050278056 0.006527500221668
0.975190188866338 0.007259514934384
0.972576972532475 0.008049548332384
0.969771584111058 0.008901628771191
0.966761119452195 0.009820078249912
0.963531491832118 0.010809509768635
0.960067327699628 0.011874815710777
0.956351853244149 0.013021143836144
0.952366771311547 0.014253856449127
0.948092128261346 0.015578467014626
0.943506170461115 0.017000546871977
0.938585190260250 0.018525592676215
0.933303361487717 0.020158842703224
0.927632564791229 0.021905027116647
0.921542203497294 0.023768033645053
0.914999011145871 0.025750465816634
0.907966852470506 0.027853065953277
0.900406520394549 0.030073969628394
0.892275532649284 0.032407752473313
0.883528427454990 0.034845998589259
0.874120023174701 0.037388160160631
0.864005020925317 0.040038869717721
0.853137559929399 0.042804561431187
0.841472108455652 0.045694261604616
0.828964626277650 0.048720628337509
0.815574030218942 0.051901257852290
0.801263989754582 0.055260277073105
0.786004956617249 0.058829829562166
0.769770435738220 0.062629655881661
0.752533417319874 0.066646405465757
0.734274301092902 0.070854115311868
0.714983413248219 0.075214666336897
0.694662936184837 0.079676218043577
0.673329944893766 0.084173976518874
0.651024425610346 0.088639921955510
0.627807904954025 0.092999100013518
0.603762042925629 0.097167823090335
0.578988706741099 0.101057953556323
0.553613232320815 0.104611894181046
0.527782104682099 0.107806071514156
0.501655770041108 0.110627398679263
0.475403820320443 0.113067997273700
0.449199695369509 0.115080238430388
0.423215027488504 0.116599035613278
0.397614123008238 0.117574306134127
0.372548395621379 0.117988982991349
0.348149590816165 0.117925381851863
0.324529775917237 0.117494290027902
0.301781056945691 0.116797964429523
0.279976460112439 0.115913920346077
0.259181114176887 0.114796217453061
0.239443657135177 0.113362496965383
0.220790139859216 0.111564785459748
0.203226796099079 0.109384763696897
0.186744686284878 0.106827498423942
0.171339214394702 0.103912301400767
0.157000300279711 0.100669878114303
0.143700479703882 0.097140928234212
0.131390964014216 0.093396873124305
0.120004585575253 0.089539698165080
0.109474816847006 0.085652186749644
0.099738065476219 0.081797215542131
0.090739539734133 0.078012324881125
0.082455227645259 0.074276362721320
0.074861582952597 0.070563358531264
0.067921078959170 0.066866475351851
0.061568734677406 0.063212270227415
0.055739225425557 0.059630705765705
0.050376661400092 0.056144177630898
0.045436210879240 0.052769383956726
0.040898144440837 0.049520504771130
0.036747139055738 0.046407710005180
0.032963353070971 0.043436959095994
0.029524266268556 0.040610998476937
0.026406051415853 0.037930155861619
0.023583622840320 0.035391878557842
0.021015647963659 0.032972992280968
0.018654350633285 0.030640941093885
0.016463189438408 0.028374291776253
0.014414844311313 0.026160411688223
0.012489155550066 0.023993088510128
0.010685088391719 0.021877758244703
0.009027035579246 0.019834056220297
0.007530744645428 0.017877634278954
0.006202024348622 0.016019119631362
0.005039510144285 0.014265290189139
0.004036790305413 0.012620002468225
0.003184033050841 0.011084923135951
0.002469225016376 0.009660104813890
0.001879107734775 0.008344438426053
0.001399880147488 0.007136007763196
0.001017720496963 0.006032366671099
0.000719169404626 0.005030755085855
0.000491406862811 0.004128266810719
0.000322448734198 0.003321979280619
0.000201282745648 0.002609053451382
0.000117959557633 0.001986810269539
0.000063651027788 0.001452788836166
0.000030685063651 0.001004790303863
0.000012564314116 0.000640910682951
0.000003974253599 0.000359565036062
0.000000784865486 0.000159504972827
0.000000049050026 0.000039830888738
0.000000000000000 0.000000000000000
0.000000045576548 -0.000038371159786
0.000000731772248 -0.000153589170372
0.000003725842444 -0.000345965144065
0.000011870064323 -0.000616009183599
0.000029279354530 -0.000964417235686
0.000061482710934 -0.001392051620980
0.000115613485832 -0.001899914114913
0.000200655269212 -0.002489110042324
0.000327752208828 -0.003160801363715
0.000510595005383 -0.003916146148813
0.000765896699483 -0.004756221125259
0.001113957237259 -0.005681911226418
0.001576810520402 -0.006692144059740
0.002174325255904 -0.007780682949461
0.002926239618925 -0.008936552603366
0.003851938670655 -0.010142822331321
0.004969582099557 -0.011374729683053
0.006294938101166 -0.012597316035139
0.007839837557616 -0.013762449808690
0.009610139182800 -0.014805081332905
0.011603066469831 -0.015638533603558
0.013803748408717 -0.016148613930194
0.016192975818903 -0.016228057593602
0.018775131960173 -0.015882509355422
0.021559258343615 -0.015179689662242
0.024553210272199 -0.014247602473854
0.027763346553098 -0.013285688633908
0.031200575285825 -0.012411349920114
0.034881852607646 -0.011625037280436
0.038826377942947 -0.010913629635133
0.043055809605036 -0.010250088827640
0.047594700934055 -0.009588182696225
0.052470971435253 -0.008856760659177
0.057713579053791 -0.008005946444231
0.063350417571411 -0.007049350077036
0.069410933699199 -0.006019214063953
0.075926274094339 -0.004967310580927
0.082929458521962 -0.003946710278738
0.090456029825568 -0.002952624763473
0.098543329679689 -0.001956887720625
0.107230322868386 -0.000920986885730
0.116559090408677 0.000162444595712
0.126574016426675 0.001281289224860
0.137320758071028 0.002417469375815
0.148845672698550 0.003545311938943
0.161194769604612 0.004634955405578
0.174411462986417 0.005673610007757
0.188535725974879 0.006656503215552
0.203602726444698 0.007582720541313
0.219641812637093 0.008450798240552
0.236675401209671 0.009253619173636
0.254715801893839 0.009985749079427
0.273762816022989 0.010645211307304
0.293801471450822 0.011234576842726
0.314800121107702 0.011759769386287
0.336709955547343 0.012215922677025
0.359463444118651 0.012593009963087
0.382973461778948 0.012882107079062
0.407133787179168 0.013076087163448
0.431820663822957 0.013175661756300
0.456895357461793 0.013191472070730
0.482207594484735 0.013137969475930
0.507599824288797 0.013031440595836
0.532911787700493 0.012869139273645
0.557985484211319 0.012628429665484
0.582670213796181 0.012288945574695
0.606826919185603 0.011836247251376
0.630332302457938 0.011290280098869
0.653081190440161 0.010697480939790
0.674987346842750 0.010098965073534
0.695983927672028 0.009528364609368
0.716022912003444 0.009003244323318
0.735073769278201 0.008514991274560
0.753122289586460 0.008053340391418
0.770168652843041 0.007610558605481
0.786225235688056 0.007181113281017
0.801314399294247 0.006761504433704
0.815466413135202 0.006352343736940
0.828717464835338 0.005956184372224
0.841107879705331 0.005574916915092
0.852680633402930 0.005209820970728
0.863480108556143 0.004861672705320
0.873551082664372 0.004530842067163
0.882937927128450 0.004217378189179
0.891683992589754 0.003921082652033
0.899831155292515 0.003641577432807
0.907419498138771 0.003378366912571
0.914487094839419 0.003130855940010
0.921069885661814 0.002898380084041
0.927201623008062 0.002680234141837
0.932913869659563 0.002475694198351
0.938236036349868 0.002284034400414
0.943195447776011 0.002104539454214
0.947817428305484 0.001936513703153
0.952125400472209 0.001779287502238
0.956140990893923 0.001632221479257
0.959884139511480 0.001494709163654
0.963373209079982 0.001366178370969
0.966625092666158 0.001246091652793
0.969655317558345 0.001133946057892
0.972478144504611 0.001029272397516
0.975106661586949 0.000931634165412
0.977552872337782 0.000840626228802
0.979827777928058 0.000755873379385
0.981941453419816 0.000677028811803
0.983903118193097 0.000603772580013
0.985721200737969 0.000535810068757
0.987403398055543 0.000472870506956
0.988956729943883 0.000414705541938
0.990387588460942 0.000361087887302
0.991701782861103 0.000311810052609
0.992904580297869 0.000266683159673
0.994000742575161 0.000225535847633
0.994994559215371 0.000188213267209
0.995889877095252 0.000154576163206
0.996690126881950 0.000124500043505
0.997398346481745 0.000097874432217
0.998017201693940 0.000074602204389
0.998549004242186 0.000054598999554
0.998995727335653 0.000037792711446
0.999359018892918 0.000024123051346
0.999640212542430 0.000013541182765
0.999840336494864 0.000006009425418
0.999960120364608 0.000001501026799
1.000000000000000 0.000000000000000
