1.000000000000000 0.000000000000000
0.999960217784813 0.000007305779799
0.999840725757514 0.000029245307573
0.999641086805017 0.000065885249858
0.999360569170695 0.000117337055733
0.998998141571964 0.000183757464647
0.998552466304345 0.000265349218417
0.998021890270961 0.000362361978290
0.997404433858348 0.000475093447977
0.996697777560900 0.000603890703431
0.995899246237230 0.000749151729735
0.995005790862094 0.000911327164799
0.994013967617432 0.001090922248463
0.992919914145491 0.001288498974119
0.991719322766095 0.001504678437805
0.990407410439223 0.001740143376976
0.988978885233445 0.001995640887479
0.987427909041025 0.002271985302634
0.985748056262519 0.002570061212449
0.983932268168348 0.002890826593745
0.981972802633766 0.003235316012996
0.979861178938666 0.003604643852829
0.977588117327398 0.004000007500026
0.975143473039433 0.004422690417277
0.972516164553681 0.004874065002558
0.969694095842982 0.005355595118692
0.966664072517711 0.005868838151219
0.963411711857411 0.006415446425227
0.959921346897895 0.006997167781695
0.956175924971990 0.007615845081766
0.952156901411707 0.008273414374660
0.947844129528456 0.008971901433781
0.943215748519989 0.009713416339244
0.938248071636282 0.010500145768416
0.932915477803674 0.011334342655953
0.927190310992584 0.012218312910361
0.921042792956107 0.013154398937686
0.914440956600612 0.014144959839904
0.907350609204909 0.015192348345082
0.899735336999019 0.016298884819307
0.891556605211344 0.017467234803927
0.882774031875504 0.018701813001482
0.873345572703904 0.020008345505627
0.863227870672079 0.021393932127996
0.852376782764152 0.022867476251149
0.840748085840708 0.024440224815440
0.828298390774337 0.026126433228119
0.814986291631029 0.027944165296345
0.800773770614811 0.029916229302641
0.785627089225979 0.032065669097103
0.769515132720809 0.034391303737425
0.752412660867493 0.036876726326631
0.734303085775656 0.039494679203271
0.715180447722411 0.042205032001386
0.695051419862735 0.044953110435640
0.673939994730701 0.047685661046787
0.651893093490663 0.050374787619658
0.628978021809936 0.052995295536278
0.605282381504233 0.055521936722893
0.580913667182781 0.057931997024210
0.555998005010103 0.060218188170814
0.530677471106482 0.062384117966589
0.505106366820828 0.064438306570316
0.479446363373117 0.066389362685221
0.453858963240425 0.068219441602632
0.428502080288103 0.069900889229525
0.403526590055867 0.071410707600428
0.379072325804525 0.072728315226195
0.355265791765866 0.073820528990804
0.332216351842688 0.074657504139366
0.310013981906250 0.075221285255953
0.288728757343467 0.075505857676070
0.268412172646625 0.075525026725442
0.249097811746987 0.075306478614394
0.230801971309547 0.074879812358467
0.213525746205020 0.074274920012869
0.197257360835064 0.073520867134734
0.181978083216841 0.072622599387837
0.167667258488788 0.071542834172871
0.154295218684124 0.070259487855335
0.141824510320071 0.068770405916990
0.130211418408150 0.067102880609156
0.119408803400361 0.065295437502996
0.109368408368719 0.063383063239806
0.100042012918651 0.061396814499644
0.091390445395025 0.059351965281114
0.083399638716113 0.057225701173002
0.076050147384944 0.055002405546346
0.069307532183625 0.052682948312017
0.063106212797092 0.050290295332237
0.057381713778198 0.047850923620669
0.052080587630525 0.045388256212745
0.047161739907141 0.042923802096870
0.042624122763694 0.040486451916279
0.038477119049358 0.038103914556156
0.034717206403557 0.035796046617810
0.031331725878882 0.033576543776870
0.028301996966664 0.031454371222298
0.025605630581154 0.029434890211612
0.023203409685416 0.027511417622357
0.021008419398722 0.025645717650017
0.018947031756450 0.023806377481233
0.016969190250008 0.021975322251326
0.015042537845224 0.020144193089440
0.013147880327813 0.018311584602805
0.011290808239363 0.016488754407043
0.009526961139523 0.014712472980906
0.007901841771755 0.013013818221279
0.006441605967103 0.011413345440208
0.005158072218382 0.009923637775908
0.004052619706886 0.008551309175804
0.003119212556962 0.007298574550741
0.002346738157652 0.006164477972061
0.001720807897069 0.005145850961798
0.001225137426847 0.004238057996777
0.000842598881974 0.003435574503208
0.000556017954828 0.002732433218153
0.000348773275054 0.002122567329165
0.000205243319080 0.001600072869106
0.000111136383126 0.001159408118911
0.000053731461174 0.000795544001674
0.000022051745461 0.000504076433635
0.000006987569267 0.000281309169047
0.000001381666298 0.000124313705866
0.000000086406100 0.000030971201936
0.000000000000000 0.000000000000000
0.000000083312746 -0.000030336324226
0.000001338587471 -0.000121147405558
0.000006823925768 -0.000271823790013
0.000021778068009 -0.000481296453746
0.000053838907238 -0.000747954537093
0.000113360967164 -0.001069525335545
0.000213843983674 -0.001442911457390
0.000372489058091 -0.001863978227468
0.000610903879977 -0.002327282279523
0.000955961513042 -0.002825731813863
0.001437002518478 -0.003350511429141
0.002079010029704 -0.003891290533518
0.002904912376720 -0.004435508077919
0.003934597980048 -0.004967833408012
0.005182737353349 -0.005469585818616
0.006655955181720 -0.005918028854597
0.008349173531745 -0.006285512177057
0.010240899928132 -0.006538427530362
0.012287174276709 -0.006635937588753
0.014416133981377 -0.006529456091136
0.016581909244552 -0.006189056121144
0.018794708470357 -0.005620115034800
0.021079205940034 -0.004849186967505
0.023476201593324 -0.003930378587854
0.026048078671713 -0.002955083074332
0.028865668860075 -0.002028965969335
0.031956681775110 -0.001181210405663
0.035337282980119 -0.000420557946558
0.039021376467484 0.000247864770570
0.043019189768536 0.000824435288025
0.047335377906040 0.001317571201988
0.051966615490401 0.001747015025276
0.056913356372730 0.002135937462578
0.062200222072527 0.002496523265105
0.067859154925726 0.002846781665236
0.073927730014231 0.003215843953064
0.080449321329033 0.003642994181566
0.087462270818884 0.004131303332436
0.095000578194064 0.004648131376306
0.103098805456364 0.005142706782681
0.111793688760953 0.005572568680411
0.121126395187800 0.005942019704896
0.131139755569913 0.006270081594455
0.141877442064683 0.006589556232590
0.153383302576843 0.006951548590012
0.165700985036599 0.007397969485071
0.178873689349836 0.007911369662685
0.192942404743725 0.008452176909873
0.207944384407591 0.008962769348932
0.223910565558867 0.009402935610754
0.240863208457951 0.009767046563940
0.258814473156217 0.010054907168366
0.277764220912052 0.010271245687319
0.297697799032085 0.010426911796800
0.318584152801063 0.010537524897393
0.340375008913154 0.010610331561916
0.363003404229574 0.010650213491504
0.386382995790554 0.010664642198501
0.410408548848347 0.010663292150567
0.434957226095934 0.010644992191566
0.459891015265952 0.010592159387974
0.485060418358620 0.010485375290334
0.510308725277365 0.010305817276002
0.535476907559923 0.010048828076170
0.560408590776557 0.009728208519181
0.584954631509027 0.009359765676335
0.608977333213936 0.008959001140959
0.632353595946513 0.008527435641222
0.654977373882091 0.008049710998725
0.676761663119655 0.007513706409666
0.697639040608959 0.006912122885532
0.717561465228528 0.006249537380484
0.736499977020940 0.005572431420891
0.754441966823986 0.004930011429214
0.771388715582758 0.004357571817826
0.787353269231865 0.003878358394364
0.802358296299854 0.003505612492892
0.816433746530099 0.003233056095005
0.829614687552466 0.003025725687402
0.841940435475505 0.002853757347287
0.853453165741319 0.002695929149268
0.864196629449723 0.002537794661722
0.874215106614531 0.002370099675442
0.883552576220585 0.002187475615101
0.892252077882371 0.001987386801698
0.900355238040169 0.001769300556132
0.907901990833300 0.001536655921159
0.914930459248870 0.001301163834878
0.921476609950520 0.001072690381357
0.927574164592202 0.000857752747136
0.933254615334266 0.000660374580067
0.938547275624245 0.000482749145679
0.943479356185482 0.000325749049129
0.948076058159622 0.000189314638023
0.952360677057490 0.000072747290264
0.956354712602156 -0.000025071295058
0.960077980723960 -0.000105516959530
0.963548724920734 -0.000170104782063
0.966783724959217 -0.000220404160280
0.969798401496045 -0.000257979132190
0.972606915666356 -0.000284347629502
0.975222263049442 -0.000300954804039
0.977656361694690 -0.000309156706337
0.979920134095220 -0.000310211482621
0.982023583145499 -0.000305275944448
0.983975862224963 -0.000295405896438
0.985785339621893 -0.000281559015549
0.987459657558408 -0.000264599387396
0.989005786104447 -0.000245303042705
0.990430072281146 -0.000224364016893
0.991738284655719 -0.000202400591384
0.992935653723851 -0.000179961476759
0.994026908364060 -0.000157531773341
0.995016308633109 -0.000135538600423
0.995907675153754 -0.000114356325884
0.996704415326823 -0.000094311357040
0.997409546579556 -0.000075686474122
0.998025716841851 -0.000058724701767
0.998555222421770 -0.000043632723152
0.999000023431800 -0.000030583847013
0.999361756897836 -0.000019720540746
0.999641747663932 -0.000011156543831
0.999841017187375 -0.000004978575381
0.999960290300736 -0.000001247648256
1.000000000000000 0.000000000000000
