1.000000000000000 0.000000000000000
0.999959934800541 0.000009772992108
0.999839595160535 0.000039133968741
0.999638548010754 0.000088209236980
0.999356068412940 0.000157210331323
0.998991134795941 0.000246435555192
0.998542422226993 0.000356272153886
0.998008293658267 0.000487199133427
0.997386789070934 0.000639790743375
0.996675612420518 0.000814720644753
0.995872116268217 0.001012766786672
0.994973283962930 0.001234817016615
0.993975709218062 0.001481875449485
0.992875572905562 0.001755069618771
0.991668616867240 0.002055658428992
0.990350114520179 0.002385040921121
0.988914838009216 0.002744765850755
0.987357021635160 0.003136542061105
0.985670321263138 0.003562249607406
0.983847769391592 0.004023951553788
0.981881725539890 0.004523906314788
0.979763821592160 0.005064580347560
0.977484901718179 0.005648660912231
0.975034956480863 0.006279068500176
0.972403050736222 0.006958968374831
0.969577244938809 0.007691780466377
0.966544509487290 0.008481186596772
0.963290631785819 0.009331133668473
0.959800115763361 0.010245831007851
0.956056073692391 0.011229739487361
0.952040110289904 0.012287549327809
0.947732199278306 0.013424142566859
0.943110552845206 0.014644535028959
0.938151484785122 0.015953791196565
0.932829268551457 0.017356903610030
0.927115992015204 0.018858626260500
0.920981411441959 0.020463248839200
0.914392808087707 0.022174295636756
0.907314851905126 0.023994129350592
0.899709478175043 0.025923436119191
0.891535818923171 0.027960704745771
0.882751370783425 0.030106459036665
0.873312972787610 0.032366331609021
0.863176218172846 0.034747262064017
0.852295958610447 0.037257577476800
0.840627079385047 0.039907485236350
0.828125506170199 0.042709702484088
0.814749473909815 0.045680239139841
0.800461081403185 0.048839343625764
0.785227658242367 0.052210462502306
0.769017599871540 0.055793566687192
0.751801867342610 0.059562524545661
0.733558985792902 0.063477165278476
0.714276968108212 0.067481312500988
0.693955217693965 0.071500858380994
0.672610010163328 0.075454865040326
0.650286185867460 0.079289419284642
0.627051765589668 0.082955511740869
0.602996501533824 0.086403466493713
0.578231585995276 0.089589123638691
0.552888772043488 0.092518080865587
0.527117460149594 0.095234379755585
0.501080430033720 0.097794138684856
0.474947640628002 0.100243717657591
0.448882336893676 0.102502637747491
0.423041343860827 0.104439305480281
0.397574788643526 0.105936508011831
0.372624239012155 0.106919472876805
0.348326751662595 0.107431540874967
0.324803132933722 0.107548552201201
0.302152737167136 0.107344263165583
0.280452224440556 0.106882412436149
0.259752442951399 0.106180257636078
0.240083097495613 0.105240916391391
0.221457066375003 0.104076435386808
0.203872536239349 0.102705756777488
0.187317924135319 0.101144551198334
0.171803812062631 0.099313405131433
0.157342303534660 0.097105380192680
0.143921888198179 0.094467134800494
0.131492228451097 0.091460568324390
0.119966301017340 0.088261882198731
0.109263834412925 0.085012035654111
0.099313933564916 0.081812152307398
0.090074189695365 0.078694571007624
0.081598824778520 0.075502613543990
0.073932872578465 0.072089189543330
0.067059224811902 0.068410434226655
0.060851002371608 0.064598416565903
0.055183972103720 0.060786449103711
0.049962706802215 0.057067985316617
0.045123449351957 0.053500986282621
0.040670593463115 0.050092346811238
0.036617212985905 0.046834514224995
0.032961379559284 0.043721421041374
0.029690786120311 0.040748055510871
0.026786267480316 0.037910126414190
0.024224289852578 0.035203798794342
0.021955234899938 0.032620153369411
0.019889956953469 0.030141703526476
0.017959031830688 0.027755585269312
0.016114710602646 0.025453805438550
0.014325536704291 0.023231891270187
0.012572188951038 0.021087870267426
0.010856157094538 0.019024882396911
0.009223842364679 0.017058163017014
0.007714810790828 0.015200435604057
0.006352054569847 0.013459239345311
0.005146273840468 0.011838231985222
0.004099202707494 0.010338209369047
0.003206184921335 0.008957901420498
0.002458161298967 0.007694591873424
0.001843196734410 0.006544599232697
0.001347647600099 0.005503648636460
0.000957048980748 0.004567158108062
0.000656784314899 0.003730457785058
0.000432586700726 0.002988956827415
0.000270910603238 0.002338269625654
0.000159204387490 0.001774310483733
0.000086107527891 0.001293364007563
0.000041591135943 0.000892136882058
0.000017056312838 0.000567795483075
0.000005401534809 0.000317992777998
0.000001067630010 0.000140887165942
0.000000066754726 0.000035155251627
0.000000000000000 0.000000000000000
0.000000062211694 -0.000033894886637
0.000000999345684 -0.000135572499314
0.000005092268020 -0.000305005823250
0.000016241407386 -0.000542129994061
0.000040119084169 -0.000846811606725
0.000084390637506 -0.001218803842987
0.000159012607061 -0.001657685411234
0.000276619163544 -0.002162780570241
0.000453011389809 -0.002733056663612
0.000707717752224 -0.003366993735898
0.001061962116918 -0.004062374990052
0.001535747851641 -0.004816019221929
0.002149319973203 -0.005623534539703
0.002922667043448 -0.006478974092112
0.003874574105545 -0.007374404358548
0.005021368556361 -0.008299369750030
0.006375270733375 -0.009240228855192
0.007942237222566 -0.010179331638658
0.009719154789762 -0.011093999387141
0.011690204720265 -0.011955259828192
0.013822427801754 -0.012726432621221
0.016086903227519 -0.013377435422826
0.018491850318818 -0.013906762533423
0.021054113652887 -0.014327388585400
0.023796363370033 -0.014668950031687
0.026748667590078 -0.014983192718523
0.029939550661491 -0.015313050419817
0.033386161196877 -0.015658775438484
0.037104741570553 -0.016014677866957
0.041111358418161 -0.016372345351121
0.045421356107968 -0.016719782403061
0.050048606920402 -0.017040307235720
0.055006474036286 -0.017313164031181
0.060317838981367 -0.017523369996485
0.066011766130962 -0.017657851479307
0.072120802949553 -0.017702191059202
0.078681357076934 -0.017640649947114
0.085728883695117 -0.017455243392539
0.093295128665141 -0.017125323726406
0.101411480571860 -0.016628518420752
0.110111310335649 -0.015947989204910
0.119436253975733 -0.015090181859813
0.129431939072012 -0.014079178308094
0.140146956673888 -0.012959858708589
0.151632913024320 -0.011805026358622
0.163940880178320 -0.010685703021515
0.177112953975856 -0.009590936787416
0.191185830585013 -0.008479648611648
0.206190248032195 -0.007290606453405
0.222153097358382 -0.005987443452455
0.239098031182044 -0.004588733004944
0.257039874530446 -0.003127825713963
0.275982316553057 -0.001651973980823
0.295915864086065 -0.000224198798473
0.316815167774387 0.001084542214856
0.338632910653125 0.002248950559840
0.361300376873644 0.003269093680018
0.384728590155141 0.004152254675645
0.408808878347138 0.004912705602948
0.433416044872394 0.005552394103159
0.458411559494128 0.006053921804984
0.483645428415877 0.006400972908833
0.508960361950153 0.006581363341192
0.534196599196026 0.006612919098012
0.559196877134473 0.006546280353047
0.583811170099283 0.006433364252935
0.607900968656703 0.006322039767910
0.631342979357543 0.006235579308343
0.654031640173269 0.006172719773152
0.675880351391286 0.006130748427805
0.696821956432841 0.006106904120534
0.716808295744498 0.006094836098300
0.735808965234076 0.006076245040495
0.753809856439118 0.006034947567959
0.770811198331424 0.005960147467061
0.786825371582342 0.005845601300427
0.801874699349685 0.005688843996344
0.815989305524719 0.005494160389046
0.829205171907827 0.005271171884433
0.841562447339853 0.005028272951681
0.853103957852110 0.004772375162359
0.863873957689204 0.004509094303675
0.873917112599503 0.004242931989084
0.883277695184354 0.003977445042981
0.891998967376441 0.003715398872047
0.900122726174287 0.003458948436473
0.907689019055282 0.003210386555641
0.914735904774934 0.002971805376732
0.921299290505621 0.002744547304990
0.927412882149077 0.002529372220180
0.933108187260472 0.002326606773694
0.938414556180324 0.002136261072199
0.943359250712541 0.001958119089061
0.947967531795116 0.001791808111116
0.952262759411682 0.001636851594789
0.956266499501325 0.001492708991266
0.959998633866976 0.001358805407826
0.963477470091262 0.001234553394695
0.966719849276147 0.001119368671826
0.969741250060960 0.001012681224311
0.972555887871508 0.000913942884859
0.975176808736781 0.000822632274227
0.977615977301159 0.000738257774264
0.979884358877737 0.000660359053645
0.981991995547879 0.000588507545134
0.983948076425846 0.000522306178638
0.985761002285850 0.000461388600799
0.987438444800057 0.000405418054958
0.988987400666750 0.000354086051472
0.990414240922946 0.000307110924697
0.991724755739480 0.000264236347180
0.992924194991936 0.000225229852087
0.994017304890290 0.000189881400043
0.995008360935518 0.000158002015486
0.995901197454174 0.000129422509365
0.996699233943004 0.000103992298914
0.997405498435851 0.000081578330830
0.998022648084931 0.000062064111053
0.998552987128412 0.000045348842168
0.998998482396297 0.000031346668024
0.999360776487183 0.000019986024299
0.999641198729402 0.000011209093276
0.999840774021595 0.000004971360959
0.999960229629732 0.000001241274726
1.000000000000000 0.000000000000000
