1.000000000000000 0.000000000000000
0.999960843927386 0.000008001311304
0.999843232698497 0.000032031111308
0.999646736327789 0.000072167128875
0.999370634989544 0.000128539347705
0.999013914213317 0.000201330660811
0.998575258097714 0.000290777788821
0.998053040482152 0.000397172463953
0.997445313998353 0.000520862881631
0.996749796904938 0.000662255421656
0.995963857589539 0.000821816640308
0.995084496603408 0.001000075533797
0.994108326073337 0.001197626071868
0.993031546315217 0.001415129997882
0.991849919452493 0.001653319888296
0.990558739821683 0.001913002459608
0.989152800926119 0.002195062104484
0.987626358678800 0.002500464630264
0.985973090656346 0.002830261162010
0.984186051069547 0.003185592157979
0.982257621143246 0.003567691467177
0.980179454591085 0.003977890335433
0.977942417871289 0.004417621237150
0.975536524921358 0.004888421373080
0.972950866096168 0.005391935628503
0.970173531080790 0.005929918728968
0.967191525622758 0.006504236260000
0.963990682036929 0.007116864130073
0.960555563589727 0.007769885949495
0.956869363081326 0.008465487668156
0.952913796229969 0.009205948658444
0.948668990841194 0.009993628241992
0.944113373239042 0.010830946436425
0.939223554073089 0.011720357437626
0.933974216424857 0.012664314052240
0.928338010153692 0.013665220954742
0.922285457681285 0.014725374267988
0.915784877950806 0.015846884566693
0.908802337141397 0.017031580000152
0.901301636890352 0.018280885857816
0.893244367004709 0.019595783751625
0.884590105402422 0.020977366740983
0.875296603036398 0.022426572461404
0.865320075715188 0.023943870267504
0.854615663669149 0.025529181758697
0.843138056687342 0.027181808177505
0.830842312947796 0.028900371142675
0.817684898239756 0.030682775752807
0.803624967565222 0.032526206655661
0.788625817233240 0.034426395150630
0.772655922961525 0.036370854150939
0.755690996512149 0.038339353349138
0.737716401263951 0.040306080868358
0.718729370565127 0.042239179077877
0.698741219137611 0.044100478417060
0.677780118003964 0.045854209274545
0.655894835571934 0.047491805387109
0.633154613734092 0.049016517643620
0.609649191825794 0.050439002901272
0.585488084356942 0.051775684573662
0.560795941284363 0.053020498512891
0.535710182265614 0.054147039021876
0.510379734431290 0.055129650012923
0.484961060898240 0.055944381303010
0.459615760550878 0.056556909001761
0.434504987092030 0.056927540298021
0.409782563434215 0.057024365668859
0.385590263276066 0.056828871216488
0.362051605142464 0.056385097554843
0.339270468747885 0.055775899618420
0.317332000079223 0.055075747393930
0.296302220568702 0.054347500174257
0.276231075387323 0.053607413220029
0.257155895896643 0.052794836359235
0.239096360256546 0.051858964079679
0.222055762293720 0.050769075487088
0.206023528624502 0.049511082550252
0.190977382618389 0.048088377946814
0.176881306360478 0.046569050742306
0.163691225125974 0.045044115839220
0.151361100132854 0.043578654874242
0.139845666595728 0.042202461482844
0.129107008066920 0.040866030899539
0.119106799033785 0.039516431499182
0.109804347075416 0.038121769673312
0.101157958279149 0.036665569770815
0.093126159387267 0.035150587092346
0.085669141440635 0.033627063046154
0.078748370055492 0.032144771557148
0.072326432700082 0.030735791547435
0.066361362560690 0.029390282578331
0.060809142103203 0.028070463270618
0.055631918955865 0.026751194983924
0.050797259742611 0.025418202963990
0.046280637461751 0.024070703599951
0.042078841320190 0.022742525760868
0.038189713687712 0.021467893217729
0.034605001865342 0.020269139175353
0.031312348295837 0.019159714634591
0.028296793450760 0.018146526794606
0.025541890289474 0.017231732891643
0.023023856554651 0.016404679921373
0.020684472622359 0.015603761156318
0.018469798736490 0.014771398456362
0.016343773455498 0.013873468065577
0.014283764097253 0.012893174333199
0.012277224717228 0.011826375490536
0.010342566898702 0.010692426013469
0.008540326030228 0.009539531529288
0.006912482515593 0.008406279862457
0.005480520664354 0.007319595253834
0.004250901643326 0.006297475930278
0.003219328019959 0.005351158732196
0.002374057042467 0.004486828507979
0.001698466147918 0.003706965930085
0.001173031688653 0.003011408249858
0.000776848191387 0.002398182273045
0.000488788765718 0.001864156698733
0.000288386095280 0.001405551279631
0.000156496614413 0.001018332520704
0.000075797073660 0.000698519429618
0.000031151995386 0.000442417841558
0.000009881930483 0.000246797802509
0.000001955478816 0.000109025199557
0.000000122349417 0.000027156103711
0.000000000000000 0.000000000000000
0.000000120300410 -0.000026853158673
0.000001933821689 -0.000107207945981
0.000009866071020 -0.000240427945894
0.000031521040558 -0.000425376962598
0.000078032839430 -0.000660302212108
0.000164577214674 -0.000942663516589
0.000310746002859 -0.001268958810357
0.000538210334865 -0.001635011054908
0.000869837582017 -0.002035948145849
0.001329672227436 -0.002465974445823
0.001941955758363 -0.002918255842557
0.002729829047017 -0.003384786002336
0.003713635585191 -0.003856230259638
0.004908714274777 -0.004321744336620
0.006322540988134 -0.004768764669526
0.007951040989653 -0.005182766666622
0.009773847532069 -0.005546986735368
0.011748222960933 -0.005842103399845
0.013804334993017 -0.006046358796790
0.015900272284130 -0.006145497484872
0.018043529250289 -0.006137733272578
0.020253667976184 -0.006029818670456
0.022564291486151 -0.005840004274484
0.025027844050726 -0.005602245115499
0.027709978241525 -0.005361323527930
0.030640121796907 -0.005129765208484
0.033832905374713 -0.004906673082269
0.037301343791733 -0.004689425829466
0.041055752395332 -0.004473007623329
0.045102289563205 -0.004249124786106
0.049441019961285 -0.004005052316075
0.054067492428462 -0.003724410839912
0.058997569335289 -0.003400748547745
0.064261003178912 -0.003033898850699
0.069893794512035 -0.002625662359851
0.075939833770930 -0.002180604591012
0.082445903475482 -0.001706194952586
0.089446067444478 -0.001211809397752
0.096971659714266 -0.000711377936240
0.105053608056152 -0.000224382535414
0.113727863112682 0.000238233505028
0.123036155369192 0.000677102696461
0.133022057804692 0.001096459310826
0.143730516673601 0.001505254487960
0.155207330491678 0.001918538226498
0.167497441790789 0.002345929618750
0.180643284182216 0.002783624418451
0.194684339143077 0.003225183383797
0.209655696555897 0.003662128498384
0.225587023814375 0.004086221252679
0.242500679231965 0.004489544714451
0.260409193401291 0.004863018239588
0.279313069434522 0.005196399109680
0.299198614568348 0.005478396530428
0.320035892957969 0.005698580745482
0.341776875097237 0.005854770789120
0.364354415998740 0.005949689587061
0.387681913705007 0.005989320805939
0.411653813272517 0.005982525137774
0.436147219060450 0.005928840900636
0.461024444592840 0.005815742926415
0.486136379340853 0.005630461488316
0.511326733738240 0.005361937563372
0.536437005149690 0.005018545292328
0.561311420407064 0.004630229930239
0.585801407196685 0.004227591389403
0.609769788217566 0.003838745905682
0.633094096220031 0.003476919651581
0.655669070719142 0.003139146824143
0.677408330178297 0.002821773311143
0.698244881495794 0.002521602128577
0.718130735021272 0.002235879180217
0.737035809023646 0.001962022643256
0.754946244182617 0.001697973141292
0.771862392983873 0.001442269750820
0.787796652696149 0.001193952043782
0.802771276342392 0.000952468842438
0.816816286243073 0.000720370319632
0.829967553238369 0.000505270882669
0.842265052724255 0.000312692044063
0.853751388112272 0.000145677669515
0.864470559205475 0.000005412736011
0.874466959443865 -0.000108264006044
0.883784582128943 -0.000196447300085
0.892466411103970 -0.000260841822777
0.900553969715671 -0.000303515215608
0.908086997419432 -0.000327344292751
0.915103232260607 -0.000336853145688
0.921638304720605 -0.000335950939271
0.927725684681724 -0.000327650167919
0.933396677248783 -0.000314256816556
0.938680458101568 -0.000297522663738
0.943604137477951 -0.000278766620823
0.948192844032501 -0.000258970960072
0.952469821650887 -0.000238857320596
0.956456533839380 -0.000218946523999
0.960172771577257 -0.000199605490962
0.963636761550017 -0.000181083923507
0.966865272506512 -0.000163542895973
0.969873718135953 -0.000147077068821
0.972676255370646 -0.000131731890099
0.975285877413565 -0.000117516867224
0.977714501088913 -0.000104415765250
0.979973048337567 -0.000092394406860
0.982071521843545 -0.000081406605444
0.984019074895293 -0.000071398648582
0.985824075667005 -0.000062312659113
0.987494166158837 -0.000054089089876
0.989036316067396 -0.000046668552280
0.990456871874537 -0.000039993134909
0.991761601447360 -0.000034007333869
0.992955734438664 -0.000028658689579
0.994043998767318 -0.000023898203553
0.995030653444057 -0.000019680592182
0.995919517991417 -0.000015964421645
0.996713998688000 -0.000012712157975
0.997417111847779 -0.000009890158505
0.998031504325228 -0.000007468624789
0.998559471417150 -0.000005421532382
0.999002972312337 -0.000003726549170
0.999363643220885 -0.000002364951113
0.999642808296118 -0.000001321542043
0.999841488443662 -0.000000584582436
0.999960408094336 -0.000000145730773
1.000000000000000 0.000000000000000
