1.000000000000000 0.000000000000000
0.999960916659265 0.000012577450699
0.999843521214982 0.000050342602107
0.999647376413044 0.000113393964023
0.999371750194782 0.000201896092370
0.999015610712961 0.000316080148751
0.998577619291429 0.000456244684202
0.998056121265255 0.000622756647557
0.997449134619434 0.000816052619065
0.996754336325250 0.001036640270228
0.995969046253706 0.001285100051292
0.995090208525489 0.001562087108596
0.994114370136478 0.001868333435097
0.993037656677105 0.002204650259097
0.991855744943175 0.002571930678766
0.990563832215277 0.002971152553776
0.989156601964450 0.003403381670836
0.987628185723766 0.003869775207738
0.985972120850276 0.004371585531668
0.984181303890646 0.004910164383245
0.982247939258716 0.005486967519660
0.980163482936802 0.006103559920717
0.977918580928116 0.006761621703382
0.975503002219671 0.007462954947686
0.972905566069183 0.008209491714585
0.970114063513042 0.009003303641456
0.967115173114872 0.009846613642139
0.963894371147271 0.010741810427156
0.960435836637978 0.011691466810574
0.956722352034350 0.012698363101385
0.952735200669467 0.013765517312527
0.948454062776937 0.014896224488431
0.943856912532495 0.016094108187091
0.938919919537263 0.017363188096539
0.933617359343932 0.018707968965558
0.927921539110894 0.020133557536543
0.921802746300156 0.021645816037180
0.915229230558928 0.023251563063806
0.908167231577512 0.024958835401259
0.900581068809624 0.026777227463467
0.892433312446359 0.028718328531715
0.883685058171504 0.030796278785558
0.874295537614068 0.033025161347731
0.864220555012127 0.035411011248586
0.853414023048010 0.037956117670336
0.841828752721802 0.040659497073652
0.829417060799888 0.043515764174966
0.816131553330987 0.046513782568047
0.801926106317960 0.049635094716185
0.786757060011368 0.052852152959050
0.770585934870304 0.056132215239075
0.753386827226861 0.059461136319346
0.735146277148870 0.062832706168780
0.715864401490278 0.066243236748963
0.695557445820382 0.069692636253833
0.674259756869340 0.073183685037514
0.652020206543267 0.076697316455958
0.628903293196898 0.080192390018551
0.604993079191242 0.083622356063620
0.580392962338916 0.086937010849471
0.555225547275991 0.090085857532172
0.529631087182030 0.093021311582418
0.503762524493389 0.095698914205483
0.477781054706122 0.098078587310049
0.451851919367249 0.100109847763748
0.426139258467702 0.101733865711256
0.400800323407497 0.102903871998223
0.375981347981298 0.103589308669717
0.351818925200134 0.103788822719732
0.328434141219689 0.103522947178672
0.305926402937766 0.102822489125565
0.284372621327854 0.101726507092783
0.263826338536151 0.100289651657183
0.244319333826679 0.098577788628574
0.225865406538301 0.096652495718217
0.208462783092544 0.094569269753190
0.192096656507512 0.092376738805522
0.176750490870775 0.090077908218809
0.162413287470777 0.087608871307081
0.149061223837161 0.084929089327397
0.136658541396005 0.082031226501636
0.125159435908074 0.078965376141949
0.114512925146624 0.075793472792193
0.104666069160170 0.072566789329070
0.095565560808787 0.069327200891361
0.087159592737428 0.066113043926629
0.079398977992169 0.062962060152150
0.072236246069068 0.059902344265015
0.065624101741718 0.056942599179174
0.059514100521574 0.054064582939228
0.053862154669856 0.051254204049750
0.048628842952649 0.048503991417777
0.043787646068199 0.045813466025847
0.039338524557224 0.043191518676995
0.035276800754892 0.040646736968721
0.031589484230006 0.038185677398107
0.028258133212371 0.035813184058347
0.025260979243626 0.033532669640353
0.022570376301800 0.031343364214520
0.020129917257572 0.029223017213844
0.017883255539017 0.027148522195356
0.015789086612721 0.025106601199027
0.013817686899068 0.023091149214191
0.011948461504766 0.021101321181200
0.010187030681820 0.019149715480173
0.008564421338847 0.017261633860797
0.007100043905022 0.015456096139488
0.005802078052055 0.013745894750788
0.004670552601012 0.012139073667968
0.003699721985760 0.010640093314790
0.002879892477847 0.009250746704346
0.002198818805157 0.007970878607804
0.001642766095206 0.006798948885271
0.001197311805460 0.005732472636325
0.000847946325765 0.004768363097251
0.000580518346916 0.003903197865456
0.000381561168275 0.003133424782652
0.000238528300028 0.002455520429387
0.000139960554562 0.001866111493586
0.000075601962798 0.001362067130996
0.000036478015395 0.000940568721398
0.000014946693692 0.000599162049788
0.000004730344910 0.000335795833453
0.000000934529673 0.000148849614984
0.000000058413979 0.000037153300276
0.000000000000000 0.000000000000000
0.000000055192544 -0.000036076623040
0.000000886331662 -0.000144340397237
0.000004514480598 -0.000324887468079
0.000014390220004 -0.000577859244524
0.000035519974055 -0.000903413199648
0.000074649224273 -0.001301680049102
0.000140509279461 -0.001772705259431
0.000244136636092 -0.002316372096590
0.000399276704117 -0.002932302555423
0.000622886905825 -0.003619731472720
0.000935131741189 -0.004377283190636
0.001355694341080 -0.005202312900307
0.001903965202279 -0.006090581117016
0.002599634483472 -0.007035887107930
0.003462008261670 -0.008029468606437
0.004509087916970 -0.009059251260813
0.005756346839256 -0.010108911344102
0.007215116981916 -0.011156705793787
0.008890474060170 -0.012174012205705
0.010778480107558 -0.013123507088314
0.012862603974847 -0.013956892762871
0.015116123775967 -0.014619907524682
0.017538044381153 -0.015095525325516
0.020140642993399 -0.015394201108591
0.022937950470332 -0.015546482427872
0.025946051305043 -0.015610429751107
0.029182102064322 -0.015647534085165
0.032661782267623 -0.015660691366331
0.036401105256677 -0.015640380730239
0.040416697249128 -0.015574343948933
0.044725587988180 -0.015446860280582
0.049344906694418 -0.015237835235614
0.054292413364360 -0.014924852324486
0.059591822739730 -0.014501435894307
0.065271352114049 -0.013973072373117
0.071362384898423 -0.013354054254065
0.077899816341990 -0.012669864383048
0.084919360965669 -0.011935404449129
0.092456367741978 -0.011145709034432
0.100547932418666 -0.010293639790284
0.109233182686348 -0.009372157185322
0.118553765334148 -0.008377494982665
0.128553057062447 -0.007307185364349
0.139275662613054 -0.006159982409839
0.150766876602611 -0.004936396646419
0.163072168707621 -0.003644955211492
0.176236621561995 -0.002312823874304
0.190303646264740 -0.000981701683243
0.205313534301112 0.000292062720051
0.221298887884394 0.001475663492102
0.238281677006168 0.002573027116846
0.256272988556739 0.003599241628417
0.275270695824103 0.004581894375685
0.295257071609399 0.005563506390477
0.316197913276702 0.006585436255852
0.338045476292615 0.007623900777752
0.360734597534647 0.008628202348152
0.384181111354191 0.009537557887265
0.408282100216903 0.010285558156205
0.432914648747849 0.010844466238396
0.457938567257869 0.011223047288121
0.483201800839180 0.011437065803893
0.508544977958745 0.011507082027505
0.533807587312099 0.011451150252125
0.558832518498548 0.011285885254541
0.583469938397823 0.011029683271652
0.607581551822763 0.010701858044251
0.631044227952649 0.010322639318029
0.653752413382204 0.009911539929115
0.675619518929723 0.009485937122665
0.696578404279696 0.009060366867566
0.716580733216549 0.008637425184103
0.735595863954449 0.008208294258612
0.753609568574928 0.007766582822807
0.770622032232877 0.007308804841044
0.786645653013328 0.006833834042527
0.801702875604084 0.006344063412867
0.815824194662192 0.005848945034747
0.829045962390025 0.005357468471921
0.841408604142222 0.004876392557183
0.852955144932929 0.004410624349711
0.863729977222247 0.003963564840180
0.873777858403420 0.003537413663616
0.883143117847598 0.003133430396710
0.891869060504855 0.002752557187542
0.899997584482748 0.002397912770031
0.907568784757382 0.002072204288877
0.914620705125246 0.001776475816037
0.921189227973522 0.001510582918455
0.927308029875914 0.001273564431684
0.933008587315684 0.001063923533579
0.938320219739434 0.000879837097159
0.943270159498712 0.000719309043889
0.947883640298771 0.000580280485384
0.952183997537023 0.000460706900012
0.956192775391415 0.000358610449530
0.959929836736659 0.000272113775184
0.963413472954945 0.000199460181246
0.966660511499768 0.000139023969636
0.969686419697921 0.000089313785024
0.972505403763895 0.000048971122553
0.975130502377984 0.000016765601967
0.977573674465860 -0.000008411809698
0.979845881031516 -0.000027556766379
0.981957161052308 -0.000041560085352
0.983916701556806 -0.000051216429791
0.985732902083343 -0.000057232834037
0.987413433767535 -0.000060236874667
0.988965293337142 -0.000060784364024
0.990394852307442 -0.000059366495808
0.991707901673814 -0.000056416409910
0.992909692393529 -0.000052315169738
0.994004971938266 -0.000047397162811
0.994998017184288 -0.000041954946666
0.995892663890057 -0.000036243568858
0.996692332992240 -0.000030484393209
0.997400053931345 -0.000024868465571
0.998018485198167 -0.000019559451823
0.998549932272160 -0.000014696179103
0.998996363103092 -0.000010394808916
0.999359421267911 -0.000006750667786
0.999640436915871 -0.000003839757981
0.999840435596539 -0.000001719967432
0.999960145047364 -0.000000431994532
1.000000000000000 0.000000000000000
