1.000000000000000 0.000000000000000
0.999959722307370 0.000008707760331
0.999838742131598 0.000034859335533
0.999636617204052 0.000078539778881
0.999352607151911 0.000139891416368
0.998985668580674 0.000219114708561
0.998534448129799 0.000316469469439
0.997997273441213 0.000432276454765
0.997372141962660 0.000566919336565
0.996656707489711 0.000720847084693
0.995848264331712 0.000894576781368
0.994943728968054 0.001088696900011
0.993939619041822 0.001303871086033
0.992832029518472 0.001540842484470
0.991616605817649 0.001800438667828
0.990288513707196 0.002083577227584
0.988842405730045 0.002391272104776
0.987272383917940 0.002724640749541
0.985571958531600 0.003084912217055
0.983734002556364 0.003473436328761
0.981750701677242 0.003891694054168
0.979613499459901 0.004341309301213
0.977313037477347 0.004824062343742
0.974839090149826 0.005341905165375
0.972180494112527 0.005896979062464
0.969325071998470 0.006491634928491
0.966259550630240 0.007128456742360
0.962969473764085 0.007810288908992
0.959439109735680 0.008540268259060
0.955651354633878 0.009321861713816
0.951587631995683 0.010158910870532
0.947227790494977 0.011055685076023
0.942550001715745 0.012016944943448
0.937530660888466 0.013048018746516
0.932144294460605 0.014154894711326
0.926363479606217 0.015344332935191
0.920158782293687 0.016624001506203
0.913498722359718 0.018002642382387
0.906349776207524 0.019490273705950
0.898676430265088 0.021098436443112
0.890441252251118 0.022840254898125
0.881604260423364 0.024726703365528
0.872122928116261 0.026765529268930
0.861952888099900 0.028963036341384
0.851048280390731 0.031323429927516
0.839362213431977 0.033847890963002
0.826847376760433 0.036533428697268
0.813456827378645 0.039371493077795
0.799144969850665 0.042346341266122
0.783869327595063 0.045436088185260
0.767597131730379 0.048636601745032
0.750306709563352 0.051958227486652
0.731987829284048 0.055416392628311
0.712644233961975 0.059032681668508
0.692296141350253 0.062835844720201
0.670977692945646 0.066835526525410
0.648729398869031 0.070970038786345
0.625606899218511 0.075148812596104
0.601683137276092 0.079262325137716
0.577049876706107 0.083193567610215
0.551829659219897 0.086892982844262
0.526168657310733 0.090354201424086
0.500226563521728 0.093579069706638
0.474170826274400 0.096564256558815
0.448165733796480 0.099231434547384
0.422371206404947 0.101479378377131
0.396940637305949 0.103222071927561
0.372018793365426 0.104408536560460
0.347744792383680 0.105070888019798
0.324240858905997 0.105266257356797
0.301607605399299 0.105055019050341
0.279922965450063 0.104496088025768
0.259240667252944 0.103632802948345
0.239593462283870 0.102503342735667
0.220996289463497 0.101147078825108
0.203448530604912 0.099603081088918
0.186938083457480 0.097901766974768
0.171460121336979 0.095993246254036
0.157005813881189 0.093805739891326
0.143550604414262 0.091305744347987
0.131055381807425 0.088523209651054
0.119469983917726 0.085543837949778
0.108740904928270 0.082442238014056
0.098813519605804 0.079278594804613
0.089639848455528 0.076089514617080
0.081196366789612 0.072860290304249
0.073456088698065 0.069577301409624
0.066376263386676 0.066248181015560
0.059889425996410 0.062912465202758
0.053931882908586 0.059607185144589
0.048448773269519 0.056360728410228
0.043404547684540 0.053190985189490
0.038793850633358 0.050103166874760
0.034606272194822 0.047101012790754
0.030823663947936 0.044188266705931
0.027422983044577 0.041368399000972
0.024378381034376 0.038644438564758
0.021653355401272 0.036015058057427
0.019189607720433 0.033469547653042
0.016937686841474 0.031000039850684
0.014860007439661 0.028602568870337
0.012928168189010 0.026275889731634
0.011124239049454 0.024021780086231
0.009459806506217 0.021851609275237
0.007950823124252 0.019777533672373
0.006603693156810 0.017807647195632
0.005417836259883 0.015946904929402
0.004387743512872 0.014197883880715
0.003504548475636 0.012561382751090
0.002757220928400 0.011036893970487
0.002133467761114 0.009622974443202
0.001620407229288 0.008317536044600
0.001205068439184 0.007118072601813
0.000874756643966 0.006021836665910
0.000617316072335 0.005025976657602
0.000421315056892 0.004127642799763
0.000276172773827 0.003324068523485
0.000172242627641 0.002612632658933
0.000100863961176 0.001990906625372
0.000054391142827 0.001456689958627
0.000026207021888 0.001008036812896
0.000010726125248 0.000643275510319
0.000003391695518 0.000361022756621
0.000000669663663 0.000160193770626
0.000000041845513 0.000040009270061
0.000000000000000 0.000000000000000
0.000000039349802 -0.000038780853757
0.000000631730290 -0.000155253191961
0.000003215821685 -0.000349805267810
0.000010242254688 -0.000623080489674
0.000025254768937 -0.000975971587199
0.000053007739064 -0.001409611800844
0.000099624158799 -0.001925362413392
0.000172799617910 -0.002524795690166
0.000282059474883 -0.003209671996084
0.000439078390088 -0.003981909497240
0.000658073722498 -0.004843544413684
0.000955574197297 -0.005796204233900
0.001348042487905 -0.006839065143610
0.001852703530281 -0.007968840894709
0.002487871590591 -0.009179310019475
0.003272704920808 -0.010460305340522
0.004226849947585 -0.011796438141966
0.005369939145078 -0.013165489266331
0.006720896539728 -0.014536382156459
0.008296991769627 -0.015866631209471
0.010112567007285 -0.017099131619242
0.012177339884287 -0.018158122739293
0.014494456958909 -0.018946509282278
0.017065969905563 -0.019407136961070
0.019894613387838 -0.019560028778135
0.022975189555202 -0.019463477777275
0.026290942588872 -0.019224283676647
0.029824158953507 -0.018958624861731
0.033586090338148 -0.018680134877680
0.037596157030560 -0.018380039596084
0.041877566432464 -0.018045650717722
0.046458297914929 -0.017659098261060
0.051372351358467 -0.017195715211638
0.056655831623871 -0.016631667361626
0.062335998767891 -0.015964163299877
0.068438782507534 -0.015199380618551
0.074990130202222 -0.014351558118348
0.082017224774355 -0.013442742204327
0.089556981535076 -0.012490356554578
0.097652968615280 -0.011515498409138
0.106353013234548 -0.010546528786731
0.115701907585184 -0.009588846491111
0.125741157444210 -0.008624038624531
0.136511711786791 -0.007621626370476
0.148052872121959 -0.006535274787354
0.160402333676135 -0.005310974317294
0.173604076152682 -0.003966070074112
0.187704912619157 -0.002571052468769
0.202750633564574 -0.001230069101916
0.218780397560082 -0.000043217383506
0.235817371586682 0.000966017212693
0.253872442177986 0.001792662466733
0.272942794461228 0.002442004999944
0.293009421570549 0.002932285717867
0.314035437030874 0.003293459373346
0.335969913376636 0.003532968199615
0.358745773976735 0.003642860637355
0.382276624605261 0.003618214852140
0.406457204547490 0.003458290663602
0.431164487740326 0.003189489726231
0.456259907889772 0.002881300178143
0.481593320778803 0.002614096477391
0.507007312707955 0.002470383078624
0.532341802183285 0.002464506372658
0.557438926919413 0.002512882326728
0.582148080381848 0.002528020204974
0.606330229163339 0.002432299203711
0.629861723892966 0.002215310796946
0.652636885587149 0.001943833233452
0.674569038878898 0.001679625780845
0.695590969727611 0.001472047407230
0.715654425878184 0.001346382028438
0.734728669286883 0.001268563542246
0.752799283496451 0.001197957352498
0.769866314179560 0.001104988010794
0.785942065710294 0.000969662829694
0.801048876562669 0.000780156127589
0.815217140028948 0.000543878956935
0.828483353692558 0.000287054380943
0.840888090424544 0.000030218827175
0.852474503187198 -0.000212442059093
0.863287097717483 -0.000431704982848
0.873370733840507 -0.000622131942013
0.882769835386643 -0.000781099389304
0.891527784146206 -0.000908016498277
0.899686469089023 -0.001003764385694
0.907285916536833 -0.001071355446824
0.914364108735408 -0.001115018585189
0.920956928622238 -0.001138546172134
0.927098099251899 -0.001145261554350
0.932819174570393 -0.001138061128677
0.938149571196140 -0.001119457053909
0.943116629983198 -0.001091618900770
0.947745698345503 -0.001056413136516
0.952060226207524 -0.001015439785929
0.956081870029314 -0.000970065934424
0.959830600658789 -0.000921455967414
0.963324811823973 -0.000870598595245
0.966581426927361 -0.000818330813273
0.969616002476585 -0.000765359006635
0.972442827010800 -0.000712277440529
0.975075014787413 -0.000659584388023
0.977524593802068 -0.000607696145191
0.979802587945742 -0.000556959172515
0.981919093272521 -0.000507660585490
0.983883348473368 -0.000460037198658
0.985703799735742 -0.000414283307590
0.987388160224876 -0.000370557373704
0.988943464456662 -0.000328987758027
0.990376117849956 -0.000289677632443
0.991691941751831 -0.000252709180894
0.992896214226166 -0.000218147188399
0.993993706886574 -0.000186042102776
0.994988718040872 -0.000156432642349
0.995885102397610 -0.000129348012698
0.996686297566652 -0.000104809786565
0.997395347566265 -0.000082833493105
0.998014923529160 -0.000063429955828
0.998547341779879 -0.000046606412498
0.998994579436056 -0.000032367444999
0.999358287666616 -0.000020715742498
0.999639802720920 -0.000011652717124
0.999840154824344 -0.000005178987733
0.999960075017666 -0.000001294743987
1.000000000000000 0.000000000000000
