1.000000000000000 0.000000000000000
0.999959751316519 0.000005720355584
0.999838861519173 0.000022916116334
0.999636898434522 0.000051691684226
0.999353138656241 0.000092222132024
0.998986562840573 0.000144754817565
0.998535849062434 0.000209611663754
0.997999364174106 0.000287192123988
0.997375153091199 0.000377976857825
0.996660925912675 0.000482532146412
0.995854042763351 0.000601515081133
0.994951496228119 0.000735679561923
0.993949891227291 0.000885883143253
0.992845422161805 0.001053094765343
0.991633847135694 0.001238403404972
0.990310459041136 0.001443027673297
0.988870053268875 0.001668326375930
0.987306891783955 0.001915810031472
0.985614663283998 0.002187153316277
0.983786439135124 0.002484208362336
0.981814624759879 0.002809018777814
0.979690906133088 0.003163834180515
0.977406191026784 0.003551124926701
0.974950544635893 0.003973596572194
0.972313119214395 0.004434203408330
0.969482077360131 0.004936160157423
0.966444508608600 0.005482950572498
0.963186339036666 0.006078331240690
0.959692233641368 0.006726328309709
0.955945491353804 0.007431224105624
0.951927932681559 0.008197529643493
0.947619780155097 0.009029937796196
0.942999531995814 0.009933250317650
0.938043829739573 0.010912269941154
0.932727320955651 0.011971646310824
0.927022518715021 0.013115661469400
0.920899660104220 0.014347936939131
0.914326566873807 0.015671040033560
0.907268512277510 0.017085961908966
0.899688099324247 0.018591434066118
0.891545157055278 0.020183043738719
0.882796663096712 0.021852102252793
0.873397010457563 0.023585922294396
0.863300891392408 0.025381988336854
0.852463526553095 0.027246636755864
0.840840333963063 0.029189716394067
0.828387971498523 0.031225805464478
0.815065662472544 0.033375793965453
0.800836816727018 0.035668785007799
0.785670957227418 0.038144304480067
0.769544720576023 0.040847496484874
0.752435000380492 0.043776140834678
0.734322823107428 0.046890576809380
0.715198572006279 0.050131107762613
0.695063791097691 0.053415189585219
0.673933410348657 0.056638467861841
0.651849818808302 0.059754431468910
0.628888403259982 0.062802651651562
0.605147878109683 0.065843867639813
0.580749048514118 0.068955241432187
0.555823648441194 0.072159719868974
0.530499928384333 0.075339434218455
0.504914420511762 0.078349608220008
0.479210872350241 0.081043409577097
0.453545286370329 0.083324284977658
0.428085295546777 0.085171251487861
0.402992604294801 0.086579565106491
0.378417007328718 0.087555799480588
0.354491034844796 0.088126691886388
0.331327317576952 0.088335494144835
0.309018420800782 0.088228514697800
0.287636325097383 0.087852345368411
0.267234927995329 0.087228842039849
0.247852438103610 0.086340425344286
0.229508470730548 0.085180169203660
0.212205842959040 0.083755034414404
0.195933180968120 0.082082567198711
0.180671820173373 0.080179891715469
0.166411353596563 0.078036873775004
0.153131793698497 0.075650972341520
0.140799776636628 0.073036797348150
0.129357330886941 0.070266037680756
0.118730121262286 0.067447973156042
0.108850563633777 0.064664407480355
0.099658089194704 0.061972500457330
0.091103815582003 0.059398936459817
0.083187478845753 0.056867223435469
0.075915823125036 0.054285258033069
0.069274212188176 0.051603592694558
0.063191587019770 0.048865946365441
0.057573711077497 0.046157920158726
0.052347142115074 0.043540020379132
0.047455758816809 0.041052063577580
0.042881438178917 0.038701684052660
0.038649108845056 0.036462840263936
0.034771755072071 0.034314475081704
0.031249124070219 0.032242508775279
0.028071758440273 0.030237953211568
0.025224030797986 0.028295484083907
0.022682277663347 0.026411316034443
0.020382139263928 0.024573662037550
0.018253155636498 0.022770638157909
0.016245499362267 0.020996413347113
0.014325288019792 0.019249547545298
0.012470616637691 0.017531653725021
0.010677514749441 0.015849144146330
0.008987674764544 0.014221653407379
0.007439576011981 0.012667148161787
0.006054537799571 0.011197700373908
0.004841200359614 0.009820888730375
0.003799016216674 0.008540906081372
0.002920955448463 0.007359431146796
0.002195594277372 0.006276313440830
0.001608720752367 0.005290110308534
0.001144563078267 0.004398506974657
0.000786723857060 0.003598644151920
0.000518885883183 0.002887372704305
0.000325341199019 0.002261450840976
0.000191384090102 0.001717696113930
0.000103599965512 0.001253101936985
0.000050075139039 0.000864926299530
0.000020547013031 0.000550758707391
0.000006509760101 0.000308570058414
0.000001287050464 0.000136749082264
0.000000080484744 0.000034128085733
0.000000000000000 0.000000000000000
0.000000076994483 -0.000033336554193
0.000001236997045 -0.000133357870191
0.000006305291559 -0.000300092095179
0.000020119548043 -0.000533563109206
0.000049728224381 -0.000833754836905
0.000104678760971 -0.001200558949938
0.000197406523205 -0.001633703499639
0.000343736286303 -0.002132658913637
0.000562309012234 -0.002696432378579
0.000872005856083 -0.003323178176814
0.001292600546253 -0.004009981328817
0.001844517296984 -0.004752513819164
0.002548114295913 -0.005544578198208
0.003422730936697 -0.006377536991834
0.004485430147104 -0.007239600376273
0.005749348704799 -0.008114937737624
0.007221545100032 -0.008982570209460
0.008900204999019 -0.009814990635677
0.010771027045505 -0.010576444100044
0.012802568769673 -0.011220788747402
0.014957186109374 -0.011701742028033
0.017235987402535 -0.012009712887391
0.019653310191356 -0.012155668869075
0.022229212418037 -0.012169799090011
0.024991261635839 -0.012108621165029
0.027971089366278 -0.012041594990273
0.031187261442573 -0.011984028375486
0.034654907325349 -0.011935516953217
0.038389255349079 -0.011894675614628
0.042405233071370 -0.011858750947779
0.046716913440915 -0.011823112317285
0.051336944388511 -0.011780727752909
0.056282479559208 -0.011726607769141
0.061579677929589 -0.011661156226874
0.067258492614827 -0.011586102480734
0.073352850424597 -0.011504560926609
0.079899980628100 -0.011420462533925
0.086934287644724 -0.011333875693142
0.094489781142366 -0.011242830053452
0.102601571853074 -0.011144481333881
0.111307799526179 -0.011036912762291
0.120650179086949 -0.010919817432042
0.130672136803067 -0.010793187857501
0.141418351613728 -0.010657351721447
0.152934197088621 -0.010513049893299
0.165264297386089 -0.010360421272964
0.178451206791420 -0.010198505800255
0.192534670758620 -0.010026010294181
0.207550185523076 -0.009841401570348
0.223527668630329 -0.009643893913678
0.240489451929938 -0.009433301801577
0.258448009466773 -0.009209658671330
0.277403766357276 -0.008973261430757
0.297342930754889 -0.008724716253351
0.318235440209343 -0.008464779311095
0.340033204932570 -0.008194014623626
0.362669070095683 -0.007913114291490
0.386056439704743 -0.007622965395991
0.410089781014682 -0.007324670429452
0.434646169879535 -0.007019717335185
0.459587790052037 -0.006709880711959
0.484765376112395 -0.006397086994965
0.510022451429709 -0.006083348687375
0.535200060730429 -0.005770650360769
0.560141703516125 -0.005460919592499
0.584698089562796 -0.005155994267122
0.608731381509949 -0.004857569194886
0.632118665565008 -0.004567146616934
0.654754466188888 -0.004286013401674
0.676552239120014 -0.004015226665898
0.697444868586663 -0.003755611395696
0.717384274505669 -0.003507811988261
0.736340291726547 -0.003272276904213
0.754299011441218 -0.003049232657071
0.771260777449650 -0.002838709958308
0.787238013054634 -0.002640573088831
0.802253025171919 -0.002454498726441
0.816335899650164 -0.002279989895134
0.829522567350129 -0.002116507938421
0.841853085903354 -0.001963497004770
0.853370160233369 -0.001820394556119
0.864117904423361 -0.001686640048650
0.874140833642899 -0.001561681936514
0.883483066155832 -0.001444983660802
0.892187711160281 -0.001336061355274
0.900296415378759 -0.001234491465017
0.907849042010091 -0.001139848335806
0.914883459579678 -0.001051707523076
0.921435418276343 -0.000969653346573
0.927538494857252 -0.000893284266395
0.933224090130443 -0.000822216531500
0.938521465716089 -0.000756086481831
0.943457809226496 -0.000694551819441
0.948058319144178 -0.000637292105029
0.952346302507571 -0.000584008685124
0.956343280048125 -0.000534424212000
0.960069094686890 -0.000488281882555
0.963542020325208 -0.000445344493258
0.966778868686429 -0.000405393384795
0.969795092615882 -0.000368227331470
0.972604884754302 -0.000333661415744
0.975221270891479 -0.000301525916984
0.977656197604605 -0.000271665234705
0.979920614008482 -0.000243936859957
0.982024547608125 -0.000218210403484
0.983977174361197 -0.000194366685547
0.985786883138586 -0.000172296889604
0.987461334824608 -0.000151901780055
0.989007516330415 -0.000133090982912
0.990431789810539 -0.000115782327322
0.991739937377096 -0.000099901245290
0.992937201602288 -0.000085380226622
0.994028322089886 -0.000072158325935
0.995017568382230 -0.000060180718591
0.995908769452375 -0.000049398302460
0.996705340012350 -0.000039767342587
0.997410303848922 -0.000031249156002
0.998026314378244 -0.000023809834155
0.998555672590749 -0.000017420000663
0.999000342537877 -0.000012054602331
0.999361964492821 -0.000007692731638
0.999641865898528 -0.000004317479127
0.999841070197806 -0.000001915814404
0.999960303622349 -0.000000478494675
1.000000000000000 0.000000000000000
