1.000000000000000 0.000000000000000
0.999958709518687 0.000009401475031
0.999834693441402 0.000037658437677
0.999627516951408 0.000084928978170
0.999336452290587 0.000151478176859
0.998960474136428 0.000237680515732
0.998498253074225 0.000344023287649
0.997948147108363 0.000471111036188
0.997308191139760 0.000619671068183
0.996576084319186 0.000790560089738
0.995749175168111 0.000984772024823
0.994824444339880 0.001203447082910
0.993798484874278 0.001447882148312
0.992667479777796 0.001719542568130
0.991427176740089 0.002020075417360
0.990072859774205 0.002351324317507
0.988599317544058 0.002715345877528
0.987000808117405 0.003114427811081
0.985271019856268 0.003551108759193
0.983403028129418 0.004028199808941
0.981389247503443 0.004548807642052
0.979221379040179 0.005116359166119
0.976890352299390 0.005734627367656
0.974386261616811 0.006407757969858
0.971698296199743 0.007140296265505
0.968814663555852 0.007937213209640
0.965722505746595 0.008803929475487
0.962407807935698 0.009746335672745
0.958855298686465 0.010770806264803
0.955048341450583 0.011884203856812
0.950968816686993 0.013093869406169
0.946596994053677 0.014407592465492
0.941911394129775 0.015833553727728
0.936888639152230 0.017380229813676
0.931503292292975 0.019056247322796
0.925727685063582 0.020870169551858
0.919531732520642 0.022830194868940
0.912882736067685 0.024943740428609
0.905745173826359 0.027216878690751
0.898080478811209 0.029653587112432
0.889846805538969 0.032254763622383
0.880999413124242 0.035019035501065
0.871493576432272 0.037951644074245
0.861283745477785 0.041060455761143
0.850323234846165 0.044353238787711
0.838564886436332 0.047837582463621
0.825961941050146 0.051520820769242
0.812469147936073 0.055409965521256
0.798044136669950 0.059511656238959
0.782649053850928 0.063832086836438
0.766251315916929 0.068372452763561
0.748824219237950 0.073122898165916
0.730350403503130 0.078066824982476
0.710824279336889 0.083180786566245
0.690254292269127 0.088433857064333
0.668665398120309 0.093789471700167
0.646103613900832 0.099223104922699
0.622636671962732 0.104718241070963
0.598353439556855 0.110259321317185
0.573363244026612 0.115829882523277
0.547783839382253 0.121330615755901
0.521734713127413 0.126547663208153
0.495345965686476 0.131250281104321
0.468757388057366 0.135216347445455
0.442138357483967 0.138378108115162
0.415680980259225 0.140816815722343
0.389571328580147 0.142631306299506
0.363982248271263 0.143910628250664
0.339066816719396 0.144604413524156
0.314955742776055 0.144612462163431
0.291756194531761 0.143871557376569
0.269551965434700 0.142360024184336
0.248414454627138 0.140149445923922
0.228396857710933 0.137361267817822
0.209526852012063 0.134110789622370
0.191809781314286 0.130503746983009
0.175233159684206 0.126630670123814
0.159778781333273 0.122521931364613
0.145419481207416 0.118183460467458
0.132115562315690 0.113635798248816
0.119837209599005 0.108906511163477
0.108563462565779 0.104026558756594
0.098257084122290 0.099031524023669
0.088868489986899 0.093958848819063
0.080318353365358 0.088879254462324
0.072474489273589 0.083935960048225
0.065223200590981 0.079239163251577
0.058498739124509 0.074822050930447
0.052294357224698 0.070624661195429
0.046599418804725 0.066595210303419
0.041394056717604 0.062699501407060
0.036649861962143 0.058926388923720
0.032332604815163 0.055283096132825
0.028408296980018 0.051775711438594
0.024844219713404 0.048408184143926
0.021609349407221 0.045182702524650
0.018675668254769 0.042099074262989
0.016031115242330 0.039143551133304
0.013669767856619 0.036297864448864
0.011579841588061 0.033550115719422
0.009745521929270 0.030893243969013
0.008148303545937 0.028324927419129
0.006766448773870 0.025854592576290
0.005577806863472 0.023493460963721
0.004561505244699 0.021248898868781
0.003698089566343 0.019125285489363
0.002969579350543 0.017124735957684
0.002359471133028 0.015247671873564
0.001852705516188 0.013493270707733
0.001435610392549 0.011859819055956
0.001095829411022 0.010344989636859
0.000822242335431 0.008946057871452
0.000604882110612 0.007660070652370
0.000434852070380 0.006483977338414
0.000304245688520 0.005414730961318
0.000206070507272 0.004449365999786
0.000134177314322 0.003585057775495
0.000083195230690 0.002819167488819
0.000048473080695 0.002149276084368
0.000026027212671 0.001573209474796
0.000012495803539 0.001089057121164
0.000005099594783 0.000695185541910
0.000001608959200 0.000390247977938
0.000000317177218 0.000173191160598
0.000000019801168 0.000043259897900
0.000000000000000 0.000000000000000
0.000000018221582 -0.000041496675521
0.000000292269685 -0.000166142328301
0.000001485538201 -0.000374403638569
0.000004721310206 -0.000667057690362
0.000011609718049 -0.001045190701746
0.000024286546324 -0.001510195845677
0.000045464980423 -0.002063769733901
0.000078501783014 -0.002707906975280
0.000127479812533 -0.003444892026968
0.000197309297363 -0.004277287321661
0.000293850865383 -0.005207916364006
0.000424064023245 -0.006239840128851
0.000596185609778 -0.007376324643956
0.000819853028914 -0.008620693129489
0.001105713773709 -0.009975526245077
0.001465692477752 -0.011442538828082
0.001913348688620 -0.013022466844844
0.002464074141024 -0.014714655997186
0.003135312750961 -0.016516536432123
0.003946805441792 -0.018422954555910
0.004920861025878 -0.020425324612774
0.006082653870175 -0.022510553062637
0.007460548293087 -0.024659676692289
0.009086448467621 -0.026846140195587
0.010996170903989 -0.029033619885857
0.013229834172090 -0.031173276304304
0.015832248967703 -0.033200306584507
0.018842944706686 -0.035052323689333
0.022268469856803 -0.036725444574427
0.026092642486098 -0.038245570013151
0.030274876955264 -0.039665501058653
0.034790572766825 -0.041028641768051
0.039660871051422 -0.042343171072485
0.044911007676314 -0.043623765941943
0.050566816178561 -0.044898432352936
0.056654379189910 -0.046212087986789
0.063204973465056 -0.047581584312873
0.070258445861387 -0.048964513390389
0.077859232849864 -0.050294320652573
0.086054989042172 -0.051488844616309
0.094886280487987 -0.052527798441899
0.104388043339924 -0.053435841154326
0.114594382474950 -0.054249511729517
0.125548002931439 -0.054978194797395
0.137293822428191 -0.055629447453310
0.149875571026417 -0.056221859036571
0.163334684617785 -0.056784198729237
0.177711044191045 -0.057303804736993
0.193041347552970 -0.057725652808576
0.209356213039306 -0.057976290621278
0.226678125466781 -0.057999723692510
0.245019222952718 -0.057796165122210
0.264379022818845 -0.057384702342724
0.284742159175196 -0.056802087714725
0.306076302864886 -0.056105536877628
0.328330794508536 -0.055344771287093
0.351436187152498 -0.054503513996256
0.375303300607446 -0.053549799821149
0.399823638439978 -0.052447769577161
0.424871070817547 -0.051167139303513
0.450304939694755 -0.049718737113046
0.475973267649971 -0.048131209089371
0.501716901465153 -0.046438071262846
0.527373568220794 -0.044664250455366
0.552781135901183 -0.042797523447273
0.577784667175447 -0.040821245416912
0.602241447435014 -0.038723997596905
0.626026501769908 -0.036520665337196
0.649037616030636 -0.034278734940889
0.671191917514843 -0.032064512899379
0.692425409030869 -0.029932487546316
0.712692227943030 -0.027921507138439
0.731961766170553 -0.026035211538873
0.750218914458685 -0.024264018002119
0.767463260236946 -0.022599279514582
0.783706862606476 -0.021033320691731
0.798971994607702 -0.019559360961874
0.813289089386719 -0.018172693660055
0.826694787303191 -0.016871041340009
0.839229920647747 -0.015651683498924
0.850937985650072 -0.014511330723963
0.861863889117517 -0.013446306871608
0.872052928239254 -0.012452700525386
0.881549983228127 -0.011526487563916
0.890398897778870 -0.010663627718362
0.898642019988620 -0.009860130578448
0.906319872259206 -0.009112032769953
0.913470944043050 -0.008415505499532
0.920131572716536 -0.007766944825858
0.926335887392997 -0.007162975335122
0.932115806120703 -0.006600447779036
0.937501073056971 -0.006076433308415
0.942519324570319 -0.005588215295667
0.947196175398574 -0.005133279538685
0.951555317852412 -0.004709303468078
0.955618628614429 -0.004314144837488
0.959406278970011 -0.003945830260195
0.962936845350503 -0.003602543861011
0.966227417905770 -0.003282616237353
0.969293705484790 -0.002984513864305
0.972150135919776 -0.002706829032546
0.974809950907715 -0.002448270372816
0.977285295086110 -0.002207653994104
0.979587299126357 -0.001983895242983
0.981726156834411 -0.001776001077346
0.983711196367401 -0.001583063037697
0.985550945757189 -0.001404250792413
0.987253192985985 -0.001238806229139
0.988825040891874 -0.001086038062049
0.990272957198752 -0.000945316923772
0.991602819969916 -0.000816070910798
0.992819958780612 -0.000697781551998
0.993929191894777 -0.000589980171176
0.994934859716837 -0.000492244616259
0.995840854772258 -0.000404196329574
0.996650648451605 -0.000325497735714
0.997367314732938 -0.000255849925542
0.997993551077087 -0.000194990616965
0.998531696669978 -0.000142692375193
0.998983748166076 -0.000098761077217
0.999351373067313 -0.000063034607205
0.999635920852620 -0.000035381771456
0.999838431954441 -0.000015701423392
0.999959644660342 -0.000003921790888
1.000000000000000 0.000000000000000
