1.000000000000000 0.000000000000000
0.999960382705177 0.000014930610703
0.999841385941014 0.000059774384594
0.999642574099711 0.000134687457713
0.999363217930412 0.000239931094440
0.999002289651694 0.000375873250893
0.998558456047328 0.000542990777533
0.998030069483066 0.000741872274654
0.997415156763646 0.000973221618158
0.996711405730148 0.001237862176537
0.995916149478080 0.001536741743194
0.995026348056226 0.001870938211086
0.994038567485142 0.002241666019003
0.992948955912407 0.002650283400351
0.991753216699354 0.003098300465909
0.990446578211141 0.003587388151320
0.989023760059118 0.004119388057592
0.987478935521740 0.004696323208154
0.985805689848577 0.005320409738226
0.983996974132043 0.005994069520687
0.982045054414603 0.006719943715953
0.979941455687038 0.007500907210352
0.977676900427964 0.008340083876253
0.975241241339199 0.009240862545583
0.972623387949363 0.010206913533609
0.969811226794115 0.011242205478649
0.966791534941834 0.012351022171535
0.963549886726097 0.013537978931267
0.960070553680786 0.014808037934365
0.956336397862253 0.016166521717943
0.952328759000727 0.017619123842260
0.948027336268342 0.019171915408233
0.943410065905785 0.020831345768787
0.938452996539621 0.022604235339292
0.933130164777714 0.024497757891129
0.927413474624687 0.026519409094593
0.921272585449153 0.028676957357531
0.914674814696646 0.030978372185593
0.907585063310612 0.033431724381301
0.899965773923910 0.036045051432536
0.891776934323023 0.038826180472895
0.882976144548479 0.041782505022959
0.873518928847590 0.044920953316157
0.863359159870776 0.048247905500332
0.852449325910423 0.051768605988840
0.840741104590620 0.055486725270318
0.828186146380304 0.059403877650974
0.814737081592046 0.063519074042857
0.800348776144521 0.067828118504962
0.784979853598424 0.072322967043489
0.768594839512337 0.076993589047520
0.751167162541565 0.081834156870018
0.732680944356666 0.086839160679133
0.713133330330346 0.092002557798414
0.692536991012273 0.097318202149057
0.670921234949955 0.102772899528300
0.648322763297982 0.108278848310552
0.624789221223869 0.113687299690394
0.600385327447303 0.118822733477245
0.575194215832548 0.123493717974984
0.549343206876538 0.127652431280126
0.523007556571380 0.131432873036775
0.496381119027591 0.135002942962415
0.469664902655789 0.138523801682954
0.443024958807232 0.141917871450464
0.416602304658399 0.144968109614970
0.390532183187515 0.147475080376784
0.364948576502024 0.149277200577587
0.340006451822575 0.150283985889492
0.315849252981043 0.150449182103001
0.292595243015612 0.149759010345790
0.270339490084995 0.148236261142013
0.249165593137763 0.145961200509954
0.229132488605376 0.143033705125620
0.210271218892252 0.139555242489183
0.192588638301011 0.135625215823090
0.176077735979099 0.131326571963887
0.160737365468231 0.126694914295888
0.146549679765926 0.121765804092354
0.133475301834810 0.116591410959305
0.121443486667800 0.111276125582343
0.110374205625279 0.105926668140503
0.100191124409687 0.100624962828947
0.090823893090758 0.095430189393335
0.082247290242663 0.090332296934758
0.074465178890839 0.085276298048441
0.067457503924906 0.080233594323077
0.061140983154509 0.075251646261908
0.055399765916360 0.070417815967510
0.050140945144533 0.065792628783572
0.045291779496255 0.061413922929873
0.040808893656520 0.057291459176970
0.036673224738123 0.053412707753286
0.032865316149086 0.049764347969501
0.029364590511486 0.046333767632547
0.026150163881240 0.043109044654447
0.023201422046401 0.040078928610925
0.020498414629101 0.037227312312086
0.018022111729571 0.034521590106711
0.015754568925971 0.031934636827368
0.013679013282601 0.029448202079872
0.011779874532230 0.027050593447770
0.010044831161415 0.024736372544325
0.008476148271268 0.022513124028750
0.007076853903423 0.020390612959012
0.005844018851931 0.018375270938116
0.004770542102111 0.016470949358779
0.003846541912636 0.014679541717214
0.003060405588187 0.013001475743889
0.002399575287251 0.011436101970866
0.001851130351113 0.009981999960696
0.001402213399062 0.008637219118422
0.001040337046769 0.007399467576806
0.000753599963154 0.006266259909062
0.000530834606036 0.005235032242043
0.000361703989525 0.004303231603128
0.000236760937794 0.003468384945821
0.000147480235454 0.002728152190467
0.000086271709113 0.002080366730153
0.000046480422311 0.001523066141975
0.000022378722186 0.001054515273941
0.000009153750719 0.000673223418485
0.000002893154729 0.000377956911369
0.000000571040395 0.000167748190663
0.000000035674570 0.000041902098929
0.000000000000000 0.000000000000000
0.000000032316259 -0.000039868185037
0.000000518683551 -0.000159628539438
0.000002639409323 -0.000359748301386
0.000008402247107 -0.000641005614249
0.000020704678866 -0.001004488451871
0.000043424008555 -0.001451592714345
0.000081538300724 -0.001984019068265
0.000141282265190 -0.002603767944525
0.000230277356036 -0.003313097842292
0.000357125205348 -0.004114178947153
0.000531434726100 -0.005008936820341
0.000764056105083 -0.005998962086965
0.001067134035449 -0.007085277341591
0.001454152484356 -0.008268039140537
0.001939966937391 -0.009546159364558
0.002540816578682 -0.010916825187243
0.003274306419065 -0.012374891596715
0.004159346207179 -0.013912113787274
0.005216028841923 -0.015516178416985
0.006465425683861 -0.017169482281800
0.007929269299467 -0.018847593841985
0.009629485335707 -0.020517316570867
0.011587523867897 -0.022134252429636
0.013823419824439 -0.023639911454042
0.016353628263730 -0.024982692491322
0.019187814329198 -0.026154484714209
0.022327192552338 -0.027165881627202
0.025761120425965 -0.028047354510716
0.029472774219297 -0.028840991218152
0.033473385826703 -0.029548489279785
0.037783584062631 -0.030160660152736
0.042424873774300 -0.030671618316930
0.047419373232507 -0.031080625206866
0.052789472525581 -0.031394016700321
0.058559145678719 -0.031606150357040
0.064754821336200 -0.031684154966954
0.071403399854200 -0.031584983025177
0.078531758708847 -0.031256549333249
0.086172768526307 -0.030688250779733
0.094369101019153 -0.029945962653268
0.103168621909361 -0.029142843012667
0.112618306677497 -0.028357200587655
0.122758573567143 -0.027556196254173
0.133628218748760 -0.026676594782159
0.145263671570975 -0.025625498244378
0.157698532381672 -0.024283512025100
0.170974341432395 -0.022625823928809
0.185139476517180 -0.020723170411162
0.200242992171260 -0.018693073778380
0.216328021270996 -0.016654036696701
0.233417554286246 -0.014609728822251
0.251521048840580 -0.012532127991887
0.270634023138884 -0.010379082637554
0.290735569510090 -0.008091939967804
0.311786979740170 -0.005601325424621
0.333737879888162 -0.002895033952790
0.356523532729256 -0.000004537679181
0.380060757984467 0.003026921076554
0.404248355321115 0.006144955800694
0.428969064844410 0.009277699836364
0.454092110191180 0.012334876481778
0.479475614884910 0.015220444201117
0.504970061202448 0.017839803680532
0.530416158123047 0.020141737796375
0.555649479109847 0.022122574571256
0.580512273691375 0.023788002145954
0.604858668015028 0.025150828670833
0.628561328686537 0.026236117196253
0.651513070273526 0.027077186223642
0.673625690186134 0.027707883063037
0.694830412064164 0.028160717340593
0.715074769933191 0.028436939709827
0.734320192864343 0.028491902414952
0.752546201920262 0.028295236161407
0.769748814340763 0.027834721306355
0.785938032480677 0.027112713211476
0.801135860896861 0.026150709857614
0.815376243722834 0.025020051386148
0.828699623007694 0.023793758343578
0.841149761806064 0.022527364568011
0.852772382498332 0.021261985870797
0.863614040737278 0.020027114090665
0.873721217771280 0.018843046897318
0.883139609809853 0.017722944024657
0.891913543476675 0.016674016046147
0.900084905645094 0.015691393673172
0.907693328832746 0.014764256933483
0.914776723775863 0.013884467419312
0.921371087059759 0.013046105302198
0.927510374474552 0.012244889809667
0.933226445282350 0.011477736099136
0.938549060127262 0.010742420056888
0.943505918466036 0.010037327479353
0.948122724165962 0.009361268521976
0.952423270287035 0.008713342127807
0.956429536050795 0.008092838362995
0.960161790631743 0.007499169229745
0.963638699730771 0.006931820663637
0.966877431947926 0.006390320124913
0.969893762806917 0.005874215534612
0.972702174935000 0.005383062352564
0.975315953403583 0.004916416402939
0.977747275616494 0.004473830673341
0.980007295418790 0.004054854785687
0.982106221309744 0.003659036194043
0.984053388795628 0.003285922432591
0.985857327024480 0.002935063936517
0.987525819916847 0.002606017106246
0.989065962051831 0.002298347393579
0.990484209593434 0.002011632266802
0.991786426553042 0.001745463968017
0.992977926684199 0.001499452015683
0.994063511298369 0.001273225432769
0.995047503277687 0.001066434699458
0.995933777544382 0.000878753441262
0.996725788227936 0.000709879870707
0.997426592751135 0.000559538004637
0.998038873035553 0.000427478680762
0.998564954006243 0.000313480397022
0.999006819554789 0.000217349996160
0.999366126099565 0.000138923216065
0.999644213862197 0.000078065124065
0.999842115959901 0.000034670450807
0.999960565394428 0.000008663836564
1.000000000000000 0.000000000000000
