1.000000000000000 0.000000000000000
0.999960358085099 0.000008697913806
0.999841287620840 0.000034820779644
0.999642353484504 0.000078456124920
0.999362827249410 0.000139750342855
0.999001682321404 0.000218909465209
0.998557587069129 0.000316200246768
0.998028895886769 0.000431951563989
0.997413638109733 0.000566556130393
0.996709504685016 0.000720472531188
0.995913832478666 0.000894227578952
0.995023586082917 0.001088418990859
0.994035336964940 0.001303718385830
0.992945239778097 0.001540874596658
0.991749005634953 0.001800717287500
0.990441872119433 0.002084160860609
0.989018569793725 0.002392208627383
0.987473284934212 0.002725957207089
0.985799618210671 0.003086601101202
0.983990539005081 0.003475437371229
0.982038335051932 0.003893870321987
0.979934557072668 0.004343416059001
0.977669958075145 0.004825706746249
0.975234426997609 0.005342494336512
0.972616916399772 0.005895653478379
0.969805363945849 0.006487183218035
0.966786607492469 0.007119207006289
0.963546293696018 0.007793970386757
0.960068780199524 0.008513835574085
0.956337031660854 0.009281271924494
0.952332510157404 0.010098841047034
0.948035060866077 0.010969174994065
0.943422794393513 0.011894945594201
0.938471967746465 0.012878822540935
0.933156866715932 0.013923417317083
0.927449693434569 0.015031209412958
0.921320464090710 0.016204450584325
0.914736923279446 0.017445042102547
0.907664483273075 0.018754379096494
0.900066198621094 0.020133155217950
0.891902884353634 0.021581739738669
0.883133583810427 0.023102355567051
0.873715641232536 0.024698091071719
0.863604988649999 0.026372556169626
0.852756663543359 0.028130124099268
0.841125507094990 0.029976255384253
0.828667073213791 0.031917919781271
0.815338776412416 0.033964130158420
0.801101300808405 0.036126597293035
0.785919983694663 0.038419147106074
0.769765319357575 0.040852017269020
0.752615560570361 0.043434701542791
0.734459280356417 0.046177817650431
0.715297645700323 0.049093224884928
0.695146641970854 0.052193943243632
0.674036603242172 0.055475295133494
0.652010348844063 0.058888302225061
0.629127667214355 0.062364481042223
0.605466318228711 0.065820264782228
0.581122730168438 0.069165306262818
0.556217913634352 0.072353156081834
0.530892252137415 0.075363872263899
0.505298661744484 0.078182296764302
0.479598084043757 0.080791516348508
0.453953805532713 0.083129548799443
0.428526814668781 0.085119925656982
0.403471246419356 0.086698313064037
0.378930029639895 0.087827081819075
0.355031635086110 0.088548852740081
0.331886942347904 0.088933084363599
0.309587362862030 0.089046389324706
0.288204727107523 0.088945085104275
0.267798880709658 0.088600242351449
0.248414788248100 0.087937286531078
0.230076695329134 0.086911773638258
0.212790480082762 0.085506719825874
0.196546561956523 0.083727178040322
0.181329619587693 0.081603372299223
0.167124549907180 0.079189713419648
0.153903800718434 0.076541397240173
0.141626835778850 0.073715465018428
0.130226096381645 0.070806726719523
0.119627654695409 0.067908949607017
0.109765466557103 0.065088904924129
0.100580455210096 0.062391993750027
0.092032671901242 0.059821144368236
0.084131324349415 0.057279506774481
0.076878645626574 0.054684028852532
0.070252409564279 0.051996802287090
0.064173415327523 0.049265141180423
0.058556602979435 0.046552121022977
0.053335460565990 0.043902774655283
0.048458974553536 0.041347959423026
0.043916173286422 0.038901819041216
0.039724141115787 0.036566399966966
0.035887564304723 0.034341831012523
0.032400660149875 0.032227172116185
0.029250501203449 0.030220679010303
0.026419505560146 0.028320016787393
0.023882862267085 0.026519348668338
0.021573068114445 0.024783803500334
0.019416670909824 0.023074522617970
0.017362721933277 0.021368102321951
0.015377571864996 0.019652701284736
0.013440486765687 0.017924816786575
0.011548293023960 0.016191168857763
0.009748532049254 0.014486166650048
0.008088576898512 0.012844086714280
0.006595855190770 0.011288162270995
0.005282956371244 0.009833195710424
0.004151657168689 0.008487641293664
0.003196045406149 0.007255240720081
0.002404935908806 0.006136305053793
0.001763731528197 0.005128717184104
0.001255850098745 0.004228713663954
0.000863812678227 0.003431492601436
0.000570068285264 0.002731684616101
0.000357614414558 0.002123716192937
0.000210459997780 0.001602088658745
0.000113967482106 0.001161591139338
0.000055102762529 0.000797461970142
0.000022615385543 0.000505509918988
0.000007166387919 0.000282204071423
0.000001417062430 0.000124739191919
0.000000088624168 0.000031081700049
0.000000000000000 0.000000000000000
0.000000085018541 -0.000030371817235
0.000001366056260 -0.000121307163415
0.000006964071986 -0.000272250123092
0.000022225671845 -0.000482221506329
0.000054946405006 -0.000749737485347
0.000115695194449 -0.001072690844605
0.000218252313411 -0.001448189747958
0.000380177743951 -0.001872347092179
0.000623531896349 -0.002340011373012
0.000974996298485 -0.002844544019040
0.001460108811788 -0.003378423280042
0.002102538314589 -0.003933030940766
0.002924802739684 -0.004498144207735
0.003946737307329 -0.005061665937184
0.005183477552310 -0.005609306576183
0.006642837533669 -0.006124206981509
0.008321916262939 -0.006586491312856
0.010202721181514 -0.006972737024569
0.012246541687519 -0.007255346371550
0.014389897973090 -0.007402586653817
0.016597239494458 -0.007393093425761
0.018878161400050 -0.007222024193102
0.021252748264667 -0.006894926273241
0.023753306764292 -0.006431426289928
0.026428271884007 -0.005870267885762
0.029324983807410 -0.005249545449218
0.032462684558158 -0.004575601148492
0.035857368370641 -0.003853502637357
0.039524994150663 -0.003092324132201
0.043480990580352 -0.002306535441816
0.047739572099982 -0.001517798821279
0.052312926233854 -0.000756877344362
0.057216631125763 -0.000043513815963
0.062475314156896 0.000635114395953
0.068116570620580 0.001306039566472
0.074170561696740 0.002012820153770
0.080670153477208 0.002813353311444
0.087650221403244 0.003718711330617
0.095147940404279 0.004701233926940
0.103203234926930 0.005715811470971
0.111857413651075 0.006727003523461
0.121151358066153 0.007743616067188
0.131126458565936 0.008787531454275
0.141824054177110 0.009892947653025
0.153284486686213 0.011110209425956
0.165549105885040 0.012473755226724
0.178664244917941 0.013945121873926
0.192676564859649 0.015452067410819
0.207631316949402 0.016891388722595
0.223564856189393 0.018190279290727
0.240499619752785 0.019338903387939
0.258446723894371 0.020339477507796
0.277403766521234 0.021205816198213
0.297352363687694 0.021966068356956
0.318256738509185 0.022654220757712
0.340066926503919 0.023246400269530
0.362715681769905 0.023686878776034
0.386116298597517 0.023912414704288
0.410163105299858 0.023855722563661
0.434732903693277 0.023504787141618
0.459687469400289 0.022930208415933
0.484877103417352 0.022220476775350
0.510144898159115 0.021471281693273
0.535331421568891 0.020728145187835
0.560279639708063 0.019966414163463
0.584839806411079 0.019158797393442
0.608873750834755 0.018282496882637
0.632258987105847 0.017344704500800
0.654891352741254 0.016387810519594
0.676685490749995 0.015450611377628
0.697575243095687 0.014564490587011
0.717513064485082 0.013748389780682
0.736468132408529 0.012989004287691
0.754425689302534 0.012266729610780
0.771385474026664 0.011567059759272
0.787359515191856 0.010879909525589
0.802369899062188 0.010198856815373
0.816446797690643 0.009524201000432
0.829626658821974 0.008865842620572
0.841949991454587 0.008232139872679
0.853459831594282 0.007628712409844
0.864200528111197 0.007059014511610
0.874216755386629 0.006524827850719
0.883552732731125 0.006026673845418
0.892251626116136 0.005564150784035
0.900355106225571 0.005136203753563
0.907903023477943 0.004741032582537
0.914933178819191 0.004375703342964
0.921481256857613 0.004037402987748
0.927580781248518 0.003723673066026
0.933263109656252 0.003432355416548
0.938557468497498 0.003161547155110
0.943491016512344 0.002909563369168
0.948088928363675 0.002674906165038
0.952374491309086 0.002456238930189
0.956369209535547 0.002252364867072
0.960092912021505 0.002062209022824
0.963563860826099 0.001884803181438
0.966798857534469 0.001719273103443
0.969813346244169 0.001564827695752
0.972621511990263 0.001420749773847
0.975236373901962 0.001286388143052
0.977669872684343 0.001161150777585
0.979932952243685 0.001044498917994
0.982035635440191 0.000935941941112
0.983987094070260 0.000835032883628
0.985795713262445 0.000741364521988
0.987469150525320 0.000654565928735
0.989014389718332 0.000574299439354
0.990437790233519 0.000500257975041
0.991745131681095 0.000432162675948
0.992941654368299 0.000369760806946
0.994032095851232 0.000312823904042
0.995020723825468 0.000261146134633
0.995911365604461 0.000214542848944
0.996707434416277 0.000172849303468
0.997411952729638 0.000135919540161
0.998027572800409 0.000103625407615
0.998556594609627 0.000075855712567
0.999000981344507 0.000052515491906
0.999362372554450 0.000033525396975
0.999642095095202 0.000018821183364
0.999841171955908 0.000008353300636
0.999960329045833 0.000002086577632
1.000000000000000 0.000000000000000
