1.000000000000000 0.000000000000000
0.999959488026199 0.000009974560975
0.999837807238777 0.000039943444983
0.999634522097049 0.000090042606857
0.999348903549464 0.000160499812834
0.998979924278808 0.000251636412981
0.998526251986888 0.000363869842778
0.997986240659559 0.000497716873829
0.997357919735312 0.000653797638947
0.996638981082383 0.000832840461822
0.995826763670544 0.001035687525848
0.994918235804049 0.001263301420271
0.993909974761850 0.001516772604254
0.992798143669868 0.001797327830293
0.991578465408061 0.002106339567034
0.990246193332077 0.002445336457089
0.988796078565745 0.002816014836883
0.987222333596693 0.003220251331358
0.985518591883193 0.003660116514699
0.983677863156686 0.004137889596567
0.981692484081664 0.004656074048457
0.979554063913940 0.005217414022487
0.977253424780778 0.005824911329816
0.974780536193667 0.006481842630957
0.972124443398721 0.007191776336584
0.969273189173499 0.007958588513712
0.966213728695794 0.008786476823856
0.962931837144009 0.009679971168919
0.959412009745323 0.010643939264446
0.955637354073581 0.011683584770549
0.951589474521670 0.012804434854239
0.947248349042736 0.014012313091923
0.942592198482484 0.015313292399423
0.937597349124689 0.016713621143601
0.932238089459830 0.018219613683989
0.926486522680865 0.019837494251772
0.920312417031549 0.021573180238755
0.913683056904694 0.023431987597712
0.906563098536316 0.025418237138532
0.898914435294602 0.027534736093503
0.890696078949860 0.029782104572229
0.881864588658670 0.032159914781938
0.872376319950961 0.034674431649358
0.862186885145089 0.037335238563872
0.851251224149758 0.040153649060152
0.839524400900172 0.043143238308702
0.826962635465315 0.046320511548261
0.813524602402172 0.049705724170966
0.799173018700764 0.053323859396048
0.783876427102272 0.057205307945730
0.767605496924449 0.061361974884404
0.750329553568083 0.065763349622422
0.732023879424077 0.070357864490084
0.712671931544487 0.075072097622255
0.692267057552550 0.079807957187841
0.670817584908888 0.084456090656776
0.648370828211996 0.088997337301987
0.625006954371049 0.093469217114493
0.600831057472408 0.097927805285406
0.575971608717310 0.102441967451497
0.550556874687427 0.106965187204934
0.524707223601053 0.111307457367446
0.498552554164314 0.115260846187233
0.472231849302662 0.118624409750720
0.445911405807546 0.121326966068011
0.419775177908370 0.123407896815203
0.394000535282211 0.124921806654378
0.368751589374662 0.125922590273057
0.344171135226651 0.126393423715988
0.320380007574302 0.126297486765521
0.297477376761441 0.125620769928536
0.275541070421446 0.124371268485389
0.254640165481669 0.122583472772572
0.234828589703175 0.120310023702368
0.216135434515070 0.117610673074783
0.198567897317323 0.114548754389346
0.182114496275260 0.111189622620945
0.166742238169155 0.107623501521679
0.152403252639407 0.103951039929298
0.139045452110579 0.100252367387479
0.126622356759019 0.096562702167721
0.115099562883672 0.092858310657928
0.104436583407270 0.089124052646702
0.094587123632977 0.085357811281825
0.085509653127245 0.081559732375471
0.077203770561856 0.077701141409315
0.069665019187972 0.073759792116821
0.062849197472328 0.069755058654075
0.056618268915107 0.065812990917866
0.050842353792945 0.062048359550577
0.045426309846965 0.058534627008453
0.040326768190162 0.055289611154745
0.035601754466505 0.052228567278515
0.031301409637737 0.049272936484531
0.027447349957201 0.046371648097605
0.024040922520325 0.043493752400783
0.021069182930232 0.040622972228228
0.018486943706124 0.037767051045701
0.016214683757655 0.034957914183087
0.014187243927119 0.032221600876256
0.012354882874298 0.029576996309724
0.010679850192481 0.027037408689709
0.009138039708364 0.024612058330689
0.007733612133482 0.022307983439610
0.006473287115503 0.020129513267330
0.005357400013249 0.018078471846102
0.004381755742600 0.016154824486309
0.003539054560722 0.014357184621835
0.002819974087607 0.012683209636132
0.002213984765223 0.011129909016827
0.001709959215664 0.009693883368477
0.001296622799009 0.008371508983626
0.000962882335157 0.007159079630472
0.000698061843029 0.006052914800142
0.000492067791292 0.005049441739064
0.000335501372670 0.004145257069656
0.000219731413533 0.003337172593898
0.000136938479026 0.002622248914226
0.000080138348169 0.001997819743107
0.000043191168779 0.001461509165405
0.000020801144942 0.001011243633522
0.000008510470392 0.000645260088318
0.000002690328530 0.000362111287889
0.000000531077456 0.000160669174736
0.000000033181237 0.000040126905999
0.000000000000000 0.000000000000000
0.000000031329493 -0.000038974152456
0.000000502907190 -0.000156023033666
0.000002559566662 -0.000351525272401
0.000008149992241 -0.000626109710064
0.000020089107985 -0.000980651863464
0.000042148373605 -0.001416268506154
0.000079177078142 -0.001934309873550
0.000137248846361 -0.002536348202710
0.000223476032815 -0.003224139459697
0.000345759270292 -0.003999573066450
0.000513017146237 -0.004864641044299
0.000735218680516 -0.005821382489724
0.001023386695243 -0.006871810506724
0.001389582794483 -0.008017818263292
0.001846865614122 -0.009261058672071
0.002409211469648 -0.010602790796887
0.003091383269076 -0.012043684336909
0.003908729366930 -0.013583571348285
0.004876888654459 -0.015221131616083
0.006011371282634 -0.016953494645200
0.007326975580800 -0.018775736920228
0.008836990437115 -0.020680247669442
0.010552117979962 -0.022655929581169
0.012479033003064 -0.024687192419549
0.014618509888388 -0.026752711370949
0.016973221357927 -0.028830540450224
0.019565351900433 -0.030909704615494
0.022423628048152 -0.032982054609797
0.025581294893529 -0.035041431676106
0.029076537495854 -0.037084514706576
0.032943918051852 -0.039102079144863
0.037210013943808 -0.041075272192579
0.041898578426422 -0.042982896092779
0.047028926774691 -0.044801962983586
0.052613292490286 -0.046508070708881
0.058659636191472 -0.048079345379995
0.065194727782925 -0.049511887996427
0.072251793726901 -0.050818026876232
0.079863365099843 -0.052028595369085
0.088063607011624 -0.053163284927518
0.096892653907022 -0.054178051860032
0.106391639100232 -0.055006461814546
0.116602476943359 -0.055597233083063
0.127568163718782 -0.055947642108417
0.139330184990498 -0.056076521409774
0.151926830034292 -0.056028225764802
0.165392974806910 -0.055859632864742
0.179765643501135 -0.055548972426741
0.195079189873875 -0.055035581536724
0.211361634051759 -0.054244836995196
0.228633863234228 -0.053133861303814
0.246907846706599 -0.051704486981686
0.266183755895723 -0.049975962845593
0.286447860543766 -0.047987450143377
0.307670568858620 -0.045800475740025
0.329801352277043 -0.043446679135857
0.352764384483152 -0.040877400083161
0.376462329484546 -0.038028057180054
0.400777560191158 -0.034827069783109
0.425579713286374 -0.031240830269372
0.450742489368237 -0.027379846961953
0.476133912292236 -0.023399805035084
0.501616041887205 -0.019467251253176
0.527044008523055 -0.015722912594216
0.552263698310490 -0.012235746893545
0.577125763346619 -0.009056274141947
0.601491446964973 -0.006224048558240
0.625233458055631 -0.003744689313034
0.648236809699997 -0.001574908687595
0.670405880977668 0.000332186884396
0.691665791156940 0.002020015515233
0.711962780813711 0.003521731123064
0.731265696493215 0.004837584342609
0.749560896002128 0.005963204179356
0.766848801304332 0.006900874040894
0.783141780419813 0.007658080409990
0.798461968599210 0.008246004381425
0.812837783678172 0.008674340253975
0.826302206339782 0.008950705747040
0.838893358848397 0.009085996299544
0.850652945289064 0.009093440271379
0.861624790302601 0.008987465981918
0.871853643699770 0.008782841079197
0.881384229507536 0.008494047674782
0.890260511585162 0.008134852912693
0.898525231382381 0.007719237991557
0.906219959494387 0.007267453042576
0.913384279627290 0.006798235199464
0.920055382625021 0.006325395161669
0.926268059431694 0.005858904984722
0.932054739011811 0.005405780543336
0.937445558069555 0.004970779926053
0.942468453025649 0.004556952537714
0.947149266654438 0.004166068186063
0.951511863432274 0.003798950413007
0.955578249020146 0.003455733923481
0.959368690427338 0.003136062193148
0.962901834310258 0.002839238172346
0.966194821583592 0.002564338389986
0.969263397089414 0.002310298627902
0.972122013511120 0.002075977611870
0.974783929056608 0.001860203782657
0.977261298689283 0.001661809108589
0.979565258873294 0.001479653027940
0.981706005934860 0.001312638920507
0.983692868236243 0.001159724966399
0.985534372422038 0.001019930826094
0.987238304036552 0.000892341244789
0.988811762831911 0.000776107426386
0.990261213093930 0.000670446822291
0.991592529310270 0.000574641825308
0.992811037495799 0.000488037739175
0.993921552475599 0.000410040302191
0.994928411408213 0.000340112972646
0.995835503811920 0.000277774129728
0.996646298335743 0.000222594302421
0.997363866495429 0.000174193507804
0.997990903572991 0.000132238756743
0.998529746857164 0.000096441767531
0.998982391381197 0.000066556915225
0.999350503294156 0.000042379435053
0.999635430982196 0.000023743891674
0.999838214037190 0.000010522921449
0.999959590151544 0.000002626251827
1.000000000000000 0.000000000000000
