1.000000000000000 0.000000000000000
0.999960505330213 0.000008373166059
0.999841877868394 0.000033523882299
0.999643686307049 0.000075545997588
0.999365208624799 0.000134596576663
0.999005427293316 0.000210896878557
0.998563022507341 0.000304733733300
0.998036363377577 0.000416461323482
0.997423497008359 0.000546503378777
0.996722135363567 0.000695355792576
0.995929639805255 0.000863589670517
0.995043003169835 0.001051854820567
0.994058829226358 0.001260883693332
0.992973309340461 0.001491495779028
0.991782196146147 0.001744602463746
0.990480774005604 0.002021212341707
0.989063826015398 0.002322436971539
0.987525597295615 0.002649497052425
0.985859754277884 0.003003728979069
0.984059339689101 0.003386591711687
0.982116722911624 0.003799673866688
0.980023545388956 0.004244700893403
0.977770660740615 0.004723542149217
0.975348069253752 0.005238217616390
0.972744846435262 0.005790903914287
0.969949065341416 0.006383939145202
0.966947712457693 0.007019825963698
0.963726596986810 0.007701232069967
0.960270253526746 0.008430987086905
0.956561838293744 0.009212074476025
0.952583019281529 0.010047616764175
0.948313861063468 0.010940851874117
0.943732705358841 0.011895097757588
0.938816049020750 0.012913701797943
0.933538421787841 0.013999970558438
0.927872267004694 0.015157074380318
0.921787829588033 0.016387920065722
0.915253056830251 0.017694983407871
0.908233519217702 0.019080091668288
0.900692360321161 0.020544144292796
0.892590392995949 0.022087269899860
0.883886702517697 0.023711078641129
0.874538667914420 0.025417659295752
0.864502154504872 0.027208845519233
0.853731995233109 0.029086196380302
0.842182644367448 0.031050998297557
0.829809032830275 0.033104297125386
0.816567652822485 0.035246970685470
0.802417894309611 0.037479852316492
0.787323566029421 0.039804100442947
0.771254225738616 0.042222682592436
0.754187370889759 0.044740482766758
0.736110832906305 0.047364416584951
0.717025093108764 0.050103974950109
0.696945568667455 0.052971688913523
0.675902461509441 0.055962011298704
0.653937937360781 0.059008123975657
0.631110902933271 0.062016427570255
0.607498331949712 0.064875273510666
0.583196109955164 0.067467886834897
0.558328797130111 0.069780459241039
0.533044409420661 0.071876953976513
0.507504232506157 0.073835744326254
0.481876978036586 0.075731577783888
0.456325311283351 0.077518850778209
0.431004468012857 0.079085448611435
0.406062721162377 0.080329594300593
0.381637778762321 0.081173705612519
0.357856618057073 0.081621483117151
0.334830349814521 0.081716354687154
0.312650441097202 0.081504422060100
0.291388277877207 0.081030982993060
0.271101304439664 0.080301658507484
0.251833435699685 0.079285741838577
0.233608303836940 0.077969710755161
0.216431295295148 0.076357050549678
0.200292398373070 0.074464374867416
0.185169245511791 0.072325552524477
0.171030245018224 0.070007294461135
0.157836463625179 0.067573557002919
0.145543742488840 0.065076401837821
0.134105734242772 0.062546508733593
0.123475334799267 0.059996271031579
0.113604233630031 0.057438364760152
0.104444008920103 0.054885952169901
0.095947390829345 0.052352106878279
0.088075145117572 0.049853780830551
0.080793223713037 0.047409058797827
0.074065781098872 0.045031662449000
0.067851224184821 0.042720586113494
0.062099241550184 0.040452083337142
0.056764839655109 0.038209348603983
0.051809282159475 0.035984008010964
0.047200811139304 0.033775826248593
0.042930729793769 0.031612524388398
0.038997469937362 0.029528821588238
0.035392302242464 0.027547805637818
0.032101501111967 0.025683575152470
0.029108175698943 0.023943566475462
0.026393623818542 0.022330346099618
0.023936379758727 0.020841353433399
0.021680746775977 0.019442893499300
0.019556799153935 0.018087331247588
0.017516351176396 0.016743648589514
0.015528657018320 0.015394089629889
0.013575933763812 0.014030614042640
0.011652603162235 0.012653393191738
0.009801373335027 0.011286226324696
0.008083348589318 0.009962379287353
0.006535859373779 0.008705045326907
0.005177444769891 0.007529231060196
0.004012898909657 0.006443770276923
0.003037200959387 0.005452908899667
0.002238566531120 0.004557550201840
0.001600808719663 0.003756231061682
0.001105157628496 0.003045885471379
0.000731656085224 0.002422439946277
0.000460224546079 0.001881276271019
0.000271468593286 0.001417589684940
0.000147286863097 0.001026664757453
0.000071324852230 0.000704086523786
0.000029310156976 0.000445900694365
0.000009296760148 0.000248733718340
0.000001839561409 0.000109881013520
0.000000115094276 0.000027369641363
0.000000000000000 0.000000000000000
0.000000111152954 -0.000026824199214
0.000001786696665 -0.000107097815997
0.000009114507733 -0.000240205983490
0.000029115530403 -0.000425063396177
0.000072064037956 -0.000660020754775
0.000151953445250 -0.000942728135049
0.000287111833328 -0.001269952078271
0.000499276671179 -0.001637671365729
0.000810775702733 -0.002041515724861
0.001245007153718 -0.002476533632754
0.001825767580581 -0.002937146525024
0.002576082936962 -0.003417153255696
0.003516676488336 -0.003909747727096
0.004663971664800 -0.004407555531104
0.006027500881777 -0.004902697203166
0.007606557279657 -0.005386887953130
0.009385883376109 -0.005851586642692
0.011330136444547 -0.006288210506586
0.013377330570597 -0.006688437947603
0.015473593888752 -0.007044712274370
0.017621741955561 -0.007350927652121
0.019839660137931 -0.007603135825406
0.022158139163234 -0.007800592421941
0.024625297081182 -0.007947153384014
0.027306259503159 -0.008051492954637
0.030237363160955 -0.008115252752161
0.033433740061826 -0.008135663573268
0.036908741647766 -0.008111553585469
0.040673007871345 -0.008044176324448
0.044732991045317 -0.007938252020610
0.049088993093896 -0.007803343453523
0.053735527007297 -0.007652860165133
0.058685233162016 -0.007480482349683
0.063966000198418 -0.007261763338674
0.069611298330916 -0.006961837690779
0.075661521684961 -0.006532249041829
0.082160949805645 -0.005926965899719
0.089144996563637 -0.005159501856144
0.096647939277103 -0.004276497583549
0.104705315873033 -0.003351834742344
0.113355520813768 -0.002428920945441
0.122640110523446 -0.001502643223778
0.132602211323728 -0.000560346643677
0.143286032346665 0.000418629038219
0.154736283457858 0.001465046973311
0.166997787205275 0.002593213181361
0.180114860302584 0.003777021080117
0.194129872094392 0.004973272545330
0.209081758123185 0.006122834759753
0.225002252110602 0.007190944318798
0.241913514787993 0.008174977654586
0.259827206318893 0.009079743757997
0.278742183055717 0.009918557296002
0.298642179867717 0.010715128638526
0.319494319042215 0.011497867650822
0.341250290415543 0.012267256948617
0.363843782740257 0.013012855626643
0.387189222475323 0.013723545704089
0.411182225634842 0.014387488735678
0.435700405641721 0.014980659623702
0.460605675960664 0.015464355762134
0.485748362632980 0.015798711021212
0.510971514368539 0.015946605936216
0.536115821528623 0.015906781985825
0.561024596409922 0.015720071064428
0.585548380035282 0.015430912532700
0.609549182441361 0.015081896588180
0.632903713715106 0.014688306664150
0.655505893183666 0.014234952374066
0.677268715831535 0.013709619130228
0.698124777091598 0.013105342314191
0.718025998548756 0.012424220120977
0.736942957898372 0.011692103897514
0.754862576060049 0.010937291899224
0.771785858086330 0.010182260569830
0.787725733731557 0.009444180007207
0.802704880369211 0.008735573972340
0.816753651029961 0.008064337764685
0.829908168925889 0.007433916487203
0.842208596243889 0.006845771688603
0.853697670353337 0.006300058875194
0.864419483602001 0.005795963403086
0.874418490237174 0.005331979962887
0.883738720605138 0.004906138696109
0.892423178248438 0.004516183406429
0.900513393917769 0.004159708360991
0.908049095242038 0.003833942885285
0.915067974751231 0.003535321559216
0.921605623940151 0.003260645019167
0.927695485895347 0.003007231440172
0.933368848219159 0.002772820836943
0.938654876097456 0.002555497649084
0.943580674494195 0.002353628284476
0.948171370619463 0.002165810808698
0.952450209670142 0.001990834440395
0.956438658396124 0.001827646929196
0.960156512326252 0.001675328250337
0.963622003528831 0.001533069350899
0.966851906615577 0.001400154931449
0.969861641357823 0.001275949450484
0.972665370799496 0.001159885704060
0.975276094149258 0.001051455465702
0.977705734036888 0.000950201777868
0.979965217945664 0.000855712570753
0.982064553799058 0.000767615351362
0.984012899799459 0.000685572758895
0.985818628699498 0.000609278824507
0.987489386741289 0.000538455806704
0.989032147532260 0.000472851499802
0.990453261143551 0.000412236933617
0.991758498722340 0.000356404398868
0.992953092906196 0.000305165745749
0.994041774318077 0.000258350913378
0.995028804406849 0.000215806655995
0.995918004881588 0.000177395438294
0.996712783969544 0.000142994477453
0.997416159708243 0.000112494913645
0.998030780462371 0.000085801094170
0.998558942836201 0.000062829959104
0.999002607132660 0.000043510518614
0.999363410490793 0.000027783413960
0.999642677814589 0.000015600555759
0.999841430587693 0.000006924834417
0.999960393650675 0.000001729898771
1.000000000000000 0.000000000000000
