1.000000000000000 0.000000000000000
0.999960580124544 0.000004121515752
0.999842176682916 0.000016494795740
0.999644357275104 0.000037146043434
0.999366398045237 0.000066118948392
0.999007278868293 0.000103474710232
0.998565676552303 0.000149292068832
0.998039955996384 0.000203667337347
0.997428159227315 0.000266714433625
0.996727992219319 0.000338564904596
0.995936809383145 0.000419367937169
0.995051595591548 0.000509290348166
0.994068945588805 0.000608516544914
0.992985040612044 0.000717248447294
0.991795622032140 0.000835705361500
0.990495961801951 0.000964123795613
0.989080829480176 0.001102757207486
0.987544455580650 0.001251875676789
0.985880490980345 0.001411765495668
0.984081962105713 0.001582728676949
0.982141221607879 0.001765082385892
0.980049894234503 0.001959158312215
0.977798817612415 0.002165302014826
0.975377977673884 0.002383872294174
0.972776438494784 0.002615240678916
0.969982266370665 0.002859791157643
0.966982448043756 0.003117920347090
0.963762803119183 0.003390038370699
0.960307890883131 0.003676570832697
0.956600911973112 0.003977962421651
0.952623605667622 0.004294682874905
0.948356143979310 0.004627236295078
0.943777024276647 0.004976175148734
0.938862962851487 0.005342120715418
0.933588792725819 0.005725792315603
0.927927370084899 0.006128048354509
0.921849495071686 0.006549943101721
0.915323854313429 0.006992804208658
0.908316994502578 0.007458337264253
0.900793338634146 0.007948765204930
0.892715231729809 0.008466740238181
0.884042937063632 0.009014085579399
0.874734900024032 0.009592331235850
0.864748110652344 0.010203151597028
0.854038559572221 0.010848413925734
0.842561853868157 0.011530243279664
0.830274019447129 0.012251107612768
0.817132514700628 0.013013926071534
0.803097475560955 0.013822202427198
0.788133172585233 0.014679589998978
0.772209498326606 0.015585416593009
0.755303936954348 0.016535345592798
0.737403739081132 0.017522730879323
0.718508099411792 0.018538269040087
0.698630314684891 0.019569701123070
0.677799861636140 0.020603121034111
0.656064285238313 0.021627077341716
0.633490170951253 0.022629950551265
0.610163503278417 0.023599394293258
0.586189193145341 0.024522227348248
0.561689710741457 0.025376482172022
0.536802584266997 0.026132419791478
0.511676862488361 0.026760350738402
0.486468888413931 0.027234058443858
0.461337775732131 0.027561670041048
0.436440443910111 0.027782283356133
0.411926628090125 0.027936421879390
0.387934589904782 0.028061074053222
0.364587502263354 0.028156275270753
0.341990941631323 0.028191804770366
0.320231521004725 0.028143266951926
0.299376396451324 0.027993825953248
0.279473745124965 0.027737206984880
0.260554065413165 0.027383926491712
0.242631534851504 0.026948094909095
0.225705955106368 0.026443686411173
0.209764949204720 0.025884105757627
0.194786196009414 0.025281841803334
0.180740239317152 0.024647081932472
0.167592415580440 0.023987637100940
0.155303437771057 0.023310872438672
0.143830890345998 0.022622792803815
0.133130047532071 0.021914540362502
0.123155328459102 0.021170795288453
0.113861756038214 0.020384003921067
0.105205553251602 0.019552507332472
0.097144655182565 0.018679143543495
0.089642952882323 0.017790647705262
0.082670067248582 0.016934408722321
0.076194929561648 0.016143312096583
0.070183331179158 0.015432951828906
0.064583891754371 0.014782937444518
0.059346960695056 0.014167237735541
0.054432999211581 0.013568314285105
0.049810332886958 0.012974956543819
0.045463050141823 0.012382797788346
0.041406902080004 0.011796986864087
0.037652672754228 0.011223028388500
0.034200895808139 0.010665019702631
0.031044896889519 0.010125947735949
0.028173095885635 0.009607926871908
0.025570735829570 0.009112389286831
0.023214119341642 0.008638121362598
0.021029197523313 0.008168673821576
0.018941576563596 0.007687258847909
0.016903182347497 0.007184682023331
0.014885764034616 0.006657351944373
0.012875693238468 0.006105699648682
0.010879999086220 0.005534271652766
0.008972129412233 0.004957140115700
0.007223465871566 0.004388637084842
0.005674726731699 0.003839358698136
0.004343877260576 0.003316977940777
0.003232430286256 0.002826907719541
0.002330366667055 0.002372829837198
0.001619967135452 0.001957116596994
0.001078786585387 0.001581166403332
0.000681953895026 0.001245670433005
0.000403942223404 0.000950824011716
0.000219924330831 0.000696493568062
0.000106803212884 0.000482347811409
0.000043988902331 0.000307959979075
0.000013976639936 0.000172886531739
0.000002768905929 0.000076726471008
0.000000173359833 0.000019164450274
0.000000000000000 0.000000000000000
0.000000173349510 -0.000019164450298
0.000002768864826 -0.000076726471121
0.000013976548160 -0.000172886532054
0.000043988740942 -0.000307959979794
0.000106802964303 -0.000482347812850
0.000219923979271 -0.000696493570706
0.000403941755338 -0.000950824016243
0.000681953299697 -0.001245670440344
0.001078785855373 -0.001581166414708
0.001619966267291 -0.001957116613985
0.002330365661950 -0.002372829861801
0.003232429150867 -0.002826907754242
0.004343876007917 -0.003316977988635
0.005674725382160 -0.003839358762874
0.007223464454076 -0.004388637170960
0.008972127965584 -0.004957140228596
0.010879997660588 -0.005534271798879
0.012875691895657 -0.006105699835469
0.014885762791227 -0.006657352172856
0.016903181190203 -0.007184682289931
0.018941575474614 -0.007687259147624
0.021029196479699 -0.008168674147739
0.023214118314479 -0.008638121706602
0.025570734784250 -0.009112389638180
0.028173094812395 -0.009607927227348
0.031044895791763 -0.010125948095968
0.034200894690297 -0.010665020067787
0.037652671621929 -0.011223028759431
0.041406900940275 -0.011796987241526
0.045463049003316 -0.012382798173140
0.049810331760206 -0.012974956936946
0.054432998102255 -0.013568314686074
0.059346959601030 -0.014167238141641
0.064583890672904 -0.014782937852384
0.070183330106809 -0.015432952234423
0.076194928494283 -0.016143312494939
0.082670066185603 -0.016934409114433
0.089642951825308 -0.017790648095844
0.097144654133345 -0.018679143938267
0.105205552211951 -0.019552507736518
0.113861755008878 -0.020384004333592
0.123155327440770 -0.021170795707767
0.133130046525477 -0.021914540786515
0.143830889351932 -0.022622793229985
0.155303436790377 -0.023310872864266
0.167592414614159 -0.023987637525096
0.180740238366363 -0.024647082354682
0.194786195075273 -0.025281842223014
0.209764948288413 -0.025884106174162
0.225705954209024 -0.026443686824049
0.242631533974268 -0.026948095317759
0.260554064557189 -0.027383926895557
0.279473744291398 -0.027737207383247
0.299376395641294 -0.027993826345431
0.320231520219309 -0.028143267336802
0.341990940871537 -0.028191805146338
0.364587501530144 -0.028156275636201
0.387934589199007 -0.028061074406548
0.411926627412539 -0.027936422219327
0.436440443261327 -0.027782283683087
0.461337775112579 -0.027561670355698
0.486468887823842 -0.027234058746848
0.511676861927754 -0.026760351030173
0.536802583735690 -0.026132420071420
0.561689710239097 -0.025376482439475
0.586189192671414 -0.024522227602727
0.610163502832263 -0.023599394534485
0.633490170532078 -0.022629950779335
0.656064284845206 -0.021627077556863
0.677799861268095 -0.020603121236645
0.698630314340833 -0.019569701313366
0.718508099090591 -0.018538269218524
0.737403738781632 -0.017522731046285
0.755303936675384 -0.016535345748728
0.772209498067022 -0.015585416738396
0.788133172343892 -0.014679590134337
0.803097475336753 -0.013822202553064
0.817132514492499 -0.013013926188508
0.830274019254047 -0.012251107721446
0.842561853689143 -0.011530243380601
0.854038559406342 -0.010848414019451
0.864748110498717 -0.010203151684009
0.874734899881826 -0.009592331316548
0.884042936932066 -0.009014085654235
0.892715231608151 -0.008466740307547
0.900793338521713 -0.007948765269191
0.908316994398734 -0.007458337323765
0.915323854217580 -0.006992804263758
0.921849494983280 -0.006549943152712
0.927927370003420 -0.006128048401669
0.933588792650788 -0.005725792359190
0.938862962782458 -0.005342120755667
0.943777024213206 -0.004976175185862
0.948356143921070 -0.004627236329287
0.952623605614226 -0.004294682906384
0.956600911924227 -0.003977962450573
0.960307890838445 -0.003676570859225
0.963762803078410 -0.003390038394987
0.966982448006623 -0.003117920369280
0.969982266336922 -0.002859791177870
0.972776438464197 -0.002615240697306
0.975377977646231 -0.002383872310847
0.977798817587491 -0.002165302029894
0.980049894212115 -0.001959158325785
0.982141221587846 -0.001765082398064
0.984081962087863 -0.001582728687820
0.985880490964518 -0.001411765505328
0.987544455566692 -0.001251875685325
0.989080829467943 -0.001102757214981
0.990495961791307 -0.000964123802147
0.991795622022953 -0.000835705367148
0.992985040604191 -0.000717248452129
0.994068945582167 -0.000608516549007
0.995051595586011 -0.000509290351584
0.995936809378599 -0.000419367939979
0.996727992215659 -0.000338564906861
0.997428159224438 -0.000266714435407
0.998039955994192 -0.000203667338706
0.998565676550700 -0.000149292069827
0.999007278867183 -0.000103474710921
0.999366398044528 -0.000066118948832
0.999644357274707 -0.000037146043681
0.999842176682740 -0.000016494795849
0.999960580124500 -0.000004121515779
1.000000000000000 0.000000000000000
