1.000000000000000 0.000000000000000
0.999959851510806 0.000001287525396
0.999839260036278 0.000005156258936
0.999637786591744 0.000011624740975
0.999354696314892 0.000020724101155
0.998988953604455 0.000032498406803
0.998539215255191 0.000047005160510
0.998003821529491 0.000064315957033
0.997380785088422 0.000084517313131
0.996667777686926 0.000107711687742
0.995862114519504 0.000134018714328
0.994960736083819 0.000163576672256
0.993960187410309 0.000196544230047
0.992856594486382 0.000233102500310
0.991645637683941 0.000273457454507
0.990322521979487 0.000317842755687
0.988881943737010 0.000366523079253
0.987318053806085 0.000419798006290
0.985624416671824 0.000478006591421
0.983793965380687 0.000541532728342
0.981818951958255 0.000610811461896
0.979690893033834 0.000686336426855
0.977400510394848 0.000768668631742
0.974937666214869 0.000858446852529
0.972291292737071 0.000956399957808
0.969449316255688 0.001063361556281
0.966398575328536 0.001180287441748
0.963124733282991 0.001308276413555
0.959612185256871 0.001448595175205
0.955843960258252 0.001602708164962
0.951801619050895 0.001772313354603
0.947465149094867 0.001959385271035
0.942812858318638 0.002166226755890
0.937821270197036 0.002395531285148
0.932465023489974 0.002650458028236
0.926716781093433 0.002934722235059
0.920547153801559 0.003252703996528
0.913924646409352 0.003609578918327
0.906815635524456 0.004011474755426
0.899184390714484 0.004465658534759
0.890993153176858 0.004980759077275
0.882202288923771 0.005567030013159
0.872770536404848 0.006236658210702
0.862655297678014 0.007003346049477
0.851812612272271 0.007877104239468
0.840197866074123 0.008865056058590
0.827766725724636 0.009972600394077
0.814476094379146 0.011202515318388
0.800285283961023 0.012553840402825
0.785157415666745 0.014020540450539
0.769061061782774 0.015590141881119
0.751973177667820 0.017255388913449
0.733882383123474 0.019028060231753
0.714790047526656 0.020924932714289
0.694712392001722 0.022966429100033
0.673682536171249 0.025176744565083
0.651750311036807 0.027566071609559
0.628980032809337 0.030098626213977
0.605453830811814 0.032720444675013
0.581271815235082 0.035365721430403
0.556551558807591 0.037963065535254
0.531428641975434 0.040453744510384
0.506051223858886 0.042782810542861
0.480575041711220 0.044897165863006
0.455159977832691 0.046763264455353
0.429967213632244 0.048394140234803
0.405151417941578 0.049814047644487
0.380855653672108 0.051049634820311
0.357206814697213 0.052114952676724
0.334312383955948 0.053001610669468
0.312260555286216 0.053704513968130
0.291119897790483 0.054224474483606
0.270939949901581 0.054566472224458
0.251752977845262 0.054735911221583
0.233574668616801 0.054741719326750
0.216405869249624 0.054596502672432
0.200234838724128 0.054315348743573
0.185039680344369 0.053913728331313
0.170792676306283 0.053392056760649
0.157460893658660 0.052744520901405
0.145005776922433 0.051973424628180
0.133385000911744 0.051085641599567
0.122554154248372 0.050087502642685
0.112467796063945 0.048988783350317
0.103080431243282 0.047802332810123
0.094347468250044 0.046542185604316
0.086238123709529 0.045192892298069
0.078738249833909 0.043702972762853
0.071826110204997 0.042043272454078
0.065462867490763 0.040231977148599
0.059583235427539 0.038359519197536
0.054129004890296 0.036501710965120
0.049052659164951 0.034710565808193
0.044318513083740 0.033015636652747
0.039914388634169 0.031410393366571
0.035831457818745 0.029881206055092
0.032056980990891 0.028418428772946
0.028575740215403 0.027015370201115
0.025371113012814 0.025667498016053
0.022425557494397 0.024369283950828
0.019717841477213 0.023085461974270
0.017226171673553 0.021773834856324
0.014931442401838 0.020410252377133
0.012816914250540 0.018984194405270
0.010869720918840 0.017496954356706
0.009097823431428 0.015977960430014
0.007513740388357 0.014464628099177
0.006120224527336 0.012984903211535
0.004912840769237 0.011559092189121
0.003882169826025 0.010201573502712
0.003015493324984 0.008922156502264
0.002298075131407 0.007727159404798
0.001714128994388 0.006620263648424
0.001247543293498 0.005603190200747
0.000882418429799 0.004676234154448
0.000603460413020 0.003838686568012
0.000396264760165 0.003089166629424
0.000247517395619 0.002425882527644
0.000145133399974 0.001846835666086
0.000078349855168 0.001349979849025
0.000037785409272 0.000933344660338
0.000015476323177 0.000595130309777
0.000004896495018 0.000333779645315
0.000000967152154 0.000148031740356
0.000000060446575 0.000036960396310
0.000000000000000 0.000000000000000
0.000000060500990 -0.000036947785231
0.000000971527101 -0.000147867406936
0.000004947842094 -0.000332980740108
0.000015768970166 -0.000592634140313
0.000038914889737 -0.000927262015195
0.000081733908610 -0.001337337817048
0.000153167194833 -0.001823386645669
0.000263501872018 -0.002385981997465
0.000424455948012 -0.003025675365401
0.000649077298513 -0.003742937425162
0.000951589413951 -0.004538084769903
0.001347172756725 -0.005411187774373
0.001851660442826 -0.006361955146794
0.002481121030781 -0.007389589628335
0.003251293687415 -0.008492607940283
0.004176831475506 -0.009668616391833
0.005270296430812 -0.010914031464178
0.006540834779433 -0.012223732076035
0.007992441224295 -0.013590626983177
0.009621696606539 -0.015005116709165
0.011414832042860 -0.016454424346195
0.013346172075017 -0.017922382989123
0.015408736473354 -0.019398225080523
0.017619918552761 -0.020878606880581
0.020003566794785 -0.022363278505378
0.022591154691072 -0.023856270400638
0.025423615317422 -0.025367394386190
0.028537910384519 -0.026902524814339
0.031955556183263 -0.028455489198172
0.035695880073657 -0.030018532449987
0.039776109899687 -0.031583291238407
0.044209889417175 -0.033140980416005
0.049005283036014 -0.034682698282388
0.054170468515575 -0.036200543831511
0.059732673784203 -0.037690049643019
0.065725700946024 -0.039150547785311
0.072186692415053 -0.040586746621432
0.079155115951263 -0.042009159252144
0.086666454024180 -0.043427147310320
0.094753786942131 -0.044855130070838
0.103449367269247 -0.046313830067871
0.112793740564170 -0.047794365843668
0.122834069272373 -0.049261441070654
0.133619675970530 -0.050665877709086
0.145201642249391 -0.051941093486513
0.157630494784639 -0.053016903724721
0.170948451300731 -0.053885581989218
0.185190686043212 -0.054574616665432
0.200384628849965 -0.055136835336005
0.216554021285618 -0.055601199449630
0.233720576397904 -0.055941871289916
0.251896148734304 -0.056125421337272
0.271080073155089 -0.056114197418892
0.291256924416016 -0.055866678381931
0.312394434941472 -0.055345600580998
0.334441729944391 -0.054541631036937
0.357328260009028 -0.053460281212906
0.380963473615267 -0.052118033969095
0.405237727428105 -0.050541550762835
0.430026554309776 -0.048756297630815
0.455192334256319 -0.046789759661329
0.480586380947439 -0.044676154714656
0.506052260773733 -0.042447633514594
0.531426310421433 -0.040096431561602
0.556545901586481 -0.037602576681614
0.581256356231913 -0.034951426692725
0.605418443082662 -0.032159856685480
0.628919270330332 -0.029337533493656
0.651664564906586 -0.026600515799571
0.673577012350970 -0.024044422089343
0.694595681545572 -0.021735768182741
0.714670947817112 -0.019675337424966
0.733768674201352 -0.017840038453335
0.751871596662366 -0.016207259163992
0.768977319377764 -0.014755481826500
0.785096105645599 -0.013464297697277
0.800248660185700 -0.012311658078412
0.814463923957935 -0.011276632821140
0.827777040182672 -0.010341718847737
0.840227572401671 -0.009492409511197
0.851857966828094 -0.008716739741635
0.862712262650511 -0.008004866699702
0.872835039957863 -0.007348701181727
0.882270645839335 -0.006742423643630
0.891062593579580 -0.006182788510021
0.899252930029584 -0.005666775726505
0.906881892466407 -0.005191352751730
0.913987698939988 -0.004753545940341
0.920606425930101 -0.004350490277364
0.926771954502172 -0.003979462182068
0.932515968987040 -0.003637899340580
0.937867994895886 -0.003323410809259
0.942855465215924 -0.003033779989200
0.947503806368442 -0.002766962519891
0.951836536938695 -0.002521080678169
0.955875373820019 -0.002294415491159
0.959640341678229 -0.002085397469021
0.963149882668789 -0.001892596624387
0.966420964161714 -0.001714712259366
0.969469182879970 -0.001550562858212
0.972308864365547 -0.001399076315558
0.974953157079561 -0.001259280649163
0.977414120740924 -0.001130295286451
0.979702808731307 -0.001011322970856
0.981829344557842 -0.000901642303216
0.983802992482295 -0.000800600912109
0.985632222506505 -0.000707609232766
0.987324769957255 -0.000622134865133
0.988887689945963 -0.000543697476368
0.990327406994981 -0.000471864210547
0.991649760126896 -0.000406245567735
0.992860043709338 -0.000346491715309
0.993963044337775 -0.000292289196011
0.994963074024582 -0.000243357999395
0.995863999945627 -0.000199448965821
0.996669270976925 -0.000160341494814
0.997381941234129 -0.000125841532328
0.998004690807589 -0.000095779814135
0.998539843865501 -0.000070010345204
0.998989384277795 -0.000048409097432
0.999354968893881 -0.000030872910527
0.999637938588303 -0.000017318583106
0.999839327169816 -0.000007682143316
0.999959868231263 -0.000001918290314
1.000000000000000 0.000000000000000
