1.000000000000000 0.000000000000000
0.999960937503392 0.000010912092961
0.999843604396018 0.000043671504833
0.999647562834946 0.000098347656182
0.999372079772081 0.000175056319086
0.999016121958104 0.000273959720748
0.998578348885299 0.000395266682418
0.998057103606133 0.000539232787558
0.997450401345852 0.000706160571582
0.996755915808304 0.000896399724063
0.995970963054767 0.001110347293104
0.995092482815707 0.001348447880745
0.994117017075167 0.001611193818101
0.993040685747151 0.001899125309575
0.991859159243011 0.002212830537521
0.990567627709067 0.002552945722535
0.989160766694837 0.002920155141103
0.987632698995406 0.003315191112479
0.985976952397506 0.003738833982001
0.984186413049528 0.004191912150340
0.982253274172896 0.004675302230058
0.980168979838802 0.005189929455616
0.977924163553722 0.005736768535123
0.975508581434172 0.006316845217490
0.972911039811757 0.006931238964922
0.970119317201555 0.007581087277783
0.967120080699989 0.008267592429802
0.963898797065272 0.008992031652831
0.960439638989653 0.009755772183145
0.956725387417773 0.010560293072281
0.952737331223109 0.011407216307956
0.948455166153936 0.012298350625718
0.943856895735806 0.013235752469242
0.938918737809770 0.014221809934925
0.933615041639930 0.015259357281378
0.927918222090527 0.016351829768884
0.921798719302531 0.017503471290613
0.915224994640043 0.018719610529537
0.908163576462499 0.020007025259015
0.900579172518937 0.021374418884196
0.892434637315973 0.022831990803452
0.883689896288258 0.024385971172002
0.874302567105785 0.026040397826744
0.864228650174139 0.027798685906037
0.853422951078826 0.029663354003824
0.841839656455051 0.031635686874351
0.829433090218502 0.033715332577053
0.816158675285287 0.035899832310917
0.801974121945501 0.038184086260640
0.786840984781486 0.040560339373951
0.770727246231846 0.043021640166488
0.753609080700207 0.045560644115404
0.735472725244105 0.048168124800385
0.716316771027748 0.050832972057429
0.696154443092148 0.053542286467145
0.675015302094894 0.056279772150920
0.652946135458933 0.059022224449089
0.630012845512442 0.061742932990238
0.606301089641630 0.064413019262706
0.581915899151026 0.067000900905474
0.556980537422512 0.069458828238955
0.531633967952118 0.071728478657682
0.506027243957632 0.073752207553654
0.480319432129581 0.075481353792201
0.454674488808104 0.076925034862845
0.429255327925071 0.078127856315194
0.404217705364030 0.079137947509257
0.379705677971095 0.079992663055692
0.355847925104778 0.080643289869618
0.332754997335342 0.081014238003775
0.310517663002574 0.081050835076756
0.289206415166195 0.080720668289933
0.268873686623560 0.080039612997606
0.249554647884645 0.079063652241706
0.231266440524662 0.077847779349823
0.214010296416854 0.076442651404576
0.197774004888493 0.074893872533759
0.182537004815180 0.073229473717780
0.168277341420462 0.071438445712535
0.154964574326209 0.069514389217181
0.142560178731626 0.067462727173781
0.131016277482102 0.065309475373836
0.120279695455083 0.063091934944246
0.110298082895106 0.060841956565264
0.101020747045479 0.058585886678059
0.092403764882769 0.056337254828589
0.084438829680770 0.054048732354066
0.077120777209151 0.051668401256633
0.070427753338995 0.049173502339053
0.064291632903426 0.046610110725479
0.058624465653005 0.044055898998792
0.053356851301244 0.041566673816842
0.048434847769574 0.039180181212069
0.043836064362613 0.036908233925774
0.039581945280899 0.034730733812918
0.035684364366457 0.032630573531725
0.032142307572016 0.030596748367241
0.028945816834595 0.028622656446324
0.026078956638600 0.026704818360958
0.023521032135277 0.024841841448805
0.021217904825645 0.023031311091408
0.019091683671913 0.021269943734698
0.017085703693593 0.019556703176405
0.015161672628068 0.017892259311836
0.013295088086381 0.016278406269417
0.011472770863201 0.014717796829723
0.009720405633739 0.013218197199057
0.008089693880888 0.011790643511479
0.006613465636836 0.010442758137739
0.005308372616007 0.009179234362361
0.004179205878178 0.008002558215986
0.003222252044098 0.006913577747955
0.002427893937748 0.005911951232010
0.001782618341497 0.004996499357854
0.001270559385294 0.004165481338438
0.000874679063741 0.003416810786564
0.000577664990135 0.002748223969147
0.000362608569688 0.002157410461750
0.000213513366380 0.001642114163306
0.000115672805376 0.001200210982616
0.000055947905791 0.000829768187672
0.000022969007695 0.000529089346998
0.000007280068811 0.000296747933456
0.000001439760705 0.000131611960843
0.000000090049062 0.000032861445568
0.000000000000000 0.000000000000000
0.000000086862236 -0.000032240629798
0.000001395767054 -0.000129033511030
0.000007116649089 -0.000290587972695
0.000022717721594 -0.000517240547797
0.000056179056211 -0.000809435763617
0.000118196640513 -0.001167688339856
0.000221485658307 -0.001592463255555
0.000380566975918 -0.002084067526556
0.000611746727087 -0.002642529047291
0.000932838200668 -0.003267425361746
0.001362780419066 -0.003957666227710
0.001921121942368 -0.004711219008200
0.002627329013315 -0.005524763065741
0.003499866014118 -0.006393255841563
0.004554982144209 -0.007309388956936
0.005805120465324 -0.008262907258069
0.007256843008163 -0.009239756964226
0.008908137245000 -0.010221020626164
0.010744933329530 -0.011181586026735
0.012736616101991 -0.012088482916706
0.014843231361024 -0.012905756458592
0.017063346999577 -0.013621477905839
0.019412584512402 -0.014238062158158
0.021913477978969 -0.014769246941330
0.024597678562666 -0.015244451054486
0.027506035196626 -0.015709121876183
0.030665682259827 -0.016180720178510
0.034092749941795 -0.016654480049014
0.037802589766725 -0.017123962745756
0.041809139257171 -0.017580922366079
0.046123900996421 -0.018014862549790
0.050754573261034 -0.018412488979771
0.055709139670503 -0.018758946850486
0.061011430617898 -0.019042802375930
0.066692187101628 -0.019253138935752
0.072786762372303 -0.019378871161768
0.079335546616420 -0.019409224830809
0.086375762171876 -0.019334498531611
0.093939568637410 -0.019147062728125
0.102058739368232 -0.018842673771144
0.110767206413697 -0.018421417476174
0.120106337616945 -0.017888386601447
0.130120560291854 -0.017257545468601
0.140856376763007 -0.016555436095973
0.152362114177972 -0.015825469467228
0.164685191440854 -0.015102815430589
0.177866579242069 -0.014356063596783
0.191942529702140 -0.013524516417047
0.206943555255644 -0.012523797872909
0.222896825273008 -0.011312138795888
0.239826941910904 -0.009934323104454
0.257750372265322 -0.008467136897418
0.276673281473647 -0.007020507265053
0.296589617315166 -0.005742196732702
0.317477885022199 -0.004796019898833
0.339290408937646 -0.004199644332148
0.361955334166001 -0.003880182553747
0.385379630672254 -0.003734570782029
0.409449801751995 -0.003632809910602
0.434038230916543 -0.003498566727656
0.459008388130803 -0.003353848868915
0.484212997014031 -0.003230754827425
0.509497709888324 -0.003162106594304
0.534704557365231 -0.003156138966821
0.559676342138794 -0.003186698884383
0.584262966564264 -0.003225788106525
0.608325843825560 -0.003247972710187
0.631741586787816 -0.003247842395167
0.654404596585976 -0.003244935124084
0.676228258847550 -0.003257226563969
0.697145414129304 -0.003298583887853
0.717107986960528 -0.003376057625256
0.736085969992494 -0.003478060244712
0.754065631664484 -0.003589525231290
0.771047451053582 -0.003699014368689
0.787043950647105 -0.003798305159844
0.802077507510385 -0.003881895705682
0.816178163434868 -0.003945025513894
0.829381598134943 -0.003981630256993
0.841727681268710 -0.003988167771774
0.853259017450785 -0.003963574119989
0.864019686686037 -0.003908562318571
0.874054218426585 -0.003825053940916
0.883406779089064 -0.003715732540211
0.892120548037995 -0.003583703342312
0.900237255303399 -0.003432242109822
0.907796864871043 -0.003265299552306
0.914837378794312 -0.003088732633810
0.921394670570024 -0.002907575017378
0.927502422117465 -0.002725620092035
0.933192123963653 -0.002545684996322
0.938493114323126 -0.002369822882929
0.943432646257570 -0.002199492620956
0.948035974238162 -0.002035693800905
0.952326453260468 -0.001879073656538
0.956325645192017 -0.001730011392875
0.960053428292814 -0.001588684428610
0.963528106871552 -0.001455120224444
0.966766518858702 -0.001329236666927
0.969784139724568 -0.001210873396296
0.972595181675209 -0.001099815990477
0.975212687448057 -0.000995814530259
0.977648618324417 -0.000898597757865
0.979913936196693 -0.000807883789963
0.982018679689901 -0.000723388145096
0.983972034452446 -0.000644829685342
0.985782397810830 -0.000571934944619
0.987457438035081 -0.000504441215095
0.989004148492948 -0.000442098683237
0.990428896986531 -0.000384671843937
0.991737470568998 -0.000331940371339
0.992935116134666 -0.000283699585821
0.994026577065326 -0.000239760625746
0.995016126201211 -0.000199950408366
0.995907595387768 -0.000164111445305
0.996704401830527 -0.000132101563148
0.997409571470533 -0.000103793568070
0.998025759572644 -0.000079074884360
0.998555268698811 -0.000057847189626
0.999000064218567 -0.000040026064005
0.999361787489413 -0.000025540666430
0.999641766820809 -0.000014333447730
0.999841026316893 -0.000006359907765
0.999960292675077 -0.000001588401829
1.000000000000000 0.000000000000000
