1.000000000000000 0.000000000000000
0.999960997264884 0.000010295066253
0.999843845680222 0.000041211369206
0.999648114145470 0.000092842362104
0.999373080942365 0.000165344269454
0.999017728878476 0.000258936791367
0.998580738427142 0.000373904090928
0.998060478802254 0.000510596065689
0.997454996888090 0.000669429904367
0.996762003925647 0.000850891929560
0.995978859837650 0.001055539726752
0.995102555054514 0.001284004558828
0.994129689683114 0.001536994063854
0.993056449839290 0.001815295231683
0.991878580943686 0.002119777652043
0.990591357759120 0.002451397022857
0.989189550926547 0.002811198902544
0.987667389736329 0.003200322683667
0.986018520852825 0.003620005757288
0.984235962694305 0.004071587827557
0.982312055158332 0.004556515323936
0.980238404377026 0.005076345843904
0.978005822189674 0.005632752541527
0.975604260035243 0.006227528356668
0.973022736999029 0.006862589955562
0.970249261801524 0.007539981225887
0.967270748600829 0.008261876138239
0.964072926601762 0.009030580751543
0.960640243636685 0.009848534102993
0.956955764119213 0.010718307685166
0.953001062090060 0.011642603176205
0.948756110495517 0.012624248057101
0.944199168389039 0.013666188728394
0.939306668455120 0.014771480734551
0.934053108156256 0.015943275728453
0.928410948936469 0.017184804874524
0.922350529318526 0.018499358515312
0.915839999445905 0.019890262135227
0.908845286677809 0.021360848973765
0.901330104265241 0.022914430099344
0.893256009022294 0.024554311518094
0.884582481710800 0.026284099736985
0.875267170262536 0.028107654936106
0.865266255555525 0.030029046615987
0.854534942445483 0.032052650922453
0.843028124685947 0.034183292579059
0.830701253221757 0.036426441786481
0.817511435442551 0.038788476419647
0.803418787669996 0.041277017641498
0.788387740446640 0.043899468311616
0.772386270375004 0.046647627952522
0.755388191712348 0.049499289208557
0.737376163158186 0.052423069036545
0.718343773122162 0.055377167151982
0.698297634450590 0.058308350415290
0.677261203027825 0.061160643577859
0.655281280333608 0.063899546898278
0.632425968009891 0.066496148562196
0.608784234576470 0.068923447542179
0.584465324074667 0.071157389158124
0.559595247266381 0.073175273027033
0.534314485580404 0.074957256828333
0.508775743356578 0.076489116791719
0.483139715794988 0.077760454112048
0.457571349314403 0.078738023567279
0.432234187591577 0.079377349913294
0.407284425854046 0.079644273856945
0.382866301344238 0.079520248592643
0.359108152169797 0.079031139347772
0.336119851706739 0.078226913603755
0.313991363922070 0.077158800455867
0.292792286871332 0.075876575530842
0.272575301294056 0.074407875463295
0.253377692714545 0.072755039359995
0.235217999895394 0.070926763075287
0.218098005587527 0.068938696121578
0.202005376869631 0.066811340287031
0.186915178683415 0.064575557415463
0.172787909376083 0.062300016260953
0.159578020332112 0.060049819678545
0.147238128790838 0.057871491413182
0.135724673283414 0.055771250522047
0.125000729890600 0.053707445404463
0.115026485568416 0.051649639547643
0.105759719245881 0.049581140927348
0.097157279000081 0.047495398647356
0.089178036673430 0.045407079989472
0.081783544184378 0.043348578102639
0.074935491973492 0.041344587242640
0.068593277449067 0.039404989838694
0.062709048434018 0.037513264459907
0.057239346069926 0.035654948166484
0.052146795751146 0.033822224915958
0.047400278494759 0.032012983610215
0.042989341340980 0.030242467304493
0.038911951486417 0.028532219650210
0.035159556963722 0.026896898403874
0.031718934257139 0.025345680316217
0.028573895319211 0.023883643780931
0.025706551750352 0.022512840030828
0.023093319675015 0.021226880595518
0.020681342628126 0.019980826884732
0.018419814887151 0.018730808562924
0.016273364080459 0.017450959618695
0.014218314448788 0.016128692359957
0.012239942832971 0.014761126879006
0.010352121010332 0.013364929140894
0.008602931473340 0.011978426254871
0.007024535833319 0.010631827349813
0.005632572902345 0.009346259768159
0.004430601651597 0.008135887152123
0.003413552137282 0.007009583717389
0.002570397161290 0.005972256058512
0.001886212758420 0.005025885136659
0.001343760266910 0.004170346235567
0.000924694791683 0.003404052847669
0.000610482761964 0.002724461041715
0.000383093789874 0.002128463366975
0.000225518182389 0.001612695370362
0.000122150475753 0.001173773025811
0.000059070638364 0.000808475548574
0.000024247639889 0.000513884989828
0.000007684524283 0.000287491518392
0.000001519642204 0.000127271266781
0.000000095043687 0.000031741942908
0.000000000000000 0.000000000000000
0.000000092462262 -0.000031252974398
0.000001485746479 -0.000124939218494
0.000007575052913 -0.000280827404113
0.000024179221706 -0.000498487073109
0.000059787414492 -0.000777219114228
0.000125917590490 -0.001115954017891
0.000237600560168 -0.001513113257482
0.000413485835397 -0.001966490530609
0.000673285842811 -0.002473423130217
0.001037628787915 -0.003030634524215
0.001528051132182 -0.003634013272804
0.002166220741547 -0.004278426951006
0.002972907720409 -0.004957494798823
0.003966630815703 -0.005663310439691
0.005161887412941 -0.006386104062198
0.006566850638077 -0.007113831007442
0.008180386143761 -0.007831670686396
0.009988202092088 -0.008521416030794
0.011957896499023 -0.009160729087316
0.014036241837284 -0.009723239126888
0.016197902478001 -0.010193159972588
0.018454479289950 -0.010569308949290
0.020826420195330 -0.010859339736874
0.023344882964051 -0.011082888365813
0.026055034599470 -0.011275720172442
0.029000261512321 -0.011470190052421
0.032198881915125 -0.011666456158390
0.035665684628466 -0.011859560162644
0.039414209066586 -0.012042697777474
0.043455807440899 -0.012206680827026
0.047798384054648 -0.012339254001424
0.052445211322044 -0.012424477710180
0.057407581000413 -0.012449126248328
0.062712333948649 -0.012406562691152
0.068391522934012 -0.012291688595558
0.074482780093608 -0.012101401941707
0.081028362384182 -0.011834344660354
0.088063349635903 -0.011484432093756
0.095619456064835 -0.011043798948777
0.103728286591389 -0.010505615126047
0.112425017198476 -0.009864177985781
0.121751040188977 -0.009115394234686
0.131750055564618 -0.008258575988963
0.142467565173163 -0.007298052112093
0.153950527861316 -0.006245013066006
0.166245102137685 -0.005108948745659
0.179393820891554 -0.003886990308774
0.193436192454088 -0.002575502965122
0.208407430958101 -0.001171728561699
0.224337341462158 0.000325050277544
0.241248587363197 0.001912831368848
0.259154200306437 0.003586963005328
0.278055410305137 0.005339677035140
0.297939510705950 0.007159646677428
0.318777868882799 0.009030685056293
0.340524211132982 0.010926576759925
0.363113517853883 0.012813361216594
0.386461610670653 0.014651430499094
0.410465541521622 0.016396880337958
0.435003765126680 0.018014138783987
0.459938107916587 0.019481831631145
0.485118507577755 0.020782333672489
0.510387379339292 0.021901762862703
0.535584417873950 0.022827852704877
0.560551600388732 0.023549732777756
0.585138037727394 0.024061765109661
0.609204297463629 0.024363871847606
0.632625587919212 0.024460815956015
0.655294298310341 0.024361588431199
0.677122095701748 0.024079334394500
0.698040492538207 0.023630476859191
0.718000421712324 0.023034572207591
0.736970978218849 0.022316478939868
0.754937856403632 0.021501289900188
0.771901340478208 0.020612047748655
0.787874060373056 0.019669421957716
0.802878728607306 0.018691570776767
0.816946261065563 0.017696244425278
0.830113986154641 0.016702333103575
0.842423166017142 0.015724780360741
0.853917453477371 0.014774575512086
0.864641696394392 0.013859478533047
0.874640967851036 0.012984661323873
0.883959801627039 0.012153259504901
0.892641608233704 0.011366836512553
0.900728245391592 0.010625765892028
0.908259641905449 0.009928733953895
0.915273500905514 0.009271902046624
0.921805434397213 0.008651720172333
0.927888939073386 0.008065298718907
0.933555376290691 0.007510250995064
0.938833995742442 0.006984573207010
0.943751990988833 0.006486553682249
0.948334577331033 0.006014704707094
0.952605084506331 0.005567711688192
0.956585058350111 0.005144395473075
0.960294366945082 0.004743684585968
0.963751307893651 0.004364594876775
0.966972714242327 0.004006214670035
0.969974057292992 0.003667693962696
0.972769545087055 0.003348236578556
0.975372215773440 0.003047094463636
0.977794025394590 0.002763563517912
0.980045929866631 0.002496980519036
0.982137961107845 0.002246720814269
0.984079297397315 0.002012196547082
0.985878328134557 0.001792855251930
0.987542713230009 0.001588178700075
0.989079437392634 0.001397681915549
0.990494859600317 0.001220912306533
0.991794758045445 0.001057448876267
0.992984370845718 0.000906901490953
0.994068432801233 0.000768910191436
0.995051208465377 0.000643144541853
0.995936521780558 0.000529303012685
0.996727782511292 0.000427112398440
0.997428009687694 0.000336327271825
0.998039852252352 0.000256729477242
0.998565607083480 0.000188127666811
0.999007234547331 0.000130356882233
0.999366371713313 0.000083278185622
0.999644343346156 0.000046778342157
0.999842170770880 0.000020769557021
0.999960578688163 0.000005189268664
1.000000000000000 0.000000000000000
