1.000000000000000 0.000000000000000
0.999960673230115 0.000008276262731
0.999842548907212 0.000033128680831
0.999645194029842 0.000074628236299
0.999367883714692 0.000132893539923
0.999009596345080 0.000208091291940
0.998569006718361 0.000300436925852
0.998044477131267 0.000410195434087
0.997434046324112 0.000537682373540
0.996735416186272 0.000683265048172
0.995945936106221 0.000847363864680
0.995062584829837 0.001030453855733
0.994081949670448 0.001233066363396
0.993000202893495 0.001455790872862
0.991813075077640 0.001699276983642
0.990515825233144 0.001964236501625
0.989103207437491 0.002251445630855
0.987569433728354 0.002561747238510
0.985908132975633 0.002896053160040
0.984112305438673 0.003255346503945
0.982174272703278 0.003640683906912
0.980085622687648 0.004053197680161
0.977837149409503 0.004494097776858
0.975418787221708 0.004964673498547
0.972819539254865 0.005466294846096
0.970027399858274 0.006000413408345
0.967029270912158 0.006568562670453
0.963810872003216 0.007172357615482
0.960356644623171 0.007813493489272
0.956649650780121 0.008493743603479
0.952671466721732 0.009214956069263
0.948402072878320 0.009979049390791
0.943819741666967 0.010788006911805
0.938900925483570 0.011643870210887
0.933620148080872 0.012548731695778
0.927949903623000 0.013504726871632
0.921860569058831 0.014514027073475
0.915320337104457 0.015578833883710
0.908295179100104 0.016701377027565
0.900748849326704 0.017883918278572
0.892642945024872 0.019128764832462
0.883937039306817 0.020438296727732
0.874588907280724 0.021815014184788
0.864554868819424 0.023261612139892
0.853790274182238 0.024781090634308
0.842250160666613 0.026376910856867
0.829890108963980 0.028053207176409
0.816667326057699 0.029815064934157
0.802541976273917 0.031668871430252
0.787478508555581 0.033620778411849
0.771445695957063 0.035663735369189
0.754418997370614 0.037780154441118
0.736383201822679 0.039945391477896
0.717334565571529 0.042126778680941
0.697282948975668 0.044282874443642
0.676255380677903 0.046377487368695
0.654301126951852 0.048410855015512
0.631490314750205 0.050396439896916
0.607913760305920 0.052355727988642
0.583682031434435 0.054314284241397
0.558919422235228 0.056259442887527
0.533762349000379 0.058149617057928
0.508358640920802 0.059941227459309
0.482863623588533 0.061590967785415
0.457437107788843 0.063054261420298
0.432237826506444 0.064289219194591
0.407417488721586 0.065261513150152
0.383116576593375 0.065946766226616
0.359462159630683 0.066337742183299
0.336564325148184 0.066440075935820
0.314513524374436 0.066266735235832
0.293380014270187 0.065836727787987
0.273215671723853 0.065173588041138
0.254055466440634 0.064303867608174
0.235916583733381 0.063255852259431
0.218800419432121 0.062058299511820
0.202695023190306 0.060739375679839
0.187577201241023 0.059325200143468
0.173413110719897 0.057836218460538
0.160162631461800 0.056290620933828
0.147782266920981 0.054705704832772
0.136233611135493 0.053074876474738
0.125489627632501 0.051351020465190
0.115517421463601 0.049504079287522
0.106278333867544 0.047523007244735
0.097730223078648 0.045410479969862
0.089821559229018 0.043218945643644
0.082490857508402 0.041057421682816
0.075683550018516 0.039005887876971
0.069354525719841 0.037099042892694
0.063474541155717 0.035276815931058
0.058017907168211 0.033474913229050
0.052958461009053 0.031653402706299
0.048270400377075 0.029790727607575
0.043934310463784 0.027905089277279
0.039936645697605 0.026046555773080
0.036261143019286 0.024252149662663
0.032889512041107 0.022546455288772
0.029802463051258 0.020944727530054
0.026980449458077 0.019455296468681
0.024404044335071 0.018081308832203
0.022036522244373 0.016808868997776
0.019816844031327 0.015602705447180
0.017699596431417 0.014436715287374
0.015655112563504 0.013294614207963
0.013665472482720 0.012167388605834
0.011722385592843 0.011051540446733
0.009856473979518 0.009954322548641
0.008126368848833 0.008890656328562
0.006569021591644 0.007871977161997
0.005202638361890 0.006906425389303
0.004031721219915 0.005999596011278
0.003050993465228 0.005155135608517
0.002248446958450 0.004375217231782
0.001607699573366 0.003660917819170
0.001109811590273 0.003012517753733
0.000734678684395 0.002429738227346
0.000462094467047 0.001911928919540
0.000272555946390 0.001458215971504
0.000147869713237 0.001067618206136
0.000071604271659 0.000739137911480
0.000029424044700 0.000471831184317
0.000009332650231 0.000264861756614
0.000001846625883 0.000117541346153
0.000000115533042 0.000029358840056
0.000000000000000 0.000000000000000
0.000000115524220 -0.000029358840102
0.000001846590716 -0.000117541346351
0.000009332571566 -0.000264861757118
0.000029423906003 -0.000471831185359
0.000071604057284 -0.000739137913404
0.000147869408706 -0.001067618209434
0.000272555538705 -0.001458215976854
0.000462093945018 -0.001911928927851
0.000734678039015 -0.002429738239801
0.001109810815134 -0.003012517771845
0.001607698665120 -0.003660917844841
0.002248445917337 -0.004375217267369
0.003050992295674 -0.005155135656909
0.004031719931209 -0.005999596075986
0.005202636968960 -0.006906425474560
0.006569020115945 -0.007871977272876
0.008126367319358 -0.008890656471111
0.009856472433969 -0.009954322730040
0.011722384078958 -0.011051540675477
0.013665471046461 -0.012167388889099
0.015655111201378 -0.013294614541259
0.017699595131116 -0.014436715662957
0.019816842776894 -0.015602705854919
0.022036521015621 -0.016808869424757
0.024404043106916 -0.018081309262276
0.026980448209864 -0.019455296889470
0.029802461783376 -0.020944727945501
0.032889510755369 -0.022546455704619
0.036261141718073 -0.024252150085929
0.039936644383956 -0.026046556212264
0.043934309141500 -0.027905089742601
0.048270399050839 -0.029790728111239
0.052958459683583 -0.031653403258129
0.058017905845276 -0.033474913821556
0.063474539837086 -0.035276816552782
0.069354524407693 -0.037099043529447
0.075683548715496 -0.039005888511574
0.082490856215089 -0.041057422314019
0.089821557944092 -0.043218946283999
0.097730221800347 -0.045410480634416
0.106278332594774 -0.047523007945126
0.115517420198324 -0.049504080019881
0.125489626377243 -0.051351021223598
0.136233609893243 -0.053074877251900
0.147782265695256 -0.054705705619871
0.160162630255621 -0.056290621723834
0.173413109534446 -0.057836219252281
0.187577200077462 -0.059325200935744
0.202695022049826 -0.060739376471231
0.218800418316151 -0.062058300301071
0.235916582643498 -0.063255853045308
0.254055465378440 -0.064303868389285
0.273215670690949 -0.065173588815929
0.293380013268150 -0.065836728554755
0.314513523404738 -0.066266735992747
0.336564324212046 -0.066440076680951
0.359462158729189 -0.066337742914642
0.383116575727467 -0.065946766942132
0.407417487892022 -0.065261513847794
0.432237825713725 -0.064289219872048
0.457437107033252 -0.063054262075296
0.482863622870160 -0.061590968415908
0.508358640239536 -0.059941228063547
0.533762348355848 -0.058149617634639
0.558919421626861 -0.056259443435816
0.583682030861497 -0.054314284760705
0.607913759767535 -0.052355728478845
0.631490314245462 -0.050396440359370
0.654301126479663 -0.048410855451864
0.676255380236993 -0.046377487780445
0.697282948564617 -0.044282874832152
0.717334565188775 -0.042126779047028
0.736383201466589 -0.039945391821797
0.754418997039599 -0.037780154763297
0.771445695649593 -0.035663735670297
0.787478508270187 -0.033620778692679
0.802541976009200 -0.031668871691703
0.816667325812354 -0.029815065177407
0.829890108736757 -0.028053207402688
0.842250160456312 -0.026376911067313
0.853790273987710 -0.024781090829976
0.864554868639581 -0.023261612321759
0.874588907114539 -0.021815014353764
0.883937039153326 -0.020438296884661
0.892642944883173 -0.019128764978132
0.900748849195955 -0.017883918413713
0.908295178979520 -0.016701377152861
0.915320336993311 -0.015578833999797
0.921860568956448 -0.014514027180946
0.927949903528753 -0.013504726971042
0.933620147994182 -0.012548731787644
0.938900925403898 -0.011643870295692
0.943819741593816 -0.010788006990001
0.948402072811230 -0.009979049462801
0.952671466660274 -0.009214956135484
0.956649650723900 -0.008493743664281
0.960356644571819 -0.007813493545002
0.963810871956391 -0.007172357666467
0.967029270869544 -0.006568562717000
0.970027399819573 -0.006000413450741
0.972819539219804 -0.005466294884614
0.975418787190027 -0.004964673533442
0.977837149380964 -0.004494097808371
0.980085622662024 -0.004053197708520
0.982174272680360 -0.003640683932334
0.984112305418260 -0.003255346526633
0.985908132957539 -0.002896053180188
0.987569433712403 -0.002561747256304
0.989103207423516 -0.002251445646471
0.990515825220987 -0.001964236515230
0.991813075067151 -0.001699276995397
0.993000202884531 -0.001455790882921
0.994081949662872 -0.001233066371908
0.995062584823518 -0.001030453862839
0.995945936101035 -0.000847363870518
0.996735416182097 -0.000683265052876
0.997434046320832 -0.000537682377239
0.998044477128767 -0.000410195436907
0.998569006716533 -0.000300436927917
0.999009596343815 -0.000208091293369
0.999367883713885 -0.000132893540835
0.999645194029389 -0.000074628236811
0.999842548907011 -0.000033128681058
0.999960673230066 -0.000008276262788
1.000000000000000 0.000000000000000
