1.000000000000000 0.000000000000000
0.999960506147258 0.000010064387896
0.999841879741571 0.000040288203479
0.999643685273175 0.000090763556234
0.999365193659277 0.000161644475506
0.999005377364141 0.000253147683971
0.998562903506774 0.000365553686792
0.998036124895299 0.000499208182885
0.997423068909130 0.000654523806554
0.996721424131575 0.000831982209818
0.995928524616627 0.001032136497800
0.995041331654286 0.001255614031839
0.994056412878897 0.001503119617409
0.992969918544829 0.001775439096643
0.991777554773422 0.002073443368343
0.990474553554897 0.002398092861915
0.989055639269252 0.002750442495876
0.987514991471653 0.003131647156688
0.985846203671438 0.003542967740012
0.984042237820652 0.003985777804385
0.982095374219771 0.004461570897503
0.979997156546961 0.004971968628440
0.977738331725729 0.005518729576263
0.975308784367766 0.006103759148103
0.972697465567893 0.006729120529502
0.969892315892265 0.007397046909345
0.966880182497119 0.008109955213958
0.963646730452956 0.008870461654245
0.960176348540242 0.009681399481301
0.956452050042505 0.010545839466757
0.952455369409387 0.011467113782666
0.948166256117975 0.012448844162990
0.943562967652073 0.013494975497765
0.938621964276582 0.014609816357585
0.933317809243023 0.015798088388379
0.927623079260555 0.017064987074512
0.921508291544326 0.018416257062425
0.914941855547356 0.019858286085438
0.907890059623055 0.021398222543834
0.900317105366164 0.023044122969165
0.892185205223733 0.024805136907611
0.883454762089795 0.026691738120793
0.874084652860322 0.028716012283733
0.864032641087301 0.030892012322721
0.853255946551016 0.033236192812947
0.841712001207329 0.035767933910987
0.829359420790082 0.038510162396818
0.816159218358869 0.041490071607766
0.802076279077364 0.044739932267463
0.787079561972203 0.048290650177252
0.771134537699857 0.052127249805995
0.754207289516107 0.056198679953265
0.736268721145280 0.060427285312329
0.717295889095060 0.064704171587997
0.697273453691924 0.068885248130839
0.676205656800868 0.072833051113199
0.654140539640522 0.076512518275711
0.631154097906040 0.079918678980091
0.607346842020686 0.083060855975196
0.582842031888808 0.085957443852218
0.557771486234896 0.088574068447561
0.532276014125005 0.090841422495095
0.506508894010877 0.092693953219457
0.480632018169040 0.094082821507807
0.454814081214497 0.095047914926649
0.429223502746030 0.095678342984947
0.404021256348292 0.096066795260131
0.379355485077982 0.096288847520094
0.355354673669616 0.096322377586962
0.332127653999201 0.096118433566254
0.309763644339691 0.095643739979331
0.288332047010001 0.094881355906333
0.267887608798954 0.093841683693158
0.248469177423029 0.092554183341739
0.230096330296109 0.091051709965461
0.212771635080743 0.089368393045448
0.196483344079024 0.087537984214439
0.181212876880889 0.085562083845845
0.166939916161407 0.083393144608041
0.153633752532821 0.081004195091323
0.141255007689823 0.078390697381597
0.129758394529559 0.075564023107532
0.119095010238608 0.072546117822046
0.109214183351191 0.069365293189940
0.100064916622690 0.066053025488435
0.091603675470172 0.062654995224758
0.083808997040424 0.059257051910307
0.076655509435813 0.055931105394571
0.070110345618279 0.052726586620918
0.064136206321930 0.049675816960687
0.058693632815163 0.046798258314078
0.053742655213180 0.044103845071721
0.049243745953680 0.041595390832635
0.045131968108391 0.039247406650496
0.041305662365809 0.036997338333473
0.037686931931393 0.034799068894991
0.034221863679389 0.032623842130912
0.030874390459832 0.030455525017380
0.027621590097207 0.028287012992426
0.024450435934731 0.026117658624806
0.021384414022268 0.023963402233991
0.018489223471048 0.021858479469241
0.015810544897196 0.019829159936783
0.013373760097358 0.017893303073984
0.011189327248427 0.016062363045420
0.009256917902973 0.014342958247013
0.007568587776830 0.012738097414258
0.006111195080674 0.011248135182466
0.004868234152070 0.009871514733137
0.003821215888093 0.008605343091553
0.002950697941868 0.007445835077951
0.002237045213569 0.006388654344604
0.001660983550833 0.005429173942657
0.001203995753470 0.004562674127349
0.000848598144206 0.003784491367333
0.000578527481973 0.003090129565516
0.000378861353141 0.002475342160933
0.000236089981832 0.001936191932982
0.000138153340631 0.001469093867873
0.000074454271199 0.001070845290358
0.000035855846749 0.000738646546965
0.000014669271978 0.000470114798363
0.000004637099859 0.000263292897211
0.000000915352585 0.000116654860776
0.000000057188917 0.000029109068329
0.000000000000000 0.000000000000000
0.000000054500640 -0.000028387562447
0.000000874837652 -0.000113545108188
0.000004452463397 -0.000255453139618
0.000014176997478 -0.000454065407442
0.000034944533678 -0.000709287652498
0.000073314388080 -0.001020946559755
0.000137719648386 -0.001388747573063
0.000238738773292 -0.001812219733983
0.000389437475934 -0.002290645162551
0.000605206583091 -0.002823032234901
0.000902220423084 -0.003408222938027
0.001297987860529 -0.004044763573662
0.001811486648066 -0.004730801106489
0.002462978668437 -0.005463990290516
0.003273735215652 -0.006241381638946
0.004265642062023 -0.007059286391801
0.005460645463911 -0.007913113801944
0.006879989295447 -0.008797175045867
0.008543179521080 -0.009704446829817
0.010466594407661 -0.010626286254495
0.012661636201052 -0.011552086661957
0.015132291146331 -0.012468861942278
0.017871928071810 -0.013360744035596
0.020859119224609 -0.014208375019127
0.024052208065005 -0.014988171089328
0.027386213461176 -0.015672239412548
0.030829009448511 -0.016240693182268
0.034392477171581 -0.016685029120499
0.038098034536166 -0.017002541649340
0.041978585770065 -0.017198738323313
0.046082574993635 -0.017290871212821
0.050479275104912 -0.017312608254788
0.055249381312296 -0.017305935948996
0.060434342657449 -0.017277089817420
0.066064271697173 -0.017221373244361
0.072168848540745 -0.017133317197925
0.078776158918453 -0.017006570628435
0.085911097093133 -0.016833781122865
0.093593213131184 -0.016606467274143
0.101833896436424 -0.016314889580262
0.110645246208112 -0.015949348488812
0.120062298244407 -0.015503127867964
0.130126057496938 -0.014971138718251
0.140879951184375 -0.014350285785144
0.152369907279234 -0.013640482079752
0.164644435243693 -0.012845937476822
0.177754706437303 -0.011976753233150
0.191754626292972 -0.011050839762269
0.206700501339993 -0.010095677932271
0.222636717397621 -0.009133059831382
0.239584836157409 -0.008168366063364
0.257553217774634 -0.007205523634539
0.276535175013880 -0.006247814223020
0.296506258395398 -0.005297498306446
0.317423677229062 -0.004356822302849
0.339236951420234 -0.003437046652079
0.361882574357539 -0.002555015460513
0.385278788119839 -0.001729140442160
0.409325900471937 -0.000978562260070
0.433904064658337 -0.000311687476137
0.458873637765270 0.000280362332319
0.484082813838731 0.000810892965861
0.509372369642007 0.001295416552822
0.534581782866357 0.001733528856193
0.559554770011946 0.002101461610975
0.584142377874817 0.002376553755164
0.608207058523534 0.002540661943075
0.631625822579264 0.002596520901865
0.654292662501373 0.002572461822799
0.676120544651137 0.002495970897713
0.697041958362810 0.002390680925675
0.717008557249004 0.002274973525599
0.735990181681362 0.002157280925425
0.753973015002400 0.002041933142583
0.770957487631793 0.001932145387984
0.786956103554697 0.001830158129339
0.801991245273231 0.001737388146843
0.816093056635078 0.001653779400351
0.829297493830142 0.001577068126791
0.841644646239558 0.001505262795596
0.853177260643061 0.001436942207680
0.863939500005384 0.001371128110749
0.873975932845414 0.001307178140278
0.883330733172475 0.001244698325862
0.892047066287429 0.001183473334039
0.900166634075061 0.001123412104140
0.907729353835563 0.001064506398819
0.914773146455965 0.001006799894289
0.921333812220530 0.000950365671140
0.927444975377446 0.000895290261174
0.933138081428813 0.000841662711347
0.938442433809777 0.000789567414215
0.943385259068138 0.000739079710732
0.947991791800894 0.000690263490104
0.952285372439259 0.000643170192529
0.956287552512023 0.000597838766957
0.960018203284699 0.000554296251855
0.963495624701162 0.000512558737085
0.966736652378833 0.000472632534130
0.969756761060446 0.000434515434050
0.972570163434660 0.000398197971459
0.975189903630316 0.000363664641342
0.977627944987594 0.000330895036194
0.979895251932526 0.000299864885566
0.982001865945111 0.000270546990371
0.983956975728445 0.000242912051103
0.985768981767377 0.000216929393680
0.987445555518465 0.000192567599324
0.988993693505231 0.000169795046463
0.990419766609075 0.000148580373277
0.991729564850851 0.000128892869664
0.992928337954199 0.000110702807103
0.994020831971784 0.000093981714413
0.995011322241401 0.000078702606760
0.995903642921994 0.000064840174582
0.996701213340933 0.000052370938397
0.997407061364282 0.000041273374749
0.998023843981759 0.000031528017896
0.998553865278024 0.000023117541220
0.998999091942131 0.000016026821772
0.999361166447547 0.000010242990826
0.999641418016157 0.000005755472846
0.999840871461253 0.000002556014827
0.999960253986460 0.000000638707560
1.000000000000000 0.000000000000000
