1.000000000000000 0.000000000000000
0.999959712715327 0.000008583498422
0.999838706376233 0.000034373661296
0.999636546583482 0.000077489798012
0.999352506183257 0.000138131781713
0.998985560505124 0.000216581593483
0.998534380636182 0.000313205499964
0.997997324671797 0.000428456879786
0.997372426865597 0.000562879718052
0.996657384582993 0.000717112791426
0.995849542943499 0.000891894569001
0.994945877017346 0.001088068855691
0.993942971421290 0.001306591205097
0.992836997137053 0.001548536127027
0.991623685353572 0.001815105110516
0.990298298111112 0.002107635475284
0.988855595501592 0.002427610051978
0.987289799155305 0.002776667672648
0.985594551719974 0.003156614425674
0.983762872014291 0.003569435591158
0.981787105515432 0.004017308120166
0.979658869819556 0.004502613449694
0.977368994697109 0.005027950349163
0.974907456352899 0.005596147366267
0.972263305496202 0.006210274270788
0.969424588831838 0.006873651672628
0.966378263602560 0.007589857699923
0.963110104851016 0.008362730245715
0.959604605131529 0.009196362804087
0.955844866495174 0.010095091289938
0.951812484704665 0.011063468435721
0.947487425819005 0.012106221341587
0.942847895534130 0.013228186473356
0.937870201989977 0.014434214799628
0.932528613173815 0.015729037774497
0.926795210584474 0.017117082443277
0.920639741495044 0.018602221019402
0.914029472987884 0.020187436812493
0.906929051962759 0.021874384378932
0.899300376806393 0.023662818332396
0.891102980901494 0.025552010412907
0.882295371940489 0.027546016788747
0.872834509734207 0.029650421969978
0.862675952532621 0.031871492369601
0.851774393896401 0.034216415401854
0.840084386620150 0.036693616622865
0.827561285052275 0.039313169609022
0.814162434923856 0.042087311229410
0.799848633657093 0.045031069802006
0.784584700225724 0.048157138025145
0.768337200506776 0.051455229600358
0.751078331095759 0.054901085070756
0.732788725417366 0.058459185839794
0.713459465130633 0.062081024396836
0.693094207198679 0.065704138374169
0.671716522037519 0.069280223920797
0.649376655734179 0.072802149756594
0.626146952926058 0.076272963502256
0.602121762069749 0.079703265782732
0.577415095940768 0.083099190690215
0.552150751520601 0.086406981859807
0.526464907114391 0.089549081655605
0.500505671280582 0.092446677121545
0.474430177748780 0.095030779478009
0.448403631550801 0.097268768132214
0.422590732909582 0.099144656267483
0.397149331263536 0.100651763502312
0.372227718009976 0.101778460630835
0.347963832885704 0.102484987045718
0.324477173769818 0.102742018012949
0.301865885499106 0.102538231354091
0.280205415566856 0.101888954843029
0.259546553092892 0.100869288899466
0.239919857398104 0.099564314261063
0.221338728222135 0.098049038190571
0.203801577154689 0.096387940657427
0.187297874081914 0.094618278867823
0.171832566823371 0.092650237132514
0.157403732236380 0.090379806357872
0.143990175969849 0.087755887920489
0.131539554275222 0.084849554472690
0.119978857244399 0.081812224215333
0.109239697056036 0.078759715422516
0.099259187147526 0.075774575565118
0.089995044358551 0.072873348818234
0.081448020798618 0.069953734731266
0.073609192801827 0.066934406682882
0.066438533453888 0.063807583309509
0.059858695741036 0.060653270061152
0.053799859030070 0.057539840775160
0.048203991599423 0.054515038566805
0.043039888464869 0.051592642728187
0.038301765765926 0.048755889068983
0.033977172093219 0.045992759319484
0.030047265748064 0.043296803192579
0.026489240338635 0.040665408825721
0.023277763130784 0.038098151217805
0.020380996328903 0.035590181711229
0.017764913949005 0.033135217387109
0.015399495673514 0.030731054245646
0.013258392759776 0.028378425601351
0.011319456800393 0.026080701636641
0.009575374017076 0.023851006280389
0.008024180886906 0.021705186186624
0.006659100017669 0.019654417714657
0.005469942618593 0.017706131130067
0.004444355720572 0.015864885656231
0.003568753088823 0.014133061417257
0.002829002788235 0.012511405828764
0.002210928272887 0.010999464353017
0.001700667257856 0.009595919443108
0.001284922758076 0.008298856646826
0.000951132961135 0.007105972974626
0.000687580575975 0.006014739557318
0.000483457602243 0.005022528167195
0.000328897807898 0.004126709223204
0.000214986359218 0.003324727344263
0.000133753840065 0.002614159273448
0.000078160186527 0.001992758004646
0.000042072739513 0.001458486150619
0.000020241595709 0.001009540956060
0.000008274648962 0.000644372847933
0.000002614106609 0.000361699001891
0.000000515796553 0.000160513066254
0.000000032217503 0.000040091906593
0.000000000000000 0.000000000000000
0.000000032212419 -0.000040091906722
0.000000515776236 -0.000160513066785
0.000002614060971 -0.000361699003134
0.000008274568015 -0.000644372850269
0.000020241469613 -0.001009540959965
0.000042072558620 -0.001458486156696
0.000078159941439 -0.001992758013658
0.000133753521688 -0.002614159286354
0.000214985958835 -0.003324727362255
0.000328897317244 -0.004126709247753
0.000483457013592 -0.005022528200097
0.000687579882244 -0.006014739600751
0.000951132156001 -0.007105973031209
0.001284921836110 -0.008298856719689
0.001700666214686 -0.009595919535973
0.002210927105375 -0.010999464470285
0.002829001494692 -0.012511405975623
0.003568751669252 -0.014133061599795
0.004444354176956 -0.015864885881577
0.005469940955219 -0.017706131406546
0.006659098241515 -0.019654418051968
0.008024179008076 -0.021705186596050
0.009575372049314 -0.023851006775039
0.011319454761670 -0.026080702231723
0.013258390670785 -0.028378426312938
0.015399493536288 -0.030731055075217
0.017764911759891 -0.033135218330446
0.020380994084024 -0.035590182761973
0.023277760826029 -0.038098152367078
0.026489237970728 -0.040665410062827
0.030047263322061 -0.043296804512616
0.033977169617698 -0.045992760717645
0.038301763251869 -0.048755890538711
0.043039885926077 -0.051592644260885
0.048203989052990 -0.054515040151509
0.053799856490527 -0.057539842404904
0.059858693204068 -0.060653271750100
0.066438530912379 -0.063807585076037
0.073609190247072 -0.066934408548390
0.081448018228642 -0.069953736701572
0.089995041789069 -0.072873350859996
0.099259184598329 -0.075774577636688
0.109239694540214 -0.078759717501944
0.119978854761850 -0.081812226316106
0.131539551825247 -0.084849556610762
0.143990173551084 -0.087755890114253
0.157403729848029 -0.090379808621574
0.171832564471567 -0.092650239446362
0.187297871774959 -0.094618281203342
0.203801574902103 -0.096387942982845
0.221338726029186 -0.098049040495379
0.239919855267717 -0.099564316545211
0.259546551027809 -0.100869291162889
0.280205413569555 -0.101888957085598
0.301865883571715 -0.102538233575527
0.324477171914417 -0.102742020207833
0.347963831104362 -0.102484989204734
0.372227716304516 -0.101778462744524
0.397149329635500 -0.100651765561335
0.422590731359926 -0.099144658264808
0.448403630079626 -0.097268770064128
0.474430176355676 -0.095030781341206
0.500505669964636 -0.092446678913187
0.526464905874020 -0.089549083372037
0.552150750353744 -0.086406983497030
0.577415094845181 -0.083099192245343
0.602121761043046 -0.079703267254021
0.626146951966065 -0.076272964891638
0.649376654838560 -0.072802151068022
0.671716521203505 -0.069280225158036
0.693094206423177 -0.065704139540794
0.713459464410207 -0.062081025495547
0.732788724748250 -0.058459186871336
0.751078330474440 -0.054901086036452
0.768337199930011 -0.051455230502140
0.784584699690520 -0.048157138865405
0.799848633160682 -0.045031070583461
0.814162434463776 -0.042087311955564
0.827561284626248 -0.039313170283805
0.840084386225940 -0.036693617249883
0.851774393531840 -0.034216415984421
0.862675952195635 -0.031871492910769
0.872834509422825 -0.029650422472563
0.882295371652852 -0.027546017255353
0.891102980635857 -0.025552010845943
0.899300376561127 -0.023662818734095
0.906929051736321 -0.021874384751232
0.914029472778833 -0.020187437157079
0.920639741302082 -0.018602221337924
0.926795210406427 -0.017117082737333
0.932528613009617 -0.015729038045627
0.937870201838655 -0.014434215049299
0.942847895394793 -0.013228186702963
0.947487425690834 -0.012106221552451
0.951812484586905 -0.011063468629086
0.955844866387127 -0.010095091466977
0.959604605032550 -0.009196362965901
0.963110104760502 -0.008362730393337
0.966378263519952 -0.007589857834325
0.969424588756612 -0.006873651794718
0.972263305427868 -0.006210274381418
0.974907456290998 -0.005596147466239
0.977368994641209 -0.005027950439227
0.979658869769250 -0.004502613530556
0.981787105470336 -0.004017308192490
0.983762871974040 -0.003569435655568
0.985594551684226 -0.003156614482761
0.987289799123731 -0.002776667722969
0.988855595473881 -0.002427610096059
0.990298298086966 -0.002107635513624
0.991623685332708 -0.001815105143591
0.992836997119196 -0.001548536155289
0.993942971406179 -0.001306591228978
0.994945877004729 -0.001088068875605
0.995849542933131 -0.000891894585345
0.996657384574639 -0.000717112804582
0.997372426859027 -0.000562879728388
0.997997324666787 -0.000428456887660
0.998534380632514 -0.000313205505724
0.998985560502584 -0.000216581597469
0.999352506181635 -0.000138131784257
0.999636546582572 -0.000077489799440
0.999838706375829 -0.000034373661930
0.999959712715226 -0.000008583498580
1.000000000000000 0.000000000000000
