1.000000000000000 0.000000000000000
0.999960821727133 0.000009139875686
0.999843143040272 0.000036586263534
0.999646531370416 0.000082419556243
0.999370262546485 0.000146774109347
0.999013315930847 0.000229838792403
0.998574367548101 0.000331857759880
0.998051781145717 0.000453131440689
0.997443597106857 0.000594017744699
0.996747519117043 0.000754933483655
0.995960898467094 0.000936356002615
0.995080715854951 0.001138825016340
0.994103560528685 0.001362944642770
0.993025606592134 0.001609385622753
0.991842586273470 0.001878887711437
0.990549759935746 0.002172262221969
0.989141882587540 0.002490394696176
0.987613166631735 0.002834247669637
0.985957240572097 0.003204863489564
0.984167103381614 0.003603367133098
0.982235074225199 0.004030968960666
0.980152737224161 0.004488967323587
0.977910880953477 0.004978750927026
0.975499432378762 0.005501800828289
0.972907384972380 0.006059691926313
0.970122720802960 0.006654093770925
0.967132326476989 0.007286770490303
0.963921902934270 0.007959579602580
0.960475869272330 0.008674469443814
0.956777261012603 0.009433474911426
0.952807623540942 0.010238711192408
0.948546901877932 0.011092365123587
0.943973328486102 0.011996683822825
0.939063311531116 0.012953960244032
0.933791326916606 0.013966515356600
0.928129818544952 0.015036676746824
0.922049112658779 0.016166753604445
0.915517353828761 0.017359008316054
0.908500472204755 0.018615625267344
0.900962194057652 0.019938677990292
0.892864097745262 0.021330180010790
0.884165683013286 0.022792551681089
0.874824621946947 0.024328535607897
0.864797125452977 0.025941162682497
0.854038432519729 0.027633906990921
0.842503472214237 0.029410900692266
0.830147727532545 0.031277221465208
0.816928328348043 0.033239264396461
0.802805395418155 0.035305206959391
0.787743312907019 0.037482777495612
0.771710144692983 0.039759457482348
0.754680051641063 0.042105842951069
0.736636138062633 0.044481126406230
0.717572541295532 0.046831497361957
0.697496533271232 0.049088880405211
0.676433129286398 0.051195653182374
0.654432715981043 0.053162063645939
0.631567873583090 0.055024311345324
0.607932731820147 0.056834447548318
0.583641669398852 0.058651587394656
0.558819684093548 0.060450188928164
0.533601496441506 0.062140103175154
0.508133051595165 0.063625312384841
0.482568099622305 0.064815867467891
0.457068658681692 0.065690583357249
0.431797931734709 0.066274744570178
0.406911868602699 0.066599856625045
0.382554435445734 0.066698444819043
0.358852974839035 0.066580918225246
0.335916158126518 0.066249332604707
0.313833058081896 0.065711775520233
0.292672644998116 0.064981774115916
0.272484540383580 0.064084755110309
0.253300225540537 0.063057521658684
0.235134208048354 0.061934210627487
0.217986100482807 0.060744835857738
0.201842923827041 0.059515181484859
0.186681383233111 0.058262736144117
0.172469909813616 0.056980907001486
0.159170944102994 0.055661677133180
0.146742888017608 0.054303329030639
0.135147664114666 0.052889730905533
0.124353701627751 0.051383406413667
0.114324420544547 0.049763295572857
0.105019154241612 0.048023460513129
0.096394771812146 0.046170001205396
0.088399101536112 0.044262933649155
0.080974615126992 0.042398809493101
0.074070541831555 0.040644636385233
0.067647514821691 0.039008641243099
0.061681566598889 0.037414189886755
0.056148755561882 0.035800451159282
0.051023758950384 0.034131189035301
0.046281833886937 0.032394040324371
0.041904870055981 0.030628147688601
0.037875326363602 0.028880209998309
0.034173532337623 0.027183096909454
0.030778766364510 0.025559076946537
0.027670047455878 0.024022420273545
0.024826691155693 0.022581412988799
0.022220585057467 0.021226935024926
0.019804633217203 0.019914754809390
0.017540173157735 0.018610106189826
0.015399745781652 0.017292693580538
0.013364380755317 0.015952827149712
0.011423737766514 0.014589569793991
0.009603184305985 0.013222641542703
0.007940381957387 0.011879773537353
0.006456163482203 0.010581523787321
0.005158305361863 0.009342537162714
0.004045150376895 0.008172895211457
0.003108412403532 0.007079187227009
0.002335339962859 0.006065359328331
0.001710377852925 0.005133386784541
0.001216436789780 0.004283805633989
0.000835857745486 0.003516132330665
0.000551139304725 0.002829194316939
0.000345481841112 0.002221389765494
0.000203190827568 0.001690891012137
0.000109972499317 0.001235803221422
0.000053147873260 0.000854287434271
0.000021805389122 0.000544655217714
0.000006907853217 0.000305440572367
0.000001365676774 0.000135453473440
0.000000085398990 0.000033818360874
0.000000000000000 0.000000000000000
0.000000083545059 -0.000033415125829
0.000001342233489 -0.000133724024753
0.000006841607873 -0.000301110533630
0.000021830408137 -0.000535858276604
0.000053955348401 -0.000838315282842
0.000113471369293 -0.001208841978749
0.000212625403139 -0.001647740221958
0.000365401418469 -0.002155159309941
0.000587529996613 -0.002730974253104
0.000896236370499 -0.003374630406804
0.001309892227871 -0.004084946641341
0.001847542850027 -0.004859867281142
0.002528271479102 -0.005696150555217
0.003370352398572 -0.006588978217431
0.004390131073519 -0.007531467163984
0.005600553095660 -0.008514059104261
0.007009242687496 -0.009523758389139
0.008616004970518 -0.010543180666358
0.010409592618387 -0.011549365738176
0.012363535035172 -0.012512296369498
0.014440121072026 -0.013397983519516
0.016635796592198 -0.014193753553626
0.018965531620652 -0.014901767507183
0.021450414980029 -0.015534819591758
0.024119553920989 -0.016120429176058
0.027010788381274 -0.016702442050559
0.030151668632239 -0.017300367291062
0.033558850064138 -0.017908398504450
0.037248356950035 -0.018517968568000
0.041235128239297 -0.019117564817368
0.045532102490994 -0.019691914583812
0.050148982959171 -0.020220959726175
0.055095056914024 -0.020682370892517
0.060393620609461 -0.021064065684334
0.066074599215416 -0.021358335375296
0.072171827289108 -0.021560170006391
0.078723447376306 -0.021668693974103
0.085766262790291 -0.021686705422787
0.093333781296368 -0.021622281291376
0.101459771987106 -0.021493297832813
0.110179856374412 -0.021320300093536
0.119535272805549 -0.021107140787376
0.129569693299484 -0.020856919944394
0.140328245210363 -0.020576324433564
0.151857052657541 -0.020276899742947
0.164201837869508 -0.019970197183476
0.177405336730768 -0.019655001479704
0.191507129989023 -0.019326059781588
0.206542367684065 -0.018975788117988
0.222540578943882 -0.018598620297132
0.239524098608485 -0.018194013573515
0.257505448269903 -0.017762341594427
0.276485110198971 -0.017304719758247
0.296449361363123 -0.016823137760392
0.317368239068556 -0.016320279678036
0.339193648496182 -0.015797679884294
0.361858322242638 -0.015256413150389
0.385275515856726 -0.014697826757030
0.409339508860464 -0.014123554274678
0.433927169496535 -0.013536035761989
0.458900513559803 -0.012938767006802
0.484110101292469 -0.012335605467361
0.509399275983682 -0.011730600636678
0.534608897173301 -0.011127710899368
0.559582262472420 -0.010530614662881
0.584169886944123 -0.009942802353185
0.608233752768747 -0.009367496675880
0.631650785698700 -0.008807604894923
0.654315377126271 -0.008265669407680
0.676140874111272 -0.007743780924438
0.697060076649369 -0.007243561761778
0.717024844053147 -0.006766173661507
0.736004972071163 -0.006312338302012
0.753986533297438 -0.005882385062235
0.770969871343125 -0.005476302878214
0.786967424933710 -0.005093792194739
0.802001529790295 -0.004734317424251
0.816102311448787 -0.004397157554617
0.829305747640544 -0.004081452727822
0.841651947704852 -0.003786244337924
0.853183671306224 -0.003510510296734
0.863945088812132 -0.003253194695924
0.873980772007543 -0.003013231958658
0.883334895137794 -0.002789565959141
0.892050621598059 -0.002581164700400
0.900169649923039 -0.002387031180553
0.907731893152510 -0.002206211055523
0.914775267402068 -0.002037797676610
0.921335567974366 -0.001880935105431
0.927446414136953 -0.001734819444826
0.933139246556370 -0.001598698897896
0.938443364071677 -0.001471872886884
0.943385988931322 -0.001353690491862
0.947992351759770 -0.001243548417972
0.952285789353185 -0.001140888656169
0.956287849939910 -0.001045195965662
0.960018401807696 -0.000955995276022
0.963495742227676 -0.000872849082308
0.966736704428556 -0.000795354886908
0.969756761025812 -0.000723142726226
0.972570122819350 -0.000655872808167
0.975189832265281 -0.000593233277009
0.977627851225576 -0.000534938115137
0.979895142822415 -0.000480725185760
0.982001747387622 -0.000430354416843
0.983956852614714 -0.000383606123670
0.985768858102029 -0.000340279465540
0.987445434528692 -0.000300191030796
0.988993577737332 -0.000263173543654
0.990419658013802 -0.000229074685872
0.991729464858822 -0.000197756026218
0.992928247542509 -0.000169092050780
0.994020751722867 -0.000142969287379
0.995011252395076 -0.000119285517734
0.995903583421546 -0.000097949071367
0.996701163873996 -0.000078878195752
0.997407021399214 -0.000062000497615
0.998023812800124 -0.000047252450834
0.998553842003744 -0.000034578966805
0.998999075567827 -0.000023933023671
0.999361155858506 -0.000015275351239
0.999641412012379 -0.000008574168862
0.999840868777955 -0.000003804974040
0.999960253313403 -0.000000950379880
1.000000000000000 0.000000000000000
