1.000000000000000 0.000000000000000
0.999960008394835 0.000012724433092
0.999839886336618 0.000050937606552
0.999639191109762 0.000114759355763
0.999357181554772 0.000204390117251
0.998992813087174 0.000320112000135
0.998544730662181 0.000462290296440
0.998011259622869 0.000631375440667
0.997390394351174 0.000827905432202
0.996679784622260 0.001052508737414
0.995876719543473 0.001305907691834
0.994978108939405 0.001588922426543
0.993980462024426 0.001902475347011
0.992879863183560 0.002247596197178
0.991671944662092 0.002625427746614
0.990351855943953 0.003037232144468
0.988914229579364 0.003484397990614
0.987353143204065 0.003968448182444
0.985662077476686 0.004491048605331
0.983833869648739 0.005054017746521
0.981860662475067 0.005659337326781
0.979733848173797 0.006309164062348
0.977444007156787 0.007005842692933
0.974980841278458 0.007751920441165
0.972333101397665 0.008550163107120
0.969488509120671 0.009403573051168
0.966433672701579 0.010315409382808
0.963153997230453 0.011289210757177
0.959633589451973 0.012328821290379
0.955855157845248 0.013438420247286
0.951799908978524 0.014622556340593
0.947447441655226 0.015886187719382
0.942775641019061 0.017234729033698
0.937760575619526 0.018674107355635
0.932376401493439 0.020210829236527
0.926595278634777 0.021852061805190
0.920387306847361 0.023605731584528
0.913720489943240 0.025480645640734
0.906560739595142 0.027486640789173
0.898871932885769 0.029634767854335
0.890615848803247 0.031936855345324
0.881751609025968 0.034403094855531
0.872236206635580 0.037043056138325
0.862024958217377 0.039866019247260
0.851071917996260 0.042880665164210
0.839330444798582 0.046094686190750
0.826753948115118 0.049514306584783
0.813296838481473 0.053143706793913
0.798915703643120 0.056984349768358
0.783570866031821 0.061034705953459
0.767228757666315 0.065291898722346
0.749863609481795 0.069750148871073
0.731459417627907 0.074399537787878
0.712012217407214 0.079225499453637
0.691532352492380 0.084208371299695
0.670045425952529 0.089315800927212
0.647592475924126 0.094492551810913
0.624232852990471 0.099670626611253
0.600045119137279 0.104771859492922
0.575127790253801 0.109713416159207
0.549603733236409 0.114432251020409
0.523615222318181 0.118877352797552
0.497318125734522 0.123002817624762
0.470877052415195 0.126756954109635
0.444458488300630 0.130030315734312
0.418227135469386 0.132705943199735
0.392341622940979 0.134687334751830
0.366955690476317 0.135917008574373
0.342224761742942 0.136404142098024
0.318285873978699 0.136183991984270
0.295251603325222 0.135306308162901
0.273208778039052 0.133834606020698
0.252217873996484 0.131850020449911
0.232316068783433 0.129436837299793
0.213519996147136 0.126676206919894
0.195828469891036 0.123644091688812
0.179234176123295 0.120386617598442
0.163750690665785 0.116855341509979
0.149376409077082 0.113009956819796
0.136084366164101 0.108853577479484
0.123803918919526 0.104498564558077
0.112450912197515 0.100080290171025
0.101948239831311 0.095699636542359
0.092227324931402 0.091426305840749
0.083272389154084 0.087229609432400
0.075102931567464 0.083011942396920
0.067709635300299 0.078718751154669
0.061016849474332 0.074394495397362
0.054922175062490 0.070125403071404
0.049341821482274 0.065973694780219
0.044211331226210 0.061979829205510
0.039510342705435 0.058151542053436
0.035232147166556 0.054483223891266
0.031361319510983 0.050970246180060
0.027876581582722 0.047608709988668
0.024753156303256 0.044395151104233
0.021962860972318 0.041325384591854
0.019458058094178 0.038384192515043
0.017186972679882 0.035553766464396
0.015109273628825 0.032822504503935
0.013193843346671 0.030183455907028
0.011416838403182 0.027633034825788
0.009771624796517 0.025175890155765
0.008271977649421 0.022826426081451
0.006925472630981 0.020595203174615
0.005732754052901 0.018488554321196
0.004689551649213 0.016509627326501
0.003788220480697 0.014659202521879
0.003018910074043 0.012936332522095
0.002370445999931 0.011338841536443
0.001830989061128 0.009863713892187
0.001388523082369 0.008507395279983
0.001031211156278 0.007266025351562
0.000747651459261 0.006135616429369
0.000527056897890 0.005112190017928
0.000359377476346 0.004191880371772
0.000235380071024 0.003371012443148
0.000146697008514 0.002646159999600
0.000085852270586 0.002014188483941
0.000046272138791 0.001472286220850
0.000022285519521 0.001017986803005
0.000009117960976 0.000649184873230
0.000002882410080 0.000364147024256
0.000000568999121 0.000161519137402
0.000000035550097 0.000040331153909
0.000000000000000 0.000000000000000
0.000000032489814 -0.000038533431831
0.000000521514688 -0.000154229341098
0.000002654190919 -0.000347372649931
0.000008450966298 -0.000618431718532
0.000020829989658 -0.000968048180303
0.000043700265707 -0.001397021892050
0.000082086775819 -0.001906290134383
0.000142291866166 -0.002496899882071
0.000232098497234 -0.003169971593182
0.000361022466974 -0.003926652521231
0.000540622527580 -0.004768057015133
0.000784879490283 -0.005695190610992
0.001109966240699 -0.006708745862153
0.001531713242058 -0.007808497459813
0.002066475099854 -0.008993178185737
0.002731538362682 -0.010260221045302
0.003544872426791 -0.011605321926298
0.004524768781632 -0.013021889657232
0.005689332507146 -0.014500355109378
0.007055779608928 -0.016027303843508
0.008639480592599 -0.017584387850927
0.010452673854390 -0.019146960720468
0.012502751021962 -0.020682366508109
0.014790189490725 -0.022148167418926
0.017317317029301 -0.023511284208726
0.020097589633999 -0.024769114529924
0.023143524521604 -0.025932318713403
0.026464273085714 -0.027027254732157
0.030066856351238 -0.028090849229326
0.033968302681505 -0.029124170556367
0.038189813369644 -0.030113294542640
0.042752818748802 -0.031042593477678
0.047678410242451 -0.031894716853660
0.052986560637863 -0.032650659422371
0.058698598328517 -0.033293349382503
0.064842735520847 -0.033814693813072
0.071449210196902 -0.034213340953472
0.078549030581887 -0.034496768933965
0.086175152297504 -0.034682182816966
0.094364905825282 -0.034796075426379
0.103157598559590 -0.034883294428112
0.112594224439634 -0.034989345025855
0.122718094570771 -0.035106297882048
0.133573701602694 -0.035207310531564
0.145205928390929 -0.035252982329446
0.157659236018188 -0.035188851445790
0.170976479378777 -0.034978929288983
0.185197539116709 -0.034627472031447
0.200357919541847 -0.034152248063870
0.216487109736113 -0.033579680638640
0.233607267624923 -0.032914719669078
0.251730862299727 -0.032154615421171
0.270858297599292 -0.031299242414962
0.290975751386170 -0.030351793063129
0.312053165760292 -0.029319159006076
0.334042150558746 -0.028205800324483
0.356874710814636 -0.027011765372879
0.380463224565191 -0.025738339141745
0.404700977200544 -0.024388508404852
0.429464005971382 -0.022971404095079
0.454614248505392 -0.021510305513486
0.480002367467823 -0.020033231534774
0.505471825429857 -0.018569790054828
0.530863398945700 -0.017148274259817
0.556019804521141 -0.015792271517742
0.580790863082201 -0.014522375466798
0.605037826568994 -0.013355734604209
0.628636479485623 -0.012295735960657
0.651479258281111 -0.011321158415625
0.673477711183105 -0.010409975728943
0.694563174419028 -0.009543653973123
0.714686472128308 -0.008709763475411
0.733817467837077 -0.007920894913108
0.751942768565245 -0.007197561281602
0.769063160628592 -0.006553365834447
0.785191442164662 -0.005995898246627
0.800350241786726 -0.005527874320264
0.814569753082829 -0.005142940591656
0.827885417680217 -0.004814727249236
0.840336926965195 -0.004519249578956
0.851966879757747 -0.004239549093307
0.862819480138479 -0.003964153331661
0.872939475653952 -0.003685773850450
0.882371315476689 -0.003400235573042
0.891158502942314 -0.003105617458315
0.899343114988003 -0.002801577842246
0.906965509845388 -0.002490399459368
0.914064272869883 -0.002182152417145
0.920675826912231 -0.001886177404215
0.926834297021397 -0.001608532510036
0.932571533695622 -0.001352836225659
0.937917170118899 -0.001120922706447
0.942898703484966 -0.000913344948497
0.947541592561810 -0.000729757754207
0.951869365322287 -0.000569206490716
0.955903731864318 -0.000430342593680
0.959664698993621 -0.000311582525099
0.963170683773310 -0.000211223392944
0.966438624089432 -0.000127525593303
0.969484084869295 -0.000058770547391
0.972321359047404 -0.000003299783819
0.974963562725839 0.000040459822331
0.977422724242359 0.000073980970697
0.979709867057751 0.000098628214045
0.981835086518225 0.000115655473194
0.983807620650676 0.000126207194242
0.985635915218006 0.000131321958240
0.987327683305920 0.000131937662559
0.988889959737877 0.000128897628348
0.990329150625829 0.000122957166557
0.991651078364978 0.000114790268945
0.992861022373673 0.000104996190835
0.993963755867253 0.000094105766734
0.994963578938586 0.000082587354762
0.995864348199766 0.000070852345617
0.996669503219633 0.000059260200343
0.997382089971390 0.000048123001151
0.998004781483908 0.000037709513186
0.998539895869798 0.000028248763941
0.998989411883177 0.000019933152339
0.999354982140326 0.000012921102179
0.999637944117282 0.000007339275410
0.999839329019797 0.000003284360073
0.999959868602943 0.000000824446118
1.000000000000000 0.000000000000000
