1.000000000000000 0.000000000000000
0.999960439587713 0.000013165570468
0.999841617762028 0.000052720040651
0.999643111839838 0.000118837105393
0.999364214285438 0.000211807653679
0.999003928085210 0.000332041873872
0.998560960212862 0.000480072218496
0.998033713125157 0.000656557245303
0.997420274209927 0.000862286355082
0.996718403089203 0.001098185449424
0.995925516660403 0.001365323533072
0.995038671737507 0.001664920285152
0.994054545131807 0.001998354620712
0.992969410987994 0.002367174257898
0.991779115165846 0.002773106295580
0.990479046430379 0.003218068789869
0.989064104183909 0.003704183293919
0.987528662441806 0.004233788291243
0.985866529719648 0.004809453405242
0.984070904462881 0.005433994202916
0.982134325610782 0.006110487323292
0.980048617844416 0.006842285544515
0.977804831023321 0.007633032249040
0.975393173267804 0.008486674543096
0.972802937092980 0.009407474020655
0.970022417947264 0.010400013815953
0.967038824451895 0.011469200140143
0.963838179579846 0.012620255919422
0.960405211952265 0.013858703409782
0.956723236369392 0.015190331715819
0.952774022631417 0.016621143937174
0.948537651644604 0.018157277146324
0.943992357751292 0.019804886495892
0.939114356172458 0.021569982383861
0.933877654413766 0.023458206686850
0.928253846468601 0.025474530520539
0.922211888668096 0.027622851729322
0.915717856099448 0.029905465300170
0.908734678673392 0.032322374152288
0.901221856220971 0.034870401388613
0.893135515163080 0.037543172851445
0.884431569243792 0.040340405089332
0.875065635712579 0.043266924282655
0.864992115044374 0.046328742882945
0.854164862367406 0.049533573981827
0.842538111020073 0.052891578624152
0.830067673681214 0.056416334857133
0.816712458247061 0.060126059130271
0.802436326732065 0.064045099375243
0.787209054523325 0.068201189103185
0.770996863184074 0.072584235134518
0.753765385158643 0.077148906484101
0.735486323429891 0.081829835327652
0.716139177873873 0.086538767959997
0.695713022823445 0.091162085258440
0.674216188156257 0.095587654379991
0.651697146442563 0.099773690357592
0.628232286504804 0.103700667409779
0.603922933530021 0.107359816641972
0.578893465625893 0.110750795738940
0.553277587383949 0.113850786137363
0.527219509010124 0.116626208945341
0.500876481850599 0.119050653708898
0.474415049369366 0.121105652460570
0.448009402472416 0.122778347918726
0.421833231202003 0.124064102632043
0.396052595990062 0.124967765030631
0.370818283539034 0.125502121746090
0.346255685977039 0.125684751570548
0.322470702143260 0.125539483049404
0.299550561675665 0.125095578466515
0.277568772871729 0.124366430168360
0.256607195068010 0.123269607437840
0.236729840969640 0.121723528771933
0.217973324419375 0.119686248329033
0.200350291729458 0.117148954609951
0.183851395735090 0.114140549146064
0.168439741224217 0.110779760197273
0.154066003377332 0.107197774384806
0.140679104182360 0.103495671537494
0.128263076024694 0.099677812482833
0.116819149806078 0.095693745347723
0.106326435692195 0.091521948672090
0.096747198388036 0.087163941234134
0.088018201446585 0.082673193143800
0.080039557800215 0.078188951627984
0.072720716104181 0.073823664286251
0.065993274935631 0.069631270384427
0.059819812284186 0.065583572015295
0.054165805297643 0.061651273972407
0.048995340791071 0.057816773916188
0.044274243873899 0.054075972654253
0.039976648351188 0.050451996857327
0.036076686363741 0.046967546116653
0.032546713143033 0.043637252536759
0.029358551131754 0.040469624064703
0.026484364715457 0.037468571761813
0.023897240704329 0.034634597868415
0.021559910456087 0.031961725526693
0.019411357030479 0.029433546454567
0.017402508529147 0.027035966095070
0.015498848655772 0.024758506962090
0.013676846145255 0.022593410801691
0.011921197356735 0.020534952451668
0.010234516285606 0.018580279820084
0.008654230914573 0.016731154414050
0.007209565143984 0.014988835604164
0.005916088120171 0.013353337640770
0.004779323247856 0.011823762123071
0.003797544342725 0.010398559900112
0.002963934543748 0.009075736893414
0.002268246446951 0.007853015398642
0.001698072574356 0.006727960083845
0.001239812123832 0.005698076035138
0.000879401662478 0.004760884711405
0.000602863000567 0.003913982481246
0.000396710101754 0.003155085466555
0.000248247904357 0.002482063659156
0.000145788839185 0.001892966670604
0.000078807228834 0.001386042989625
0.000038047322842 0.000959754231589
0.000015597209659 0.000612785550110
0.000004938048946 0.000344053126141
0.000000975825302 0.000152709441829
0.000000061007513 0.000038146874334
0.000000000000000 0.000000000000000
0.000000056014552 -0.000036534159389
0.000000899685560 -0.000146284462441
0.000004583460580 -0.000329694637404
0.000014614238227 -0.000587505044265
0.000036085905800 -0.000920753778627
0.000075860092346 -0.001330774838102
0.000142408225615 -0.001819086015908
0.000245512497351 -0.002387217259903
0.000396406636484 -0.003036633491867
0.000607741696801 -0.003768579837256
0.000893507337881 -0.004583878456225
0.001268910109189 -0.005482669529206
0.001750193001661 -0.006464082321261
0.002354376043748 -0.007525818641184
0.003098892011300 -0.008663626511280
0.004001084059393 -0.009870636240209
0.005077522846462 -0.011136524053122
0.006343088971492 -0.012446459615663
0.007809751605628 -0.013779782733072
0.009484955212569 -0.015108340638266
0.011369502134303 -0.016394399883957
0.013454873502583 -0.017588173072062
0.015732677282051 -0.018647163798106
0.018212388114829 -0.019570904205612
0.020905569232662 -0.020378814487729
0.023822807732044 -0.021111804343486
0.026973160087977 -0.021838330217177
0.030368725441487 -0.022605463507364
0.034027589304137 -0.023406997114820
0.037969515675089 -0.024228466648652
0.042215655268569 -0.025048634024757
0.046788509345079 -0.025837348187037
0.051711840113821 -0.026552887738270
0.057010752322724 -0.027156436217614
0.062711896695757 -0.027641737681035
0.068842876242903 -0.028015045045237
0.075431769996038 -0.028294631210279
0.082507739436355 -0.028506351343472
0.090105618818874 -0.028647982578462
0.098263635145557 -0.028706616517829
0.107021955918212 -0.028668164532106
0.116421571499093 -0.028514124889327
0.126503873315656 -0.028221660494220
0.137310370452058 -0.027764954836965
0.148881812831667 -0.027115144716541
0.161257895453354 -0.026245156638602
0.174481164061592 -0.025160698207697
0.188594608684187 -0.023896403124955
0.203638984941592 -0.022512253792037
0.219649336740102 -0.021069355967690
0.236649443525573 -0.019580172634456
0.254652789844039 -0.018050578888406
0.273660952623819 -0.016487757177920
0.293661429235710 -0.014900169612317
0.314625618038010 -0.013300671371682
0.336507075544133 -0.011742513452822
0.359240357855605 -0.010315656444918
0.382740598028255 -0.009126043364283
0.406903902071517 -0.008291860247220
0.431606377794794 -0.007884044326864
0.456704252642733 -0.007867014627300
0.482041043428002 -0.008179674095856
0.507452651869350 -0.008748686637307
0.532776072840998 -0.009489189864708
0.557857224526960 -0.010307196781830
0.582549831963848 -0.011111066918339
0.606718811101956 -0.011817499041958
0.630242347052894 -0.012377291753434
0.653013588137338 -0.012790695112963
0.674944530598798 -0.013065677070367
0.695966818193729 -0.013212549966020
0.716031252367962 -0.013242030644847
0.735106013788792 -0.013157130504433
0.753175685708921 -0.012960429742005
0.770239644475391 -0.012658277168951
0.786309806975582 -0.012259781365444
0.801408348975609 -0.011775854519209
0.815565813389366 -0.011223677838582
0.828819551261618 -0.010634101551316
0.841210940266797 -0.010033317416503
0.852783733197710 -0.009440385858832
0.863582870228249 -0.008868663354000
0.873653514647763 -0.008327035308405
0.883040291907530 -0.007820952395204
0.891786707671382 -0.007353281879815
0.899934719192615 -0.006924993039230
0.907524350989430 -0.006534248960064
0.914593285491838 -0.006173132917394
0.921177121744192 -0.005834370555809
0.927309400453345 -0.005512796898368
0.933021567287542 -0.005204822231871
0.938342983644673 -0.004908019935087
0.943300972310559 -0.004620811152639
0.947920887872457 -0.004342225609839
0.952226203853458 -0.004071721775346
0.956238610297775 -0.003809052918479
0.959978116992936 -0.003554168395112
0.963463158698217 -0.003307141780731
0.966710699697411 -0.003068119315704
0.969736335745248 -0.002837283603019
0.972554392064379 -0.002614828666098
0.975178016503772 -0.002400943390555
0.977619267315606 -0.002195801087947
0.979889195267789 -0.001999553472760
0.981997920001363 -0.001812327770001
0.983954700680836 -0.001634225997267
0.985768001082917 -0.001465325714104
0.987445549334811 -0.001305681720299
0.988994392554639 -0.001155328327228
0.990420946669800 -0.001014281933361
0.991731041698792 -0.000882543714751
0.992929962781763 -0.000760102300412
0.994022487237749 -0.000646936345884
0.995012917914280 -0.000543016949771
0.995905113079314 -0.000448309880690
0.996702513087669 -0.000362777597966
0.997408164035025 -0.000286381060388
0.998024738592787 -0.000219081324629
0.998554554197215 -0.000160840939468
0.998999588746399 -0.000111625144544
0.999361493939117 -0.000071402883519
0.999641606370549 -0.000040147641587
0.999840956481140 -0.000017838116673
0.999960275436699 -0.000004458732476
1.000000000000000 0.000000000000000
