1.000000000000000 0.000000000000000
0.999961544761501 0.000013247592639
0.999846034199330 0.000053020089898
0.999653032776510 0.000119406697663
0.999381811265782 0.000212556251106
0.999031341719338 0.000332677449687
0.998600290362570 0.000480039180124
0.998087008347539 0.000654970921334
0.997489520282889 0.000857863223748
0.996805510437571 0.001089168253895
0.996032306495930 0.001349400393923
0.995166860721578 0.001639136884764
0.994205728366917 0.001959018501337
0.993145043144618 0.002309750248669
0.991980489556827 0.002692102069589
0.990707271858028 0.003106909558246
0.989320079408819 0.003555074679976
0.987813048161331 0.004037566507939
0.986179718003913 0.004555422002128
0.984412985684602 0.005109746878551
0.982505053032165 0.005701716648469
0.980447370203113 0.006332577952852
0.978230573706932 0.007003650380502
0.975844419005104 0.007716329045631
0.973277707548871 0.008472088320151
0.970518208224795 0.009272487278144
0.967552573326826 0.010119177628383
0.964366249382839 0.011013915203205
0.960943383449701 0.011958576460719
0.957266725875752 0.012955181970866
0.953317531039791 0.014005929529747
0.949075458243652 0.015113240424771
0.944518475800210 0.016279823508747
0.939622772465287 0.017508763196866
0.934362681762155 0.018803639348605
0.928710626497193 0.020168689315418
0.922637092922488 0.021609025304282
0.916110646618807 0.023130923696627
0.909098005289148 0.024742207114542
0.901564187277770 0.026452744827915
0.893472595150564 0.028274521641661
0.884783591196864 0.030216090490113
0.875454779831778 0.032282753309499
0.865442081751747 0.034479139123291
0.854700152272388 0.036808948583685
0.843182939399325 0.039274592782654
0.830844419643149 0.041876763146003
0.817639536894335 0.044613931011911
0.803525366016066 0.047481780857130
0.788462538448481 0.050472365781747
0.772417169650182 0.053570698228276
0.755362762131548 0.056753784910542
0.737282159476276 0.059991052081613
0.718169758622395 0.063243561533708
0.698033740149455 0.066463467825223
0.676899172381016 0.069601108810865
0.654813357748651 0.072631016201022
0.631845083496903 0.075537933080679
0.608084304487026 0.078311620834188
0.583641475255351 0.080945033938618
0.558642180011544 0.083390309672620
0.533224580242320 0.085560774158135
0.507538905268822 0.087368977239524
0.481743737024943 0.088735329353353
0.456006537884208 0.089629927761217
0.430496958077021 0.090064700187851
0.405377191733737 0.090062927895297
0.380796811562114 0.089657266000928
0.356887099706518 0.088891493014860
0.333759260821721 0.087815851637731
0.311504122966037 0.086481736868612
0.290191656332947 0.084939380836637
0.269871520312087 0.083226850840423
0.250574340903957 0.081367780326341
0.232313437111163 0.079386554954605
0.215087028357373 0.077308406337212
0.198880621317740 0.075158329899663
0.183673009984801 0.072948356566420
0.169449921830123 0.070639515598987
0.156188764338728 0.068198443687934
0.143855522918953 0.065613459437853
0.132396250274880 0.062931059488292
0.121740154460894 0.060249975935087
0.111822209080578 0.057644450670431
0.102584019964983 0.055164521959990
0.093974366572723 0.052838235722167
0.085972637146841 0.050615842333094
0.078574185019540 0.048408538761214
0.071762346050474 0.046159831139486
0.065493791001846 0.043868741440878
0.059697711042737 0.041589277051594
0.054314103692709 0.039364609596295
0.049294726091038 0.037224275802134
0.044607604683296 0.035182643633756
0.040257812475182 0.033225832111825
0.036250762436697 0.031337912041526
0.032581988609293 0.029508654489946
0.029240230706047 0.027731947661629
0.026209755788971 0.026004600933931
0.023471832070512 0.024325375134100
0.020988497705871 0.022689125710684
0.018700995609616 0.021085578188660
0.016564241426465 0.019509009202684
0.014546359713002 0.017957722143208
0.012625485264171 0.016432831655646
0.010790724791398 0.014938084480151
0.009069823103538 0.013485485395123
0.007498525852693 0.012088580401637
0.006096318857438 0.010757162241687
0.004870404711907 0.009498041363768
0.003819113641481 0.008315730257260
0.002934544157428 0.007212987982614
0.002204599801218 0.006191253085204
0.001614553220318 0.005250987404798
0.001148241117120 0.004391948762844
0.000788971722093 0.003613406892924
0.000520209141055 0.002914314089732
0.000326085248455 0.002293439740196
0.000191778978634 0.001749476048512
0.000103794299387 0.001281120780318
0.000050161356642 0.000887141654386
0.000020579874286 0.000566426042687
0.000006519575351 0.000318018852589
0.000001288916659 0.000141150819129
0.000000080602139 0.000035258898541
0.000000000000000 0.000000000000000
0.000000077622001 -0.000034579604807
0.000001247101677 -0.000138455547443
0.000006356530299 -0.000312037237494
0.000020272546010 -0.000555999051439
0.000049846202345 -0.000871237931985
0.000103778924205 -0.001258799773558
0.000192615884567 -0.001719803082196
0.000328674055933 -0.002255330025253
0.000525932305206 -0.002866283980623
0.000799872789617 -0.003553206171283
0.001167256577470 -0.004316041516651
0.001645811533793 -0.005153841225447
0.002253804357301 -0.006064386430097
0.003009460881751 -0.007043713156814
0.003930188921185 -0.008085513934064
0.005031545488133 -0.009180385109308
0.006325874443513 -0.010314881149340
0.007820520657681 -0.011470327440726
0.009515501450772 -0.012621330879512
0.011400484019070 -0.013733912211086
0.013451025061255 -0.014763301961033
0.015644635596226 -0.015670540820880
0.017989815032945 -0.016451673776657
0.020502369355864 -0.017118907635601
0.023202439271829 -0.017701924285817
0.026115685441491 -0.018254209221971
0.029268957911725 -0.018829494587793
0.032680518764689 -0.019428750918065
0.036367446906231 -0.020040963862414
0.040346763540509 -0.020650106867885
0.044634896707865 -0.021233577120702
0.049246941711207 -0.021760193591567
0.054196602148218 -0.022191561600297
0.059504843044104 -0.022520260012910
0.065199300562741 -0.022770677247349
0.071310171764669 -0.022986494797100
0.077870370587471 -0.023236735419926
0.084914948509897 -0.023572181673837
0.092480337806782 -0.023971726713009
0.100605156874106 -0.024390315314967
0.109330037563976 -0.024770688210292
0.118696704278967 -0.025084690425756
0.128747903273281 -0.025311017205251
0.139527003517572 -0.025424001472517
0.151077247164347 -0.025392932436517
0.163441242034005 -0.025189865792535
0.176661368265547 -0.024818945561101
0.190777763443813 -0.024305684138649
0.205826555749708 -0.023695553564413
0.221837964967713 -0.023025659171931
0.238834169806175 -0.022293573745689
0.256827438363156 -0.021492382312944
0.275817966458595 -0.020614526355330
0.295791714811365 -0.019651875492153
0.316718390755832 -0.018596439149068
0.338549594654207 -0.017445189778693
0.361217762027320 -0.016199181472571
0.384635872281807 -0.014861827113924
0.408697975485703 -0.013439217284274
0.433281435509487 -0.011949520924513
0.458249951630224 -0.010429056252882
0.483456036392918 -0.008919000149901
0.508745051155310 -0.007462024762216
0.533959188591570 -0.006091481378031
0.558941972058789 -0.004825050822568
0.583543925624437 -0.003676152312075
0.607626904297224 -0.002654638723573
0.631067302441072 -0.001770389681525
0.653758490238028 -0.001034749872852
0.675612818102050 -0.000453957694107
0.696562190431778 -0.000028868841346
0.716557681495546 0.000247965253520
0.735568372684124 0.000409004808149
0.753579747972292 0.000490513147726
0.770591708094594 0.000521626315800
0.786616378504132 0.000524965623960
0.801675892395934 0.000517459648124
0.815800311784733 0.000509291558937
0.829025728979159 0.000502427325201
0.841392383589070 0.000497351418794
0.852943153458340 0.000494318447542
0.863722316288992 0.000493412542179
0.873774541526519 0.000494596212920
0.883144092462313 0.000497749378028
0.891874213859369 0.000502699690364
0.900006678757307 0.000509245461359
0.907581465116412 0.000516817833365
0.914636537563700 0.000523723397508
0.921207737951508 0.000528593428203
0.927328732779939 0.000530615623843
0.933031009518717 0.000529380728952
0.938343912585708 0.000524765302710
0.943294708036574 0.000516843061119
0.947908668174977 0.000505818576025
0.952209169136651 0.000491978303415
0.956217796046393 0.000475654925599
0.959954451621082 0.000457201834116
0.963437465126188 0.000436975268904
0.966683699421952 0.000415322184466
0.969708654490763 0.000392572356232
0.972526566349279 0.000369033589515
0.975150500643483 0.000344989166804
0.977592440525064 0.000320696881469
0.979863368631987 0.000296389169913
0.981973343160937 0.000272273979919
0.983931568137285 0.000248536108891
0.985746458069858 0.000225338818356
0.987425697231545 0.000202825585926
0.988976293839299 0.000181121896945
0.990404629423715 0.000160337008512
0.991716503683127 0.000140565641093
0.992917175113448 0.000121889569288
0.994011397695059 0.000104379095169
0.995003453903929 0.000088094395951
0.995897184297273 0.000073086743584
0.996696013905349 0.000059399597733
0.997402975641388 0.000047069576099
0.998020730921617 0.000036127307527
0.998551587667251 0.000026598174011
0.998997515840500 0.000018502947916
0.999360160647195 0.000011858330523
0.999640853519631 0.000006677397529
0.999840620974768 0.000002969956460
0.999960191424858 0.000000742820208
1.000000000000000 0.000000000000000
