1.000000000000000 0.000000000000000
0.999960876683853 0.000013972651332
0.999843364034939 0.000055941133825
0.999647032994426 0.000126057327067
0.999371165263968 0.000224575345000
0.999014748474045 0.000351853011206
0.998576469356891 0.000508353930710
0.998054704860617 0.000694650164087
0.997447511122065 0.000911425510324
0.996752610196183 0.001159479404778
0.995967374419140 0.001439731437336
0.995088808260861 0.001753226493192
0.994113527500065 0.002101140514020
0.993037735531179 0.002484786870196
0.991857196587579 0.002905623324276
0.990567205639550 0.003365259551333
0.989162554698212 0.003865465161612
0.987637495228607 0.004408178143916
0.985985696346493 0.004995513612011
0.984200198444616 0.005629772688832
0.982273361866028 0.006313451301019
0.980196810215312 0.007049248575528
0.977961367874788 0.007840074425506
0.975556991273593 0.008689055778173
0.972972693445479 0.009599540725157
0.970196461409256 0.010575099655776
0.967215165918276 0.011619522154216
0.964014463157290 0.012736808087485
0.960578688023280 0.013931150864539
0.956890738719836 0.015206910286598
0.952931952532973 0.016568571708803
0.948681972853095 0.018020687364767
0.944118607779354 0.019567794635009
0.939217681008389 0.021214304732025
0.933952876193017 0.022964353692824
0.928295576585500 0.024821605681405
0.922214702586674 0.026788996386819
0.915676550842762 0.028868401755565
0.908644639805897 0.031060214455571
0.901079568244083 0.033362807428101
0.892939119007661 0.035772642958508
0.884179856141718 0.038289323085694
0.874757026954002 0.040914369431626
0.864624409540183 0.043649376601415
0.853734909185130 0.046496249699575
0.842041372343769 0.049457567827943
0.829497652977786 0.052537091693801
0.816059966445917 0.055740442618581
0.801688558997453 0.059075975457981
0.786348825681095 0.062552805077733
0.770007747311899 0.066161709309604
0.752637483348018 0.069879987402610
0.734219415230833 0.073677263852921
0.714746368616018 0.077514703738269
0.694224873421371 0.081344589813503
0.672680476730761 0.085128706687272
0.650164313263828 0.088866190107096
0.626750118991443 0.092569137308886
0.602534059927606 0.096259143621824
0.577632157540647 0.099951238356074
0.552167016993956 0.103562248355510
0.526271425608465 0.106961233665494
0.500089905124461 0.110012157907963
0.473777544491087 0.112608648501520
0.447505246454715 0.114781651583775
0.421445818069100 0.116608517802869
0.395764860961495 0.118170379707999
0.370615469924007 0.119493128103834
0.346133632643703 0.120457337837371
0.322436081800850 0.120945824564652
0.299618683316345 0.120875521802293
0.277756744400982 0.120217049595084
0.256908171103546 0.119050315886125
0.237110729869078 0.117476318346256
0.218382707475910 0.115586594329951
0.200725377039973 0.113462116760232
0.184132048738320 0.111147305733381
0.168614088054654 0.108556389932200
0.154170639235218 0.105606320933989
0.140779255615153 0.102267404753640
0.128390514960964 0.098621245450730
0.116941433222384 0.094792649986060
0.106368577539207 0.090880278399146
0.096609854330071 0.086959502222010
0.087622917385729 0.083057583049431
0.079388392373114 0.079153035486641
0.071876233022093 0.075234984083761
0.065032599197914 0.071314761153260
0.058785954775544 0.067420217144616
0.053072561009167 0.063575874297522
0.047837455511129 0.059802245400519
0.043050186827691 0.056124209816134
0.038699382641166 0.052569396375018
0.034767047413871 0.049156985525406
0.031229842155200 0.045899058865633
0.028061337014695 0.042802317905931
0.025233648537844 0.039869433246138
0.022707330404522 0.037092060866988
0.020410598107311 0.034436274856834
0.018282785900080 0.031873789005058
0.016280615985673 0.029386666036133
0.014373977116208 0.026964537710360
0.012542906518342 0.024602615702278
0.010794505201256 0.022309909472319
0.009164749262246 0.020109917354913
0.007677858213508 0.018019954056418
0.006346010400319 0.016050915387221
0.005172569367406 0.014208857178478
0.004154574938592 0.012496231783351
0.003284659127860 0.010912854311808
0.002552512918512 0.009456655747296
0.001946003052933 0.008124268196956
0.001452016769793 0.006911478097445
0.001057095715484 0.005813575726785
0.000747907095382 0.004825623453305
0.000511589768014 0.003942660463046
0.000336004828269 0.003159857990735
0.000209913805427 0.002472636133248
0.000123102547847 0.001876750987054
0.000066464886001 0.001368358994435
0.000032057027948 0.000944063905684
0.000013131163228 0.000600950584951
0.000004154786911 0.000336608941373
0.000000820689273 0.000149150502648
0.000000051294690 0.000037219523286
0.000000000000000 0.000000000000000
0.000000047360890 -0.000035723870659
0.000000760500008 -0.000142897479414
0.000003872839304 -0.000321521258960
0.000012341644531 -0.000571577155124
0.000030452919753 -0.000892999578308
0.000063973467473 -0.001285632924207
0.000120355575202 -0.001749173756643
0.000209001724015 -0.002283095058436
0.000341598953829 -0.002886549153359
0.000532535159115 -0.003558244946721
0.000799412741503 -0.004296293979781
0.001163660291827 -0.005098020341435
0.001648413873542 -0.005960025714641
0.002273874822579 -0.006878480157325
0.003059580296907 -0.007848636904756
0.004024085625152 -0.008864558294252
0.005183856293777 -0.009918848970015
0.006551800952088 -0.011002332557786
0.008135342366836 -0.012103659645064
0.009933895274810 -0.013208832165313
0.011935584596291 -0.014300625921113
0.014113053766815 -0.015357906161959
0.016438698479522 -0.016360631579450
0.018922157630256 -0.017301409523943
0.021583775570646 -0.018179297690475
0.024450115161348 -0.019000282895200
0.027555445628766 -0.019779701930527
0.030930792190011 -0.020528370066107
0.034594728161301 -0.021241326394093
0.038564141788104 -0.021913508422029
0.042854332827530 -0.022541785340362
0.047477862866578 -0.023126029129666
0.052443057703909 -0.023670543619465
0.057760897469494 -0.024182675205829
0.063458588899648 -0.024669327497999
0.069569014033117 -0.025142938173585
0.076129459617687 -0.025624643973611
0.083180644117448 -0.026135871537284
0.090759910718754 -0.026652271989526
0.098904268657833 -0.027120400745296
0.107651931688528 -0.027469166136613
0.117043903457224 -0.027665765124184
0.127123405555112 -0.027713257582340
0.137934412547207 -0.027627525164440
0.149520917610191 -0.027441874745613
0.161925680382453 -0.027197269943931
0.175187038389128 -0.026848597359052
0.189337753615682 -0.026287769487668
0.204403595476619 -0.025367494842167
0.220406736467447 -0.023975298433745
0.237373426601590 -0.022172013789186
0.255324983015800 -0.020093557840109
0.274274942956580 -0.017942355427945
0.294227554955427 -0.015997549649178
0.315174432467760 -0.014595908605869
0.337072265759349 -0.013832230291902
0.359843463189498 -0.013584834518299
0.383386888449958 -0.013676812538960
0.407578842614198 -0.013882073967205
0.432283540512411 -0.014047026287529
0.457364586303172 -0.014211867020813
0.482676250694683 -0.014443365413799
0.508065963309766 -0.014809914485527
0.533377151839014 -0.015332547261286
0.558452770467737 -0.015950331143975
0.583142686071898 -0.016595537890752
0.607308238605851 -0.017205470644719
0.630825517864090 -0.017727091610770
0.653587785529564 -0.018120008614011
0.675507403547226 -0.018354614349404
0.696516392150126 -0.018411885070077
0.716566070582736 -0.018287314725008
0.735626108400801 -0.018015070211848
0.753682644763897 -0.017638925466557
0.770736144317327 -0.017195090798005
0.786799209113680 -0.016712639438786
0.801894369430178 -0.016214240997328
0.816051636193316 -0.015711243831756
0.829306108128905 -0.015196757034353
0.841697297482659 -0.014664885250225
0.853267750601264 -0.014113377486998
0.864061704929597 -0.013542575235419
0.874123995057084 -0.012954565287616
0.883499186452758 -0.012352519016194
0.892230910151325 -0.011740193290856
0.900361369712318 -0.011121566139638
0.907931015928615 -0.010501282770035
0.914978365164486 -0.009885953370038
0.921539767543156 -0.009281247550351
0.927649329269322 -0.008691415793927
0.933338915804014 -0.008119568953182
0.938638194608403 -0.007567908748162
0.943574706296489 -0.007037916722923
0.948173955273915 -0.006530508333265
0.952459512844589 -0.006046158005432
0.956453127355872 -0.005585000190310
0.960174837256824 -0.005146910680057
0.963643083997928 -0.004731571773415
0.966874822541385 -0.004338524279038
0.969885627912973 -0.003967208831967
0.972689796741146 -0.003616998561541
0.975300443123864 -0.003287224781751
0.977729588462244 -0.002977197068881
0.979988245122029 -0.002686218837769
0.982086493945569 -0.002413599319225
0.984033555751594 -0.002158662669912
0.985837857038312 -0.001920754806119
0.987507090155892 -0.001699248438864
0.989048268243844 -0.001493546695140
0.990467775242632 -0.001303085634981
0.991771411291137 -0.001127335913198
0.992964433815562 -0.000965803785450
0.994051594603482 -0.000818031618598
0.995037173140857 -0.000683598033268
0.995925006471416 -0.000562117780751
0.996718515817769 -0.000453241435595
0.997420730182827 -0.000356654968569
0.998034307129077 -0.000272079251237
0.998561550912282 -0.000199269532652
0.999004428125592 -0.000138014919985
0.999364580989921 -0.000088137887997
0.999643338406890 -0.000049493836643
0.999841724871608 -0.000021970711569
0.999960467324078 -0.000005488698568
1.000000000000000 0.000000000000000
