1.000000000000000 0.000000000000000
0.999960338885931 0.000006728203472
0.999841211797679 0.000026939800213
0.999642186549082 0.000060715936289
0.999362539661425 0.000108192480098
0.999001251581404 0.000169560964443
0.998556999927340 0.000245069914657
0.998028150704229 0.000335026571835
0.997412747410581 0.000439799022587
0.996708497941888 0.000559818748845
0.995912759176927 0.000695583613062
0.995022519113877 0.000847661295501
0.994034376403438 0.001016693201031
0.992944517105779 0.001203398852773
0.991748688477394 0.001408580788606
0.990442169572907 0.001633129973753
0.989019738425941 0.001878031737721
0.987475635552731 0.002144372236153
0.985803523502904 0.002433345426794
0.983996442164626 0.002746260532521
0.982046759517385 0.003084549941851
0.979946117516538 0.003449777466500
0.977685372791654 0.003843646834020
0.975254531848248 0.004268010238099
0.972642680483377 0.004724876695756
0.969837907164256 0.005216419864412
0.966827220181319 0.005744984846197
0.963596458480329 0.006313093344024
0.960130196211213 0.006923446324034
0.956411641215537 0.007578923069990
0.952422527923650 0.008282575172472
0.948143005463045 0.009037613562082
0.943551522211096 0.009847386151034
0.938624708581175 0.010715342968950
0.933337260537316 0.011644984841750
0.927661827218446 0.012639790642716
0.921568907149369 0.013703116920258
0.915026758853026 0.014838062263955
0.908001333284082 0.016047287110839
0.900456237396167 0.017332777847671
0.892352835390149 0.018696119356270
0.883650765662649 0.020140864694219
0.874307986168811 0.021671496120879
0.864281002766565 0.023292817637043
0.853525347380430 0.025010034447371
0.841996224256316 0.026828861598431
0.829649352345359 0.028755667976716
0.816442030069945 0.030797661329390
0.802334443621767 0.032963118010237
0.787290932571668 0.035259514331176
0.771279853425659 0.037679797100381
0.754275963597688 0.040205181798899
0.736263037948482 0.042808372121602
0.717235952658116 0.045452281917301
0.697202777888725 0.048088998548414
0.676188514578429 0.050671190913125
0.654240545086367 0.053177692590535
0.631426968305203 0.055594425075473
0.607836416456354 0.057910631844040
0.583577360051024 0.060116799117665
0.558774008841490 0.062174894830184
0.533564354510153 0.064026665699598
0.508098284594416 0.065614642197516
0.482533668500503 0.066888906810121
0.457034392682958 0.067843589835910
0.431764038404557 0.068503165372589
0.406878886234324 0.068898227878573
0.382523042172913 0.069060996464842
0.358822593282976 0.069005714191413
0.335884439426707 0.068739868393005
0.313796258018430 0.068275875327163
0.292626095947371 0.067629857432461
0.272426424659225 0.066802379825438
0.253235589682853 0.065775798427747
0.235073339282003 0.064543835555845
0.217942686333462 0.063111530208095
0.201832505311144 0.061492552621663
0.186719682561034 0.059713484274497
0.172569786087760 0.057837864704561
0.159341930085388 0.055927729640619
0.146991671680462 0.054029640736588
0.135472688926576 0.052166798148998
0.124738066980825 0.050337488318188
0.114740788164658 0.048540347092727
0.105434483025252 0.046776186672182
0.096774281291104 0.045046720869917
0.088726298570622 0.043338044107029
0.081266448560404 0.041622807129751
0.074366326941583 0.039885054033110
0.067987760894775 0.038124564267619
0.062075819611425 0.036362161052987
0.056581054842284 0.034617350758242
0.051462102958414 0.032905023431375
0.046686441025172 0.031235824261203
0.042247569099343 0.029612687892657
0.038145608360746 0.028035644697606
0.034373164303208 0.026505359904656
0.030917611612653 0.025022869528462
0.027762958845870 0.023589365228995
0.024891231473206 0.022206049178177
0.022274549415413 0.020867403939633
0.019859818972206 0.019549224165465
0.017602358993980 0.018233177089111
0.015470507646653 0.016909949183029
0.013442471840361 0.015576733933856
0.011505540520897 0.014235876323547
0.009682665353827 0.012902994788346
0.008013486444115 0.011600005165423
0.006520664481626 0.010343369232015
0.005213278145243 0.009144925776073
0.004090568421772 0.008012932165508
0.003144839527653 0.006952892904709
0.002363698262016 0.005968218235770
0.001731775327555 0.005060747142697
0.001232041887324 0.004231162180147
0.000846810701083 0.003479318014253
0.000558492272488 0.002804501145014
0.000350161483443 0.002205634748841
0.000205978359098 0.001681439753835
0.000111497234861 0.001230560994010
0.000053891161011 0.000851665465671
0.000022112464534 0.000543518236844
0.000007005659932 0.000305040364236
0.000001385095019 0.000135352191457
0.000000086619715 0.000033804587977
0.000000000000000 0.000000000000000
0.000000084912141 -0.000033444790268
0.000001364301865 -0.000133888392293
0.000006954523729 -0.000301654258479
0.000022180505603 -0.000537266611069
0.000054519743717 -0.000841416797904
0.000113439119386 -0.001214910504913
0.000210365202519 -0.001658603225847
0.000358573924133 -0.002173312063817
0.000573029853835 -0.002759700842955
0.000870160952628 -0.003418132490077
0.001267547519595 -0.004148480878082
0.001783498026013 -0.004949892267920
0.002436476955585 -0.005820483946375
0.003244340220086 -0.006756964504823
0.004223321660504 -0.007754156279668
0.005386698900081 -0.008804395578511
0.006743047534936 -0.009896780196801
0.008293968253912 -0.011016226073602
0.010031140612527 -0.012142285348628
0.011932518131841 -0.013247666072409
0.013961781663834 -0.014298644394112
0.016108875831223 -0.015277123133728
0.018388634110617 -0.016181205637665
0.020822274601553 -0.017017288081017
0.023439026347739 -0.017803198144332
0.026278059908586 -0.018571619755732
0.029373381708733 -0.019344887658169
0.032743270676718 -0.020117638942036
0.036404285437529 -0.020881206359285
0.040371493720528 -0.021625084639078
0.044657364967768 -0.022336587523326
0.049270279028201 -0.023000446184871
0.054215647762577 -0.023598947435226
0.059513854691848 -0.024115403346255
0.065195083002324 -0.024533182007540
0.071293547499041 -0.024834728360868
0.077848065918615 -0.025002357343598
0.084896779156336 -0.025032144888450
0.092473064506336 -0.024946054801186
0.100609977226545 -0.024786890274200
0.109341786383890 -0.024603974956151
0.118709028047823 -0.024398327542144
0.128754975505208 -0.024155573980225
0.139524199986085 -0.023855784903175
0.151062070545793 -0.023471903311595
0.163413712895029 -0.022977959713705
0.176622080284994 -0.022375622179997
0.190727342698448 -0.021680472928646
0.205765610155882 -0.020919669055269
0.221767273526850 -0.020118412642620
0.238755127294091 -0.019288059270908
0.256742257395979 -0.018442594736954
0.275729870481760 -0.017600689500499
0.295705143667956 -0.016786193601321
0.316639061080266 -0.016024665809335
0.338483475528419 -0.015315594887426
0.361170344367581 -0.014640149320184
0.384611851688315 -0.013972389865539
0.408700943793819 -0.013280421000158
0.433313875014444 -0.012562672818175
0.458313399494891 -0.011870625040997
0.483550988837480 -0.011263882571789
0.508870893349112 -0.010802091590501
0.534113915070766 -0.010491724982081
0.559121891425912 -0.010261778904955
0.583743812162340 -0.010037420046034
0.607840272722709 -0.009751113117920
0.631287683082205 -0.009386672751782
0.653981048083848 -0.008994572802229
0.675834322359940 -0.008622611598963
0.696780791146525 -0.008308727214760
0.716772569578116 -0.008074316962022
0.735778995351713 -0.007893967167466
0.753785562291306 -0.007732872052638
0.770792205458650 -0.007565326799869
0.786811102965296 -0.007373584711712
0.801864452725745 -0.007146536635842
0.815982409674468 -0.006882883456224
0.829201203166074 -0.006594970836276
0.841561190714706 -0.006294396667840
0.853105342590208 -0.005989998617402
0.863878007348846 -0.005688351490492
0.873923907327391 -0.005394206913344
0.883287343975655 -0.005110871364527
0.892011588302683 -0.004840523899443
0.900138430095456 -0.004584478129557
0.907707831947527 -0.004342681465834
0.914757663333429 -0.004112442120437
0.921323688767198 -0.003891361310362
0.927439530034186 -0.003677840942462
0.933136653069885 -0.003470862668297
0.938444396805301 -0.003269820257204
0.943390032534153 -0.003074393821044
0.947998844604634 -0.002884456542810
0.952294225162588 -0.002700006402107
0.956297777286533 -0.002521116944292
0.960029422184810 -0.002347902423258
0.963507507204954 -0.002180493689394
0.966748912270357 -0.002019022027955
0.969769153043376 -0.001863608812700
0.972582479648504 -0.001714359356400
0.975201970201385 -0.001571359741231
0.977639618703029 -0.001434675721409
0.979906417093386 -0.001304353027221
0.982012431431060 -0.001180418579583
0.983966872289768 -0.001062882260195
0.985778159548221 -0.000951738984311
0.987453981807141 -0.000846970899081
0.989001350702016 -0.000748549586490
0.990426650398631 -0.000656438191048
0.991735682564428 -0.000570593422060
0.992933707105918 -0.000490967401633
0.994025478953065 -0.000417509344479
0.995015281157927 -0.000350167065842
0.995906954558141 -0.000288888320696
0.996703924237385 -0.000233621981667
0.997409222995398 -0.000184319065622
0.998025512020121 -0.000140933620083
0.998555098934480 -0.000103423480887
0.998999953370432 -0.000071750912178
0.999361720203412 -0.000045883139060
0.999641730561288 -0.000025792782120
0.999841010703340 -0.000011458201844
0.999960288846697 -0.000002863759544
1.000000000000000 0.000000000000000
