1.000000000000000 0.000000000000000
0.999960400309089 0.000003676271887
0.999841457580021 0.000014721554273
0.999642739896255 0.000033185370958
0.999363524230141 0.000059150674588
0.999002791663550 0.000092734469147
0.998559220638094 0.000134088687472
0.998031178175816 0.000183401329644
0.997416708993684 0.000240897869529
0.996713522417294 0.000306842937997
0.995918976980695 0.000381542292199
0.995030062580246 0.000465345080800
0.994043380030907 0.000558646414920
0.992955117853352 0.000661890253629
0.991761026100000 0.000775572610814
0.990456387007583 0.000900245086789
0.989035982243693 0.001036518722592
0.987494056495234 0.001185068166915
0.985824277128647 0.001346636134227
0.984019689636106 0.001522038116765
0.982072668569834 0.001712167291312
0.979974863660122 0.001917999532315
0.977717140813626 0.002140598403548
0.975289517700184 0.002381119948304
0.972681093662359 0.002640817029313
0.969879973727191 0.002921042879387
0.966873186570154 0.003223253406325
0.963646596385038 0.003549007643335
0.960184808759795 0.003899965539849
0.956471070859344 0.004277882035789
0.952487166486403 0.004684596041113
0.948213306948044 0.005122012535421
0.943628019119755 0.005592075490092
0.938708032694458 0.006096728676082
0.933428169358775 0.006637860630266
0.927761237583140 0.007217229088038
0.921677937877900 0.007836359028216
0.915146784785310 0.008496407103949
0.908134053573638 0.009197983651029
0.900603761590211 0.009940921700082
0.892517696511952 0.010723980541881
0.883835510088851 0.011544511181080
0.874515132801289 0.012400662140113
0.864513330954148 0.013293942080590
0.853785943163332 0.014226825488291
0.842288497278493 0.015202761499001
0.829977047459034 0.016226549522279
0.816809231180405 0.017304808809777
0.802745566857489 0.018446548285876
0.787751003291919 0.019663834942699
0.771796364622717 0.020968444038474
0.754859094256515 0.022357809172384
0.736925963940377 0.023821856113998
0.717995491224189 0.025345385603385
0.698080067289785 0.026907357606781
0.677207996015744 0.028481317323998
0.655426359977947 0.030052454883984
0.632802353115018 0.031620538854211
0.609422845729017 0.033188096563153
0.585393860763990 0.034759926071273
0.560838087988114 0.036317859299147
0.535890950196134 0.037784928056202
0.510698943949225 0.039072008412422
0.485415861848915 0.040090245804650
0.460200336387733 0.040790977040889
0.435213095807906 0.041203795441316
0.410608129567412 0.041371861286053
0.386527642825304 0.041340596728631
0.363096970000523 0.041152656595584
0.340421025019152 0.040844187313595
0.318585566966990 0.040448242904647
0.297657050494650 0.039994325418016
0.277683398075467 0.039501801136862
0.258696952411281 0.038950105992515
0.240714012554946 0.038312854607916
0.223735770186191 0.037575089429138
0.207750616362890 0.036731275641841
0.192736478970462 0.035783288496552
0.178662835046716 0.034753153139981
0.165492624521610 0.033690612695107
0.153184632101425 0.032635998687018
0.141695044060701 0.031617200326428
0.130977903365192 0.030636220712462
0.120986392464836 0.029676627175097
0.111674740469116 0.028727409310385
0.102998738754738 0.027782534382454
0.094916203387791 0.026839288779917
0.087395036364713 0.025885971643520
0.080413495225258 0.024900845877466
0.073946210863462 0.023871525493978
0.067960672736384 0.022798167076222
0.062400713708036 0.021710701361919
0.057211939954871 0.020640301897872
0.052351264044454 0.019608421069370
0.047784422768400 0.018629135646438
0.043496922538612 0.017705076436739
0.039502722747193 0.016824178044082
0.035808911427225 0.015976443952050
0.032413558757744 0.015155356718831
0.029308448202806 0.014356944728608
0.026481138799834 0.013579073273574
0.023916499132933 0.012820905955777
0.021581649648761 0.012077629468186
0.019405110381282 0.011333630253562
0.017330256455181 0.010578169854994
0.015320406593276 0.009806625901826
0.013353777079905 0.009018770494719
0.011420038156199 0.008217521582103
0.009548385617709 0.007412354542023
0.007807463145321 0.006618867157359
0.006242408232334 0.005849538056332
0.004875979790339 0.005113660768651
0.003714578271206 0.004418037014509
0.002752945690406 0.003767532007908
0.001977824927081 0.003165519018674
0.001370799655338 0.002614235010840
0.000910490233042 0.002115064830537
0.000574244336908 0.001668767934042
0.000339432100959 0.001275658850354
0.000184432413472 0.000935750322248
0.000089378603345 0.000648866252696
0.000036717003222 0.000414730109862
0.000011620017094 0.000233033240839
0.000002285704485 0.000103486553296
0.000000142164810 0.000025858515714
0.000000000000000 0.000000000000000
0.000000141008514 -0.000025788223305
0.000002253358929 -0.000103284357099
0.000011382927657 -0.000232873458277
0.000035863789342 -0.000415165648634
0.000087197320443 -0.000650946796404
0.000179867900453 -0.000941105660092
0.000331079189969 -0.001286533463718
0.000560388932960 -0.001687990393225
0.000889213001274 -0.002145931755929
0.001340160580886 -0.002660284442126
0.001936151513701 -0.003230161765503
0.002699253265586 -0.003853501608432
0.003649158055624 -0.004526608900604
0.004801199433078 -0.005243578616752
0.006163780871095 -0.005995569444423
0.007735055304375 -0.006769890735988
0.009498652138073 -0.007548855932363
0.011418194785044 -0.008308343841878
0.013431200505730 -0.009016333378137
0.015488096864833 -0.009648394498680
0.017592726128191 -0.010204067373993
0.019762427956756 -0.010693917566613
0.022027339372812 -0.011141661073232
0.024434793281094 -0.011588891532099
0.027049715358914 -0.012095009585800
0.029910207094370 -0.012684507583445
0.033032655373920 -0.013352109135557
0.036432245273213 -0.014085737045000
0.040122307063717 -0.014864405974210
0.044113110067219 -0.015655119423960
0.048410246092152 -0.016408848651553
0.053014115700546 -0.017060111913924
0.057938202937654 -0.017581943434289
0.063209988744328 -0.017990812891271
0.068861322011798 -0.018321619790228
0.074929099979652 -0.018633931485487
0.081453284146729 -0.018997129032998
0.088467656782277 -0.019420321083568
0.096004644357386 -0.019890957490773
0.104096946621175 -0.020388520992126
0.112781593140370 -0.020896316357350
0.122100758435817 -0.021403498248522
0.132098671268684 -0.021895351132536
0.142821228960614 -0.022351833357658
0.154315518920579 -0.022746855319839
0.166627093219046 -0.023065459729824
0.179797862660992 -0.023314025851856
0.193866305119399 -0.023508746275475
0.208866085798854 -0.023674871012698
0.224826291943568 -0.023820582209422
0.241769301462760 -0.023939860970017
0.259707716949186 -0.024025713614337
0.278642177982500 -0.024070400265635
0.298559207031505 -0.024065543563869
0.319428962713383 -0.024000429581942
0.341202936629210 -0.023857512980889
0.363813295769012 -0.023616117561323
0.387172627958656 -0.023253933845604
0.411174518009898 -0.022749541244726
0.435695723605302 -0.022103060555997
0.460598590163203 -0.021332611101117
0.485734118671694 -0.020461436615197
0.510946230293153 -0.019516398388867
0.536076883326207 -0.018525160666145
0.560970791278192 -0.017515212922831
0.585479848397893 -0.016513284939168
0.609467245946496 -0.015542564805180
0.632810397228483 -0.014610140101488
0.655403793688552 -0.013714852268407
0.677160851192324 -0.012855455141835
0.698014415941940 -0.012030818369401
0.717916430635106 -0.011241291075984
0.736836817642466 -0.010488786659185
0.754761725802821 -0.009774587836692
0.771691523256039 -0.009099259944441
0.787638629058010 -0.008462751889017
0.802625321854891 -0.007864481885108
0.816681636922530 -0.007303373381856
0.829843440230266 -0.006778049352128
0.842150715582697 -0.006286947118581
0.853646088207792 -0.005828382340186
0.864373589192728 -0.005400602595594
0.874377649502482 -0.005001831033861
0.883702303638011 -0.004630300942945
0.892390578278710 -0.004284280868650
0.900484039022136 -0.003962074938566
0.908022471326848 -0.003662050609607
0.915043670509264 -0.003382667080583
0.921583318145360 -0.003122477831854
0.927674926927698 -0.002880130419164
0.933349838034411 -0.002654364689234
0.938637257729811 -0.002444009848580
0.943564322351629 -0.002247980734889
0.948156182976100 -0.002065273569176
0.952436102879786 -0.001894961406561
0.956425562448981 -0.001736189453259
0.960144367450166 -0.001588170376194
0.963610757600057 -0.001450179698266
0.966841513194900 -0.001321551345787
0.969852058208161 -0.001201673393640
0.972656558772929 -0.001089984037480
0.975268016356468 -0.000985967809825
0.977698355231619 -0.000889152047558
0.979958504072136 -0.000799103611353
0.982058471662243 -0.000715425852635
0.984007416827396 -0.000637755820104
0.985813712774073 -0.000565761695612
0.987485006079473 -0.000499140447707
0.989028270604118 -0.000437615690436
0.990449856616683 -0.000380935734729
0.991755535424956 -0.000328871819846
0.992950539803017 -0.000281216512706
0.994039600494751 -0.000237782263527
0.995026979059720 -0.000198400106878
0.995916497310545 -0.000162918498018
0.996711563572337 -0.000131202275202
0.997415195975145 -0.000103131739477
0.998030042970469 -0.000078601844310
0.998558401242854 -0.000057521488217
0.999002231167892 -0.000039812904359
0.999363169948539 -0.000025411141867
0.999642542542821 -0.000014263634395
0.999841370477547 -0.000006329852158
0.999960378624743 -0.000001581034407
1.000000000000000 0.000000000000000
