1.000000000000000 0.000000000000000
0.999961679156509 0.000019939301949
0.999846563783810 0.000079793691513
0.999654194244495 0.000179672590485
0.999383800763441 0.000319758268692
0.999034297822328 0.000500305687503
0.998604276239224 0.000721642267381
0.998091992860146 0.000984167566576
0.997495357768220 0.001288352855086
0.996811918894577 0.001634740565692
0.996038843893452 0.002023943602618
0.995172899122327 0.002456644488549
0.994210425546646 0.002933594333054
0.993147311367965 0.003455611610756
0.991978961155199 0.004023580747094
0.990700261241587 0.004638450524786
0.989305541136606 0.005301232347372
0.987788530693924 0.006012998430350
0.986142312776019 0.006774880039263
0.984359271166490 0.007588065962833
0.982431033506577 0.008453801504594
0.980348409078488 0.009373388407314
0.978101321332175 0.010348186302565
0.975678735163675 0.011379616518239
0.973068579114248 0.012469169399343
0.970257662886211 0.013618416727665
0.967231590883670 0.014829031396610
0.963974672909961 0.016102817250511
0.960469833720666 0.017441752986134
0.956698523881850 0.018848055304320
0.952640635367023 0.020324268174285
0.948274426603430 0.021873387232570
0.943576463320406 0.023499031103886
0.938521583643165 0.025205674942760
0.933082898509004 0.026998965912112
0.927231841760959 0.028886145807293
0.920938288298175 0.030876612768229
0.914170763520916 0.032982662134980
0.906896773054937 0.035220456057447
0.899083287829637 0.037611281000634
0.890695689711835 0.040178605088747
0.881693449177688 0.042936350651581
0.872033070949369 0.045895975473834
0.861669236853390 0.049068492356464
0.850555167261497 0.052464034799940
0.838643120922486 0.056091304999804
0.825885057324547 0.059956888709756
0.812233485200288 0.064064425428760
0.797642519211404 0.068413632487543
0.782070249468554 0.073001914420080
0.765483004378150 0.077830018963056
0.747855750581720 0.082897414325297
0.729173943001212 0.088200814560909
0.709435940731439 0.093733874825448
0.688655308823699 0.099486609968171
0.666860519610904 0.105436993427530
0.644095914943084 0.111547974736704
0.620424958927545 0.117773992358120
0.595930928394109 0.124061887220592
0.570716284975244 0.130349764718736
0.544900697423369 0.136564057315905
0.518619580140421 0.142626708552750
0.492021128012106 0.148459227660239
0.465260541768360 0.153956335441711
0.438493824088206 0.158961987525610
0.411876451814735 0.163328284353550
0.385560069518776 0.166930143195102
0.359703066804606 0.169673923448618
0.334464128269564 0.171500613189117
0.309982002817233 0.172383928166772
0.286373635736104 0.172326627211402
0.263758685504374 0.171318178568935
0.242249143249370 0.169346161237655
0.221921237069509 0.166435522926899
0.202817734508036 0.162642630778652
0.184970800892026 0.158032321450951
0.168512064977333 0.152585349657908
0.153559158912407 0.146286834849704
0.140138584984718 0.139198520440035
0.128053487904712 0.131667983815248
0.117038376612559 0.124106143879208
0.106886837249107 0.116804344268269
0.097441822202534 0.109956788998653
0.088638996546859 0.103600708029052
0.080520989227731 0.097599784757299
0.073109632517924 0.091843218534239
0.066376533101406 0.086278352429481
0.060242398762539 0.080908381173450
0.054634914022913 0.075739690378562
0.049493077067042 0.070776298658135
0.044777389013442 0.066025330270570
0.040480253957758 0.061502434349207
0.036589867790449 0.057217242532297
0.033087318244045 0.053172862918314
0.029949275587180 0.049367648527982
0.027149969853406 0.045796565777189
0.024661914435956 0.042451859693188
0.022429007094447 0.039308577001537
0.020371140414083 0.036327314328320
0.018429420959341 0.033479172079468
0.016563709633828 0.030744585486960
0.014747896380391 0.028110893574793
0.012966348588322 0.025570518218432
0.011229565200309 0.023127016703529
0.009584251558799 0.020798954714658
0.008064804678354 0.018600132399135
0.006690880082371 0.016538498957368
0.005471227138403 0.014617636015033
0.004406660503752 0.012837915410442
0.003492354538288 0.011197400491407
0.002719607934387 0.009692545586114
0.002077194533318 0.008318736878921
0.001552391611215 0.007070708867830
0.001131757446542 0.005942863413489
0.000801714629239 0.004929512717690
0.000548983471170 0.004025063080920
0.000360900340757 0.003224152736224
0.000225648228354 0.002521754244284
0.000132420923456 0.001913249706735
0.000071537510575 0.001394485288080
0.000034520199019 0.000961810133151
0.000014145579798 0.000612103649246
0.000004477081293 0.000342794227518
0.000000884538855 0.000151871757366
0.000000055293231 0.000037895699979
0.000000000000000 0.000000000000000
0.000000047709036 -0.000035160014165
0.000000766149959 -0.000140636292742
0.000003901998707 -0.000316412408724
0.000012436239557 -0.000562443640558
0.000030691581455 -0.000878630157666
0.000064488210359 -0.001264777844876
0.000121353508970 -0.001720545045002
0.000210793371779 -0.002245372880299
0.000344635055128 -0.002838396091806
0.000537454227745 -0.003498330477668
0.000807102144970 -0.004223331978317
0.001175352803215 -0.005010821199910
0.001667311239518 -0.005857281048892
0.002305051096283 -0.006758068688733
0.003108882271504 -0.007707080896301
0.004098036842439 -0.008696349989527
0.005289495565264 -0.009715566740017
0.006696434434733 -0.010751491638460
0.008326182984154 -0.011787228209484
0.010177555971534 -0.012801325721803
0.012237382652117 -0.013766670727097
0.014476301018405 -0.014649270239720
0.016869737974432 -0.015420679458565
0.019428288948433 -0.016075862505853
0.022170172087393 -0.016621133971871
0.025118562259821 -0.017076021779893
0.028302169041762 -0.017475699942444
0.031744603430410 -0.017837466970378
0.035462790186693 -0.018156894948011
0.039473288774433 -0.018430106288886
0.043791911420993 -0.018655090784559
0.048432941506855 -0.018832672370384
0.053408299167109 -0.018967632317234
0.058735114692863 -0.019063400088179
0.064441796630666 -0.019118117393561
0.070561016015971 -0.019131196562270
0.077129769550724 -0.019104653085530
0.084187436030297 -0.019042144211784
0.091769711157515 -0.018945068966255
0.099912368025585 -0.018816493341088
0.108652336401474 -0.018661454729326
0.118030321245165 -0.018477931259507
0.128089634814536 -0.018259396490663
0.138874762055281 -0.017997786109600
0.150430804435792 -0.017683187068896
0.162802637876082 -0.017306435072320
0.176033428530390 -0.016872916821385
0.190163637291788 -0.016398703832641
0.205229698842245 -0.015908981700840
0.221262108502433 -0.015425128776319
0.238283201126949 -0.014945482516133
0.256305276408262 -0.014462621779197
0.275328414398279 -0.013965212596236
0.295338278288137 -0.013437343884627
0.316304155637273 -0.012860689151314
0.338177890084168 -0.012239104360946
0.360892644199516 -0.011594012088614
0.384362215160259 -0.010952472720740
0.408481511310318 -0.010346390924086
0.433127675222457 -0.009803534789505
0.458162299907341 -0.009339839096025
0.483435373671337 -0.008969079102623
0.508789594077513 -0.008703119276564
0.534065021596298 -0.008543121166856
0.559103970142430 -0.008474605115374
0.583755995802982 -0.008480491888896
0.607882212524110 -0.008543405728793
0.631359221218143 -0.008651742133331
0.654081827510107 -0.008802551966813
0.675963780937288 -0.008992767265117
0.696938189012040 -0.009218521087711
0.716956951497146 -0.009470813661160
0.735988787954570 -0.009712947818228
0.754018573931746 -0.009906907175350
0.771045843739454 -0.010026664909642
0.787082559493729 -0.010056439466430
0.802150853004513 -0.009988799220895
0.816281381916831 -0.009834377256708
0.829511943951385 -0.009633601035082
0.841884147604391 -0.009420639877127
0.853441758881832 -0.009219254050271
0.864229576353417 -0.009045070000592
0.874292517729188 -0.008907508178831
0.883674898808273 -0.008811372207999
0.892419881895640 -0.008758127736854
0.900569069500476 -0.008746908695393
0.908161665332438 -0.008768389598632
0.915233313518309 -0.008793219318584
0.921818026152927 -0.008797761376125
0.927948387131572 -0.008767467394587
0.933655342695146 -0.008694410338743
0.938968080068363 -0.008575394785864
0.943913973110052 -0.008410523947742
0.948518577861858 -0.008202124589529
0.952805664315569 -0.007953949812367
0.956797273618922 -0.007670595706629
0.960513792340700 -0.007357081245401
0.963974037372115 -0.007018551725651
0.967195346613476 -0.006660074891932
0.970193671843136 -0.006286505919736
0.972983671145503 -0.005902402999704
0.975578799035930 -0.005511979623799
0.977991393005092 -0.005119083066315
0.980232755649875 -0.004727191174037
0.982313231891270 -0.004339421593896
0.984242281026463 -0.003958549104941
0.986028543541612 -0.003587027890052
0.987679902739163 -0.003227016465319
0.989203541321209 -0.002880403647380
0.990605993128084 -0.002548834432712
0.991893190266365 -0.002233735028014
0.993070505878849 -0.001936336538323
0.994142792815059 -0.001657697013284
0.995114418458065 -0.001398721690187
0.995989295954328 -0.001160181369163
0.996770912079884 -0.000942728921655
0.997462351959956 -0.000746913976211
0.998066320841046 -0.000573195851758
0.998585163095456 -0.000421954822282
0.999020878618658 -0.000293501801889
0.999375136760174 -0.000188086537775
0.999649287909078 -0.000105904392841
0.999844372835846 -0.000047101790693
0.999961129873219 -0.000011780384673
1.000000000000000 0.000000000000000
