1.000000000000000 0.000000000000000
0.999959956366363 0.000005772467211
0.999839680926303 0.000023117087973
0.999638739114243 0.000052115739864
0.999356403485489 0.000092905621441
0.998991648933975 0.000145680362945
0.998543145938529 0.000210691594904
0.998009251778688 0.000288250988110
0.997387999643476 0.000378732782145
0.996677085538672 0.000482576823104
0.995873852879498 0.000600292134372
0.994975274636640 0.000732461047084
0.993977932883793 0.000879743919056
0.992877995574742 0.001042884472269
0.991671190357327 0.001222715778982
0.990352775210714 0.001420166924875
0.988917505671510 0.001636270373479
0.987359598393845 0.001872170048832
0.985672690769155 0.002129130141490
0.983849796313954 0.002408544625378
0.981883255519498 0.002711947447413
0.979764681847353 0.003041023315837
0.977484902551659 0.003397618963489
0.975033894014701 0.003783754694475
0.972400711300809 0.004201635931410
0.969573411668750 0.004653664358534
0.966538971840097 0.005142448094673
0.963283198907394 0.005670810117863
0.959790634889677 0.006241793886423
0.956044455114547 0.006858664741843
0.952026360838174 0.007524905215508
0.947716466822767 0.008244201768314
0.943093184993200 0.009020419738845
0.938133105811992 0.009857562326936
0.932810879668778 0.010759708256071
0.927099101403495 0.011730921299324
0.920968202100194 0.012775123080921
0.914386353528794 0.013895918449183
0.907319392100765 0.015096360246970
0.899730770959524 0.016378637510080
0.891581550851746 0.017743668091281
0.882830567115902 0.019191350277514
0.873435407036382 0.020725311706437
0.863352546853257 0.022351711763773
0.852537574123232 0.024077721017271
0.840945862517107 0.025911802774310
0.828533450085483 0.027864073283486
0.815258146622544 0.029946741858995
0.801080891188178 0.032174633493233
0.785967336884618 0.034565557350546
0.769887649991532 0.037126757724899
0.752816415090271 0.039840555305730
0.734736614379343 0.042676685901274
0.715641832903437 0.045591855876733
0.695538257234065 0.048528050536743
0.674447910453992 0.051420831709499
0.652418446433817 0.054256586956599
0.629521323440167 0.057051447447154
0.605849359660470 0.059831141953423
0.581515877734915 0.062628086988478
0.556645713668353 0.065416361032514
0.531371132169285 0.068099164556270
0.505835309149438 0.070571408184015
0.480189259376923 0.072731181836411
0.454594438554696 0.074533598079557
0.429216689972934 0.075985893229017
0.404214922851817 0.077104509306627
0.379735987467081 0.077910803356483
0.355908714578669 0.078413162199426
0.332842347056779 0.078615223324120
0.310626640589299 0.078528308079502
0.289331430737374 0.078170045592130
0.269011177635463 0.077545017536006
0.249706431173870 0.076641790096729
0.231438539061248 0.075461395867928
0.214211520131169 0.074016786315777
0.198014753263219 0.072329768856776
0.182827141450623 0.070429141188343
0.168623148529498 0.068350568546405
0.155369215677866 0.066130334384414
0.143024402547592 0.063803733567775
0.131535674037255 0.061426287255441
0.120842375429449 0.059065414737718
0.110887418249760 0.056770276338340
0.101617687760019 0.054574302002129
0.092986006445990 0.052492481242284
0.084968086232818 0.050474068124959
0.077545186620120 0.048455120917710
0.070690880166726 0.046397971017320
0.064364629599963 0.044301487663254
0.058519162270798 0.042185582474992
0.053112019082925 0.040068182851008
0.048105424433858 0.037964649435338
0.043472523418003 0.035891878441767
0.039198290988119 0.033869337622948
0.035265565046815 0.031911578055052
0.031655002995231 0.030028652158525
0.028346183372580 0.028227143895923
0.025318401354773 0.026510983269353
0.022548912798573 0.024877955203952
0.020001348971792 0.023298860618365
0.017640837743396 0.021744418196855
0.015440802445401 0.020197416189647
0.013381114015161 0.018649507261803
0.011447701995458 0.017099253705067
0.009652722014878 0.015560913836388
0.008022248176251 0.014057287735531
0.006569662030444 0.012605652243784
0.005298127319509 0.011218472467971
0.004203493406664 0.009904478567569
0.003276532252607 0.008669522272130
0.002504654339801 0.007517257694649
0.001873218054320 0.006449681998122
0.001366522659511 0.005467564290002
0.000968555769491 0.004570785391209
0.000663551069198 0.003758606556256
0.000436400073006 0.003029881572119
0.000272952286806 0.002383223747149
0.000160230702246 0.001817136967061
0.000086583681992 0.001330118122968
0.000041789655584 0.000920736710648
0.000017127370200 0.000587696184114
0.000005421517849 0.000329880658393
0.000001071220662 0.000146389746497
0.000000066962817 0.000036563643203
0.000000000000000 0.000000000000000
0.000000065452592 -0.000036125508126
0.000001051202817 -0.000144629815715
0.000005355212319 -0.000325893128980
0.000017074325285 -0.000580538442739
0.000042065998701 -0.000909408434865
0.000087781538949 -0.001313513663090
0.000163264811944 -0.001793977206538
0.000279129065447 -0.002351959978848
0.000447492083791 -0.002988561628267
0.000681877881470 -0.003704692809222
0.000997072252788 -0.004500911875312
0.001408915824191 -0.005377217208597
0.001934013618818 -0.006332784130430
0.002589334271875 -0.007365632520068
0.003391664593170 -0.008472207755378
0.004356875733339 -0.009646853205549
0.005498945233529 -0.010881147023699
0.006828664042214 -0.012163069125295
0.008351938304640 -0.013475955642368
0.010067571279803 -0.014797187369937
0.011964379741586 -0.016096545214612
0.014022050075463 -0.017337695221609
0.016241929616621 -0.018503118942467
0.018640444709984 -0.019590582367276
0.021237553630070 -0.020606309397994
0.024057515017503 -0.021568373666351
0.027128579586781 -0.022506480522295
0.030472962437361 -0.023428240336712
0.034108391140165 -0.024326481300213
0.038051606469980 -0.025194177308776
0.042317455154012 -0.026025020600015
0.046917617486063 -0.026814085235762
0.051859405451124 -0.027558816270719
0.057157480342718 -0.028262170002078
0.062839984204406 -0.028935540735579
0.068938778395497 -0.029600243854975
0.075489305331344 -0.030291074567861
0.082529389422250 -0.031034752274011
0.090096439755718 -0.031803853167214
0.098229621864801 -0.032546432384877
0.106969980437537 -0.033200088835238
0.116359376773283 -0.033752464306955
0.126440248983222 -0.034219658695534
0.137255083068406 -0.034633502480278
0.148845446880696 -0.035047233958021
0.161252104746853 -0.035520332786132
0.174517986815487 -0.036052924308394
0.188684762395429 -0.036621539472472
0.203790626403023 -0.037190877910858
0.219867436593921 -0.037730204476844
0.236937827348415 -0.038226841573085
0.255014253377864 -0.038668551453689
0.274096844571039 -0.039042234480586
0.294171181149126 -0.039334246136873
0.315206291843406 -0.039530813615753
0.337153222832902 -0.039618520866282
0.359943788725215 -0.039584930055392
0.383490093410331 -0.039419246973054
0.407685075266020 -0.039113528484612
0.432404688552414 -0.038676139646254
0.457510572126411 -0.038133995969634
0.482852948319641 -0.037519927473633
0.508274777661456 -0.036868447291548
0.533615439564711 -0.036179033454098
0.558715843407792 -0.035420047715839
0.583424277264149 -0.034562426585243
0.607600860299328 -0.033584325458037
0.631121990300173 -0.032496181319918
0.653882486312851 -0.031330098775810
0.675796211774086 -0.030116358799433
0.696796513643260 -0.028881859212871
0.716835058788951 -0.027640172894991
0.735880180651366 -0.026384878691970
0.753916922898846 -0.025111334299124
0.770945170249271 -0.023818787684679
0.786977365869188 -0.022509487712162
0.802036320481832 -0.021189122646221
0.816153828072108 -0.019875411599714
0.829367804406197 -0.018587921871210
0.841719919363988 -0.017341004398705
0.853254168561674 -0.016144663196005
0.864015688885102 -0.015005408783809
0.874049798401980 -0.013927002900768
0.883401240056083 -0.012911090960672
0.892113604372382 -0.011957723857881
0.900228889850002 -0.011065394933058
0.907787200334383 -0.010231216654451
0.914826588609079 -0.009452064378411
0.921382948303714 -0.008724781708264
0.927489967527291 -0.008046245898779
0.933179133322365 -0.007413415317540
0.938479773959821 -0.006823362649633
0.943419128487122 -0.006273296942465
0.948022435038535 -0.005760577045327
0.952313031206240 -0.005282718518925
0.956312461270753 -0.004837395678325
0.960040586323699 -0.004422440086589
0.963515694317795 -0.004035836530576
0.966754607880728 -0.003675717277523
0.969772788363388 -0.003340355223810
0.972584435087423 -0.003028156398168
0.975202579138012 -0.002737652164038
0.977639171336936 -0.002467491373890
0.979905164246950 -0.002216432657087
0.982010588216584 -0.001983336968185
0.983964621587218 -0.001767160480959
0.985775655261914 -0.001566947882080
0.987451351886092 -0.001381826095095
0.988998699920329 -0.001210998448266
0.990424062900292 -0.001053739287564
0.991733224182294 -0.000909389027539
0.992931427468114 -0.000777349626980
0.994023413392065 -0.000657080472628
0.995013452438623 -0.000548094652120
0.995905374441545 -0.000449955596409
0.996702594896496 -0.000362274071904
0.997408138299308 -0.000284705503087
0.998024658701838 -0.000216947607437
0.998554457657202 -0.000158738325789
0.998999499706314 -0.000109854032790
0.999361425538113 -0.000070108013799
0.999641562936924 -0.000039349196317
0.999840935611895 -0.000017461125857
0.999960269985431 -0.000004361177971
1.000000000000000 0.000000000000000
