1.000000000000000 0.000000000000000
0.999960100596299 0.000015085620912
0.999840255543446 0.000060392215138
0.999640023330314 0.000136069260527
0.999358664809960 0.000242366833388
0.998995138226019 0.000379637035203
0.998548092187485 0.000548336003796
0.998015856529179 0.000749026522769
0.997396430976685 0.000982381247072
0.996687471515494 0.001249186566621
0.995886274344544 0.001550347134028
0.994989757274288 0.001886891086720
0.993994438408859 0.002259975997980
0.992896411930864 0.002670895595767
0.991691320786155 0.003121087292582
0.990374326044722 0.003612140574058
0.988940072693135 0.004145806298451
0.987382651594404 0.004724006963707
0.985695557333495 0.005348848003326
0.983871641652381 0.006022630176835
0.981903062168884 0.006747863125322
0.979781226071040 0.007527280167315
0.977496728485921 0.008363854415365
0.975039285242716 0.009260816299241
0.972397659789061 0.010221672588116
0.969559584083350 0.011250227011892
0.966511673381996 0.012350602591805
0.963239334979193 0.013527265803801
0.959726671150254 0.014785052716519
0.955956376813454 0.016129197271342
0.951909632778679 0.017565361908132
0.947565995917006 0.019099670790993
0.942903288191257 0.020738745959312
0.937897487265886 0.022489746827309
0.932522622401816 0.024360413588937
0.926750680578786 0.026359115264261
0.920551529316337 0.028494903359559
0.913892864525478 0.030777572417333
0.906740193948944 0.033217729113257
0.899056869355079 0.035826872017889
0.890804183624045 0.038617484673380
0.881941527364275 0.041603072756331
0.872425961569357 0.044796200560824
0.862212156417364 0.048207232687330
0.851253295376042 0.051845452300129
0.839501628719034 0.055718621457371
0.826909167294527 0.059832331050853
0.813428573502091 0.064189224868841
0.799014271964264 0.068788097405846
0.783623798140468 0.073622873861945
0.767219637138908 0.078681198774093
0.749771416809548 0.083942834588568
0.731257682315286 0.089378846982776
0.711668068173433 0.094950613155078
0.691005562224216 0.100609045074716
0.669289300895299 0.106295157039171
0.646559475556274 0.111944749924793
0.622877454946703 0.117487292535844
0.598325703921370 0.122846263369048
0.573008274007375 0.127943244793331
0.547055463695151 0.132718018683977
0.520619780606288 0.137126813110107
0.493868658160447 0.141134382511375
0.466977639067585 0.144717402065627
0.440117843089323 0.147873294912867
0.413456494260927 0.150612828526564
0.387154502058284 0.152954981311855
0.361368304980484 0.154836374927408
0.336250726443946 0.156044410039279
0.311934770942390 0.156397564425052
0.288529882478658 0.155771960472806
0.266129364933760 0.154178773782774
0.244813931265983 0.151789374249400
0.224637015834861 0.148775915350082
0.205625878998982 0.145292369840745
0.187785819787023 0.141469131574236
0.171117583722624 0.137338564620661
0.155614536861159 0.132872029473854
0.141250947137693 0.128069256436817
0.128003512838492 0.122970411621116
0.115849853468149 0.117642648814694
0.104749285233039 0.112151138176133
0.094646662584144 0.106557571169577
0.085438255817738 0.100975808118477
0.076982331239221 0.095561821488492
0.069168813823166 0.090416695763562
0.061976202569943 0.085501566490427
0.055419828920299 0.080719893492715
0.049493603977364 0.076009309157042
0.044172619538713 0.071346940229691
0.039410445281878 0.066776247701240
0.035157079943845 0.062342550640526
0.031364734900834 0.058076885042182
0.027988437267359 0.053999354530332
0.024986363667907 0.050121774345724
0.022314809625423 0.046446908453767
0.019911133040185 0.042960726209546
0.017719717641963 0.039647959924137
0.015698698464374 0.036496850560814
0.013816798100868 0.033498260196175
0.012050984001485 0.030645029496316
0.010397626123684 0.027934601804910
0.008875439836462 0.025369705884715
0.007496081977563 0.022951313735645
0.006263434137595 0.020678475143604
0.005175796274128 0.018548855520467
0.004227564547005 0.016559154092629
0.003410507903805 0.014705427789751
0.002714733242556 0.012983340937338
0.002129409516320 0.011388356682090
0.001643305833236 0.009915882762309
0.001245186576022 0.008561381603175
0.000924097123838 0.007320452628934
0.000669566357175 0.006188893029096
0.000471746327838 0.005162741904514
0.000321504937658 0.004238311680554
0.000210483920279 0.003412209851963
0.000131131646947 0.002681353472561
0.000076718111633 0.002042978286784
0.000041337760981 0.001494643991038
0.000019904516298 0.001034236788213
0.000008142306145 0.000659970140565
0.000002573624089 0.000370384420098
0.000000507995393 0.000164345990060
0.000000031737615 0.000041046116753
0.000000000000000 0.000000000000000
0.000000028430653 -0.000038833814427
0.000000456339442 -0.000155465100140
0.000002322232679 -0.000350283281811
0.000007392829493 -0.000623937019999
0.000018218134146 -0.000977333503627
0.000038211106689 -0.001411637178543
0.000071754621671 -0.001928267613374
0.000124339351134 -0.002528896091845
0.000202737298963 -0.003215440386931
0.000315214715415 -0.003990056501036
0.000471314949297 -0.004855020032439
0.000681106435580 -0.005812470537933
0.000955656684848 -0.006864407765432
0.001307129157833 -0.008012576998581
0.001748762489879 -0.009258295153730
0.002294817685617 -0.010602228967387
0.002960480580659 -0.012044112799462
0.003761703040745 -0.013582390398049
0.004714961446518 -0.015213760982030
0.005836904689270 -0.016932604990130
0.007143855792980 -0.018730258558668
0.008651120890355 -0.020594097899343
0.010372045995582 -0.022506384846758
0.012316745053513 -0.024442812428637
0.014492476586313 -0.026373972291866
0.016915480279511 -0.028285440687795
0.019606953690466 -0.030173198227544
0.022588103152977 -0.032038292704714
0.025879423666502 -0.033888993355317
0.029502523703676 -0.035728040630812
0.033483157486693 -0.037532037971240
0.037847236865774 -0.039268336452088
0.042619307243542 -0.040896241557279
0.047821097448536 -0.042365225699854
0.053470385615070 -0.043617389726525
0.059588671121039 -0.044641263588298
0.066199606848214 -0.045479480750336
0.073322149959457 -0.046213123218331
0.080972163991185 -0.046947752119431
0.089184741123784 -0.047665878320420
0.098006614002869 -0.048270876459113
0.107487638338846 -0.048645693815076
0.117672377344919 -0.048754564614175
0.128602323893136 -0.048608229714700
0.140317046835184 -0.048240660018068
0.152852748981423 -0.047716831431293
0.166246930696572 -0.047095456649101
0.180542562347698 -0.046394478177796
0.195780935682154 -0.045637872901366
0.211998626733107 -0.044855325896737
0.229219528045992 -0.044047356261446
0.247455153274776 -0.043199032099837
0.266704162393749 -0.042289750019000
0.286950061378954 -0.041292440781727
0.308159252689287 -0.040174876947239
0.330281937621464 -0.038930416762135
0.353251274482333 -0.037581669541889
0.376981245246856 -0.036160106934366
0.401367063941922 -0.034704787720413
0.426285471975140 -0.033244440522505
0.451596165930844 -0.031780861922461
0.477146936021203 -0.030312357046454
0.502778208524946 -0.028836966831465
0.528328309032403 -0.027358685950290
0.553638606638252 -0.025889320586245
0.578557820463227 -0.024440738062074
0.602946270886794 -0.023023842456871
0.626679291182301 -0.021646803433498
0.649649796856857 -0.020315121058558
0.671769916793789 -0.019033211579718
0.692971504120934 -0.017804469993814
0.713205747153769 -0.016631434445124
0.732442041016025 -0.015515981647717
0.750666279536016 -0.014459057878748
0.767878818070308 -0.013460741527590
0.784092268465156 -0.012520374211021
0.799329271256329 -0.011636689560883
0.813620358446069 -0.010807914070058
0.827001991962526 -0.010031913975061
0.839514821413399 -0.009306317293898
0.851202182780491 -0.008628600154403
0.862108842010571 -0.007996158863529
0.872279972059654 -0.007406368549824
0.881760343112251 -0.006856629555059
0.890593700964948 -0.006344403088196
0.898822306958730 -0.005867238951147
0.906486612949387 -0.005422793386777
0.913625046894324 -0.005008839568267
0.920273887287115 -0.004623274908605
0.926467207195011 -0.004264124397767
0.932236871663677 -0.003929540826131
0.937612574991158 -0.003617802680410
0.942621906848462 -0.003327310354270
0.947290438395444 -0.003056581189437
0.951641821398320 -0.002804243754910
0.955697894912278 -0.002569031681227
0.959478795375922 -0.002349777291975
0.963003067006185 -0.002145405214062
0.966287770216938 -0.001954926099619
0.969348586444587 -0.001777430553987
0.972199918279508 -0.001612083334142
0.974854984199605 -0.001458117858808
0.977325907504463 -0.001314831053845
0.979623799274560 -0.001181578543353
0.981758835345836 -0.001057770187234
0.983740327408602 -0.000942865959053
0.985576788421796 -0.000836372153228
0.987275992587637 -0.000737837907424
0.988845030164259 -0.000646852024119
0.990290357410542 -0.000563040074345
0.991617841961987 -0.000486061766281
0.992832803932590 -0.000415608561654
0.993940053027522 -0.000351401523437
0.994943921937108 -0.000293189379165
0.995848296265413 -0.000240746785216
0.996656641227834 -0.000193872778445
0.997372025332188 -0.000152389402761
0.997997141237549 -0.000116140499365
0.998534323964691 -0.000084990650592
0.998985566612000 -0.000058824268420
0.999352533710966 -0.000037544819876
0.999636572336207 -0.000021074182672
0.999838721066230 -0.000009352125495
0.999959716872933 -0.000002335908426
1.000000000000000 0.000000000000000
