1.000000000000000 0.000000000000000
0.999959515924662 0.000009891922131
0.999837917671624 0.000039607991530
0.999634766203538 0.000089269415219
0.999349326595550 0.000159079201003
0.998980563212118 0.000249323661376
0.998527132895783 0.000360374538526
0.997987376108688 0.000492691770015
0.997359305950061 0.000646826920420
0.996640594954891 0.000823427309892
0.995828559560468 0.001023240876294
0.994920142108471 0.001247121813198
0.993911890230575 0.001496037031519
0.992799933445541 0.001771073497681
0.991579956775186 0.002073446505919
0.990247171165968 0.002404508946149
0.988796280482405 0.002765761631467
0.987221444818505 0.003158864750248
0.985516239854693 0.003585650506171
0.983673611971032 0.004048137004343
0.981685828814217 0.004548543431802
0.979544425007324 0.005089306564089
0.977240142689794 0.005673098604353
0.974762866583271 0.006302846324278
0.972101553300134 0.006981751423530
0.969244154650355 0.007713311951270
0.966177534764235 0.008501344533428
0.962887380940569 0.009350007014995
0.959358108260717 0.010263820947455
0.955572758189487 0.011247693115407
0.951512891626853 0.012306934987988
0.947158477195921 0.013447278581410
0.942487775970926 0.014674886706639
0.937477224385893 0.015996354925240
0.932101317744521 0.017418701717708
0.926332497601873 0.018949342351196
0.920141047336871 0.020596040686645
0.913495001509529 0.022366831662695
0.906360076122610 0.024269905420469
0.898699628700205 0.026313441996922
0.890474659156889 0.028505383260335
0.881643874009969 0.030853163133136
0.872164224464365 0.033364942102372
0.861991509695909 0.036050634434959
0.851080471845522 0.038920352873741
0.839385382263633 0.041984120151191
0.826860847991829 0.045251661037044
0.813462833488663 0.048732149539106
0.799149918757304 0.052433909231837
0.783884802555587 0.056364049198890
0.767634983498918 0.060522987428415
0.750372659875886 0.064894164075907
0.732078105684256 0.069449363772595
0.712741971213692 0.074148466417236
0.692367322479708 0.078938055491498
0.670972731093852 0.083755297998988
0.648601799943170 0.088560838829560
0.625322017596291 0.093328805294734
0.601222355005883 0.098034871072739
0.576412578777495 0.102654516586664
0.551015715620370 0.107114340937451
0.525165310278957 0.111291938025608
0.499007201215507 0.115061458540495
0.472697004123635 0.118310022928346
0.446405672131890 0.121015515402485
0.420309224992565 0.123213120388544
0.394576824373054 0.124948541832405
0.369365562416617 0.126249118770804
0.344816347926205 0.127036762007931
0.321050511980360 0.127227436893441
0.298167795227901 0.126769150652511
0.276248268252911 0.125648986039145
0.255364587336117 0.123926848074010
0.235569291973428 0.121687614895150
0.216890251888522 0.119015843049271
0.199333840428090 0.115993026011269
0.182887524900187 0.112695519187755
0.167519249935695 0.109192978609363
0.153186055482512 0.105547744782394
0.139840914925273 0.101811831731473
0.127455842706445 0.097991156855126
0.116008526805002 0.094071528721021
0.105463203797823 0.090054059717204
0.095774473399447 0.085951289397022
0.086879709067475 0.081814103997394
0.078699541851645 0.077735109037085
0.071162867935254 0.073783172057345
0.064220290650968 0.069968875234524
0.057841101190741 0.066254833616093
0.051992194328986 0.062615498536333
0.046638861048479 0.059037873619092
0.041753708019419 0.055532925496174
0.037313403901490 0.052124276343287
0.033290998270897 0.048829356383566
0.029657463978835 0.045660146401636
0.026383075802594 0.042624375749894
0.023437744836959 0.039725842028278
0.020779066525185 0.036952467368888
0.018359129816380 0.034283336290332
0.016139933175298 0.031704451944007
0.014091822225916 0.029207406297961
0.012191757279199 0.026787841774215
0.010433370828933 0.024449845946830
0.008831078044176 0.022207605553093
0.007392778475308 0.020071901890994
0.006119015946156 0.018049553083878
0.005005122201630 0.016144367608131
0.004042853396658 0.014357894870994
0.003221632309182 0.012690014964602
0.002529484787587 0.011139401075711
0.001953739756018 0.009703881149230
0.001481547015011 0.008380719931596
0.001100255225673 0.007166838170567
0.000797683167263 0.006058982291888
0.000562310067377 0.005053855127136
0.000383405091687 0.004148216084808
0.000251111608008 0.003338957421973
0.000156498340334 0.002623161894050
0.000091586792429 0.001998145961827
0.000049362182030 0.001461491859179
0.000023773455357 0.001011071125318
0.000009726644555 0.000645061644703
0.000003074806501 0.000361959785932
0.000000606975467 0.000160588864232
0.000000037922582 0.000040104850752
0.000000000000000 0.000000000000000
0.000000035115451 -0.000038572812458
0.000000563662131 -0.000154408934341
0.000002868722227 -0.000347860126671
0.000009134159268 -0.000619508256647
0.000022514321403 -0.000970158366469
0.000047234918221 -0.001400828294337
0.000088728518649 -0.001912734132832
0.000153809332358 -0.002507270547138
0.000250893338407 -0.003185984664852
0.000390271470905 -0.003950541875176
0.000584280942124 -0.004802635265480
0.000845991225920 -0.005743444691052
0.001189134507176 -0.006773403420437
0.001628629736953 -0.007892080458886
0.002180496914714 -0.009097829447630
0.002861706684620 -0.010387342532051
0.003689951431405 -0.011755087384640
0.004683311365837 -0.013192597685878
0.005859781433075 -0.014687579844600
0.007236615082537 -0.016222789305157
0.008829428421398 -0.017774617952714
0.010650992297313 -0.019311319279294
0.012709619487915 -0.020790779350030
0.015009838622555 -0.022167306226449
0.017561960439859 -0.023430346743367
0.020375639645209 -0.024590671411008
0.023455323823487 -0.025675680432416
0.026798626412772 -0.026733721102630
0.030411145762675 -0.027792578017053
0.034312929876361 -0.028841005430536
0.038526008645088 -0.029862640686493
0.043073652682371 -0.030837036847040
0.047980194656190 -0.031738748226449
0.053270816060213 -0.032537853605384
0.058972017094198 -0.033218779112020
0.065111177970119 -0.033782649625185
0.071715507375868 -0.034241005854110
0.078811681901433 -0.034618101511326
0.086432051941481 -0.034929095436406
0.094615095776367 -0.035180008125247
0.103401467655282 -0.035383627065976
0.112833354600707 -0.035543802292962
0.122953973173612 -0.035648564126170
0.133807277883099 -0.035682874568640
0.145437260648703 -0.035628941054559
0.157887176251162 -0.035467710764833
0.171199558035922 -0.035193214808108
0.185414749874654 -0.034811582478992
0.200569011177406 -0.034338046890395
0.216692730662559 -0.033788450256212
0.233808371176669 -0.033163050927394
0.251928468289989 -0.032461688890820
0.271053453070252 -0.031686927140037
0.291169479305602 -0.030844658925564
0.312246392591972 -0.029943871967835
0.334235871217751 -0.028991307963797
0.357070360460813 -0.027993356102926
0.380662758846185 -0.026958449281717
0.404906911398643 -0.025896855686523
0.429678946294735 -0.024816732918570
0.454839759709685 -0.023722773105215
0.480238675526018 -0.022619718754924
0.505717740849199 -0.021512554935410
0.531116572850958 -0.020407597442829
0.556277323480952 -0.019312211997876
0.581049419629614 -0.018233480066288
0.605293837816353 -0.017177918116993
0.628886589233923 -0.016151027449464
0.651721265011115 -0.015157311140628
0.673710554560845 -0.014200453866256
0.694786747556741 -0.013283308723707
0.714901338936381 -0.012407945795368
0.734023898775202 -0.011575710377279
0.752140396555750 -0.010787234780239
0.769251179552997 -0.010042520569127
0.785368780637214 -0.009341034533012
0.800515703647925 -0.008681804510579
0.814722300208020 -0.008063508047001
0.828024817839611 -0.007484564310283
0.840463666707680 -0.006943212116042
0.852081927233830 -0.006437574728239
0.862924101163008 -0.005965714079468
0.873035094696721 -0.005525674910529
0.882459413534157 -0.005115519706558
0.891240544955598 -0.004733355543545
0.899420500413310 -0.004377354211277
0.907039492477476 -0.004045765954906
0.914135721811560 -0.003736928496226
0.920745252348036 -0.003449272481978
0.926901955651213 -0.003181323920794
0.932637508332909 -0.002931704307992
0.937981429102578 -0.002699129022799
0.942961144494251 -0.002482404475404
0.947602074471167 -0.002280424387212
0.951927730955646 -0.002092165507237
0.955959823879707 -0.001916683000123
0.959718370627641 -0.001753105685714
0.963221805777511 -0.001600631264969
0.966487088878211 -0.001458521630874
0.969529808654892 -0.001326098334414
0.972364282548085 -0.001202738253326
0.975003650886951 -0.001087869494160
0.977459965297459 -0.000980967545074
0.979744271171012 -0.000881551686992
0.981866684183843 -0.000789181663589
0.983836460975503 -0.000703454605402
0.985662064176349 -0.000624002199831
0.987351222027582 -0.000550488096437
0.988910982869811 -0.000482605535549
0.990347764792591 -0.000420075187440
0.991667400742024 -0.000362643189171
0.992875179379640 -0.000310079366334
0.993975881975661 -0.000262175627376
0.994973815605554 -0.000218744518808
0.995872842901686 -0.000179617930344
0.996676408593076 -0.000144645939818
0.997387563046490 -0.000113695788617
0.998008983001960 -0.000086650979212
0.998542989675573 -0.000063410487278
0.998991564382470 -0.000043888081731
0.999356361813387 -0.000028011746901
0.999638721078996 -0.000015723201846
0.999839674617696 -0.000006977512661
0.999959955044382 -0.000001742794398
1.000000000000000 0.000000000000000
