1.000000000000000 0.000000000000000
0.999960367148394 0.000009756360641
0.999841324402164 0.000039060482703
0.999642438230901 0.000088017702752
0.999362982888136 0.000156804303603
0.999001935587781 0.000245668601887
0.998557969691200 0.000354932480105
0.998029445844446 0.000484993372495
0.997414400987248 0.000636326716456
0.996710535136895 0.000809488883533
0.995915195831118 0.001005120605897
0.995025360094496 0.001223950915819
0.994037613772637 0.001466801616667
0.992948128057590 0.001734592304199
0.991752633006696 0.002028345956276
0.990446387835460 0.002349195107074
0.989024147743605 0.002698388618165
0.987480127012346 0.003077299052809
0.985807958091142 0.003487430650855
0.984000646374304 0.003930427888805
0.982050520353355 0.004408084591752
0.979949176821481 0.004922353539704
0.977687420803960 0.005475356478240
0.975255199896010 0.006069394400436
0.972641532710734 0.006706957910541
0.969834431179474 0.007390737406435
0.966820816510924 0.008123632723071
0.963586428711531 0.008908761757471
0.960115729707346 0.009749467440698
0.956391800298592 0.010649322225828
0.952396231437069 0.011612129013667
0.948109010660854 0.012641917129028
0.943508404971294 0.013742931577376
0.938570842018756 0.014919613341043
0.933270792204028 0.016176567902211
0.927580655232947 0.017518518493340
0.921470655816046 0.018950239764923
0.914908754616027 0.020476466622034
0.907860582243232 0.022101771923778
0.900289406103325 0.023830405591610
0.892156173088170 0.025666206155747
0.883419840171107 0.027613339908392
0.874037526639144 0.029675981872992
0.863964727305948 0.031857776171720
0.853155756086179 0.034161632041923
0.841564353374970 0.036589490327538
0.829144484786141 0.039142058801753
0.815851358207137 0.041818520035111
0.801642681787236 0.044616219143999
0.786480142526357 0.047530158684128
0.770330804433838 0.050550702543968
0.753169096026864 0.053663207427131
0.734979127131164 0.056848464237429
0.715756952033768 0.060082351812155
0.695512834535848 0.063335654488495
0.674273737921446 0.066574957648038
0.652086299198710 0.069765678072044
0.629017387444154 0.072871150867944
0.605154377384289 0.075853082959971
0.580604742415250 0.078673807245810
0.555494399699472 0.081311586960315
0.529965174706435 0.083760837993022
0.504171377134099 0.086022344634616
0.478275365206276 0.088097293484915
0.452442271829518 0.089921909684726
0.426834911310343 0.091391070415728
0.401608984357728 0.092412803264204
0.376908706297613 0.092922463455774
0.352864167696298 0.092956994692430
0.329587867489286 0.092605274460581
0.307172260292327 0.091952489577933
0.285689324975816 0.091075172560502
0.265196524156897 0.089992049181376
0.245737385086431 0.088668175998516
0.227335001541392 0.087084864749679
0.209994110538817 0.085240735465439
0.193703974931233 0.083147915189066
0.178440314096453 0.080840494428625
0.164166536831575 0.078390293783117
0.150839630509316 0.075862956380038
0.138413278116284 0.073308810264638
0.126845889447674 0.070741670477597
0.116097488827238 0.068156630216853
0.106124233231231 0.065555255438116
0.096880111465013 0.062943861179326
0.088317981450557 0.060334287028715
0.080389211422342 0.057751284320853
0.073046782790518 0.055217922351795
0.066248281936309 0.052746557138686
0.059965777551941 0.050314231693440
0.054173885704395 0.047895108891608
0.048844231516130 0.045475716363945
0.043946700895836 0.043053678637586
0.039448115905140 0.040655493243619
0.035315380225745 0.038314889557937
0.031517910653008 0.036055584260826
0.028027606201836 0.033893435700348
0.024818742849763 0.031838349650385
0.021867988718563 0.029894898110257
0.019158467032736 0.028038443071902
0.016678306506465 0.026223758741606
0.014414513581367 0.024421278839982
0.012353317434950 0.022614700624361
0.010480927634028 0.020797673154308
0.008792470969099 0.018984207949566
0.007290869401516 0.017204429782783
0.005973167947969 0.015481627693183
0.004831525565509 0.013832423315346
0.003854830051303 0.012268284455949
0.003029920934921 0.010796724203584
0.002342508608268 0.009422249974153
0.001777858811724 0.008147113758893
0.001321296560414 0.006971904387167
0.000958571786409 0.005896014295674
0.000676119705579 0.004918006673116
0.000461241649813 0.004035903576240
0.000302226408606 0.003247411412263
0.000188427661409 0.002550096832876
0.000110309587727 0.001941523410558
0.000059470006446 0.001419357328865
0.000028648253979 0.000981448602837
0.000011723332301 0.000625892964644
0.000003706539448 0.000351078431421
0.000000731754485 0.000155719659195
0.000000045720559 0.000038882432009
0.000000000000000 0.000000000000000
0.000000044445778 -0.000038311316860
0.000000713483395 -0.000153335772633
0.000003631781763 -0.000345340261679
0.000011566285384 -0.000614753955654
0.000028517092373 -0.000962143944793
0.000059849037892 -0.001388179332545
0.000112462903636 -0.001893582899356
0.000194645426182 -0.002479134118278
0.000315677563416 -0.003145707185604
0.000486033784144 -0.003894190888468
0.000717372318670 -0.004725431754313
0.001022468645063 -0.005640168779113
0.001415109576361 -0.006638951322576
0.001909933541486 -0.007722036116457
0.002522198524475 -0.008889258337853
0.003267453862074 -0.010139870466101
0.004161085387656 -0.011472341109569
0.005217694855690 -0.012884104082208
0.006450263685579 -0.014371245635653
0.007869037193836 -0.015928114794270
0.009480047839010 -0.017546838052635
0.011283173574925 -0.019216715097054
0.013269598924196 -0.020923466481326
0.015422185226007 -0.022649481392834
0.017745460139071 -0.024383697422081
0.020262216800790 -0.026120837560662
0.023001219909251 -0.027857940624023
0.025998624546847 -0.029595524363522
0.029297840922203 -0.031337521612909
0.032931661969718 -0.033077094029337
0.036923870711433 -0.034798266800476
0.041296471682643 -0.036482323988357
0.046068281323480 -0.038107596573858
0.051252885335017 -0.039649191288085
0.056858685755436 -0.041081050578045
0.062908286172047 -0.042394724412834
0.069433888308291 -0.043599465061920
0.076468426080552 -0.044720174032012
0.084045453481797 -0.045793363756379
0.092202711971212 -0.046802009405172
0.100980560806137 -0.047690460037568
0.110420056265262 -0.048391485902416
0.120563641142244 -0.048879414597529
0.131453951946282 -0.049163486209430
0.143132090932093 -0.049273078836959
0.155636155873751 -0.049264983986773
0.169002993593862 -0.049192728657813
0.183272716349623 -0.049042706149140
0.198482665964189 -0.048785142360388
0.214664789255502 -0.048385057331712
0.231842081733526 -0.047825406631286
0.250026655050579 -0.047105936896821
0.269218310994295 -0.046234033048566
0.289402354215312 -0.045226319948529
0.310547578388393 -0.044109891912802
0.332604961824179 -0.042906346862649
0.355506828916351 -0.041619236309154
0.379166084604647 -0.040252483557294
0.403476683840509 -0.038812175950948
0.428314999739316 -0.037307712385727
0.453541992287926 -0.035754745794800
0.479007001166488 -0.034171929637818
0.504552109843508 -0.032579304236619
0.530016894313274 -0.030995595926156
0.555243321070315 -0.029433899713588
0.580080611342063 -0.027905561891554
0.604389536442641 -0.026420791618042
0.628045640735207 -0.024984394111705
0.650941361574903 -0.023589502156509
0.672988323895342 -0.022228799303824
0.694118008396432 -0.020896880244970
0.714281415074557 -0.019591199425686
0.733448555263332 -0.018321655848737
0.751606259640314 -0.017102865336913
0.768755571038818 -0.015945451314039
0.784909560350917 -0.014856390612498
0.800091134511324 -0.013839582062568
0.814330851704752 -0.012895148862252
0.827664746583796 -0.012016325983789
0.840133011263229 -0.011195820891182
0.851778614726561 -0.010427637986523
0.862646028329507 -0.009706829634224
0.872780187480752 -0.009029283967705
0.882225669182647 -0.008391549219293
0.891026060191429 -0.007790691633097
0.899223488783579 -0.007224182777475
0.906858305162017 -0.006689981535019
0.913968913256333 -0.006187208609821
0.920591573109910 -0.005715096788786
0.926760317344802 -0.005272589181579
0.932506955346635 -0.004858437909651
0.937861115825524 -0.004471280519730
0.942850316961282 -0.004109697631760
0.947500055541238 -0.003772255721002
0.951833908310697 -0.003457538240740
0.955873640273223 -0.003164167688511
0.959639315927207 -0.002890820706197
0.963149410438705 -0.002636237876923
0.966420918561765 -0.002399229530812
0.969469459758617 -0.002178678586778
0.972309378472401 -0.001973541228753
0.974953838890394 -0.001782846032409
0.977414913828255 -0.001605692014231
0.979703667584247 -0.001441245961539
0.981830232772278 -0.001288739313529
0.983803881256686 -0.001147464794700
0.985633089390172 -0.001016772948990
0.987325597807528 -0.000896068682184
0.988888466058302 -0.000784807889109
0.990328122376497 -0.000682494218597
0.991650408888904 -0.000588676011513
0.992860622558787 -0.000502943434009
0.993963552150898 -0.000424925818528
0.994963511488909 -0.000354289218083
0.995864369258896 -0.000290734174459
0.996669575593268 -0.000233993697589
0.997382185649543 -0.000183831451221
0.998004880377927 -0.000140040138674
0.998539984651310 -0.000102440081892
0.998989482911162 -0.000070877986854
0.999355032463139 -0.000045225888684
0.999637974537019 -0.000025380270276
0.999839343206907 -0.000011261348980
0.999959872249444 -0.000002812526739
1.000000000000000 0.000000000000000
