1.000000000000000 0.000000000000000
0.999960064963353 0.000011634258690
0.999840112057470 0.000046568982252
0.999639696897864 0.000104900143510
0.999358075512582 0.000186788132208
0.998994199314315 0.000292458409442
0.998546707998731 0.000422202427678
0.998013920306022 0.000576378820287
0.997393822564014 0.000755414865876
0.996684054912178 0.000959808234164
0.995881895086430 0.001190129021978
0.994984239624729 0.001447022090012
0.993987582333226 0.001731209713697
0.992887989832230 0.002043494564835
0.991681073980794 0.002384763044986
0.990361960958598 0.002755988997249
0.988925256764643 0.003158237830503
0.987365008874713 0.003592671100081
0.985674663784829 0.004060551602055
0.983847020157244 0.004563249055921
0.981874177281073 0.005102246474136
0.979747478563691 0.005679147348479
0.977457449785176 0.006295683825462
0.974993731880440 0.006953726099261
0.972345008068064 0.007655293325622
0.969498925228326 0.008402566459598
0.966442009554695 0.009197903551711
0.963159576674709 0.010043858210740
0.959635636672226 0.010943202169564
0.955852794761328 0.011898953188996
0.951792148784982 0.012914409923116
0.947433185265386 0.013993195872471
0.942753676449612 0.015139315197941
0.937729581710793 0.016357223992416
0.932334957823578 0.017651921648921
0.926541884078686 0.019029068264533
0.920320409982151 0.020495135621334
0.913638535443817 0.022057601223958
0.906462235929495 0.023725197166117
0.898755547299754 0.025508225351218
0.890480370194645 0.027417563955842
0.881595901848775 0.029461940771011
0.872059350841049 0.031649815686081
0.861826372344075 0.033989721344725
0.850851520238103 0.036490110361615
0.839088860431937 0.039159160563936
0.826492772441489 0.042004533091831
0.813018964761622 0.045033079391489
0.798625725002920 0.048250495119631
0.783275324482213 0.051660548568028
0.766935502774631 0.055263594454681
0.749581554337814 0.059056574106459
0.731198486953207 0.063032571829640
0.711783238790835 0.067180216454268
0.691346867976779 0.071482934667701
0.669915736919486 0.075909769243731
0.647532707354210 0.080409713033079
0.624259204148144 0.084920110991314
0.600175860160904 0.089368213788198
0.575384262430887 0.093687843483856
0.550012570215982 0.097872975696872
0.524207968214057 0.101940719320063
0.498130905812028 0.105915260254718
0.471946491371512 0.109776970429155
0.445810370338626 0.113349451430275
0.419874100094626 0.116434298406578
0.394283520769542 0.118855584392334
0.369181212329102 0.120537025990170
0.344708844334442 0.121568604016636
0.320990713979482 0.122060586093147
0.298129804556277 0.122118873588102
0.276211708258153 0.121800727037859
0.255313050155882 0.121043079177418
0.235487190874821 0.119792269203505
0.216763201461307 0.118028176018188
0.199148933719547 0.115758202459961
0.182637320744314 0.113021913761564
0.167215222670740 0.109905354257082
0.152856128910230 0.106495847832766
0.139521890420616 0.102869677035263
0.127168639257303 0.099083592100350
0.115746949637642 0.095184830589234
0.105202858226660 0.091216581664585
0.095481214987336 0.087216259637224
0.086550834000342 0.083188905772889
0.078395400710414 0.079118991296092
0.070983273661741 0.075005736838335
0.064249070011993 0.070884054619674
0.058112566730496 0.066804680811888
0.052504766570284 0.062806377098592
0.047367836956603 0.058917581043428
0.042670940666300 0.055158184813084
0.038398131929602 0.051541493109574
0.034528185184967 0.048076019502735
0.031036218130097 0.044766568697357
0.027895454507971 0.041615094152287
0.025078492039953 0.038621384684820
0.022548947609008 0.035780552906614
0.020243341151580 0.033077275304505
0.018107668101480 0.030498103024984
0.016102986192060 0.028033500194280
0.014201789264766 0.025676813013957
0.012385239088288 0.023423496259819
0.010655017740519 0.021273041511880
0.009043626706520 0.019230685063017
0.007574477853036 0.017300149120310
0.006259216559602 0.015483096662773
0.005100880645325 0.013779657036543
0.004096338831051 0.012188839208957
0.003238165695423 0.010708855958152
0.002516076665510 0.009337377517513
0.001918020213539 0.008071729405779
0.001431003640856 0.006909046158127
0.001041712448293 0.005846390273890
0.000736970390289 0.004880843787105
0.000504077152464 0.004009578346452
0.000331052597308 0.003229908481343
0.000206810230301 0.002539331767158
0.000121277585997 0.001935558834221
0.000065477333615 0.001416535551481
0.000031579827617 0.000980459224865
0.000012935401125 0.000625790256003
0.000004092776165 0.000351260388832
0.000000808430866 0.000155878412744
0.000000050528283 0.000038933977922
0.000000000000000 0.000000000000000
0.000000046631946 -0.000037383509630
0.000000748791546 -0.000149668610546
0.000003813169411 -0.000337258678453
0.000012151288240 -0.000600824816956
0.000029982564304 -0.000941303879549
0.000062983705777 -0.001359895301521
0.000118489808367 -0.001858056317649
0.000205754407742 -0.002437494982881
0.000336167330184 -0.003100116079328
0.000522271004386 -0.003847451432701
0.000777519092994 -0.004680343062532
0.001116668280185 -0.005598826432469
0.001555673718612 -0.006601751625477
0.002111516973311 -0.007686299406240
0.002801953728477 -0.008847369509254
0.003645154617722 -0.010076808737291
0.004659205002616 -0.011362438240129
0.005861419916467 -0.012686829049170
0.007267418147258 -0.014025762033939
0.008889883842382 -0.015346292249649
0.010736924176543 -0.016604317319151
0.012809906408476 -0.017741524030209
0.015105510199467 -0.018697475485483
0.017630275588098 -0.019464246067686
0.020390968733872 -0.020064598567526
0.023389375977009 -0.020547639136577
0.026620547982481 -0.020996827637998
0.030085215635996 -0.021475895343554
0.033799788731026 -0.021985356324755
0.037783693762685 -0.022518311464606
0.042058621793336 -0.023064044769115
0.046648876066740 -0.023606767503134
0.051581772734525 -0.024124080513368
0.056885981479412 -0.024594848907001
0.062588684936620 -0.025012419983086
0.068717894238339 -0.025374011261984
0.075302538814747 -0.025680164388787
0.082373071808463 -0.025935240432304
0.089964871078041 -0.026145241955223
0.098116377872487 -0.026321725227073
0.106868130560917 -0.026482203835850
0.116262067788298 -0.026625492233217
0.126341232744176 -0.026734304513294
0.137149469003439 -0.026784857021372
0.148730734982059 -0.026745249049402
0.161128419861996 -0.026580755451667
0.174385452194970 -0.026295183631851
0.188542730378234 -0.025920971898820
0.203637351362042 -0.025511008815176
0.219700270526816 -0.025110415574260
0.236753252127818 -0.024704876806956
0.254807597788098 -0.024262449622909
0.273862032698920 -0.023739303372868
0.293900465858641 -0.023078148065560
0.314890173362702 -0.022213590437747
0.336782581329464 -0.021139254601957
0.359511852230448 -0.019899866333744
0.382993241007478 -0.018556990126900
0.407123530807676 -0.017187285935656
0.431781187925250 -0.015845822157872
0.456827597870906 -0.014530854324466
0.482112337677516 -0.013232612205626
0.507477686152790 -0.011940143513306
0.532764062006399 -0.010660860351693
0.557815437539895 -0.009434158933723
0.582483021564851 -0.008299487662028
0.606629334408293 -0.007290825273062
0.630130996773062 -0.006419226420507
0.652880869472900 -0.005662984333056
0.674790825714840 -0.004998805348154
0.695792422211056 -0.004405993633604
0.715836575159877 -0.003868542338573
0.734892751946619 -0.003384837746744
0.752946958201034 -0.002957388308004
0.769999508270203 -0.002586562947096
0.786062844968480 -0.002270996544032
0.801159337725787 -0.002008018736840
0.815319142238579 -0.001792021771781
0.828578214150560 -0.001611702719620
0.840976682493810 -0.001457157349274
0.852557376095711 -0.001320903074373
0.863364571118301 -0.001197399455627
0.873442970949257 -0.001082635010304
0.882836898360965 -0.000973780756118
0.891589675088257 -0.000868906313301
0.899743162263451 -0.000766751863317
0.907337441410042 -0.000667078816156
0.914410615196727 -0.000571917359868
0.920998655122571 -0.000483086172030
0.927135339603940 -0.000401643370821
0.932852253378014 -0.000328092602313
0.938178825967639 -0.000262541456182
0.943142398375055 -0.000204822002894
0.947768309308379 -0.000154581552406
0.952079994071660 -0.000111350213445
0.956099090780398 -0.000074590531017
0.959845549826113 -0.000043733391588
0.963337743537722 -0.000018203491606
0.966592573807827 0.000002563058702
0.969625576100747 0.000019107003632
0.972451018765681 0.000031938549052
0.975081996968918 0.000041533135907
0.977530520855756 0.000048329489817
0.979807597774711 0.000052729275127
0.981923308559328 0.000055097850409
0.983886877979262 0.000055765751866
0.985706739552684 0.000055030629767
0.987390594964846 0.000053159437991
0.988945468369375 0.000050390733299
0.990377755864898 0.000046936983307
0.991693270443919 0.000042986813727
0.992897282706738 0.000038707148712
0.993994557623011 0.000034245215183
0.994989387609214 0.000029730394290
0.995885622173161 0.000025275911838
0.996686694357937 0.000020980365578
0.997395644197817 0.000016929091255
0.998015139378654 0.000013195371861
0.998547493275009 0.000009841496020
0.998994680516451 0.000006919672062
0.999358350215892 0.000004472804459
0.999639836973819 0.000002535138944
0.999840169753733 0.000001132782035
0.999960078706041 0.000000284099830
1.000000000000000 0.000000000000000
