1.000000000000000 0.000000000000000
0.999960771925471 0.000013349691504
0.999842942813135 0.000053438743951
0.999646077017375 0.000120387272072
0.999369445188689 0.000214396070557
0.999012019332199 0.000335747520594
0.998572465826766 0.000484806861588
0.998049136341404 0.000662023830445
0.997440056566837 0.000867934671171
0.996742912660736 0.001103164517699
0.995955035285225 0.001368430152723
0.995073381094712 0.001664543144794
0.994094511510904 0.001992413364959
0.993014568600139 0.002353052882720
0.991829247846004 0.002747580238891
0.990533767587828 0.003177225090017
0.989122834873517 0.003643333215149
0.987590607453778 0.004147371870940
0.985930651624953 0.004690935475022
0.984135895610509 0.005275751590395
0.982198578158230 0.005903687175018
0.980110192023357 0.006576755050926
0.977861422009965 0.007297120536134
0.975442077257315 0.008067108170528
0.972841017489305 0.008889208454458
0.970046072999307 0.009766084506593
0.967043958227287 0.010700578537154
0.963820178910529 0.011695718025906
0.960358932965758 0.012754721494183
0.956643005503774 0.013881003770934
0.952653658706585 0.015078180680200
0.948370517733808 0.016350073129397
0.943771454397053 0.017700710665104
0.938832471079783 0.019134334699459
0.933527588322633 0.020655401813631
0.927828740680950 0.022268587837132
0.921705686935821 0.023978793809194
0.915125942544631 0.025791155481166
0.908054744388926 0.027711058748415
0.900455060438237 0.029744164336155
0.892287659893318 0.031896446226344
0.883511262650570 0.034174249702306
0.874082790420488 0.036584376466661
0.863957745314115 0.039134205957816
0.853090744820233 0.041831863558701
0.841436244287852 0.044686447536006
0.828949478539830 0.047708326775553
0.815587652068281 0.050909519995437
0.801311401166415 0.054304163224221
0.786086539947333 0.057909064874979
0.769885256261321 0.061740942675711
0.752682022894766 0.065791038201760
0.734456875314987 0.070029176749539
0.715199672771054 0.074411467160328
0.694912038011541 0.078878608449088
0.673609553371665 0.083355720789599
0.651330773979129 0.087775113272126
0.628140547729680 0.092083214211210
0.604125069153342 0.096224251462206
0.579391354787882 0.100141425467741
0.554066349521489 0.103787701316245
0.528294833245354 0.107135791077439
0.502235103288593 0.110167445037742
0.476054230905021 0.112871154048013
0.449921042421687 0.115205807011718
0.424000681313084 0.117101071626774
0.398451377928248 0.118499049258072
0.373420664240727 0.119359742747615
0.349047948127375 0.119669835242202
0.325457249026177 0.119437591672651
0.302750442523702 0.118685836250753
0.281006768077873 0.117449201522420
0.260287930136590 0.115765725146894
0.240637020031995 0.113676860854080
0.222075567925237 0.111230662895058
0.204606189361852 0.108479038348464
0.188216124819653 0.105474394123789
0.172893251078370 0.102247083762989
0.158625105985625 0.098809905392764
0.145383616355449 0.095185214649597
0.133115868926859 0.091430318837237
0.121730080473006 0.087673539598481
0.111140161975791 0.084020289434643
0.101272404752932 0.080542027880389
0.092069587597535 0.077272511230630
0.083556550981084 0.074090004446208
0.075782556659892 0.070825950279856
0.068754560833911 0.067387349259637
0.062388731592139 0.063825785007286
0.056573626782588 0.060242477916040
0.051221460064806 0.056711295115668
0.046266620242191 0.053283143931379
0.041701100091362 0.049978708447433
0.037542008068156 0.046801698991501
0.033790685699441 0.043754073610885
0.030436686895242 0.040836632377567
0.027461686093956 0.038049211704167
0.024842386246177 0.035390859492351
0.022536394228858 0.032854989456848
0.020450535156835 0.030419296791712
0.018505937951690 0.028065551631618
0.016648388713191 0.025782648335975
0.014842212797431 0.023564651900756
0.013065548718994 0.021409316275818
0.011314962753984 0.019319841354946
0.009636519966239 0.017315828557660
0.008075872168146 0.015416021129986
0.006660351490573 0.013632176382200
0.005403627723575 0.011970782792883
0.004309362123579 0.010434416057762
0.003374040477366 0.009022798807750
0.002589162270471 0.007733626641530
0.001942925506796 0.006563210084216
0.001421517251291 0.005506971753939
0.001010096682633 0.004559829832473
0.000693539050039 0.003716492448764
0.000456994398938 0.002971682441750
0.000286303449848 0.002320307890206
0.000168303938771 0.001757590559952
0.000091053545547 0.001279161845658
0.000043989844481 0.000881133735321
0.000018043188165 0.000560150688434
0.000005714825260 0.000313427004558
0.000001129651312 0.000138773195843
0.000000070633428 0.000034614006816
0.000000000000000 0.000000000000000
0.000000065205956 -0.000033204126383
0.000001047440617 -0.000132758889984
0.000005337686243 -0.000298483346355
0.000017025843895 -0.000530048579398
0.000042062229162 -0.000826935450472
0.000088492040737 -0.001188372915688
0.000166771592926 -0.001613254247213
0.000290178231862 -0.002100027536469
0.000475329485981 -0.002646555738669
0.000742831292079 -0.003249940188404
0.001117682781345 -0.003906295993535
0.001624266821974 -0.004610418382297
0.002284472951786 -0.005355411900521
0.003119296464214 -0.006132270425985
0.004147660498728 -0.006929327161576
0.005384780772003 -0.007731573676474
0.006840027318712 -0.008519817978965
0.008514142434493 -0.009269643506677
0.010395636374824 -0.009950121638414
0.012456134744729 -0.010522218763147
0.014648762612689 -0.010939648019762
0.016955590341908 -0.011182036637874
0.019390009736768 -0.011259790487781
0.021972321794914 -0.011202696906307
0.024731300130238 -0.011066643871369
0.027704045794696 -0.010933036679702
0.030914925154071 -0.010835952247942
0.034379310011354 -0.010775114822011
0.038112533923244 -0.010747009608125
0.042129534064232 -0.010743937403983
0.046444253281074 -0.010752433152773
0.051068870942880 -0.010751296212305
0.056018408093625 -0.010721665693850
0.061318435311082 -0.010664056701398
0.066998983144237 -0.010584490746815
0.073094176689491 -0.010493483200132
0.079642019933271 -0.010405427739564
0.086677772364377 -0.010323798008225
0.094235398258893 -0.010244392508696
0.102349832863923 -0.010160511772077
0.111058800585304 -0.010067074618707
0.120403962602790 -0.009963489834965
0.130428764912718 -0.009849740410206
0.141177919683583 -0.009726218370615
0.152696860892016 -0.009593848095417
0.165030322673444 -0.009453111704061
0.178220883295441 -0.009303359316674
0.192308291113601 -0.009143737098161
0.207328030044350 -0.008973281990862
0.223309997666987 -0.008791471589383
0.240276532313209 -0.008598204947101
0.258240114146592 -0.008393579084254
0.277201172441192 -0.008177925850031
0.297145917244417 -0.007951849810321
0.318044286309122 -0.007716012657078
0.339848175068637 -0.007470625471629
0.362490403043927 -0.007215866420186
0.385884341286120 -0.006951983983761
0.409924417743108 -0.006679419487448
0.434487674533633 -0.006399790284162
0.459436266747488 -0.006115531978108
0.484620898315804 -0.005829307348781
0.509885058767821 -0.005543737255497
0.535069744067420 -0.005260210653760
0.560018398428997 -0.004979501473801
0.584581678888710 -0.004702349360761
0.608621701810925 -0.004429650798486
0.632015524858559 -0.004163302282645
0.654657652651785 -0.003905325127951
0.676461524729905 -0.003657385866227
0.697360012354717 -0.003420746312851
0.717305019880025 -0.003195815399282
0.736266366904449 -0.002982416553154
0.754230135398861 -0.002780297267489
0.771196665440743 -0.002589155553147
0.787178381309243 -0.002408650366995
0.802197596417562 -0.002238500536221
0.816284408508559 -0.002078535923450
0.829474761372303 -0.001928500622096
0.841808725868820 -0.001788053549863
0.853329020214574 -0.001656792487103
0.864079771659084 -0.001534274545874
0.874105508259992 -0.001420033108184
0.883450360768016 -0.001313591465431
0.892157449965187 -0.001214473502933
0.900268433137165 -0.001122211823902
0.907823183783641 -0.001036353714753
0.914859580421303 -0.000956465333453
0.921413382826868 -0.000882134466535
0.927518176879863 -0.000812972156894
0.933205372007903 -0.000748613459234
0.938504237929922 -0.000688717536726
0.943441969832649 -0.000632967273020
0.948043773255875 -0.000581068539172
0.952332961792981 -0.000532749225588
0.956331062248126 -0.000487758124481
0.960057923156285 -0.000445863728155
0.963531823599357 -0.000406852992177
0.966769580074173 -0.000370530099501
0.969786649818850 -0.000336715251451
0.972597229512112 -0.000305243503510
0.975214348651935 -0.000275963657812
0.977649957217742 -0.000248737219627
0.979915007443130 -0.000223437421665
0.982019529689563 -0.000199948317542
0.983972702528436 -0.000178163943921
0.985782917219834 -0.000157987549571
0.987457836829467 -0.000139330888772
0.989004450257446 -0.000122113575934
0.990429121468859 -0.000106262498029
0.991737634220766 -0.000091711281311
0.992935232576307 -0.000078399808791
0.994026657486672 -0.000066273785052
0.995016179707559 -0.000055284345144
0.995907629299804 -0.000045387704471
0.996704421945202 -0.000036544846845
0.997409582288995 -0.000028721248096
0.998025764500441 -0.000021886632882
0.998555270222870 -0.000016014762584
0.999000064064888 -0.000011083252424
0.999361786764896 -0.000007073416181
0.999641766142268 -0.000003970137095
0.999841025929982 -0.000001761763822
0.999960292565618 -0.000000440030470
1.000000000000000 0.000000000000000
