1.000000000000000 0.000000000000000
0.999959994551997 0.000009524316600
0.999839832609288 0.000038131316153
0.999639076410013 0.000085923356026
0.999356993123240 0.000153071726780
0.998992549977060 0.000239817699020
0.998544407377389 0.000346473997790
0.998010909956442 0.000473426713131
0.997390075471721 0.000621137657686
0.996679581457740 0.000790147184240
0.995876749513526 0.000981077477780
0.994978527089158 0.001194636338008
0.993981466614199 0.001431621468959
0.992881701789922 0.001692925292385
0.991674920845816 0.001979540300564
0.990356336539171 0.002292564961861
0.988920652654958 0.002633210188268
0.987362026742117 0.003002806367806
0.985674028802568 0.003402810955291
0.983849595631489 0.003834816601739
0.981880980493172 0.004300559784489
0.979759697807566 0.004801929875448
0.977476462520771 0.005340978552043
0.975021123841211 0.005919929412117
0.972382593045667 0.006541187597373
0.969548765100746 0.007207349156541
0.966506433911784 0.007921209784846
0.963241201110526 0.008685772455278
0.959737378434761 0.009504253303166
0.955977883949758 0.010380084930884
0.951944132627359 0.011316916054933
0.947615922152126 0.012318606112662
0.942971315286295 0.013389213068387
0.937986520721552 0.014532972195745
0.932635775104624 0.015754263051423
0.926891229877212 0.017057561182678
0.920722847752814 0.018447370318216
0.914098315097266 0.019928129876704
0.906982978216078 0.021504091599031
0.899339813666215 0.023179158323524
0.891129625101107 0.024957562351724
0.882311656516022 0.026846233775601
0.872843573956133 0.028853605479055
0.862681772947209 0.030989450421824
0.851781933165347 0.033265238930265
0.840099760527218 0.035694586383623
0.827591947158148 0.038293803561467
0.814217377090593 0.041082557853227
0.799938598970156 0.044084645702485
0.784722193525600 0.047322089664949
0.768535559216227 0.050790430619283
0.751351085244403 0.054469112735110
0.733149041456040 0.058324698916630
0.713919438955780 0.062308572464273
0.693664002159252 0.066355316434005
0.672404169272145 0.070412135702213
0.650189343511564 0.074471362872182
0.627090974179479 0.078534958911250
0.603202216710825 0.082610762014167
0.578635210996703 0.086697580161049
0.553507546140381 0.090704215082403
0.527946509756705 0.094496865896241
0.502090846632356 0.097936649769724
0.476090556195390 0.100902468019492
0.450116488232609 0.103362153180502
0.424343551733245 0.105321359510394
0.398939546322629 0.106797302294314
0.374058536465448 0.107805566622882
0.349833286117616 0.108331637376269
0.326376996620185 0.108367592174008
0.303782843427874 0.107921107312536
0.282126422724111 0.107009389033776
0.261481799486256 0.105635010241755
0.241905289952979 0.103807134560298
0.223427986392218 0.101551428205484
0.206058931207516 0.098905959063151
0.189786833481239 0.095924167607197
0.174563918640710 0.092746603214093
0.160324968017351 0.089538256855112
0.147008039031328 0.086418963706536
0.134573193575896 0.083411371701204
0.123011633287142 0.080419001740394
0.112303099154719 0.077369789615840
0.102415044396705 0.074224003278330
0.093302767196690 0.070977384864841
0.084885972409080 0.067735515074093
0.077080238874510 0.064619787177802
0.069821043357949 0.061697183763914
0.063094679968617 0.058898884159414
0.056900396669644 0.056124116721481
0.051224887974266 0.053310155119329
0.046046231273444 0.050428987488736
0.041337146939900 0.047517848221585
0.037067272719515 0.044628130049873
0.033204838002463 0.041797493781826
0.029717901590952 0.039052804598448
0.026575211624967 0.036412604531878
0.023746088942738 0.033888559377575
0.021184801939890 0.031475395916354
0.018837569542930 0.029157027624014
0.016663283251772 0.026922446477938
0.014631476486319 0.024764966205171
0.012719835491500 0.022681008923482
0.010918571216940 0.020670787498973
0.009250077848890 0.018742978381282
0.007735173349532 0.016905959833959
0.006383387782589 0.015165206368021
0.005196027971564 0.013523968097702
0.004168545565771 0.011983810493670
0.003292354729441 0.010545041452279
0.002556220500322 0.009207048692846
0.001947312978881 0.007968565833970
0.001452002107833 0.006827881782922
0.001056451732842 0.005783005108415
0.000747058985232 0.004831792703637
0.000510775073021 0.003972050161131
0.000335335735253 0.003201609776338
0.000209423454669 0.002518390894594
0.000122778678213 0.001920446354947
0.000066273481972 0.001405998013807
0.000031958114181 0.000973463712657
0.000013088480530 0.000621477554984
0.000004140760327 0.000348904952908
0.000000817848315 0.000154853572998
0.000000051115495 0.000038681036724
0.000000000000000 0.000000000000000
0.000000048425046 -0.000037633257017
0.000000777581590 -0.000150679885968
0.000003959648412 -0.000339580019260
0.000012617433148 -0.000605065673623
0.000031130713502 -0.000948158208522
0.000065390375534 -0.001370164283665
0.000122976620808 -0.001872661117981
0.000212849443267 -0.002457316172505
0.000345123149133 -0.003125707186959
0.000531257193292 -0.003879236321370
0.000784031034457 -0.004718944485400
0.001117482692659 -0.005645271444258
0.001546807258049 -0.006657750908610
0.002088200363527 -0.007754624117362
0.002758627315598 -0.008932351222977
0.003575493066150 -0.010184994540709
0.004556181175383 -0.011503441154203
0.005717420947685 -0.012874424139364
0.007074430491455 -0.014279291348484
0.008639768894028 -0.015692457750960
0.010421812170526 -0.017079461083615
0.012422744076446 -0.018394520183137
0.014639592380323 -0.019585966671711
0.017080242232872 -0.020637429788914
0.019755866389960 -0.021555808186148
0.022674816475522 -0.022364433692924
0.025841217741116 -0.023109196546963
0.029260204626025 -0.023834980675961
0.032948254666753 -0.024539205797381
0.036924249900015 -0.025210928334515
0.041207751556770 -0.025837482566553
0.045818709545287 -0.026404285113612
0.050777043283684 -0.026894649438221
0.056103871190293 -0.027297297268456
0.061825266683450 -0.027625505111746
0.067969488620777 -0.027909952839741
0.074566138465510 -0.028201329065893
0.081646564237337 -0.028561691537523
0.089246870149988 -0.028992383236527
0.097406796908371 -0.029459850996648
0.106168776566311 -0.029915162112905
0.115575881133698 -0.030332414465928
0.125671508529012 -0.030708056150778
0.136499831392060 -0.031041147265887
0.148105106010938 -0.031334147637519
0.160530910599473 -0.031592983465396
0.173820046527782 -0.031819453454853
0.188013008127495 -0.032014468948563
0.203146150758514 -0.032181936303105
0.219249859725692 -0.032322882823266
0.236346415216160 -0.032423720556958
0.254447980391901 -0.032465111212672
0.273554389343579 -0.032423330516069
0.293650934648046 -0.032270006014083
0.314706423457556 -0.031976101298477
0.336672482173574 -0.031555150960704
0.359482317436772 -0.031058843392248
0.383049807668114 -0.030554697281860
0.407269965060835 -0.030124114867308
0.432019570901882 -0.029829327006923
0.457158923630926 -0.029682754850737
0.482536516471070 -0.029688373729541
0.507993514019261 -0.029845939419204
0.533369243708170 -0.030122551484425
0.558506599542958 -0.030436341081205
0.583255817024955 -0.030704681980171
0.607478600283089 -0.030853626941136
0.631051044993182 -0.030843479160383
0.653865937704560 -0.030679974801303
0.675835233171781 -0.030375545619853
0.696890662973177 -0.029944775969563
0.716983139153578 -0.029401984355984
0.736080685244764 -0.028752889788035
0.754167839899665 -0.028002961412143
0.771244120982680 -0.027161073012955
0.787321728127875 -0.026238452066387
0.802423219840693 -0.025247724896593
0.816579421525892 -0.024204753527529
0.829827502436118 -0.023130361944762
0.842208805215348 -0.022042648092318
0.853767270837755 -0.020956203615375
0.864548177195644 -0.019882574090055
0.874597116471780 -0.018830703375224
0.883959189538667 -0.017807346386659
0.892678391084261 -0.016817441532440
0.900797157569707 -0.015864438291682
0.908355871490399 -0.014949472741614
0.915392422026847 -0.014070165562453
0.921942662998108 -0.013224372317379
0.928040411260406 -0.012410638380507
0.933717391567122 -0.011627968946057
0.939003234965641 -0.010875662682181
0.943925516604779 -0.010153193873990
0.948509821603027 -0.009460130992663
0.952779830002984 -0.008796082239070
0.956757413825516 -0.008160660759618
0.960462740871844 -0.007553463964945
0.963914381245408 -0.006974062756028
0.967129413622681 -0.006421997536044
0.970123529136196 -0.005896778715080
0.972911131383107 -0.005397890047154
0.975505431573039 -0.004924793616343
0.977918538209296 -0.004476935645371
0.980161540982333 -0.004053752563481
0.982244588764003 -0.003654676962834
0.984176961742200 -0.003279143211463
0.985967137841229 -0.002926592589369
0.987622853644328 -0.002596477883050
0.989151160079589 -0.002288267420530
0.990558473155595 -0.002001448559757
0.991850620043642 -0.001735530662536
0.993032880803332 -0.001490047597332
0.994110026040679 -0.001264559819725
0.995086350774918 -0.001058656080913
0.995965704773778 -0.000871954813614
0.996751519598240 -0.000704105242145
0.997446832577800 -0.000554788259788
0.998054307916623 -0.000423717112452
0.998576255110134 -0.000310637923278
0.999014644831001 -0.000215330088504
0.999371122423110 -0.000137606570637
0.999647019122347 -0.000077314110952
0.999843361103648 -0.000034333379472
0.999960876434915 -0.000008579076960
1.000000000000000 0.000000000000000
