1.000000000000000 0.000000000000000
0.999960692896323 0.000013684243962
0.999842625567094 0.000054776773226
0.999645358965990 0.000123397154371
0.999368158034323 0.000219745246981
0.999009986697249 0.000344102078262
0.998569500795049 0.000496831070826
0.998045038885632 0.000678379626919
0.997434610835424 0.000889281073152
0.996735884096452 0.001130156970560
0.995946167547465 0.001401719795477
0.995062392756538 0.001704775997265
0.994081092501562 0.002040229439418
0.992998376363741 0.002409085230967
0.991809903187582 0.002812453955503
0.990510850179458 0.003251556305535
0.989095878395925 0.003727728130500
0.987559094353407 0.004242425907666
0.985894007473500 0.004797232646724
0.984093483064413 0.005393864241438
0.982149690530581 0.006034176285937
0.980054046501865 0.006720171379836
0.977797152583908 0.007454006956676
0.975368727456381 0.008238003685571
0.972757533091385 0.009074654518918
0.969951294936873 0.009966634492306
0.966936616018601 0.010916811430626
0.963698885069720 0.011928257782089
0.960222179013801 0.013004263896600
0.956489160422116 0.014148353196080
0.952480970960879 0.015364299863809
0.948177122364917 0.016656149923135
0.943555387151994 0.018028246902039
0.938591692163452 0.019485263712571
0.933260019123618 0.021032242941067
0.927532317798684 0.022674648478298
0.921378439053539 0.024418432353163
0.914766097198304 0.026270121803510
0.907660873521900 0.028236933051662
0.900026275844755 0.030326919963023
0.891823789575242 0.032548927808494
0.883012287787139 0.034910465908068
0.873548309842814 0.037417818970339
0.863386702286090 0.040076859383806
0.852481060949134 0.042892856095819
0.840784332312702 0.045870237219769
0.828249606581308 0.049012317961686
0.814831129898864 0.052320996691381
0.800485558970782 0.055796425411925
0.785173344887055 0.059435732017757
0.768859145548437 0.063222787028542
0.751513785634530 0.067127507354956
0.733116910784607 0.071108836016535
0.713659163009780 0.075113450071886
0.693144386811126 0.079074765984290
0.671595222000336 0.082933551731529
0.649064631644555 0.086696749513741
0.625630820419925 0.090399289296806
0.601395733121794 0.094092413600299
0.576482795007903 0.097832911457375
0.551017664944865 0.101572011776067
0.525129571433819 0.105181503158970
0.498958746273336 0.108525024236827
0.472654703926555 0.111474638056312
0.446384864765924 0.113981313028148
0.420322488169307 0.116043545797220
0.394633796251048 0.117670640725970
0.369472278771668 0.118871160288758
0.344971997202531 0.119608464771188
0.321247308879256 0.119845552916789
0.298392402669529 0.119566261027022
0.276482741846155 0.118772448754789
0.255592795986430 0.117469637743489
0.235782603153942 0.115673734686624
0.217086027407724 0.113416711884654
0.199513906055557 0.110742455007321
0.183056491714358 0.107707081720841
0.167669922946188 0.104436275005461
0.153291184957378 0.101082017161304
0.139859031879181 0.097757899457388
0.127337542515943 0.094479758615736
0.115725108543298 0.091147159780861
0.105005050704697 0.087689725672273
0.095145456423799 0.084072581980226
0.086102243935225 0.080300935466368
0.077816253082954 0.076464596449902
0.070226338077487 0.072654344790123
0.063268294073734 0.068932098139497
0.056858456522521 0.065329219500689
0.050922279358905 0.061864062316428
0.045400218796807 0.058548361277872
0.040268188742912 0.055374002262611
0.035567950104934 0.052293729157614
0.031327310364710 0.049270556454406
0.027551652472533 0.046282835737992
0.024230748652699 0.043319855530547
0.021343611297632 0.040378657124132
0.018838699786624 0.037472489388358
0.016630546912480 0.034631846954474
0.014650325266926 0.031880688027246
0.012846544774351 0.029235829220678
0.011181084291333 0.026708576713107
0.009628323640815 0.024305965707184
0.008193168360560 0.022031337445041
0.006890150565125 0.019885542776462
0.005725536104288 0.017867918671375
0.004699368336900 0.015976709706804
0.003807286286825 0.014209392378935
0.003041915035746 0.012562927972957
0.002393923171125 0.011033958971370
0.001852821706986 0.009618960911345
0.001407562831080 0.008314359156840
0.001046984194590 0.007116618105436
0.000760134526625 0.006022308801913
0.000536508552288 0.005028159699374
0.000366213066768 0.004131094329483
0.000240081210619 0.003328258864415
0.000149748220861 0.002617041933283
0.000087698975935 0.001995088562227
0.000047295334353 0.001460309713936
0.000022789448523 0.001010888588208
0.000009327807188 0.000645284593565
0.000002949635530 0.000362235697524
0.000000582392074 0.000160759699089
0.000000036390767 0.000040154832607
0.000000000000000 0.000000000000000
0.000000034428414 -0.000039039726222
0.000000552701508 -0.000156305826176
0.000002813589164 -0.000352239292671
0.000008961539246 -0.000627575846126
0.000022098113188 -0.000983346923820
0.000046385441979 -0.001420880839391
0.000087184918855 -0.001941803758331
0.000151059865928 -0.002547989777490
0.000245471102729 -0.003241408917440
0.000378945852800 -0.004024093329333
0.000561151602843 -0.004898055498229
0.000802922161516 -0.005865167365383
0.001116273268230 -0.006927005326583
0.001514401502412 -0.008084652198533
0.002011658284720 -0.009338444962257
0.002623488229512 -0.010687654236395
0.003366317840837 -0.012130077855280
0.004257376336446 -0.013661526440335
0.005314424973175 -0.015275173224268
0.006555364298729 -0.016960733322077
0.007997679845113 -0.018703428772949
0.009657675370194 -0.020482684542794
0.011549428166670 -0.022270486704664
0.013683382336331 -0.024029316491112
0.016065727629137 -0.025715409526680
0.018705569603086 -0.027320535772210
0.021611424584249 -0.028866791782526
0.024785927756793 -0.030396711931892
0.028223441738456 -0.031979994569876
0.031923930034365 -0.033673727843072
0.035911059067604 -0.035470389591510
0.040215018026023 -0.037346637782239
0.044871277253260 -0.039266261511310
0.049921755989031 -0.041175931950632
0.055415769033921 -0.043001460215917
0.061395771064405 -0.044695505219055
0.067887731215332 -0.046269080138118
0.074911137643722 -0.047755642365439
0.082477962707959 -0.049212869504606
0.090614549220693 -0.050661199360509
0.099368773530342 -0.052062798645543
0.108793798950220 -0.053364902391745
0.118940087438203 -0.054519058513551
0.129852339831159 -0.055486544013723
0.141573173459363 -0.056225103043577
0.154141623499207 -0.056688776181100
0.167591135008260 -0.056822317836427
0.181947417696688 -0.056539658003904
0.197225259301298 -0.055733367790796
0.213426446454295 -0.054282820280713
0.230559059890162 -0.052138278406819
0.248639342969474 -0.049341599752747
0.267676718560113 -0.045985069323424
0.287672165190584 -0.042219460659103
0.308616955410262 -0.038261202779433
0.330481926242821 -0.034294529351718
0.353205404021747 -0.030353805093108
0.376704963233416 -0.026454180208598
0.400879368156661 -0.022608052051012
0.425609471311314 -0.018833026140208
0.450759097121748 -0.015181498498932
0.476179438295978 -0.011715772012703
0.501713656068298 -0.008495757078087
0.527200809435596 -0.005568152729199
0.552478915215832 -0.002945060864176
0.577392160872104 -0.000625445174067
0.601796080889077 0.001398229734550
0.625561547093224 0.003138774418908
0.648577941028415 0.004612623135001
0.670754174924023 0.005839478228009
0.692019159068370 0.006841314952143
0.712321451368614 0.007640611284457
0.731627905683414 0.008252225112478
0.749922179194514 0.008687879325313
0.767202904238162 0.008961922545657
0.783481433037182 0.009090432058142
0.798779544852056 0.009090314245254
0.813127297670420 0.008980597310054
0.826561148939755 0.008787368916280
0.839121904034881 0.008534267654194
0.850853107207358 0.008240168989854
0.861799766355283 0.007919941863211
0.872007315053127 0.007585136266394
0.881520791178161 0.007244589555584
0.890384206644347 0.006904948657858
0.898640081044792 0.006571111355997
0.906329088314296 0.006246050315727
0.913489750806677 0.005929113177937
0.920158441823783 0.005619182109171
0.926369367645735 0.005315738676548
0.932154549262860 0.005018667135469
0.937543848151599 0.004728108756004
0.942565024173203 0.004444356513514
0.947243815971348 0.004167780525144
0.951604036259898 0.003898776614969
0.955667676080974 0.003637732055080
0.959455013504801 0.003385003885956
0.962984723371747 0.003140906305625
0.966273985580711 0.002905704475170
0.969338590142489 0.002679612757734
0.972193037774460 0.002462795925312
0.974850635242954 0.002255372263053
0.977323584986618 0.002057417800505
0.979623068798892 0.001868971124299
0.981759325527615 0.001690038394247
0.983741722878891 0.001520598308277
0.985578823502135 0.001360606851570
0.987278445592754 0.001210001730061
0.988847718285527 0.001068706434322
0.990293132131140 0.000936633911808
0.991620584954926 0.000813689847014
0.992835423394202 0.000699775563226
0.993942480401280 0.000594790568206
0.994946108985345 0.000498634771000
0.995850212449423 0.000411210399157
0.996658271359780 0.000332423645910
0.997373367465132 0.000262186075901
0.997998204762579 0.000200415816194
0.998535127886659 0.000147038557085
0.998986137977580 0.000101988384633
0.999352906164770 0.000065208464146
0.999636784782376 0.000036651591156
0.999838816414385 0.000016280623707
0.999959740848521 0.000004068807141
1.000000000000000 0.000000000000000
