1.000000000000000 0.000000000000000
0.999959928256955 0.000010336175256
0.999839565812484 0.000041375362699
0.999638470036263 0.000093209697648
0.999355899921356 0.000165993240923
0.998990811119018 0.000259942735231
0.998541848926089 0.000375338671068
0.998007339163157 0.000512526669246
0.997385276863466 0.000671919189420
0.996673312673858 0.000853997576428
0.995868736849912 0.001059314458976
0.994968460707931 0.001288496518239
0.993968995376402 0.001542247647499
0.992866427669350 0.001821352528046
0.991656392883669 0.002126680651527
0.990334044302419 0.002459190824964
0.988894019166757 0.002819936202040
0.987330400861212 0.003210069893636
0.985636677041485 0.003630851222288
0.983805693422028 0.004083652700334
0.981829602934196 0.004569967830826
0.979699809966935 0.005091419855282
0.977406909413913 0.005649771604873
0.974940620277496 0.006246936653891
0.972289713626222 0.006884992029559
0.969441934774774 0.007566192804262
0.966383919662149 0.008292988990233
0.963101105555228 0.009068045279293
0.959577636414056 0.009894264329544
0.955796263538012 0.010774814507683
0.951738242488307 0.011713163262713
0.947383227775538 0.012713117650438
0.942709167439706 0.013778873967380
0.937692200466831 0.014915079010256
0.932306561018460 0.016126906178236
0.926524494738346 0.017420150507072
0.920316193986246 0.018801347793034
0.913649760771109 0.020277924251652
0.906491208444921 0.021858384669909
0.898804515884908 0.023552548734913
0.890551749856436 0.025371842025282
0.881692808174317 0.027327410335744
0.872184678544905 0.029425454996850
0.861982321039893 0.031669800408054
0.851039155363152 0.034061873586753
0.839307532907339 0.036599786813022
0.826739366339089 0.039277217137227
0.813286940316824 0.042082069271207
0.798903924697112 0.044994922295325
0.783546881408754 0.047988650266802
0.767181122224158 0.051048429568055
0.749783493388627 0.054175300815165
0.731342296057392 0.057374581548507
0.711859801344561 0.060656721627658
0.691354808774898 0.064038509147721
0.669862242854337 0.067530301593496
0.647428754039898 0.071105032339954
0.624118638473334 0.074722094253387
0.600015524389596 0.078333869399563
0.575222322062260 0.081887075076271
0.549862040805233 0.085326056023344
0.524074506938412 0.088594349259516
0.498011950782444 0.091636513672955
0.471835170865745 0.094402866479389
0.445710488234110 0.096860612754193
0.419803097893691 0.098988368005911
0.394271252358194 0.100773490679629
0.369262015355766 0.102202783759570
0.344908088546690 0.103245355443916
0.321323972391498 0.103879781273210
0.298604008381044 0.104099678634589
0.276823201763597 0.103912505965924
0.256042039966671 0.103337754304372
0.236301285917216 0.102404278603722
0.217621746035033 0.101147643662553
0.200006752382738 0.099607637643311
0.183446674668358 0.097819178310171
0.167927925212551 0.095786504165884
0.153426583603299 0.093516167432715
0.139908164001058 0.091028079422650
0.127331930369816 0.088364774549735
0.115652263052671 0.085575919769379
0.104819734397178 0.082705090788091
0.094783438859280 0.079788787600812
0.085502997195749 0.076833047263771
0.076945455662436 0.073823487753303
0.069072142575531 0.070758056902775
0.061839536887304 0.067652042689742
0.055202400276514 0.064527275681877
0.049116076770077 0.061404179573777
0.043542570433405 0.058299312410253
0.038457879767510 0.055222623407826
0.033835808480720 0.052183631308322
0.029646820196313 0.049191982030958
0.025859815154607 0.046256927412907
0.022444359271050 0.043385764147311
0.019378479275512 0.040574733468422
0.016642026716414 0.037818273313136
0.014212318664636 0.035115122124372
0.012065450107354 0.032466975462779
0.010178148073256 0.029882922206384
0.008529026005287 0.027382261346310
0.007096851535677 0.024980185787891
0.005860788595673 0.022687053506263
0.004800792806299 0.020509502479408
0.003897867429874 0.018451331880050
0.003134216593611 0.016514197510251
0.002493323790205 0.014698159718813
0.001959976920357 0.013002114255708
0.001520255941962 0.011424130305331
0.001161495191921 0.009961714988652
0.000872229382185 0.008612019680572
0.000642129932078 0.007372000349117
0.000461936519991 0.006238541624367
0.000323387391428 0.005208552316357
0.000219150947349 0.004279038518320
0.000142760379756 0.003447159171250
0.000088552560638 0.002710267961635
0.000051611979511 0.002065944623352
0.000027720228248 0.001512018075206
0.000013311322291 0.001046583313684
0.000005433003429 0.000668013569416
0.000001714075030 0.000374968904000
0.000000337763311 0.000166402153833
0.000000021062637 0.000041562905367
0.000000000000000 0.000000000000000
0.000000021055194 -0.000041561731144
0.000000337255468 -0.000166398066049
0.000001710635275 -0.000374961988159
0.000005421030434 -0.000668006935163
0.000013280780665 -0.001046584266731
0.000027655376806 -0.001512039246457
0.000051490101320 -0.002066005035301
0.000088342701715 -0.002710394005807
0.000142422107810 -0.003447385462033
0.000218633147899 -0.004279408577523
0.000322627126430 -0.005209119028679
0.000460857984194 -0.006239367385789
0.000640643555334 -0.007373156807123
0.000870231142656 -0.008613586935684
0.001158866226616 -0.009963780089494
0.001516862568483 -0.011426784822171
0.001955671218886 -0.013005450657574
0.002487944939654 -0.014702266203535
0.003127593213129 -0.016519150840952
0.003889821249939 -0.018457187660344
0.004791144086686 -0.020516282146271
0.005849363826052 -0.022694727125682
0.007083494105285 -0.024988649493381
0.008513610719706 -0.027391307950864
0.010160600639537 -0.029892203127588
0.012045773017317 -0.032475951607674
0.014190692039905 -0.035123523087880
0.016618830596904 -0.037826608561587
0.019354124244776 -0.040583418280023
0.022419266317158 -0.043395013872720
0.025834429267923 -0.046266592069718
0.029622132784536 -0.049200881248065
0.033812875353280 -0.052190371232146
0.038437474819555 -0.055226013552035
0.043524990283562 -0.058298546099987
0.049100875215021 -0.061399081851988
0.055188758718220 -0.064518237112792
0.061827170793023 -0.067639221121629
0.069060952081274 -0.070741262803429
0.076935618328337 -0.073802050686227
0.085494736248651 -0.076806577668305
0.094776612621999 -0.079757598701335
0.104813834112227 -0.082669954524884
0.115647242749422 -0.085536280769669
0.127327808008022 -0.088319782468627
0.139904918328975 -0.090976800333451
0.153424143773357 -0.093457649910331
0.167926210512986 -0.095720569204055
0.183445511198707 -0.097746186604100
0.200005814409952 -0.099528409148926
0.217620802219171 -0.101062517625329
0.236300222770261 -0.102313124572035
0.256040713014236 -0.103240577135505
0.276821430974975 -0.103809484658521
0.298601574286875 -0.103991207516619
0.321320749862843 -0.103766490662437
0.344904051117752 -0.103128054892250
0.369257140562886 -0.102082446159034
0.394265522450419 -0.100651248479045
0.419796514408338 -0.098865149088701
0.445703083252575 -0.096736946674145
0.471826991640903 -0.094279322754072
0.498003059261301 -0.091513693154856
0.524065006522364 -0.088473004029457
0.549852057569674 -0.085206989949573
0.575211979238726 -0.081771017215971
0.600004940876994 -0.078221461589564
0.624107952718289 -0.074613892410080
0.647418090889396 -0.071001463077751
0.669851698244340 -0.067431655923761
0.691344452488874 -0.063944955535099
0.711849630411401 -0.060568059656837
0.731332251643000 -0.057290275201156
0.749773554818213 -0.054094952640172
0.767171297708665 -0.050971754638614
0.783537199181503 -0.047915448939409
0.798894433048795 -0.044925094618008
0.813277744045176 -0.042015828933794
0.826730548928683 -0.039214728559414
0.839299146568920 -0.036541106111899
0.851031228349378 -0.034006975320424
0.861974863631353 -0.031618599434826
0.872177687864812 -0.029377824024645
0.881686271999594 -0.027283193772594
0.890545649588168 -0.025330866726484
0.898798822565752 -0.023514600839695
0.906485885786016 -0.021823215362712
0.913644779327330 -0.020245316909554
0.920311529663842 -0.018771112814031
0.926520127465837 -0.017392120294787
0.932302473734876 -0.016100931169688
0.937688378356786 -0.014891024529591
0.942705597359036 -0.013756617730817
0.947379897823114 -0.012692547782925
0.951735141689193 -0.011694176715681
0.955793381610887 -0.010757315790639
0.959574963601976 -0.009878164487050
0.963098632503641 -0.009053261059751
0.966381637331874 -0.008279442164716
0.969439834380627 -0.007553809602879
0.972287786594234 -0.006873702670109
0.974938858215446 -0.006236674943202
0.977405304091238 -0.005640474597620
0.979698353301092 -0.005083027558477
0.981828286981354 -0.004562422944821
0.983804510370531 -0.004076900389205
0.985635619206967 -0.003624838908024
0.987329460682599 -0.003204747069799
0.988893189202592 -0.002815254263454
0.990333317227165 -0.002455102910740
0.991655761483743 -0.002123141499267
0.992865884838753 -0.001818318337484
0.993968534111869 -0.001539675952195
0.994968074103573 -0.001286346064152
0.995868418091347 -0.001057545088978
0.996673055031864 -0.000852570119934
0.997385073687183 -0.000670795356448
0.998007183872881 -0.000511668948304
0.998541735005710 -0.000374710230327
0.998990732108145 -0.000259507326509
0.999355849407175 -0.000165715106039
0.999638441645180 -0.000093053476730
0.999839553201584 -0.000041306004068
0.999959925105335 -0.000010318846520
1.000000000000000 0.000000000000000
