1.000000000000000 0.000000000000000
0.999960225999504 0.000009146801341
0.999840760100743 0.000036623226785
0.999641169664616 0.000082537591644
0.999360730460008 0.000147071260267
0.998998421885537 0.000230479911310
0.998552920221128 0.000333095323104
0.998022589850070 0.000455327693076
0.997405472374555 0.000597668508964
0.996699273529632 0.000760693993338
0.995901347781794 0.000945069146383
0.995008680479212 0.001151552415111
0.994017867400733 0.001381001019865
0.992925091530333 0.001634376971017
0.991726096862798 0.001912753809834
0.990416159025161 0.002217324107266
0.988990052477222 0.002549407752322
0.987442014033602 0.002910461057179
0.985765702429984 0.003302086698281
0.983954153638185 0.003726044500361
0.981999731619761 0.004184263052058
0.979894074197308 0.004678852115753
0.977628033718691 0.005212115757951
0.975191612194562 0.005786566076903
0.972573890607174 0.006404937337200
0.969762952122980 0.007070200231736
0.966745798998211 0.007785575873406
0.963508263052628 0.008554548964131
0.960034909710328 0.009380879387476
0.956308935778688 0.010268611211014
0.952312061370062 0.011222077750913
0.948024416681585 0.012245900926338
0.943424424754865 0.013344982594433
0.938488681861493 0.014524484884400
0.933191837827010 0.015789795715717
0.927506479443066 0.017146474664568
0.921403021154551 0.018600173109688
0.914849608475173 0.020156521126783
0.907812041108188 0.021820971906442
0.900253724548330 0.023598592566862
0.892135661022057 0.025493788184943
0.883416508317219 0.027509991020290
0.874053061202025 0.029650340423270
0.864000658736990 0.031917750564493
0.853213342186190 0.034313743593698
0.841644406471510 0.036837937436837
0.829247145853685 0.039487486393506
0.815975807657254 0.042256435812780
0.801786776694205 0.045134997948194
0.786640008180599 0.048108781629751
0.770501617192602 0.051163295866010
0.753347659550870 0.054294067418624
0.735165178918797 0.057499732650294
0.715954390503233 0.060781209967142
0.695731120395917 0.064142511696246
0.674528316162589 0.067587085892351
0.652391705927887 0.071081320893852
0.629382488089480 0.074563647437844
0.605580631359233 0.077961984967547
0.581084762285798 0.081196005589555
0.556014836293960 0.084188747195881
0.530511189189433 0.086872982951455
0.504727200088866 0.089185663834510
0.478824932214739 0.091071824831449
0.452974214174788 0.092506709510298
0.427346564178278 0.093494092769076
0.402106100227212 0.094048901038969
0.377403753172899 0.094197135014973
0.353367175003798 0.093989071864672
0.330102048107300 0.093486793841273
0.307695061560027 0.092750511352711
0.286213950413582 0.091833817622642
0.265719140479105 0.090721686766096
0.246261829115239 0.089345894244344
0.227870809192012 0.087664381333185
0.210554566585450 0.085660742787260
0.194304438925394 0.083339267676813
0.179091263155849 0.080761025336480
0.164863723779020 0.078068855762894
0.151567682933757 0.075380264663601
0.139151634736034 0.072769982691219
0.127583097319107 0.070210838620549
0.116832754196220 0.067647722875615
0.106863789225506 0.065048517042722
0.097634527282093 0.062398264811133
0.089099353413656 0.059704917413027
0.081208936540545 0.057007798921134
0.073915332794887 0.054341736244697
0.067173775828281 0.051728537393803
0.060944187640423 0.049170430178477
0.055188789729874 0.046667718404090
0.049871746499632 0.044222356501879
0.044961684035051 0.041835525646059
0.040439867761394 0.039501272997062
0.036288195861287 0.037214838323710
0.032485780290294 0.034974865311556
0.029010281107764 0.032782244433010
0.025838874480805 0.030639267459129
0.022948537933240 0.028549529336060
0.020311963736179 0.026523293615327
0.017901526008245 0.024572554435143
0.015693595794003 0.022705604479805
0.013667967764309 0.020927776586715
0.011807589350198 0.019241906771168
0.010117146771025 0.017633448013485
0.008624606985950 0.016069347696891
0.007341801245821 0.014530034198844
0.006208619143387 0.013053599699831
0.005136315787344 0.011702554022945
0.004160459396990 0.010449221347163
0.003336457104630 0.009248723178651
0.002649069608310 0.008096479714780
0.002065370254892 0.007000697780317
0.001564165817622 0.005968751787531
0.001144187841705 0.005009578258910
0.000805082987734 0.004130114427791
0.000541580306674 0.003334495887036
0.000345261733873 0.002624820106384
0.000205948835936 0.002001752904877
0.000112777515495 0.001465006972196
0.000055026001397 0.001013717459459
0.000022747529716 0.000646734437651
0.000007247871088 0.000362847772351
0.000001438692825 0.000160956474579
0.000000090181534 0.000040191686042
0.000000000000000 0.000000000000000
0.000000086684795 -0.000039338330860
0.000001395893433 -0.000157448982366
0.000007142200293 -0.000354602554896
0.000022909700003 -0.000631194617896
0.000056711085197 -0.000987684499513
0.000118068048439 -0.001424591212994
0.000217581164488 -0.001942415845477
0.000366358296487 -0.002541538189269
0.000575152226736 -0.003222092031650
0.000853237019285 -0.003983805737329
0.001206955774365 -0.004825800101985
0.001637854283574 -0.005746333363266
0.002140427286071 -0.006742481702368
0.002713214358862 -0.007809845030668
0.003378230974116 -0.008942221308926
0.004169882704836 -0.010130896028246
0.005127430917512 -0.011358697383030
0.006283406978575 -0.012589835205291
0.007668063305900 -0.013774662673295
0.009299321380651 -0.014862023781540
0.011163490335440 -0.015872700049637
0.013216739512686 -0.016887077161540
0.015429342385597 -0.017963342832586
0.017815006273949 -0.019091766553510
0.020394311320272 -0.020250255462599
0.023192778687677 -0.021406385782440
0.026241687633238 -0.022515391045831
0.029568211841974 -0.023545650380562
0.033190736752337 -0.024490795167552
0.037126048949484 -0.025351179600110
0.041388700434458 -0.026135452223324
0.045989591631402 -0.026864056335493
0.050934244004416 -0.027573401581935
0.056233355758721 -0.028286992723568
0.061916324695170 -0.028978359083951
0.068018533732631 -0.029603781184132
0.074580622091638 -0.030102549800581
0.081645404152585 -0.030418057815086
0.089247020609318 -0.030568068090550
0.097416584186973 -0.030611390178707
0.106184585263632 -0.030630451014649
0.115589826167325 -0.030646719336381
0.125676197607013 -0.030647596443992
0.136489159388903 -0.030614859824644
0.148075313808566 -0.030523099978152
0.160481136164948 -0.030344662309848
0.173749569545510 -0.030073446553000
0.187919968162920 -0.029714046107703
0.203027079852427 -0.029278023050493
0.219100130318787 -0.028775982830903
0.236161624296224 -0.028210497296197
0.254224383211221 -0.027586453265702
0.273289295684511 -0.026912692865173
0.293343170257139 -0.026202715943200
0.314356585406914 -0.025472556583345
0.336281319808692 -0.024726149000181
0.359049606645777 -0.023961582547984
0.382574046292302 -0.023176131913104
0.406748124714995 -0.022366534880090
0.431448016378392 -0.021533767354471
0.456535176921228 -0.020683933689690
0.481859572619630 -0.019823993596198
0.507263924261067 -0.018961276162443
0.532588417377511 -0.018102523608245
0.557675658217831 -0.017253726484653
0.582375500307127 -0.016420525661414
0.606549305603746 -0.015607886535129
0.630073348813442 -0.014817758102090
0.652841391844066 -0.014050091773352
0.674766266580513 -0.013304887474490
0.695780379870589 -0.012582300784294
0.715835464923273 -0.011886253404046
0.734901528193410 -0.011226288917261
0.752964861808530 -0.010609793073935
0.770026001442319 -0.010041406598327
0.786097554616019 -0.009523444114154
0.801201945842088 -0.009054827960260
0.815368977605331 -0.008623291285688
0.828634292744396 -0.008215429520765
0.841037855357499 -0.007821868438797
0.852622425355197 -0.007436400637806
0.863432280162954 -0.007055221449660
0.873512173480674 -0.006676295445679
0.882906510669386 -0.006298846159395
0.891658717817619 -0.005923022180491
0.899810838400947 -0.005551396678246
0.907403178800758 -0.005188120268376
0.914473997616790 -0.004836256407108
0.921059384682788 -0.004497895494419
0.927193213258106 -0.004174376546985
0.932907143706944 -0.003866464751656
0.938230665514031 -0.003574492576417
0.943191166912892 -0.003298471106241
0.947814023527738 -0.003038177273015
0.952122699244943 -0.002793221721407
0.956138854049457 -0.002563101225528
0.959882454812230 -0.002347238854606
0.963371886029046 -0.002145014477941
0.966624058322881 -0.001955787691999
0.969654513163137 -0.001778914834281
0.972477522755371 -0.001613761407439
0.975106184440248 -0.001459710961020
0.977552509232805 -0.001316171256299
0.979827504351279 -0.001182578362309
0.981941249744457 -0.001058399190032
0.983902968740335 -0.000943132859943
0.985721093017210 -0.000836311209798
0.987403322149408 -0.000737498680091
0.988956678010232 -0.000646291760103
0.990387554329620 -0.000562318134792
0.991701761707386 -0.000485235639512
0.992904568378079 -0.000414731103670
0.994000737012679 -0.000350519144348
0.994994557827513 -0.000292340955447
0.995889878253293 -0.000239963125971
0.996690129398012 -0.000193176511984
0.997398349517447 -0.000151795179820
0.998017204686632 -0.000115655432951
0.998549006845357 -0.000084614930981
0.998995729370703 -0.000058551906425
0.999359020309951 -0.000037364482839
0.999640213388134 -0.000020970096438
0.999840336885812 -0.000009305022345
0.999960120464572 -0.000002324006017
1.000000000000000 0.000000000000000
