1.000000000000000 0.000000000000000
0.999958387145379 0.000001665105247
0.999833397852062 0.000006677232963
0.999624578945098 0.000015087046867
0.999331171835808 0.000026979749826
0.998952107546643 0.000042476243021
0.998485999686762 0.000061734777427
0.997931135318788 0.000084953126939
0.997285463639676 0.000112371321914
0.996546582380808 0.000144274992088
0.995711721814285 0.000180999379042
0.994777726233896 0.000222934090826
0.993741032760590 0.000270528685250
0.992597647303422 0.000324299183981
0.991343117488354 0.000384835637232
0.989972502349107 0.000452810878812
0.988480338557185 0.000528990633938
0.986860602952735 0.000614245167823
0.985106671125311 0.000709562692070
0.983211271784874 0.000816064778538
0.981166436660517 0.000935024067015
0.978963445669499 0.001067884593924
0.976592767115261 0.001216285114439
0.974043992704020 0.001382085839845
0.971305767220006 0.001567399065114
0.968365712775779 0.001774624217804
0.965210347663938 0.002006487916799
0.961824999989750 0.002266089685683
0.958193716472715 0.002556954016813
0.954299167083665 0.002883089522782
0.950122546550445 0.003249055933936
0.945643474241016 0.003660039692605
0.940839894542874 0.004121938841349
0.935687980630882 0.004641457782986
0.930162045483881 0.005226212277054
0.924234465208007 0.005884844695103
0.917875621185504 0.006627149040960
0.911053869322159 0.007464204496235
0.903735546734771 0.008408515209905
0.895885020166962 0.009474133533485
0.887464610496181 0.010676351199431
0.878434689359287 0.012031579477677
0.868754066075100 0.013557626994057
0.858380362659603 0.015273622169134
0.847270520579828 0.017199827868574
0.835381470485413 0.019357334512373
0.822670989418190 0.021767600064177
0.809098767386522 0.024451803788381
0.794627685401011 0.027429999859743
0.779224583686729 0.030720960509916
0.762861255421524 0.034341760913901
0.745516952620548 0.038305460538377
0.727180374031168 0.042619405115441
0.707851647804453 0.047283477889860
0.687544096149517 0.052287704756239
0.666283249263655 0.057601329164523
0.644108066871779 0.063170604400193
0.621073658148734 0.068923688876137
0.597251828261087 0.074771128572121
0.572735040260614 0.080624976878129
0.547644300048017 0.086439156409366
0.522118678815551 0.092176279115509
0.496309912525925 0.097800384283473
0.470372147806642 0.103235575286163
0.444447194854258 0.108296746979030
0.418673863361857 0.112792681438599
0.393187208748952 0.116555633215505
0.368131380326969 0.119479585706250
0.343667443272437 0.121545713785264
0.319938749141922 0.122765653018410
0.297064518473292 0.123172390710794
0.275139285974734 0.122825519007030
0.254233979454935 0.121818883445946
0.234395319812593 0.120251045018569
0.215647711182336 0.118217271190831
0.197996080252291 0.115807070238446
0.181439624152255 0.113070806624112
0.165988989108530 0.109976874851103
0.151636246010703 0.106509624436580
0.138349479882201 0.102696475873294
0.126059957037202 0.098665109853224
0.114691504956723 0.094546609183712
0.104172744506252 0.090439182917137
0.094439936858496 0.086409343010099
0.085475395598899 0.082426539851179
0.077280541302624 0.078417092770662
0.069832154937922 0.074346838382554
0.063048787385793 0.070274986682140
0.056834514499434 0.066286042949879
0.051111739763388 0.062438736408414
0.045822753288297 0.058767208460100
0.040954146304234 0.055261522579478
0.036501293869780 0.051901004233361
0.032450595637632 0.048671352352157
0.028782493517957 0.045562922219309
0.025473795379391 0.042569365926092
0.022496846370209 0.039685696702633
0.019809845077601 0.036903556739932
0.017372428372389 0.034216060904670
0.015151585596444 0.031619357144703
0.013120240701355 0.029111694890400
0.011257950036761 0.026693396549731
0.009564719278063 0.024371654556141
0.008045532554128 0.022154862975408
0.006698885575665 0.020048443798877
0.005518612900477 0.018055495257662
0.004495404092552 0.016177353580350
0.003617947939781 0.014414037434899
0.002873789110813 0.012764598960961
0.002249963203546 0.011227400476915
0.001733461663151 0.009800332092511
0.001311566694114 0.008480982380853
0.000972087396466 0.007266771807082
0.000703521396422 0.006155056650745
0.000495160801163 0.005143209594201
0.000337157059338 0.004228681900284
0.000220555995230 0.003409051104850
0.000137311702770 0.002682057352340
0.000080285976336 0.002045630864465
0.000043238393313 0.001497912520624
0.000020810950206 0.001037269117766
0.000008510212308 0.000662304546038
0.000002689205270 0.000371867847859
0.000000530706974 0.000165058908408
0.000000033151258 0.000041232343787
0.000000000000000 0.000000000000000
0.000000030912376 -0.000039803912216
0.000000496107637 -0.000159378963812
0.000002524247504 -0.000359215436159
0.000008034430948 -0.000640131553157
0.000019794503683 -0.001003274994317
0.000041505374538 -0.001450124766779
0.000077914146308 -0.001982493171747
0.000134956364761 -0.002602525405822
0.000219680239363 -0.003312545205640
0.000340022334704 -0.004114783794283
0.000505039628304 -0.005011349172477
0.000724995632843 -0.006004067798147
0.001011424114539 -0.007094264090631
0.001377190413830 -0.008282479074998
0.001836546075519 -0.009568112375343
0.002405170992839 -0.010948967729647
0.003100195299540 -0.012420677140591
0.003940190670403 -0.013975972431865
0.004945117339826 -0.015603765015759
0.006136208797832 -0.017287984677990
0.007535770489219 -0.019006115627398
0.009166861563037 -0.020727352287722
0.011052819336867 -0.022410277510933
0.013216557852641 -0.024000107851602
0.015677282618887 -0.025448902136478
0.018445285299783 -0.026750813296360
0.021521887186672 -0.027918287623488
0.024896185587970 -0.028983241984430
0.028548713256332 -0.029992154520391
0.032488491904451 -0.030952798661422
0.036736870139247 -0.031858403381850
0.041316363816456 -0.032704765966494
0.046250472391922 -0.033491708602902
0.051563407250013 -0.034224941503475
0.057281066906563 -0.034905938802848
0.063432689909486 -0.035514833242231
0.070049004072377 -0.036024303249557
0.077161634234219 -0.036400970108958
0.084804163706313 -0.036628181625026
0.093013802925086 -0.036740970321850
0.101829281027918 -0.036807100874104
0.111290838828196 -0.036889376099831
0.121441084003911 -0.036966857730950
0.132323450808045 -0.036989696735296
0.143981257659218 -0.036886050457327
0.156456839936173 -0.036559224975997
0.169792558101934 -0.035968322687943
0.184030587173149 -0.035169300108148
0.199210113148379 -0.034261860245766
0.215365091250575 -0.033370761476182
0.232519283704213 -0.032535393799030
0.250685536784644 -0.031761698196852
0.269864386062598 -0.031052778943741
0.290041825390279 -0.030407946520409
0.311187247859658 -0.029822705132025
0.333251753556761 -0.029308276272562
0.356166998205470 -0.028896444989243
0.379844774417177 -0.028623271321053
0.404177519805638 -0.028527115526603
0.429040073234748 -0.028611279818654
0.454292623315121 -0.028783895287012
0.479783825938706 -0.028927973560742
0.505355032047555 -0.028920822498614
0.530845044690487 -0.028692811945905
0.556095046524475 -0.028292623521669
0.580953550898158 -0.027785090883526
0.605280737736680 -0.027232214174845
0.628952576275715 -0.026684150980820
0.651863894357704 -0.026171830760861
0.673928545548191 -0.025718695943300
0.695079705798434 -0.025342133558395
0.715269126628043 -0.025046243232044
0.734463700221651 -0.024773618937914
0.752646124379404 -0.024454339473617
0.769814498845212 -0.024039844779453
0.785979994397346 -0.023500008051258
0.801164475930376 -0.022819714620430
0.815398315947669 -0.022004265573724
0.828718444203194 -0.021089833099537
0.841166166569392 -0.020111269769999
0.852785529632901 -0.019096407409196
0.863622018687698 -0.018067122995001
0.873721501894045 -0.017040321283110
0.883129398296298 -0.016028812625349
0.891890042589293 -0.015042078167826
0.900046217967531 -0.014086923861807
0.907638874938092 -0.013167872968740
0.914707019429943 -0.012287275518555
0.921287403056542 -0.011446327172757
0.927414442159970 -0.010645476031597
0.933120241480837 -0.009884596575981
0.938434653036324 -0.009163131019060
0.943385359899195 -0.008480203237479
0.947997976665655 -0.007834709873820
0.952296160176858 -0.007225392602136
0.956301725537434 -0.006650894970693
0.960034763684820 -0.006109806704107
0.963513757739667 -0.005600697872634
0.966755696144963 -0.005122144922732
0.969776181212321 -0.004672750208512
0.972589532167632 -0.004251156364016
0.975208882150644 -0.003856056605493
0.977646268895934 -0.003486201844859
0.979912719024615 -0.003140405324238
0.982018326022031 -0.002817545341181
0.983972322079091 -0.002516566519905
0.985783144043661 -0.002236479991147
0.987458493771623 -0.001976362768326
0.989005393191014 -0.001735356547300
0.990430234402153 -0.001512666108621
0.991738825135612 -0.001307557462344
0.992936429881289 -0.001119355844553
0.994027806988067 -0.000947443650148
0.995017242016142 -0.000791258366948
0.995908577604570 -0.000650290560789
0.996705240095733 -0.000524081949190
0.997410263136967 -0.000412223591769
0.998026308458118 -0.000314354218199
0.998555684002447 -0.000230158708915
0.999000359567479 -0.000159366739453
0.999361980092062 -0.000101751596055
0.999641876706206 -0.000057129167802
0.999841075641159 -0.000025357118777
0.999960305078632 -0.000006334242491
1.000000000000000 0.000000000000000
