1.000000000000000 0.000000000000000
0.999960444020300 0.000011350848148
0.999841632925799 0.000045447229066
0.999643136303298 0.000102420938171
0.999364233632250 0.000182492589436
0.999003909506990 0.000285973053598
0.998560846887642 0.000413265483027
0.998033418319009 0.000564867934295
0.997419675038475 0.000741376602034
0.996717333875311 0.000943489679761
0.995923761824272 0.001172011864717
0.995035958156183 0.001427859524217
0.994050533907183 0.001712066540131
0.992963688566324 0.002025790845565
0.991771183758508 0.002370321662954
0.990468313696133 0.002747087444910
0.989049872148689 0.003157664507355
0.987510115655049 0.003603786327428
0.985842722678700 0.004087353454894
0.984040748382455 0.004610443953179
0.982096574676849 0.005175324242199
0.980001855176810 0.005784460156482
0.977747454685705 0.006440527954474
0.975323382816599 0.007146424913120
0.972718721360064 0.007905279008953
0.969921545019709 0.008720457014691
0.966918835164963 0.009595570118028
0.963696386301206 0.010534475883941
0.960238705037021 0.011541275017265
0.956528901445843 0.012620300918907
0.952548572885279 0.013776099443561
0.948277680565061 0.015013395531309
0.943694419459629 0.016337042468499
0.938775082562651 0.017751948399334
0.933493921000320 0.019262973321389
0.927823002183363 0.020874788119702
0.921732069012633 0.022591685195033
0.915188404190774 0.024417327907788
0.908156704964375 0.026354423403578
0.900598975158163 0.028404300471633
0.892474599143649 0.030566940069025
0.883741525783485 0.032844780825729
0.874356256847897 0.035241812496947
0.864273779445774 0.037762029011385
0.853448084022381 0.040409486014300
0.841832871966028 0.043188415595783
0.829382482653356 0.046103403178485
0.816053070381252 0.049159641026195
0.801804055875382 0.052363271266213
0.786599524945366 0.055720597323104
0.770407199959584 0.059227619602743
0.753200845754049 0.062871117430281
0.734963605267405 0.066632443676783
0.715690217142192 0.070486968857464
0.695389233751675 0.074403658970294
0.674085413775674 0.078343228489973
0.651822269108796 0.082254132659416
0.628662844687674 0.086076249231022
0.604690190502670 0.089743016833824
0.580007419849787 0.093184869550900
0.554739820225649 0.096347245753536
0.529031624777354 0.099189577002206
0.503040348740282 0.101678034143689
0.476932202683220 0.103785578147597
0.450876964109083 0.105482056050720
0.425042521421668 0.106741503103324
0.399589564877064 0.107549805341966
0.374667332468291 0.107905496165587
0.350411998628359 0.107820981552463
0.326941444617687 0.107319705315066
0.304352252219025 0.106433533616306
0.282719133553926 0.105200956530284
0.262095961345361 0.103667873950098
0.242516674437621 0.101883490358331
0.223996689445982 0.099895796724541
0.206535268848267 0.097750170291986
0.190118326005462 0.095487269576081
0.174728942220302 0.093103906412828
0.160348350239690 0.090559876334417
0.146946168039342 0.087836145880821
0.134484710989099 0.084937109586101
0.122926027166293 0.081895863332116
0.112226802894102 0.078750007633746
0.102338955231260 0.075534567629304
0.093211868763161 0.072281486013563
0.084793108778343 0.069022835985315
0.077030192378373 0.065789160707148
0.069873291257945 0.062604242155350
0.063288873287583 0.059461807908461
0.057256250398154 0.056333112580108
0.051748623102764 0.053202455559663
0.046734564793277 0.050065281590365
0.042172466159669 0.046948666688050
0.038011364308762 0.043911012359507
0.034206490555392 0.040995255237976
0.030719502129466 0.038229147468944
0.027517436111047 0.035629100202517
0.024571846920540 0.033203155251673
0.021857829372165 0.030948311931748
0.019351823792036 0.028822223355285
0.017032970813950 0.026778982327005
0.014883696466652 0.024788632185274
0.012889121068211 0.022833151532798
0.011037086020426 0.020903678644731
0.009332247658279 0.019010202290670
0.007790943040342 0.017175662351656
0.006420264328439 0.015417220354942
0.005219622701703 0.013746687840763
0.004183003910734 0.012171771975439
0.003300696102323 0.010697059968333
0.002560606406339 0.009324796078445
0.001949257811447 0.008055493992278
0.001452538188640 0.006888418601198
0.001056257837680 0.005821964244584
0.000746559748146 0.004853950947484
0.000510217184443 0.003981855775677
0.000334845670183 0.003202992923701
0.000209050525032 0.002514653357271
0.000122526451949 0.001914212602769
0.000066122012571 0.001399213495808
0.000031878948465 0.000967429274528
0.000013054035993 0.000616911256587
0.000004129367686 0.000346024411702
0.000000815525656 0.000153473385879
0.000000050966309 0.000038320909814
0.000000000000000 0.000000000000000
0.000000048220483 -0.000037247737960
0.000000774235558 -0.000149077391275
0.000003942264905 -0.000335744518632
0.000012560580675 -0.000597662316129
0.000030985880070 -0.000935381794775
0.000065074538275 -0.001349562554466
0.000122386120914 -0.001840932597247
0.000212434794651 -0.002410235531720
0.000346306956202 -0.003058190668311
0.000535922376611 -0.003785451555681
0.000794416218388 -0.004592498539843
0.001136084566758 -0.005479524114730
0.001576222843228 -0.006446291319141
0.002130892167438 -0.007491955891902
0.002816589847110 -0.008614843328457
0.003649793491752 -0.009812169787470
0.004646339739743 -0.011079693061001
0.005820587766273 -0.012411276409282
0.007184303975854 -0.013798343799387
0.008745186786103 -0.015229199761486
0.010504928179227 -0.016688180419159
0.012456680473450 -0.018154593927532
0.014583703145796 -0.019602247105926
0.016885404138968 -0.021011044786187
0.019381655305286 -0.022369227358854
0.022097272442108 -0.023667121029673
0.025062649853517 -0.024898195467595
0.028313705807727 -0.026059859847382
0.031877814640814 -0.027145681044310
0.035773840066139 -0.028147081010569
0.040017923063828 -0.029059341463388
0.044621919830721 -0.029883751937538
0.049591164561249 -0.030630411699504
0.054924021265242 -0.031318384204264
0.060636752578454 -0.031939815775103
0.066762928831449 -0.032459990528787
0.073341199407132 -0.032833686884113
0.080415485052504 -0.033005664151270
0.088025581474353 -0.032957884472216
0.096204468189567 -0.032725526114225
0.104983638569441 -0.032374843607539
0.114398164648173 -0.031950980627736
0.124490261681270 -0.031438614321181
0.135303704959698 -0.030813128096562
0.146882907969783 -0.030043426679171
0.159272293704098 -0.029093675461315
0.172516072438842 -0.027963743591979
0.186657315226193 -0.026695607936938
0.201736497695839 -0.025358139992987
0.217788696378299 -0.024028891460672
0.234837399374368 -0.022722947197867
0.252894891873776 -0.021435365871148
0.271960865498872 -0.020155280922279
0.292020135094891 -0.018864604056480
0.313040666995074 -0.017539314774348
0.334973984413399 -0.016188507298195
0.357754245271811 -0.014858412169597
0.381296400543509 -0.013605375648574
0.405496585931349 -0.012493474240156
0.430232247028988 -0.011561147064518
0.455362794133933 -0.010775642004414
0.480735349263058 -0.010086985328256
0.506189522705276 -0.009439738651602
0.531563417504203 -0.008807984344122
0.556699811950292 -0.008230261549193
0.581448974918954 -0.007749546410140
0.605672623322793 -0.007402602019645
0.629246991279511 -0.007192664964423
0.652065029176345 -0.007067748659943
0.674038771832498 -0.006976713024136
0.695099969877280 -0.006877798320553
0.715199738752980 -0.006741588355036
0.734307697854036 -0.006568581179287
0.752410020689466 -0.006370872976426
0.769507208773434 -0.006158524343910
0.785611903360561 -0.005939590684151
0.800746677426924 -0.005720327590848
0.814941862349395 -0.005503691462755
0.828233493997586 -0.005286291958318
0.840661798214413 -0.005065104120926
0.852269735644787 -0.004838657700135
0.863101736795161 -0.004606606197070
0.873202671970324 -0.004369377641023
0.882617035750370 -0.004127900317769
0.891388320843000 -0.003883393842181
0.899558554419533 -0.003637214993400
0.907167985742590 -0.003391221413213
0.914254917370413 -0.003149169483654
0.920855503155982 -0.002914345034295
0.927003672875113 -0.002688970173768
0.932731137415618 -0.002474459201470
0.938067431939963 -0.002271620177551
0.943039986375976 -0.002080812348255
0.947674214705870 -0.001902068215439
0.951993616323600 -0.001735187511562
0.956019884237483 -0.001579809004674
0.959773016135764 -0.001435464917908
0.963271425339314 -0.001301621794639
0.966532049471226 -0.001177710855048
0.969570455309661 -0.001063150250625
0.972400938787008 -0.000957361107748
0.975036619480910 -0.000859778839414
0.977489529233061 -0.000769860876661
0.979770694748426 -0.000687091712597
0.981890214186195 -0.000610985948434
0.983857327866834 -0.000541089871688
0.985680483297425 -0.000476981972414
0.987367394768179 -0.000418272706757
0.988925097803147 -0.000364603742247
0.990359998762837 -0.000315646861505
0.991677919899801 -0.000271102656500
0.992884140163258 -0.000230699111472
0.993983432038021 -0.000194190146529
0.994980094688097 -0.000161354174211
0.995877983657869 -0.000131992706326
0.996680537364580 -0.000105929037177
0.997390800595838 -0.000083007020968
0.998011445205525 -0.000063089955037
0.998544788181140 -0.000046059576158
0.998992807235586 -0.000031815174012
0.999357154056763 -0.000020272823769
0.999639165329201 -0.000011364738338
0.999839871623367 -0.000005038739994
0.999960004230105 -0.000001257850656
1.000000000000000 0.000000000000000
