1.000000000000000 0.000000000000000
0.999959057612870 0.000002495323535
0.999836081939063 0.000009995957906
0.999630626465873 0.000022546059555
0.999341943745534 0.000040219775891
0.998968980475834 0.000063122085229
0.998510370553821 0.000091389992849
0.997964426043055 0.000125194103827
0.997329125977314 0.000164740600028
0.996602102905773 0.000210273655954
0.995780627066396 0.000262078336289
0.994861588055607 0.000320484027078
0.993841473843343 0.000385868462806
0.992716346963420 0.000458662423427
0.991481817689955 0.000539355188897
0.990133013991766 0.000628500854362
0.988664548038654 0.000726725627185
0.987070479016833 0.000834736247906
0.985344271996641 0.000953329701520
0.983478752584945 0.001083404413723
0.981466057089265 0.001225973159616
0.979297577922563 0.001382177950510
0.976963903989611 0.001553307208840
0.974454755821634 0.001740815592479
0.971758915269961 0.001946346889077
0.968864149637582 0.002171760469248
0.965757130227349 0.002419161865519
0.962423345426050 0.002690938132666
0.958847008636518 0.002989798745052
0.955010961629137 0.003318822897763
0.950896574226994 0.003681514200248
0.946483641685802 0.004081863881719
0.941750281704949 0.004524423763214
0.936672833737507 0.005014390385662
0.931225764185925 0.005557701806418
0.925381582210167 0.006161148673405
0.919110772270239 0.006832501233728
0.912381751206369 0.007580653900594
0.905160859650166 0.008415788844207
0.897412398485915 0.009349550561880
0.889098630858259 0.010394605580965
0.880179839881819 0.011564069869882
0.870614666381117 0.012872157911757
0.860360473822712 0.014334214005404
0.849373839230565 0.015966606481696
0.837611206463679 0.017786538207169
0.825029727089871 0.019811750482873
0.811588311780377 0.022060095878510
0.797248907693964 0.024548953080972
0.781977449189785 0.027293644540164
0.765744496523405 0.030304876128540
0.748527789729343 0.033588494240729
0.730314330427829 0.037144173780902
0.711102387872095 0.040963790450183
0.690903465062671 0.045029757364363
0.669743496093908 0.049311704418295
0.647664054925476 0.053764435836608
0.624724006790338 0.058329131812528
0.601000043074806 0.062933876244874
0.576587789641270 0.067499227485533
0.551605892427442 0.071956576074361
0.526190264196280 0.076240039810770
0.500489209482145 0.080284451074762
0.474659489507642 0.084027176316361
0.448862158227493 0.087406992133110
0.423257164686078 0.090371075769672
0.397998334894077 0.092878954154104
0.373231843761233 0.094895746263214
0.349098008087413 0.096376856523718
0.325719713928542 0.097293133509909
0.303198419889533 0.097636117443061
0.281613171300044 0.097424996173823
0.261020081996860 0.096743961362661
0.241454545865581 0.095692010578948
0.222933613798647 0.094357187100477
0.205458285215100 0.092815862369880
0.189017702226598 0.091124022898961
0.173607180480885 0.089237822089433
0.159216950403913 0.087085025919279
0.145821742124847 0.084631361670873
0.133377536898059 0.081915655250412
0.121824369687315 0.079045828623229
0.111102409526452 0.076110877041422
0.101153956975786 0.073177657218175
0.091929040313801 0.070283708048679
0.083405687061296 0.067396103286874
0.075561770272564 0.064478118845073
0.068359675124442 0.061521503557228
0.061729471480261 0.058570827134900
0.055603091176876 0.055672269581837
0.049924195722500 0.052858565765061
0.044657320521539 0.050142632451542
0.039810308673384 0.047499978096543
0.035386941886468 0.044908516322190
0.031378733413374 0.042355889731701
0.027768908739663 0.039836599675216
0.024535358016077 0.037349860310032
0.021643630015960 0.034898543565082
0.019039794447391 0.032488523169124
0.016677479388668 0.030126328478645
0.014520015533356 0.027818470255157
0.012538392390406 0.025571177856403
0.010715573311729 0.023392011950976
0.009059496620599 0.021294048667785
0.007576459161574 0.019288169435536
0.006265635547995 0.017381652259493
0.005121186495207 0.015579009257379
0.004133865637600 0.013882649547166
0.003292236749953 0.012293403204864
0.002583589123195 0.010810934770700
0.001994619785705 0.009434068995161
0.001511936281494 0.008161046903240
0.001122421955710 0.006989726579144
0.000813496472884 0.005917740144860
0.000573297063628 0.004942616072314
0.000390800334056 0.004061874108970
0.000255900042315 0.003273098613590
0.000159452782855 0.002573994915431
0.000093300812625 0.001962432364535
0.000050279139789 0.001436476984175
0.000024212345230 0.000994416029432
0.000009905317933 0.000634776267102
0.000003131076523 0.000356337396406
0.000000618056527 0.000158141706895
0.000000038615059 0.000039500802984
0.000000000000000 0.000000000000000
0.000000037380551 -0.000038851440784
0.000000600041644 -0.000155551379061
0.000003053900415 -0.000350536099843
0.000009723833846 -0.000624530798273
0.000023967920328 -0.000978546408866
0.000050274935177 -0.001413872977045
0.000094190276636 -0.001932035632197
0.000162242394083 -0.002534740521624
0.000262035699749 -0.003223836544851
0.000402274708456 -0.004001250636478
0.000592779070568 -0.004868903244538
0.000844488006974 -0.005828599489311
0.001169448109788 -0.006881889649001
0.001580776619387 -0.008029890980790
0.002092589902752 -0.009273060841437
0.002719883790340 -0.010610908514873
0.003478348488979 -0.012041629952573
0.004384095734385 -0.013561645619268
0.005453269371396 -0.015165016602891
0.006701502262008 -0.016842707831425
0.008143171825424 -0.018581659312645
0.009790392983557 -0.020363616365313
0.011651670028722 -0.022163657331296
0.013730764138969 -0.023949359780525
0.016037383913915 -0.025698690510158
0.018590045201000 -0.027406302728649
0.021407573857450 -0.029072948652304
0.024508152471578 -0.030707511817403
0.027909188185851 -0.032326297971111
0.031631326077151 -0.033929231083029
0.035696445977413 -0.035507592944778
0.040125043254892 -0.037053843820983
0.044934933531099 -0.038562664122317
0.050139498855440 -0.040032353968612
0.055750617662352 -0.041465144636167
0.061795415489626 -0.042863758729806
0.068306853088186 -0.044236446388634
0.075319555076810 -0.045601153535131
0.082870218246823 -0.046976044663317
0.090999649650141 -0.048337729496227
0.099751389514774 -0.049641260487923
0.109170515692031 -0.050835372264409
0.119301232257642 -0.051902133308137
0.130186731931306 -0.052841383355512
0.141868375635602 -0.053664374694910
0.154384142794923 -0.054398037218502
0.167771729923548 -0.055063132356064
0.182071947075676 -0.055649698803643
0.197322128972609 -0.056145265774495
0.213553725835340 -0.056538323846240
0.230789453971974 -0.056816959316382
0.249041336919330 -0.056970480492054
0.268308706911448 -0.056991335292662
0.288575923411728 -0.056876302429071
0.309810310847837 -0.056627337255319
0.331961472687933 -0.056242228042255
0.354960621916427 -0.055710699423719
0.378719291314771 -0.055024270943937
0.403129805273714 -0.054177483329997
0.428066600741031 -0.053167344425932
0.453388378184727 -0.051991567600073
0.478942142859869 -0.050651179439430
0.504567697948606 -0.049151246195171
0.530103083624883 -0.047505695940631
0.555390350121423 -0.045743392931531
0.580279218201628 -0.043896651905722
0.604631122850642 -0.041997898715489
0.628322192003864 -0.040071991226624
0.651245264398832 -0.038128741830735
0.673312478454682 -0.036176791236999
0.694455920743463 -0.034225433436413
0.714627331129307 -0.032285603347472
0.733797951115700 -0.030379644909414
0.751955838926568 -0.028531551370588
0.769103047586685 -0.026759355461372
0.785253458384905 -0.025075701483685
0.800430610260245 -0.023488607790622
0.814665486967350 -0.022000693539831
0.827994339608827 -0.020606843721311
0.840457523089265 -0.019300874755120
0.852098125882018 -0.018077087906186
0.862960703944736 -0.016930212489275
0.873090249729493 -0.015855356795285
0.882531375926716 -0.014847967035851
0.891327688757114 -0.013903793678226
0.899521323900309 -0.013018864094803
0.907152540654883 -0.012188918006508
0.914259275216285 -0.011407786623627
0.920877385299178 -0.010669964933428
0.927040678166191 -0.009971191085896
0.932780864596704 -0.009308138081367
0.938127563203182 -0.008678177780530
0.943108341843368 -0.008079201899804
0.947748785437233 -0.007509487346358
0.952072581716408 -0.006967595742229
0.956101618296233 -0.006452299091134
0.959856085996123 -0.005962525277209
0.963354584580725 -0.005497318492127
0.966614228093157 -0.005055810812047
0.969650747741636 -0.004637202034944
0.972478590918304 -0.004240745584640
0.975111015405715 -0.003865738827769
0.977560178189757 -0.003511516565729
0.979837218570582 -0.003177446781761
0.981952335464595 -0.002862927965077
0.983914858936106 -0.002567387516570
0.985733316099568 -0.002290280877827
0.987415491602347 -0.002031091127420
0.988968482941695 -0.001789328864335
0.990398750894374 -0.001564532254153
0.991712165347942 -0.001356267154287
0.992914046823011 -0.001164127263989
0.994009203968678 -0.000987734265784
0.995001967300994 -0.000826737939726
0.995896219438547 -0.000680816242046
0.996695422071167 -0.000549675346493
0.997402639878354 -0.000433049651105
0.998020561594008 -0.000330701755697
0.998551518393719 -0.000242422416803
0.998997499760778 -0.000168030487264
0.999360166967178 -0.000107372847622
0.999640864286474 -0.000060324335954
0.999840628036366 -0.000026787682073
0.999960193530398 -0.000006693451047
1.000000000000000 0.000000000000000
