1.000000000000000 0.000000000000000
0.999959585038769 0.000004210080145
0.999838192881444 0.000016851676479
0.999635380732186 0.000037958908587
0.999350407339572 0.000067588815912
0.998982228079076 0.000105821619911
0.998529488008406 0.000152761095016
0.997990512835119 0.000208535052577
0.997363297718041 0.000273295943453
0.996645493805718 0.000347221586682
0.995834392396352 0.000430516033787
0.994926906584473 0.000523410580849
0.993919550239957 0.000626164943735
0.992808414145017 0.000739068615829
0.991589139094728 0.000862442432756
0.990256885746653 0.000996640374997
0.988806300985788 0.001142051647549
0.987231480552843 0.001299103086317
0.985525927667786 0.001468261954470
0.983682507367621 0.001650039209413
0.981693396269283 0.001844993343455
0.979550027467204 0.002053734930183
0.977243030283370 0.002276932045878
0.974762164608946 0.002515316783362
0.972096249615383 0.002769693137739
0.969233086675073 0.003040946623247
0.966159376424338 0.003330056083147
0.962860630034070 0.003638108286299
0.959321074937111 0.003966316072718
0.955523555510539 0.004316041025672
0.951449429542681 0.004688821921520
0.947078461749721 0.005086410554640
0.942388716169686 0.005510816970155
0.937356449981105 0.005964366680540
0.931956012201897 0.006449773114221
0.926159751856353 0.006970229365857
0.919937941590567 0.007529524307610
0.913258724403477 0.008132189290315
0.906088093168463 0.008783683011129
0.898389914443290 0.009490618093863
0.890125894486903 0.010259791281701
0.881255512487705 0.011096108834912
0.871736374872464 0.012004054539934
0.861524554734466 0.012987799335639
0.850575033975477 0.014050944904275
0.838842302004456 0.015196192454458
0.826281136982890 0.016424925359345
0.812847594101187 0.017736696487673
0.798500221137774 0.019128617113390
0.783201712348343 0.020596789535573
0.766921131221446 0.022141212311578
0.749635573036734 0.023762273701576
0.731332231554657 0.025459715851787
0.712010650140490 0.027232577063589
0.691684969194686 0.029079327869206
0.670386698576745 0.031005101032512
0.648166893720612 0.033026471128402
0.625096624342708 0.035164515983064
0.601267290230993 0.037443915970797
0.576789290314883 0.039884337464188
0.551787407810736 0.042468031084346
0.526400228949747 0.045161026584691
0.500777636021134 0.047924340582461
0.475076535130846 0.050715952782238
0.449455927309372 0.053493659065741
0.424072286594068 0.056216398203975
0.399074980973614 0.058845931818063
0.374601830839176 0.061343249232087
0.350775068601638 0.063657706082246
0.327699737878040 0.065745561173899
0.305462448156696 0.067575414964320
0.284131185849204 0.069124882744808
0.263758001756290 0.070357078816300
0.244377801586671 0.071240838024747
0.226007123016779 0.071791893375818
0.208645876152571 0.072076964846606
0.192282188876427 0.072154122931770
0.176903410047468 0.071996730398613
0.162494609598382 0.071523675925196
0.149029518933648 0.070690740182582
0.136471404180516 0.069506883563131
0.124773239816310 0.068058818759267
0.113885450948342 0.066429810270207
0.103758333261168 0.064685789592606
0.094344022011037 0.062875344455176
0.085609639096129 0.060998017351662
0.077527791557364 0.059033932281060
0.070065565128638 0.056976784400004
0.063186651806647 0.054830097595097
0.056853176880488 0.052603765339015
0.051027036233276 0.050311495632986
0.045672113958711 0.047970834581517
0.040760841347012 0.045610591566032
0.036266933197072 0.043258592580069
0.032162614718479 0.040936630271844
0.028419738667182 0.038661575107481
0.025010579498939 0.036446306915357
0.021909275333666 0.034291446560455
0.019093819867456 0.032169536029036
0.016542925028433 0.030059106881876
0.014235694724178 0.027949455516255
0.012152067193803 0.025837650400272
0.010279242970578 0.023736204779197
0.008613691907426 0.021674339173290
0.007148080616513 0.019675401643225
0.005871427305689 0.017756126105513
0.004770437712355 0.015928122976757
0.003830502093092 0.014199059530863
0.003036431466251 0.012573593610282
0.002372994059098 0.011054111352508
0.001825299391224 0.009641309251875
0.001379066843097 0.008334652643245
0.001020807286453 0.007132736141460
0.000737939895799 0.006033566356016
0.000518861225963 0.005034783050822
0.000352979721195 0.004133831615540
0.000230725774087 0.003328097084140
0.000143545087106 0.002615007839185
0.000083881256383 0.001992115466888
0.000045152079216 0.001457155890173
0.000021722991486 0.001008095834902
0.000008880196647 0.000643167822105
0.000002805397102 0.000360896181496
0.000000553536677 0.000160116012729
0.000000034573805 0.000039986551139
0.000000000000000 0.000000000000000
0.000000033935011 -0.000039598010482
0.000000544579224 -0.000158511003538
0.000002770527628 -0.000357093413668
0.000008816755407 -0.000635927645616
0.000021716980464 -0.000995811057069
0.000045523800094 -0.001437736631501
0.000085429561138 -0.001962866174640
0.000147921960901 -0.002572494440414
0.000240979570083 -0.003268002087353
0.000374250371484 -0.004050791268543
0.000558364505162 -0.004922153290352
0.000804724335940 -0.005883137266985
0.001125900233906 -0.006934420659952
0.001535613462683 -0.008076117978132
0.002048674898901 -0.009307538258050
0.002680877093523 -0.010626879132594
0.003448822562562 -0.012030841496050
0.004369666156647 -0.013514144754638
0.005460742897617 -0.015068917620396
0.006739044393622 -0.016683933103730
0.008220496354574 -0.018343648463251
0.009918976197520 -0.020027000977271
0.011844992461495 -0.021705898007394
0.014004357167709 -0.023344406549163
0.016405638475894 -0.024920910975759
0.019062319530396 -0.026438223918025
0.021985133147019 -0.027910658773803
0.025180114332109 -0.029367529525831
0.028650570118391 -0.030847522368193
0.032413895773829 -0.032352919480507
0.036493713211023 -0.033869992164599
0.040915018001066 -0.035380965309482
0.045703974892285 -0.036863037753584
0.050887589428746 -0.038287179675333
0.056494189073490 -0.039622582752203
0.062555491082301 -0.040851744079308
0.069104666022546 -0.041962608084784
0.076175277836368 -0.042947799220675
0.083800421656642 -0.043807354931318
0.092011531754239 -0.044552398738181
0.100836774898237 -0.045209996964314
0.110304005004098 -0.045813800163479
0.120454868325677 -0.046360082715742
0.131336098614688 -0.046834122699565
0.142996149486941 -0.047219904425163
0.155484718026135 -0.047500731628221
0.168848261682000 -0.047674077451991
0.183125846541013 -0.047764906318950
0.198350820018943 -0.047817510837587
0.214549733240647 -0.047882707344080
0.231744214860258 -0.047924868120664
0.249947446505930 -0.047851250131741
0.269160404332950 -0.047566551491205
0.289368503950844 -0.047082977288553
0.310540202337631 -0.046462460113011
0.332626079037139 -0.045743439314276
0.355557889689293 -0.044923733037930
0.379247793019750 -0.044000712826534
0.403588846718900 -0.042973879743047
0.428456447434020 -0.041845296100869
0.453710729232796 -0.040620039509327
0.479200258334684 -0.039305860322785
0.504766380616457 -0.037912909190638
0.530247902150405 -0.036450799936385
0.555485899604280 -0.034924748357282
0.580328847552503 -0.033340851047944
0.604636986115450 -0.031706897294169
0.628286305854243 -0.030038276544638
0.651171578098986 -0.028364065302863
0.673206727599196 -0.026711781016957
0.694325125487698 -0.025104516438125
0.714479126214348 -0.023559975105464
0.733638575175381 -0.022085008801292
0.751789466552839 -0.020680925011323
0.768932205194516 -0.019348087762279
0.785079409692954 -0.018086075851301
0.800253690433436 -0.016893799090565
0.814485486481878 -0.015769274893258
0.827811035402692 -0.014709006387141
0.840270768448025 -0.013709437393225
0.851907837619011 -0.012767280580947
0.862766850961062 -0.011879467953761
0.872892842987714 -0.011043112704577
0.882330459798744 -0.010255481174283
0.891123333658960 -0.009513973159697
0.899313620098612 -0.008816108715525
0.906941685283469 -0.008159683569721
0.914045938788376 -0.007543319741860
0.920662634061541 -0.006965621179099
0.926825792229106 -0.006424944757014
0.932567207919496 -0.005919498706980
0.937916493032133 -0.005447417344011
0.942901147794750 -0.005006816718741
0.947546650579562 -0.004595835218756
0.951876559749113 -0.004212662421562
0.955912622310094 -0.003855558873862
0.959674885394500 -0.003522868939838
0.963181807594195 -0.003213028418506
0.966450367980673 -0.002924568267307
0.969496171278400 -0.002656115475167
0.972333548156854 -0.002406391892408
0.974975649988782 -0.002174211637498
0.977434537712510 -0.001958477552587
0.979721264652796 -0.001758177063858
0.981845953313249 -0.001572377712363
0.983817866266322 -0.001400222551136
0.985645471344573 -0.001240925550567
0.987336501387484 -0.001093767112982
0.988898008828164 -0.000958089766197
0.990336415418839 -0.000833294082397
0.991657557397271 -0.000718834851257
0.992866726391177 -0.000614217523394
0.993968706346804 -0.000518994930992
0.994967806752864 -0.000432764285871
0.995867892413450 -0.000355164450789
0.996672410004315 -0.000285873476853
0.997384411626834 -0.000224606398170
0.998006575553528 -0.000171113273964
0.998541224338656 -0.000125177468244
0.998990340447270 -0.000086614157286
0.999355579536436 -0.000055269055898
0.999638281503170 -0.000031017354215
0.999839479394923 -0.000013762857905
0.999959906260311 -0.000003437325765
1.000000000000000 0.000000000000000
