1.000000000000000 0.000000000000000
0.999960037848365 0.000009644021059
0.999840006378894 0.000038612124179
0.999639469591276 0.000087012672223
0.999357697621162 0.000155027082158
0.998993661914934 0.000242911050628
0.998546028415196 0.000350996284336
0.998013148697333 0.000479692749852
0.997393048979832 0.000629491461737
0.996683416912945 0.000800967832090
0.995881586031625 0.000994785608952
0.994984517739599 0.001211701435238
0.993988780671680 0.001452570064035
0.992890527261429 0.001718350270185
0.991685467320751 0.002010111501780
0.990368838417563 0.002329041318547
0.988935372817382 0.002676453666773
0.987379260735243 0.003053798042056
0.985694109626355 0.003462669591530
0.983872899228405 0.003904820205498
0.981907932056777 0.004382170644162
0.979790779047773 0.004896823737190
0.977512220046770 0.005451078681156
0.975062178850859 0.006047446440747
0.972429652543011 0.006688666232090
0.969602634901982 0.007377723028031
0.966568033745390 0.008117865972469
0.963311582170556 0.008912627519779
0.959817743808622 0.009765843021002
0.956069612414359 0.010681670354461
0.952048806391790 0.011664609037250
0.947735359222176 0.012719518046562
0.943107607237338 0.013851631315195
0.938142076792486 0.015066569531669
0.932813373666813 0.016370346458367
0.927094078487956 0.017769367466721
0.920954653170543 0.019270417362737
0.914363364810581 0.020880633827615
0.907286235213065 0.022607461921354
0.899687026265145 0.024458584097054
0.891527273696872 0.026441819073234
0.882766384358385 0.028564981759098
0.873361807626466 0.030835631439414
0.863269291261709 0.033260607597862
0.852443294944603 0.035845782424705
0.840837545382566 0.038595657837290
0.828405761822517 0.041512823896379
0.815102581497880 0.044597313515341
0.800884706331808 0.047845853636358
0.785712285163586 0.051251022732408
0.769550669568776 0.054800403608548
0.752372862451389 0.058475934031909
0.734161346053453 0.062252900599931
0.714910147833287 0.066099108539027
0.694627074589115 0.069974349183775
0.673336034281799 0.073831031097666
0.651081707930588 0.077625657625551
0.627930914471081 0.081319760509441
0.603971503717215 0.084874406182464
0.579311944182934 0.088251543575862
0.554079269337723 0.091418740630405
0.528416165427456 0.094352430564564
0.502478084491956 0.097035213751936
0.476428837102453 0.099454388690515
0.450435328365186 0.101569969331110
0.424662317355760 0.103319986726960
0.399267518357258 0.104653385904877
0.374397108642527 0.105535983975076
0.350182659752478 0.105970913110254
0.326737823056346 0.105984244714609
0.304156118605606 0.105609767317882
0.282510955088595 0.104884372481743
0.261866167932330 0.103807867216392
0.242272064573741 0.102360218066554
0.223756203246488 0.100541002392844
0.206325915213019 0.098366632306153
0.189971430101608 0.095866920708045
0.174666357340647 0.093111310051913
0.160371203721507 0.090200756493867
0.147040475737014 0.087217963119095
0.134627133983375 0.084215364110307
0.123088727196553 0.081194027159553
0.112380230214444 0.078152179413136
0.102453760693946 0.075094904202370
0.093261459081700 0.072030674012243
0.084774719202549 0.068955733554473
0.076973332557408 0.065861705262706
0.069825591956065 0.062750148451081
0.063265691805382 0.059647294456599
0.057214215571420 0.056589728498678
0.051606475343706 0.053604899523172
0.046392949775834 0.050711297101308
0.041576093414218 0.047902638420910
0.037181080677729 0.045161265217095
0.033214378952254 0.042476866020071
0.029668374393629 0.039844720142219
0.026525914196460 0.037263924984333
0.023762702721238 0.034736129266165
0.021317898298206 0.032265905090981
0.019103953384112 0.029859730182366
0.017055188122923 0.027523541643831
0.015125158430554 0.025262551638745
0.013281980504361 0.023081247356902
0.011507696318051 0.020983861531908
0.009825349952298 0.018978837629869
0.008270299918517 0.017074962398333
0.006863206760308 0.015277676885475
0.005613425973179 0.013589827957551
0.004522081229614 0.012012326320018
0.003584437966583 0.010544663325904
0.002791729429146 0.009185315989079
0.002132554963483 0.007932063571945
0.001593944860324 0.006782234309640
0.001162165941405 0.005732897012502
0.000823326226510 0.004781009252751
0.000563824520418 0.003923531428597
0.000370680908204 0.003157514080721
0.000231776382736 0.002480164309996
0.000136023706452 0.001888895930072
0.000073486779908 0.001381367019382
0.000035461974797 0.000955507762516
0.000014531869297 0.000609540849847
0.000004599423829 0.000341996203542
0.000000908716058 0.000151721391331
0.000000056802605 0.000037888754910
0.000000000000000 0.000000000000000
0.000000054918516 -0.000037227997997
0.000000881982150 -0.000149018932178
0.000004492729668 -0.000335691863308
0.000014322667151 -0.000597772581211
0.000035358842562 -0.000935984239823
0.000074324908086 -0.001351233431115
0.000139930445280 -0.001844590835899
0.000243193733340 -0.002417265273761
0.000397849927917 -0.003070569601713
0.000620727490754 -0.003805818591952
0.000929750563273 -0.004623124170942
0.001342816164484 -0.005520494242506
0.001878725161100 -0.006493733314179
0.002556815968671 -0.007535659228592
0.003396396952439 -0.008635088756460
0.004415978941306 -0.009775560163769
0.005632248232004 -0.010933726414900
0.007058704142051 -0.012077335893775
0.008703864456874 -0.013162696486960
0.010568915832903 -0.014131492482108
0.012644652880976 -0.014906790622281
0.014913982309238 -0.015404477086808
0.017378818021841 -0.015608328141080
0.020047765770714 -0.015547649732934
0.022927628425058 -0.015287414818764
0.026022532179985 -0.014940215998832
0.029337608298934 -0.014603003542502
0.032883891786792 -0.014272717593451
0.036672964782479 -0.013927529401669
0.040715997475052 -0.013534246857425
0.045023307845960 -0.013044530264099
0.049603774764201 -0.012390002824314
0.054469462061454 -0.011488705875026
0.059655109062231 -0.010285448863383
0.065211352910339 -0.008728580130581
0.071204185682553 -0.006759556600257
0.077667884591452 -0.004274671045448
0.083585747360884 -0.000377533393642
0.087515495030281 0.006133839486126
0.092695650749644 0.012626558382917
0.101166603268079 0.014845875779184
0.110125213684835 0.012107699572311
0.118672070161041 0.006541329233238
0.127607359370857 0.000270927249614
0.138817057361717 -0.002959913563642
0.151329355930219 -0.002690017225257
0.164696847179293 -0.001607623542962
0.178956547130565 -0.000165755163390
0.194155573788696 0.001478250433929
0.210338379038281 0.003114519108205
0.227532876396469 0.004662481689702
0.245752216173061 0.006110462916059
0.264996731717215 0.007451227642294
0.285251594475478 0.008683368565880
0.306484700591145 0.009811605599973
0.328646052164526 0.010824563720098
0.351666762271500 0.011691525423431
0.375457783805937 0.012380207171940
0.399910385966881 0.012859020068753
0.424898148544386 0.013128958125566
0.450279987174822 0.013252281414640
0.475903106603075 0.013307037756384
0.501607303224690 0.013375707883166
0.527230181658078 0.013475577433771
0.552612283116450 0.013542248960526
0.577601537597866 0.013510808727907
0.602057558524740 0.013326928051933
0.625855107387110 0.012989684364237
0.648886681827014 0.012539279827862
0.671064111259532 0.012013729854620
0.692319062286930 0.011446186527230
0.712602585834212 0.010856550366826
0.731883943654916 0.010247400884284
0.750149007033959 0.009620754910273
0.767398212836501 0.008979675506257
0.783644335396852 0.008327915106654
0.798910333467938 0.007672010907002
0.813227529094511 0.007029382378043
0.826633139965847 0.006415909705873
0.839168375928853 0.005842110510569
0.850876977254934 0.005314286292179
0.861803992754877 0.004835517278239
0.871994785871031 0.004406496196052
0.881494248663348 0.004026207843996
0.890346177006434 0.003691902473131
0.898592713806830 0.003396664575510
0.906274175584701 0.003133318303077
0.913428906903988 0.002896204002799
0.920093142220070 0.002680867164488
0.926300939709920 0.002483802099329
0.932084170685772 0.002302247493500
0.937472550674991 0.002134024333729
0.942493700787212 0.001977408089489
0.947173230220533 0.001831028357442
0.951534832669344 0.001693790366988
0.955600390999743 0.001564813785834
0.959390085880858 0.001443385148299
0.962922505134719 0.001328920965457
0.966214751428598 0.001220939180952
0.969282546615234 0.001119037126884
0.972140331559197 0.001022874528591
0.974801360698810 0.000932160421686
0.977277790905990 0.000846643094100
0.979580764440899 0.000766102362547
0.981720485970745 0.000690343647231
0.983706293745859 0.000619193429496
0.985546725112252 0.000552495771322
0.987249576596859 0.000490109648975
0.988821958836638 0.000431906909994
0.990270346641034 0.000377770706867
0.991600624483361 0.000327594294819
0.992818127713729 0.000281280107513
0.993927679776763 0.000238739044749
0.994933625703643 0.000199889921895
0.995839862131144 0.000164659042787
0.996649864081814 0.000132979867048
0.997366708719684 0.000104792749864
0.997993096275787 0.000080044737615
0.998531368317515 0.000058689406904
0.998983523515831 0.000040686737665
0.999351231044680 0.000026003013413
0.999635841727748 0.000014610743509
0.999838397028985 0.000006488603707
0.999959635965049 0.000001621392302
1.000000000000000 0.000000000000000
