1.000000000000000 0.000000000000000
0.999960026652765 0.000014685437786
0.999839960334990 0.000058792390593
0.999639361246058 0.000132473093866
0.999357493135064 0.000235982333140
0.998993318396080 0.000369679043532
0.998545491141512 0.000534028568715
0.998012348193101 0.000729605599332
0.997391897912329 0.000957097816840
0.996681806773736 0.001217310275102
0.995879383566068 0.001511170558715
0.994981561087106 0.001839734764157
0.993984875178653 0.002204194357388
0.992885440928521 0.002605883969721
0.991678925846711 0.003046290202618
0.990360519803626 0.003527061521703
0.988924901499597 0.004050019330857
0.987366201217918 0.004617170328921
0.985677959598902 0.005230720264447
0.983853082161496 0.005893089218365
0.981883789293379 0.006606928560624
0.979761561432545 0.007375139745183
0.977477079176052 0.008200895128594
0.975020158078637 0.009087661021387
0.972379677950386 0.010039223209261
0.969543506534668 0.011059715213542
0.966498417553204 0.012153649598710
0.963230003254445 0.013325952680404
0.959722581806843 0.014582003042044
0.955959100155629 0.015927674334360
0.951921033329181 0.017369382912509
0.947588281661706 0.018914140963437
0.942939068019758 0.020569615895779
0.937949837912294 0.022344196910192
0.932595166362800 0.024247069844253
0.926847676665797 0.026288301597055
0.920677977677814 0.028478935686865
0.914054628140980 0.030831100779789
0.906944138732678 0.033358134340792
0.899311025087200 0.036074723878155
0.891117931689677 0.038997058687085
0.882325849532434 0.042142985592407
0.872894427788319 0.045532229864275
0.862782424663616 0.049186632758987
0.851948323371912 0.053130413022523
0.840350734244512 0.057389345837552
0.827946531517074 0.061983171610922
0.814692373414428 0.066926591384637
0.800546646097355 0.072230700326907
0.785470763377903 0.077902012939011
0.769431076325673 0.083942773724501
0.752400249947263 0.090348510051151
0.734358699004769 0.097105178746313
0.715295220344368 0.104183269200904
0.695209252543041 0.111537448704442
0.674112278720714 0.119103291268977
0.652028285481326 0.126791712635362
0.628996455922460 0.134490490998346
0.605073492795374 0.142051073120954
0.580332235811464 0.149295803972574
0.554851921707572 0.155995835467966
0.528725557520904 0.161859837398786
0.502088388103961 0.166337235108652
0.475120528420173 0.168920813954798
0.448109281269857 0.169918698311727
0.421346172284090 0.169811283605683
0.395026730309231 0.168732145086272
0.369317272308985 0.166768803835979
0.344371979772644 0.164045667105501
0.320320413219008 0.160682538310400
0.297263177588232 0.156775659014410
0.275275491572930 0.152418486436859
0.254409471496580 0.147699550438151
0.234694479020096 0.142702869903406
0.216141833864533 0.137500511602692
0.198745315688657 0.132157058725544
0.182483767059548 0.126731133751291
0.167326054349255 0.121272355435271
0.153230904108158 0.115824804367431
0.140149926080952 0.110426574558455
0.128034668840262 0.105104407642167
0.116834078920479 0.099879315774879
0.106493481882735 0.094770120983978
0.096956696358596 0.089793056856825
0.088171181826617 0.084960602925443
0.080089403777558 0.080281437056987
0.072663170830842 0.075762314256753
0.065842394916589 0.071405027472261
0.059576026675057 0.067206286141582
0.053816561005006 0.063163649053869
0.048520440853249 0.059275455391195
0.043655731043057 0.055541380929154
0.039203409762376 0.051962334463819
0.035141674899669 0.048538280361857
0.031446117512105 0.045268193639031
0.028091122072891 0.042150230904956
0.025050868446714 0.039181887601940
0.022298830929425 0.036358294744658
0.019805531656435 0.033668166388703
0.017543810103724 0.031101544607260
0.015489840120634 0.028651184709088
0.013622692887217 0.026311830438803
0.011923960580998 0.024079668758904
0.010377432257201 0.021951922345336
0.008968814592923 0.019926547298791
0.007685491161583 0.018002010925785
0.006516314795460 0.016177130189333
0.005451428370569 0.014450955904849
0.004483139020205 0.012822884735207
0.003616476444488 0.011294613857483
0.002859252305821 0.009868256297630
0.002212480267581 0.008544534943118
0.001672188639366 0.007323126341255
0.001231007417160 0.006202966941065
0.000879394079830 0.005182494393147
0.000606576329727 0.004259837240438
0.000401273567703 0.003432963631789
0.000252245900598 0.002699797532814
0.000148709176649 0.002058309183019
0.000080646364320 0.001506585165545
0.000039039082402 0.001042882344842
0.000016037896004 0.000665669031396
0.000005085828430 0.000373656005334
0.000001006173867 0.000165819435592
0.000000062944853 0.000041417238061
0.000000000000000 0.000000000000000
0.000000055391536 -0.000038819749144
0.000000890163455 -0.000155419305127
0.000004539379469 -0.000350218015747
0.000014493512588 -0.000623909414882
0.000035850489455 -0.000977452729171
0.000075536714086 -0.001412060116268
0.000142583775377 -0.001929170377427
0.000247678125731 -0.002530105185081
0.000402473617306 -0.003215587040992
0.000619878410595 -0.003985571068563
0.000913921247000 -0.004838846975098
0.001299515822877 -0.005772517484761
0.001792135173844 -0.006781338854283
0.002407367813268 -0.007856889136336
0.003160319594833 -0.008986521154987
0.004064815419849 -0.010152046292030
0.005132342427303 -0.011328081593949
0.006372900775420 -0.012484757221491
0.007801966422714 -0.013603853151733
0.009436291194669 -0.014671618001973
0.011291472675251 -0.015676030311689
0.013380956681453 -0.016607985481684
0.015714700423655 -0.017462886918567
0.018297396327445 -0.018242761373591
0.021126128674450 -0.018959052094883
0.024187299920930 -0.019636286149084
0.027456192530447 -0.020312912613335
0.030930400216795 -0.021004781708420
0.034627996498038 -0.021707785829350
0.038571510972753 -0.022416394910517
0.042788866580777 -0.023123675604915
0.047314894009691 -0.023820993693337
0.052192894932727 -0.024497790933409
0.057461989923380 -0.025146482093437
0.063146973685469 -0.025766630019658
0.069270012808827 -0.026361648261102
0.075850284927225 -0.026940010736214
0.082908255967704 -0.027511433384848
0.090479955173439 -0.028073487284688
0.098608095050470 -0.028620657577365
0.107339062300111 -0.029147111569785
0.116716950045242 -0.029647801816269
0.126784679235842 -0.030118651868649
0.137585539328532 -0.030556813503759
0.149162340588714 -0.030961430208024
0.161556911694653 -0.031333169337918
0.174811775517739 -0.031668032412994
0.188967804005754 -0.031960526247368
0.204061989564459 -0.032206067788790
0.220125225104499 -0.032399940820444
0.237179593165714 -0.032535550524677
0.255236873949623 -0.032606836952791
0.274296750597090 -0.032607145037242
0.294345043324395 -0.032527299795187
0.315351250506927 -0.032358638226048
0.337266775694002 -0.032096415130641
0.360023798412952 -0.031739282540145
0.383534468796033 -0.031270064403070
0.407691234485199 -0.030648339411181
0.432369203147463 -0.029850887692403
0.457429090892717 -0.028891855968180
0.482720966247291 -0.027801129949357
0.508089051362402 -0.026625341703468
0.533374819184749 -0.025401510141637
0.558421427970354 -0.024145375597943
0.583079397616433 -0.022873911084300
0.607210990042448 -0.021607862122543
0.630693392525843 -0.020365682857223
0.653421184876613 -0.019162083937798
0.675307825422334 -0.018008322598301
0.696286097575212 -0.016911298249067
0.716307822561149 -0.015875500379649
0.735342726248320 -0.014903024912513
0.753376815039573 -0.013994298717495
0.770410379461273 -0.013148357102509
0.786455809239049 -0.012362878550578
0.801535419654471 -0.011635017760338
0.815679363044759 -0.010962176895757
0.828923711666620 -0.010342827541108
0.841308673170436 -0.009774939259015
0.852877097963754 -0.009255861898926
0.863673097176262 -0.008779134070949
0.873740983126650 -0.008333438347537
0.883124783206458 -0.007910107557925
0.891867625748843 -0.007503193650552
0.900011253863247 -0.007108774082841
0.907595669487282 -0.006724641981292
0.914658880079170 -0.006350407928535
0.921236802075720 -0.005986205521097
0.927363201753614 -0.005632292297716
0.933069680420822 -0.005288977225960
0.938385702366654 -0.004956571936172
0.943338653906535 -0.004635359556139
0.947953924153672 -0.004325576335731
0.952255000114159 -0.004027402360012
0.956263570348008 -0.003740958548111
0.959999632794258 -0.003466307848921
0.963481603458075 -0.003203459101952
0.966726423538103 -0.002952372460137
0.969749663268063 -0.002712965596346
0.972565621289637 -0.002485120158427
0.975187418792264 -0.002268688116997
0.977627087973573 -0.002063497780710
0.979895654612253 -0.001869359347123
0.982003214719993 -0.001686069922887
0.983959005364457 -0.001513417991932
0.985771469842260 -0.001351187340196
0.987448317438483 -0.001199160464360
0.988996578044468 -0.001057121503212
0.990422651924086 -0.000924858735939
0.991732354924669 -0.000802166693624
0.992930959425831 -0.000688847929655
0.994023231309878 -0.000584714492693
0.995013463223672 -0.000489589142732
0.995905504384877 -0.000403306347253
0.996702787166834 -0.000325713090712
0.997408350676502 -0.000256669526828
0.998024861519713 -0.000196049499521
0.998554631927668 -0.000143740954914
0.998999635398593 -0.000099646263623
0.999361519988734 -0.000063682469620
0.999641619367701 -0.000035781479229
0.999840961734429 -0.000015890201359
0.999960276671779 -0.000003970647763
1.000000000000000 0.000000000000000
