1.000000000000000 0.000000000000000
0.999960220540334 0.000003463838649
0.999840738076310 0.000013873297731
0.999641119404298 0.000031282356898
0.999360639348083 0.000055781484241
0.998998275974411 0.000087498393539
0.998552703836129 0.000126599112747
0.998022285183835 0.000173289371969
0.997405059069458 0.000227816321136
0.996698728247222 0.000290470589504
0.995900643758962 0.000361588700499
0.995007787071804 0.000441555856398
0.994016749616661 0.000530809107574
0.992923709555994 0.000629840920263
0.991724405588938 0.000739203154742
0.990414107581396 0.000859511461858
0.988987583788407 0.000991450099496
0.987439064416458 0.001135777160878
0.985762201255166 0.001293330192561
0.983950023091783 0.001465032160151
0.981994886609558 0.001651897692233
0.979888422463812 0.001855039495515
0.977621476229875 0.002075674783497
0.975184043927539 0.002315131493236
0.972565201851279 0.002574853974810
0.969753030478730 0.002856407719521
0.966734532297831 0.003161482537402
0.963495543493197 0.003491893391968
0.960020639573913 0.003849577837481
0.956293035219719 0.004236588665329
0.952294478884469 0.004655079932067
0.948005141090487 0.005107266844472
0.943403440796948 0.005594856044735
0.938465887534855 0.006118608129149
0.933166996560211 0.006678507116088
0.927479160156381 0.007273472380695
0.921372558797890 0.007901331960142
0.914815724133944 0.008564864801015
0.907775686128579 0.009273574427688
0.900217680986268 0.010040864342781
0.892104951861478 0.010881575345919
0.883397449192104 0.011798225916475
0.874052612848239 0.012786502958657
0.864026517681874 0.013843148908609
0.853275841941158 0.014980409353795
0.841757505700788 0.016216639415805
0.829427613491640 0.017558636415408
0.816242520165514 0.019002094835899
0.802161056331325 0.020541047215675
0.787146065074873 0.022168213421403
0.771166708188401 0.023879857573127
0.754200119758983 0.025673038628299
0.736233165827210 0.027542132752093
0.717264097652100 0.029472480828734
0.697304804182309 0.031441027997540
0.676383547023359 0.033423399903734
0.654547760129227 0.035404563171597
0.631864162414765 0.037368533425549
0.608417725999892 0.039280597736324
0.584311807449467 0.041094979720434
0.559668532012642 0.042772803675953
0.534626163689053 0.044282646442870
0.509335335808882 0.045601902971149
0.483954660412187 0.046716918961503
0.458645603029985 0.047621299315743
0.433567393409690 0.048315957169273
0.408872091403021 0.048813646502359
0.384700155846190 0.049133371073547
0.361176400614769 0.049274772593558
0.338408091376695 0.049230941278786
0.316484005803013 0.048992328127694
0.295473357728892 0.048565700844572
0.275425435719992 0.047990780960106
0.256370348647613 0.047317027714373
0.238320915113393 0.046594352117365
0.221277087684098 0.045827509546371
0.205227504190161 0.045001778280903
0.190150707294890 0.044112550342123
0.176017718617391 0.043154762760137
0.162793653094091 0.042125392715681
0.150439639820623 0.041025605733793
0.138913471422134 0.039862075462567
0.128170750743898 0.038649499490124
0.118166170414931 0.037403180812973
0.108854753499836 0.036136136425810
0.100192374308457 0.034859635860346
0.092136429374798 0.033582379647022
0.084646991967367 0.032307265947127
0.077685850243260 0.031037059686164
0.071216520503730 0.029775427184554
0.065205234223280 0.028525534339780
0.059620499161265 0.027290342108691
0.054432444505050 0.026073185975102
0.049612935240066 0.024877488495683
0.045136366538484 0.023704262244534
0.040980706013477 0.022548744944830
0.037125042169987 0.021407883104090
0.033549647604956 0.020281303676662
0.030236586862405 0.019170929191861
0.027168725364249 0.018079429619460
0.024329697443551 0.017009701324914
0.021705083761146 0.015961735513795
0.019282874645369 0.014931383282995
0.017051435320665 0.013917036316978
0.015001085159364 0.012921385615712
0.013122448766668 0.011948576207144
0.011405332179953 0.011002239396687
0.009836102742563 0.010082132661283
0.008400846177894 0.009187196771928
0.007096606175887 0.008318742442400
0.005933014213162 0.007480011204212
0.004913156328267 0.006674663190780
0.004025069992958 0.005901292340491
0.003234408804201 0.005147770208170
0.002515161648852 0.004408463139184
0.001861685279650 0.003688445138516
0.001303429315685 0.003007680678755
0.000857867237608 0.002382740554885
0.000524960406666 0.001824029934744
0.000293402014068 0.001337526621339
0.000145490748622 0.000926150213692
0.000060904778959 0.000590831984026
0.000019588113807 0.000331340342549
0.000003913492408 0.000146904477329
0.000000246240122 0.000036668530211
0.000000000000000 0.000000000000000
0.000000245053956 -0.000036460247067
0.000003960986308 -0.000145857432857
0.000020385428339 -0.000328179225690
0.000064981930658 -0.000583176466945
0.000157517467924 -0.000909964806751
0.000320409602184 -0.001306464457557
0.000576348585490 -0.001768630574637
0.000945054492128 -0.002289435534870
0.001439037267269 -0.002857553307865
0.002058121541030 -0.003455680360173
0.002782914556254 -0.004058690543373
0.003594452752713 -0.004647601710173
0.004501918640825 -0.005228960396141
0.005521627003436 -0.005825925738808
0.006666543104768 -0.006453951318291
0.007940754524659 -0.007106036463369
0.009344801864256 -0.007771088558643
0.010881077451407 -0.008441425494176
0.012558336148634 -0.009118797171140
0.014386371301040 -0.009806633470970
0.016375088672484 -0.010499962990474
0.018534601733072 -0.011190212992858
0.020875087073529 -0.011868953122702
0.023406219244866 -0.012538330081545
0.026136939953230 -0.013208826541319
0.029078015330282 -0.013887843614518
0.032244069747010 -0.014572698547402
0.035651026612488 -0.015259726315383
0.039315899462930 -0.015945177507437
0.043256907155168 -0.016627310113403
0.047493493813642 -0.017307842139720
0.052046168868207 -0.017991240369294
0.056937550213116 -0.018680238786258
0.062193073103562 -0.019372986311311
0.067840069094266 -0.020067688427364
0.073907697455891 -0.020763233957349
0.080426998837890 -0.021459325483799
0.087431519449682 -0.022154881669549
0.094957063984656 -0.022848972077747
0.103041325267751 -0.023542006065562
0.111724055995576 -0.024233123430839
0.121047143627435 -0.024917630049122
0.131053885838339 -0.025590053710669
0.141788639495794 -0.026242527981067
0.153296197414266 -0.026864397795149
0.165620756130919 -0.027446450089434
0.178804737374095 -0.027985404921310
0.192887781973156 -0.028479785984395
0.207905521493597 -0.028928284624193
0.223887736814624 -0.029329658311908
0.240856442540561 -0.029683278778357
0.258823741385433 -0.029993583425683
0.277789816294554 -0.030255959474288
0.297740778900030 -0.030449398778012
0.318646289230293 -0.030544746599892
0.340457683503394 -0.030505980410725
0.363106813368482 -0.030309449883959
0.386505990724251 -0.029950891179224
0.410548847437013 -0.029436249877083
0.435111639800121 -0.028768840208675
0.460055536881762 -0.027948144318041
0.485230184623625 -0.026974075742861
0.510477996998702 -0.025846690635965
0.535639413134198 -0.024576284015385
0.560557957642717 -0.023184836663233
0.585084641323765 -0.021696040450541
0.609082191989195 -0.020133786908026
0.632429435327563 -0.018534846161920
0.655023892190803 -0.016949407289927
0.676781019206286 -0.015411283055492
0.697634085284392 -0.013928743539749
0.717535356205961 -0.012508529776356
0.736455865498965 -0.011168764239042
0.754382848395533 -0.009926150278588
0.771317206145904 -0.008789553158252
0.787271318042057 -0.007760349267211
0.802267292629285 -0.006836575367138
0.816334876962930 -0.006012857934074
0.829509493388519 -0.005280100820852
0.841830969400369 -0.004636173668882
0.853342072354738 -0.004086169143546
0.864086392928387 -0.003619610580299
0.874107279119728 -0.003209210127703
0.883448101130324 -0.002837639967890
0.892152121692831 -0.002511270786787
0.900261251832126 -0.002238390767993
0.907815328694862 -0.002017510433705
0.914851662968905 -0.001829456278709
0.921405516551932 -0.001657268583764
0.927510150627450 -0.001489647913287
0.933196943667471 -0.001325046459264
0.938495346883001 -0.001168980874253
0.943432688171577 -0.001025303688627
0.948034257492379 -0.000896240528788
0.952323415097280 -0.000782766230692
0.956321671812909 -0.000683905167199
0.960048827458911 -0.000597660377614
0.963523121736503 -0.000522298241588
0.966761340296106 -0.000456342004104
0.969778916313602 -0.000398531566946
0.972590027791680 -0.000347789849724
0.975207689822364 -0.000303194626457
0.977643841358461 -0.000263954924783
0.979909426275636 -0.000229391227494
0.982014468679335 -0.000198918844276
0.983968142534965 -0.000172033928513
0.985778835786488 -0.000148301703168
0.987454209186447 -0.000127346533858
0.989001250096286 -0.000108843548678
0.990426321535159 -0.000092511555304
0.991735206762402 -0.000078107048134
0.992933149676867 -0.000065419133208
0.994024891307851 -0.000054265227676
0.995014702659448 -0.000044487414647
0.995906414154154 -0.000035949354268
0.996703441903732 -0.000028533668532
0.997408811016306 -0.000022139731220
0.998025176129190 -0.000016681805999
0.998554839337286 -0.000012087485482
0.998999765667473 -0.000008296392301
0.999361596230190 -0.000005259110273
0.999641659160777 -0.000002936319709
0.999840978444781 -0.000001298116172
0.999960280703681 -0.000000323496496
1.000000000000000 0.000000000000000
