1.000000000000000 0.000000000000000
0.999960161199920 0.000004528486117
0.999840500807584 0.000018136966287
0.999640585899528 0.000040894688893
0.999359691771037 0.000072917678810
0.998996797158379 0.000114369657678
0.998550577491014 0.000165463339992
0.998019396114360 0.000226462112323
0.997401293406061 0.000297682104509
0.996693973690522 0.000379494662642
0.995894789837776 0.000472329233993
0.995000725413429 0.000576676673311
0.994008374226430 0.000693092977945
0.992913917100893 0.000822203455456
0.991713095677015 0.000964707321257
0.990401183024761 0.001121382714515
0.988972950832350 0.001293092107122
0.987422632910372 0.001480788061616
0.985743884731957 0.001685519267832
0.983929738710713 0.001908436752553
0.981972554902259 0.002150800108699
0.979863966803403 0.002413983526907
0.977594821917476 0.002699481328040
0.975155116757422 0.003008912584248
0.972533925973144 0.003344024270913
0.969719325320664 0.003706692202568
0.966698308242867 0.004098918760359
0.963456695911846 0.004522826101594
0.959979040699224 0.004980643134345
0.956248523203598 0.005474684018631
0.952246843185912 0.006007315292111
0.947954103382129 0.006580896246885
0.943348641257572 0.007197368930764
0.938406873337306 0.007857929301068
0.933103194293127 0.008563049281262
0.927409839406267 0.009312185593118
0.921296798477527 0.010103784583167
0.914732546057859 0.010941381580638
0.907684216493928 0.011835230595463
0.900117248558811 0.012799569474179
0.891995098763750 0.013849980452428
0.883277554905288 0.014989437521792
0.873921701364556 0.016214079632520
0.863883287046917 0.017521220918692
0.853119041475463 0.018923603256982
0.841586049198528 0.020439792661849
0.829240302689198 0.022076885994278
0.816037813530362 0.023831160754328
0.801936750655263 0.025694815002750
0.786899025900800 0.027656520356130
0.770893248496034 0.029710296419605
0.753896171644947 0.031851576603364
0.735894253659198 0.034072611588451
0.716885071057873 0.036354475857819
0.696879648069388 0.038668209276500
0.675905649379295 0.040984940328126
0.654010824337561 0.043290776784659
0.631262402897181 0.045571033608595
0.607744744240712 0.047780688364590
0.583560197377709 0.049858988867895
0.558831532797449 0.051767582250509
0.533698799209413 0.053485774521636
0.508313525965546 0.054986769963282
0.482834600460165 0.056242510039721
0.457424692009732 0.057245138360113
0.432244775053826 0.058002493514237
0.407448263249270 0.058531291619001
0.383176672119762 0.058850261407425
0.359555769009574 0.058944959520119
0.336693904276565 0.058816628932210
0.314681182164699 0.058455046733530
0.293587404851090 0.057879712645234
0.273461703074851 0.057153571193005
0.254334038100661 0.056325805187309
0.236216989581558 0.055446433870063
0.219111766706365 0.054500731773969
0.203007643378753 0.053470060842144
0.187882869470673 0.052361332861819
0.173709623449078 0.051163404195007
0.160453841493492 0.049869726712839
0.148075979566911 0.048493472546124
0.136533247404137 0.047050044007436
0.125781535734705 0.045552163287512
0.115775539819070 0.044013491952899
0.106469798937834 0.042450322013250
0.097819430629149 0.040877917444181
0.089781310706721 0.039306966041112
0.082314732523477 0.037742946984222
0.075380539775451 0.036191383178694
0.068941797475134 0.034657187144991
0.062965317193719 0.033142119924971
0.057419664244613 0.031648161665558
0.052274739878573 0.030178174429689
0.047502078539819 0.028735280708373
0.043076056685458 0.027320037982612
0.038973289128955 0.025931759614233
0.035171591698478 0.024570974829558
0.031651527062773 0.023237594563417
0.028395316546845 0.021931675429797
0.025385629705138 0.020654365888557
0.022606652089457 0.019405844190152
0.020047572644772 0.018178536236140
0.017697931029672 0.016966314041622
0.015545731998397 0.015772366931726
0.013578200987405 0.014605760946522
0.011782773413017 0.013473721911930
0.010148556954176 0.012373482635649
0.008666070071664 0.011295335300270
0.007330770245270 0.010237040263567
0.006150492048590 0.009206305329377
0.005127645672006 0.008211242317620
0.004252093823928 0.007257092371596
0.003483896229238 0.006341025322417
0.002787462055405 0.005461346193688
0.002143300331068 0.004620484489086
0.001568663135565 0.003829836803236
0.001088888576130 0.003102491478626
0.000711911081300 0.002446790047691
0.000433379581282 0.001867496220716
0.000241227889516 0.001366859542236
0.000119237462675 0.000945451989265
0.000049792660954 0.000602820763332
0.000015985286049 0.000337991256267
0.000003189713372 0.000149846553563
0.000000200554509 0.000037403502134
0.000000000000000 0.000000000000000
0.000000198079852 -0.000037060730454
0.000003199386992 -0.000148270342609
0.000016452185169 -0.000333672835818
0.000053067862100 -0.000593207339312
0.000130895139248 -0.000926363419494
0.000270155129654 -0.001331606744221
0.000492084822901 -0.001805721287432
0.000816593264780 -0.002342904891311
0.001259150204602 -0.002933596950510
0.001826760611975 -0.003562981727484
0.002512797825691 -0.004209092763388
0.003298965999425 -0.004846772194625
0.004186818243852 -0.005474269757616
0.005186704311050 -0.006109152157918
0.006309014990444 -0.006773666367769
0.007560128557857 -0.007464701764748
0.008943830229671 -0.008171564915084
0.010463162621920 -0.008883938974908
0.012125410575501 -0.009602130193234
0.013938873943581 -0.010330978382544
0.015913525756120 -0.011066559486350
0.018060709045288 -0.011797613515955
0.020392210736153 -0.012511053465443
0.022918072010511 -0.013205997649969
0.025646073591529 -0.013895421447691
0.028584977734123 -0.014592218817172
0.031749117266910 -0.015294567549929
0.035154646702320 -0.015998045258442
0.038818887670629 -0.016697830620068
0.042760252492622 -0.017391023091563
0.046998121532998 -0.018079356519629
0.051552809371529 -0.018767884819645
0.056446581252007 -0.019460688734577
0.061704845867051 -0.020155977834415
0.067354984730313 -0.020851681225622
0.073426213825089 -0.021546373965285
0.079949609003619 -0.022239498916516
0.086958692924799 -0.022929953787922
0.094489272662856 -0.023616780835377
0.102579024648568 -0.024300494035841
0.111267661183462 -0.024980438084534
0.120597109305798 -0.025651281538309
0.130610730410777 -0.026306597129586
0.141352867615977 -0.026938804017227
0.152868210416583 -0.027539088451688
0.165200908478186 -0.028098532255859
0.178393552077749 -0.028609401454783
0.192485848579817 -0.029068961314036
0.207513137329954 -0.029485802270393
0.223505102383148 -0.029862592971595
0.240483996018730 -0.030192783496966
0.258461915922758 -0.030484913068537
0.277439095394309 -0.030728975415749
0.297401797169232 -0.030888258846997
0.318319448652113 -0.030941932854678
0.340143159364585 -0.030846813131403
0.362804506305263 -0.030574887805082
0.386215392783055 -0.030119310286345
0.410269441073979 -0.029493917746210
0.434842978754048 -0.028712556224015
0.459796648552056 -0.027764603948199
0.484979778097480 -0.026646430500353
0.510234836601307 -0.025366153615282
0.535402418276963 -0.023940948283472
0.560326291969431 -0.022396907952812
0.584857732468902 -0.020761362938219
0.608859731779614 -0.019061271069660
0.632211369329559 -0.017335250068877
0.654810436552529 -0.015634397847466
0.676572655189861 -0.013994446591439
0.697431542137240 -0.012427144482385
0.717339491094009 -0.010941165926048
0.736267429298683 -0.009553176862177
0.754202429984303 -0.008277587844742
0.771145233869470 -0.007121349573357
0.787108050210750 -0.006084402220118
0.802112840322350 -0.005163351805638
0.816189349954767 -0.004353809591515
0.829373253346686 -0.003652376396529
0.841704277337968 -0.003057009778197
0.853224722283534 -0.002567149540360
0.863977993784266 -0.002169577835186
0.874007551181068 -0.001837292550147
0.883356793292150 -0.001551943298495
0.892068721381996 -0.001315171144553
0.900185006256891 -0.001130954275408
0.907745419872343 -0.000995197763351
0.914787477792059 -0.000887627209711
0.921346636564992 -0.000790656249793
0.927456291820802 -0.000692682917425
0.933147851917717 -0.000592442951365
0.938450724979879 -0.000496323506640
0.943392212804338 -0.000408884757395
0.947997595343689 -0.000332882378357
0.952290235046442 -0.000269673709998
0.956291664003411 -0.000218302887574
0.960021712491721 -0.000176589672970
0.963498647489829 -0.000142722150219
0.966739278814551 -0.000115230564417
0.969759061069432 -0.000092921970444
0.972572191272434 -0.000074827501342
0.975191701404286 -0.000060159807700
0.977629545430054 -0.000048278690749
0.979896680579971 -0.000038663335279
0.982003142847592 -0.000030889859125
0.983958116787130 -0.000024613146934
0.985769999778140 -0.000019552138126
0.987446460983211 -0.000015477901712
0.988994495259860 -0.000012203961372
0.990420472306832 -0.000009578439238
0.991730181331753 -0.000007477671148
0.992928871524835 -0.000005801013820
0.994021288614719 -0.000004466618786
0.995011707769400 -0.000003407991609
0.995903963089075 -0.000002571190067
0.996701473919748 -0.000001912543277
0.997407268197304 -0.000001396796586
0.998024003012182 -0.000000995605507
0.998553982565015 -0.000000686316956
0.998999173664087 -0.000000450988216
0.999361218896232 -0.000000275604031
0.999641447584000 -0.000000149460452
0.999840884623599 -0.000000064690861
0.999960257280238 -0.000000015915405
1.000000000000000 0.000000000000000
