1.000000000000000 0.000000000000000
0.999960089964230 0.000004779385795
0.999840215658810 0.000019141595154
0.999639943542023 0.000043158980455
0.999358547878054 0.000076952785346
0.998995005958331 0.000120694134521
0.998547991352710 0.000174605429775
0.998015865131353 0.000238962162479
0.997396664980573 0.000314095155086
0.996688092117877 0.000400393246437
0.995887495892868 0.000498306437247
0.994991855941482 0.000608349513076
0.993997761741309 0.000731106161969
0.992901389395375 0.000867233602527
0.991698475451018 0.001017467734839
0.990384287539385 0.001182628820890
0.988953591600024 0.001363627691900
0.987400615434367 0.001561472466393
0.985719008312299 0.001777275743206
0.983901796338237 0.002012262206264
0.981941333268365 0.002267776540183
0.979829246460453 0.002545291504604
0.977556377633884 0.002846415946316
0.975112718122892 0.003172902436585
0.972487338323771 0.003526654099813
0.969668311071287 0.003909730040180
0.966642628736159 0.004324348564464
0.963396113921036 0.004772887128097
0.959913323755396 0.005257877580777
0.956177447960698 0.005781994836684
0.952170201088785 0.006348036516947
0.947871705628833 0.006958863417197
0.943260267452916 0.007616627652035
0.938312188677921 0.008322246350462
0.933001693025912 0.009075602943164
0.927300772041733 0.009875159906377
0.921179104795847 0.010718008038963
0.914605141537608 0.011608133388163
0.907546322288707 0.012558262292850
0.899968586748107 0.013586328394576
0.891835868353707 0.014711411230959
0.883107526805990 0.015934277335019
0.873739710089361 0.017245657815833
0.863687424158415 0.018638809538258
0.852908158163666 0.020132294939711
0.841360314449771 0.021754154210570
0.829000125531954 0.023513883033592
0.815783013347466 0.025404813616682
0.801666689062727 0.027417536201184
0.786612750734617 0.029540439642179
0.770589673775100 0.031767975264444
0.753574124584932 0.034096044282455
0.735552421295057 0.036516941614232
0.716521675638771 0.039009745270713
0.696492198851400 0.041541946905651
0.675491049870511 0.044081259042280
0.653565870116156 0.046611871069494
0.630783847941197 0.049116919211777
0.607229104273450 0.051549825361286
0.583003735707810 0.053848764568958
0.558230054925583 0.055966055872581
0.533047518983299 0.057866003799584
0.507608228391470 0.059519979531145
0.482072465160476 0.060907570890471
0.456603840623848 0.062022580229120
0.431363955036525 0.062869942217476
0.406507010499998 0.063460238903358
0.382175380309897 0.063807025467930
0.358495701907364 0.063912032781705
0.335576914656854 0.063786068720676
0.313509605797074 0.063408790167169
0.292364674011663 0.062785482830186
0.272191523482966 0.061986387616497
0.253019309617311 0.061088175109221
0.234861448477026 0.060122980710456
0.217718691885092 0.059086761910663
0.201580042794604 0.057969957893005
0.186424663900679 0.056766214096112
0.172225435572901 0.055459117662312
0.158948754931882 0.054042612344042
0.146555845442039 0.052527652910954
0.135003966263637 0.050931505225449
0.124248017452273 0.049275252445524
0.114241929789395 0.047578360713825
0.104940136100165 0.045857427288482
0.096297606134896 0.044127149992067
0.088271048586846 0.042398237123919
0.080819219109829 0.040678139070518
0.073902387067291 0.038974130194959
0.067483559889939 0.037291612172862
0.061529470334197 0.035632626246360
0.056008252061224 0.033999789733370
0.050889394261992 0.032396392835361
0.046144253349224 0.030825378267009
0.041747508043705 0.029286154564314
0.037675533707542 0.027778117243453
0.033906259586184 0.026301528259958
0.030420830064031 0.024855526530199
0.027201221989079 0.023440180288993
0.024229807369545 0.022056662158479
0.021492601057952 0.020701635795437
0.018980202458154 0.019365608014801
0.016681607651042 0.018044963149954
0.014583806784512 0.016747014401808
0.012673281751183 0.015480522977186
0.010937394844860 0.014250013602802
0.009366848211160 0.013047747069846
0.007953091542240 0.011867632465159
0.006697087305686 0.010714551859180
0.005602025562843 0.009598318954885
0.004663858881379 0.008526913515851
0.003856471459503 0.007502811543169
0.003139255524671 0.006524624222799
0.002484434763910 0.005593313312428
0.001885231298224 0.004713893684835
0.001365732902783 0.003897506463553
0.000940520828358 0.003152699965116
0.000611075764459 0.002484644860971
0.000370157083431 0.001896077144130
0.000205229718085 0.001388043359541
0.000101131275178 0.000960486512300
0.000042131325509 0.000612703059548
0.000013501852082 0.000343694873046
0.000002690889190 0.000152434705032
0.000000169071474 0.000038059234932
0.000000000000000 0.000000000000000
0.000000166633742 -0.000037686823919
0.000002689620317 -0.000150817305183
0.000013815039405 -0.000339575087453
0.000044513686366 -0.000604173779207
0.000109928315593 -0.000944590739429
0.000227545743260 -0.001360088628346
0.000416274222966 -0.001848697347569
0.000694800315802 -0.002406494773435
0.001079385734425 -0.003026672204715
0.001581010404686 -0.003698340512084
0.002201697261274 -0.004405017179938
0.002930866680798 -0.005123576027040
0.003763070354600 -0.005841102604779
0.004707027644066 -0.006565399668160
0.005772310970246 -0.007315929015568
0.006966844255635 -0.008099185174765
0.008296170851826 -0.008907279498106
0.009763744406578 -0.009730320893601
0.011375674373183 -0.010563864881066
0.013140806627817 -0.011410102310488
0.015069027258491 -0.012268302821367
0.017172427462017 -0.013127654895441
0.019463940571948 -0.013973549910465
0.021955307296156 -0.014797368511970
0.024654369389818 -0.015609466897360
0.027567499232824 -0.016427362501233
0.030707497929518 -0.017253376536004
0.034090957440256 -0.018081909767330
0.037735668979877 -0.018906541396573
0.041660460130854 -0.019721798534851
0.045884678564892 -0.020528996437472
0.050428220876132 -0.021334417075477
0.055312348020388 -0.022145741786581
0.060562292873744 -0.022962156157886
0.066205627113422 -0.023781077124166
0.072271735680177 -0.024600465981230
0.078791785707511 -0.025419164138273
0.085799294108006 -0.026235729134518
0.093330183301153 -0.027048511373408
0.101422189954942 -0.027857291735210
0.110114953739022 -0.028661717207450
0.119450439008272 -0.029457088011029
0.129472039092292 -0.030237807353881
0.140224177017878 -0.030996288614699
0.151751779557587 -0.031721735963747
0.164099212551814 -0.032402532637965
0.177309187028651 -0.033028014843921
0.191421418193667 -0.033592670672691
0.206471073607491 -0.034105936989298
0.222487726710881 -0.034568669923277
0.239493794978234 -0.034964732984936
0.257501111629382 -0.035307116373110
0.276509545012346 -0.035600266834783
0.296505353721227 -0.035812647689510
0.317458064431509 -0.035910008143871
0.339318590920318 -0.035838366609608
0.362018141342661 -0.035570171641321
0.385468188116270 -0.035101703188979
0.409561808441462 -0.034440506237847
0.434174712656309 -0.033595851182352
0.459166832547913 -0.032556430643616
0.484386972685300 -0.031320797435840
0.509677420690282 -0.029903499747625
0.534878207355193 -0.028321700912348
0.559832047578971 -0.026592720511713
0.584390035328003 -0.024746267852604
0.608416058475736 -0.022825373216179
0.631789711069314 -0.020876564226332
0.654408790447290 -0.018948291024854
0.676189251151397 -0.017077434676119
0.697065225817186 -0.015283768246575
0.716989584502727 -0.013581993737863
0.735933316114710 -0.011987771697992
0.753883448697248 -0.010513001884092
0.770840890164664 -0.009165937903237
0.786818327790977 -0.007953245008108
0.801838072840112 -0.006876557293454
0.815929799260384 -0.005930031794579
0.829128424502569 -0.005098118634511
0.841473498671400 -0.004375760683129
0.853007844631225 -0.003770613295508
0.863774921309781 -0.003270310197680
0.873817629885684 -0.002838634513256
0.883179039646696 -0.002451771994880
0.891902455581276 -0.002117275306254
0.900029925559582 -0.001846248050146
0.907601368224129 -0.001637504416940
0.914654030683036 -0.001466176974239
0.921223113236759 -0.001309844379898
0.927341859999586 -0.001153676394074
0.933041707780957 -0.000995924725201
0.938352238213946 -0.000844981214139
0.943300890138789 -0.000706864581807
0.947913042641620 -0.000585190460150
0.952212127478099 -0.000481732919921
0.956219698252425 -0.000395389799572
0.959955577928176 -0.000323444686830
0.963438031077294 -0.000263568117042
0.966683869740324 -0.000213813293358
0.969708554082076 -0.000172550894052
0.972526289018096 -0.000138415321664
0.975150115991552 -0.000110260354395
0.977591999403898 -0.000087122522323
0.979862907446351 -0.000068190831316
0.981972887259288 -0.000052781705422
0.983931134476997 -0.000040318222469
0.985746057306608 -0.000030312884959
0.987425335351712 -0.000022353305478
0.988975973429857 -0.000016090297970
0.990404350654763 -0.000011227957994
0.991716265062820 -0.000007515390037
0.992916974062819 -0.000004739801287
0.994011230980491 -0.000002720731418
0.995003317957284 -0.000001305229029
0.995897075447509 -0.000000363819051
0.996695928540539 0.000000212866896
0.997402910316176 0.000000516902436
0.998020682422010 0.000000625407098
0.998551553042204 0.000000602486587
0.998997492407805 0.000000500830534
0.999360145979631 0.000000363014789
0.999640845416155 0.000000222546098
0.999840617420581 0.000000104679222
0.999960190543482 0.000000027029759
1.000000000000000 0.000000000000000
