1.000000000000000 0.000000000000000
0.999959936520084 0.000005312368341
0.999839601569960 0.000021276492144
0.999638560670374 0.000047973648872
0.999356086520507 0.000085540039710
0.998991154215576 0.000134167903450
0.998542434492675 0.000194107087341
0.998008284945545 0.000265667086001
0.997386739131358 0.000349219562189
0.996675493474474 0.000445201365472
0.995871891853429 0.000554118066470
0.994972907738145 0.000676548025132
0.993975123724384 0.000813147011074
0.992874708291926 0.000964653391963
0.991667389591830 0.001131893901661
0.990348426046687 0.001315789992639
0.988912573526131 0.001517364765944
0.987354048838541 0.001737750455533
0.985666489259329 0.001978196420278
0.983842907797238 0.002240077564242
0.981875643883776 0.002524903060970
0.979756309158621 0.002834325196831
0.977475728017463 0.003170148067101
0.975023872590682 0.003534335750254
0.972389791834628 0.003929019443010
0.969561534446076 0.004356502851047
0.966526065359733 0.004819264885204
0.963269175664808 0.005319958394628
0.959775385887658 0.005861403256825
0.956027842743019 0.006446571615467
0.952008209668469 0.007078562380446
0.947696545690778 0.007760525129577
0.943071050896146 0.008494796025168
0.938107873409955 0.009282394588810
0.932781035044159 0.010123202433693
0.927062262749821 0.011015526262856
0.920920932679323 0.011956303801743
0.914325504158472 0.012950775788751
0.907243687695517 0.014013817163732
0.899641882530848 0.015166304630244
0.891484457946209 0.016430097364971
0.882730723034338 0.017807598382651
0.873336672565959 0.019291645835708
0.863257298882259 0.020878255614619
0.852450198471814 0.022586757755273
0.840873729231841 0.024443933564162
0.828483556722747 0.026456913098017
0.815234343418757 0.028617317865215
0.801083527137192 0.030917346680634
0.785992780012631 0.033349260038563
0.769930397380848 0.035908693519081
0.752872644873112 0.038590760018474
0.734805352246414 0.041386341006036
0.715725246461480 0.044274940874209
0.695642361337775 0.047226060425948
0.674583376211464 0.050207598982309
0.652594964298731 0.053196181340803
0.629743030765079 0.056163771210583
0.606110435073884 0.059054015151500
0.581798263287371 0.061797022038210
0.556928456090704 0.064336160695729
0.531640430370963 0.066624932231000
0.506086837119202 0.068622491951956
0.480429012870273 0.070296854142972
0.454832560100149 0.071639277280276
0.429461491242020 0.072656379569505
0.404472297956173 0.073358932874022
0.380009437501758 0.073763311304223
0.356201208054664 0.073887154240866
0.333158354549197 0.073709870569340
0.310973148087684 0.073228430777294
0.289717180089123 0.072484506445455
0.269440055394501 0.071551086715683
0.250170997833803 0.070504102927019
0.231922950633658 0.069386516212649
0.214697705292121 0.068181481892536
0.198485533582877 0.066869980808501
0.183266713465258 0.065441916395028
0.169014181121909 0.063889065729594
0.155694813822087 0.062211293376264
0.143270771269032 0.060416094838949
0.131699331736834 0.058523867388155
0.120934713902748 0.056561444166508
0.110930090355422 0.054553112250205
0.101638739656071 0.052520192101917
0.093014568021379 0.050480560436437
0.085014005063702 0.048445082246785
0.077595087041276 0.046422367080445
0.070717411310939 0.044420643640025
0.064344673570344 0.042444540233760
0.058443165577963 0.040497229080515
0.052980113687042 0.038582736684413
0.047924118023322 0.036705372639982
0.043246760328931 0.034866967445049
0.038922382612829 0.033067323417666
0.034926497125680 0.031307252191982
0.031238239055804 0.029585858411887
0.027838520114600 0.027902211063566
0.024708269038224 0.026256966786282
0.021832288921409 0.024646978732561
0.019204047550784 0.023058595221757
0.016814021320966 0.021484803472865
0.014645080665567 0.019936167034234
0.012678544776864 0.018426452045887
0.010899064898484 0.016962774287532
0.009301234585719 0.015535257230640
0.007879704429896 0.014135595644793
0.006630873253542 0.012770818706595
0.005550002633146 0.011453801656450
0.004627620416318 0.010194265148973
0.003836639915876 0.008996546248371
0.003139793770157 0.007861356628420
0.002510752123592 0.006790104637021
0.001939186880768 0.005785899668951
0.001440982204123 0.004855330609940
0.001026902769764 0.004003507502780
0.000698012281891 0.003233414568201
0.000448790769639 0.002546494945737
0.000269574356239 0.001943113931806
0.000148456975054 0.001422924657241
0.000072764432034 0.000985155240462
0.000030187813826 0.000628832483739
0.000009644298097 0.000352953949304
0.000001917956773 0.000156617598561
0.000000120356736 0.000039115969875
0.000000000000000 0.000000000000000
0.000000118109739 -0.000038675113841
0.000001904071997 -0.000154825490877
0.000009760274741 -0.000348814080675
0.000031362300487 -0.000621201543351
0.000077377356920 -0.000972577192478
0.000160576665852 -0.001403251861820
0.000295429700965 -0.001912938730556
0.000497334467705 -0.002500303808509
0.000781579757341 -0.003162381043384
0.001161990132461 -0.003893824076144
0.001649171027965 -0.004685956630804
0.002248249030701 -0.005525573544872
0.002956971736914 -0.006394235657278
0.003778962265806 -0.007280040810454
0.004727580647071 -0.008182163694582
0.005817017779959 -0.009104868963249
0.007056289709910 -0.010047977058593
0.008448034931777 -0.011007668302728
0.009990443839234 -0.011981915536648
0.011687180886710 -0.012973052878209
0.013545113341844 -0.013988311410399
0.015573602100565 -0.015029028661281
0.017785669291522 -0.016086923102294
0.020195140989456 -0.017151651344425
0.022814654287628 -0.018218996185248
0.025654818736230 -0.019293472162588
0.028727029106615 -0.020380035431846
0.032047158841062 -0.021476777757949
0.035632264096108 -0.022581458183184
0.039499842713418 -0.023693050333376
0.043669208255304 -0.024810856982393
0.048161996915952 -0.025934519096409
0.053000887550784 -0.027065523771837
0.058211182416062 -0.028202424987023
0.063820994753534 -0.029340349969380
0.069860076876485 -0.030474530612067
0.076359603913775 -0.031600820825165
0.083352623766791 -0.032716048290409
0.090875082644269 -0.033818359156276
0.098964565941175 -0.034908582107080
0.107660061166107 -0.035989526547316
0.117003629444363 -0.037054884873943
0.127039280579297 -0.038093251349087
0.137811710197141 -0.039093821165110
0.149365469597029 -0.040050337973522
0.161744237756278 -0.040958141234628
0.174990765235640 -0.041807847069078
0.189145079453526 -0.042588890418654
0.204242874434565 -0.043291894095172
0.220313723756347 -0.043908907535414
0.237379249879233 -0.044435649558338
0.255450639427962 -0.044895526313043
0.274527340858375 -0.045303457303865
0.294595824328520 -0.045618656522237
0.315625498230731 -0.045801319834652
0.337567116115331 -0.045809818096018
0.360351058880209 -0.045580133510527
0.383887279047982 -0.045078168580802
0.408067736625833 -0.044333673425521
0.432767296417214 -0.043362385238375
0.457844138266792 -0.042144485195307
0.483145253017225 -0.040671311916879
0.508511410662491 -0.038957514323664
0.533781639906410 -0.037026221385659
0.558798365303375 -0.034906821593862
0.583412583254587 -0.032638534363308
0.607488351978723 -0.030270689780420
0.630906138096603 -0.027859691459365
0.653565581315422 -0.025469366570357
0.675384016271314 -0.023148019530015
0.696295909079890 -0.020918201665163
0.716254343192857 -0.018796162113536
0.735230925102156 -0.016802106757610
0.753213326541717 -0.014952650901147
0.770202720845079 -0.013256886487898
0.786211574545375 -0.011717307939813
0.801261967186395 -0.010331786715198
0.815383470801801 -0.009092948609385
0.828611070139966 -0.007986637707764
0.840984586398462 -0.007009969795370
0.852547432114846 -0.006175328231629
0.863343055518293 -0.005471302161072
0.873413427507944 -0.004854834580197
0.882800978164686 -0.004296241266375
0.891549300251650 -0.003803799678040
0.899700928118630 -0.003391523366502
0.907295974108993 -0.003059267099549
0.914371239187217 -0.002777835560741
0.920961479484753 -0.002519813981480
0.927099679170102 -0.002266881065975
0.932817310459860 -0.002015803187400
0.938144268584929 -0.001776196398073
0.943108249806513 -0.001555081535490
0.947734823739080 -0.001356623482764
0.952047560832797 -0.001182821654615
0.956068078074889 -0.001032341940648
0.959816207941473 -0.000901796548540
0.963310228034715 -0.000788252425652
0.966566968089739 -0.000689247681734
0.969601909112964 -0.000602711662881
0.972429278838136 -0.000526899137620
0.975062142606845 -0.000460336053704
0.977512489118680 -0.000401774781597
0.979791310751526 -0.000350157138565
0.981908678342220 -0.000304583798133
0.983873810455584 -0.000264288944597
0.985695137267482 -0.000228619240793
0.987380359253981 -0.000197016347633
0.988936500921322 -0.000169002372872
0.990369959836126 -0.000144167739855
0.991686551226410 -0.000122161059403
0.992891548425329 -0.000102680663323
0.993989719423705 -0.000085467519559
0.994985359786483 -0.000070299299228
0.995882322173886 -0.000056985406929
0.996684042691380 -0.000045362819388
0.997393564274537 -0.000035292605241
0.998013557296093 -0.000026657021540
0.998546337563459 -0.000019357101482
0.998993881855871 -0.000013310663532
0.999357841131570 -0.000008450685274
0.999639551516911 -0.000004723996353
0.999840043171228 -0.000002090254356
0.999960047103552 -0.000000521175600
1.000000000000000 0.000000000000000
