1.000000000000000 0.000000000000000
0.999960178150265 0.000005321293086
0.999840568873229 0.000021311508952
0.999640740039511 0.000048049855167
0.999359968272088 0.000085669004354
0.998997234174618 0.000134356087095
0.998551215591725 0.000194354087565
0.998020278841291 0.000265963646843
0.997402467840977 0.000349545279411
0.996695491032769 0.000445522008071
0.995896705990277 0.000554382421218
0.995003101573779 0.000676684153673
0.994011277477489 0.000813057787621
0.992917420992212 0.000964211163031
0.991717280784585 0.001130934076401
0.990406137471439 0.001314103331794
0.988978770744792 0.001514688087462
0.987429422779779 0.001733755413277
0.985751757635051 0.001972475936305
0.983938816333279 0.002232129401403
0.981982967289531 0.002514109906903
0.979875851738435 0.002819930487486
0.977608323798978 0.003151226601292
0.975170384810599 0.003509757928217
0.972551111578654 0.003897407691649
0.969738578184961 0.004316178463985
0.966719771054508 0.004768183091811
0.963480497028180 0.005255628960130
0.960005284280783 0.005780793282599
0.956277276052544 0.006345986427146
0.952278117341474 0.006953499428161
0.947987834978576 0.007605531140903
0.943384712704698 0.008304099767162
0.938445161163726 0.009050915993442
0.933143583642564 0.009847197483241
0.927452241813972 0.010693435260849
0.921341167807697 0.011589386389536
0.914778775040669 0.012538682420245
0.907732013265730 0.013550140085625
0.900166060849144 0.014635651153541
0.892044138499823 0.015808528734302
0.883326263068490 0.017074154705284
0.873970053385795 0.018433997025738
0.863931800434927 0.019890673692679
0.853168169416281 0.021456403335341
0.841636033426249 0.023147591083061
0.829291882145213 0.024975190439305
0.816092696759236 0.026943647071557
0.801995025229564 0.029036097234746
0.786956908392319 0.031217037986843
0.770945697364547 0.033472655743922
0.753938354886494 0.035799591683144
0.735921799200176 0.038192597307379
0.716893517202268 0.040631696317923
0.696864116232587 0.043084619385825
0.675861032362828 0.045519769796035
0.653932273006707 0.047922411785787
0.631145618343459 0.050278583997665
0.607586265377794 0.052548802106503
0.583357615026931 0.054680604277949
0.558582851848514 0.056635824716269
0.533401975253863 0.058387990125163
0.507966877445753 0.059908061578958
0.482437125415472 0.061168770612432
0.456975989505216 0.062163034928183
0.431744959769764 0.062898592212208
0.406897995191092 0.063386758129148
0.382577162461503 0.063642103213824
0.358908846187896 0.063677023887163
0.336001714133974 0.063489407765744
0.313946268329836 0.063055049496768
0.292812904108171 0.062391279362524
0.272650874053281 0.061562177056482
0.253489851619673 0.060626544845065
0.235342828218833 0.059625725529616
0.218210406215095 0.058558265056504
0.202081737874754 0.057412352217104
0.186936064171595 0.056181148142769
0.172745684298756 0.054854050608603
0.159476663442798 0.053427407056323
0.147090520293783 0.051907894420456
0.135544713060088 0.050309724703596
0.124794136221752 0.048653450196821
0.114792806662270 0.046957864771290
0.105495627842219 0.045237385220107
0.096857965469377 0.043504997309781
0.088836425016277 0.041771980361749
0.081389382872605 0.040047774770293
0.074476851339311 0.038341030211379
0.068061530966608 0.036658079973705
0.062110099425837 0.035000816311547
0.056590787419396 0.033371414200199
0.051473177179238 0.031772794305466
0.046728568671247 0.030207940995268
0.042331112827431 0.028677670652989
0.038256865564519 0.027182388525633
0.034483334952625 0.025723073120582
0.030990901511022 0.024299465266282
0.027761244469002 0.022911613684578
0.024776660781374 0.021560461064133
0.022022721218999 0.020243030692871
0.019491727648093 0.018946134021925
0.017174426434051 0.017661925483985
0.015056791096565 0.016398435734359
0.013123418910374 0.015168422685727
0.011360451126755 0.013979810352186
0.009759888304530 0.012822330822028
0.008315489412209 0.011682101450850
0.007027626326252 0.010559872196830
0.005903140278492 0.009468410682552
0.004941350000853 0.008418511322906
0.004122712446233 0.007415500090015
0.003398358225163 0.006456785057939
0.002731815210447 0.005541780377470
0.002105689094508 0.004673462290965
0.001543805399225 0.003863139770221
0.001073059146829 0.003122180198358
0.000702290115574 0.002457436501302
0.000427872082762 0.001872470430866
0.000238315699046 0.001368566861499
0.000117857384658 0.000945530574169
0.000049235433262 0.000602307212601
0.000015810943853 0.000337461148503
0.000003155556515 0.000149535645982
0.000000198432485 0.000037314606185
0.000000000000000 0.000000000000000
0.000000194871825 -0.000036859641646
0.000003147896189 -0.000147422268202
0.000016189828552 -0.000331601296637
0.000052300576395 -0.000589124915390
0.000130457956782 -0.000919269702863
0.000272181852995 -0.001320142813021
0.000499629941839 -0.001787933365146
0.000833487856766 -0.002315959738657
0.001289671857793 -0.002893394449258
0.001875063300569 -0.003503636614926
0.002582034777422 -0.004122251464986
0.003391989892751 -0.004722845262538
0.004306769001000 -0.005306226503786
0.005335115345370 -0.005894333914110
0.006485272502740 -0.006510161566356
0.007762921026292 -0.007149001922868
0.009171686922274 -0.007799607855495
0.010715423034951 -0.008452169740177
0.012402141848192 -0.009106437300059
0.014240713459001 -0.009764833577344
0.016240837389169 -0.010422305672993
0.018412691763622 -0.011069630655235
0.020766515518023 -0.011697455524389
0.023311886685076 -0.012307454931829
0.026057454838205 -0.012911134919131
0.029013504386921 -0.013517529283360
0.032194472453299 -0.014124176364605
0.035616152212085 -0.014727477996409
0.039295414626559 -0.015323916730136
0.043250387780738 -0.015911779133499
0.047500531480904 -0.016492506730081
0.052066442728021 -0.017070259547650
0.056970770068514 -0.017647609928994
0.062238862488914 -0.018222704775560
0.067897968058716 -0.018793854816610
0.073977180927314 -0.019360202142044
0.080507505571371 -0.019921764098167
0.087522470413072 -0.020476993279079
0.095057901892621 -0.021023856824394
0.103151587725966 -0.021561202048996
0.111843305746380 -0.022087346755541
0.121174748236882 -0.022598808981412
0.131188959282473 -0.023092278322932
0.141930033539216 -0.023563151251627
0.153442495340889 -0.024005487203412
0.165770348749528 -0.024415215949699
0.178956045327757 -0.024792998262647
0.193039368175483 -0.025139503706580
0.208056166824226 -0.025451139534548
0.224036445396143 -0.025722138776351
0.241002396761377 -0.025946045307229
0.258966237680935 -0.026124225922662
0.277928144920147 -0.026253277680460
0.297874100559284 -0.026320053702071
0.318773700747598 -0.026309456490729
0.340578467512453 -0.026191496458664
0.363219898075810 -0.025898122168353
0.386609705894705 -0.025400781928543
0.410641793208238 -0.024732858985996
0.435192782332670 -0.023912261517966
0.460123349327945 -0.022926723711256
0.485283184241550 -0.021776405505682
0.510515556592940 -0.020480401690306
0.535661579162345 -0.019060454511622
0.560565122057753 -0.017538445988170
0.585077755102656 -0.015941191217699
0.609062992761460 -0.014299880488897
0.632400005137106 -0.012652538599921
0.654986138265937 -0.011043552445812
0.676736898752546 -0.009505618922381
0.697586061950286 -0.008054603198448
0.717486151298780 -0.006701517347747
0.736407676066057 -0.005457885663033
0.754337201941365 -0.004331640538739
0.771275224745269 -0.003328792631264
0.787234035277638 -0.002455718939967
0.802235656329482 -0.001713615938781
0.816309548210484 -0.001093514388520
0.829490485545786 -0.000572538736278
0.841817848505932 -0.000145428782322
0.853334198196431 0.000174242122359
0.864083110474360 0.000399258113420
0.874108091634921 0.000571407510083
0.883452571612919 0.000716833760788
0.892159522157326 0.000824937065687
0.900270589732368 0.000881759836005
0.907825614032708 0.000887466328382
0.914862388366668 0.000867506165410
0.921416600633455 0.000844345632275
0.927521787878725 0.000832566779980
0.933209334060629 0.000832921619300
0.938508500530954 0.000836202599651
0.943446479083630 0.000835747718641
0.948048474958620 0.000827357665076
0.952337803362892 0.000808756349888
0.956335990795010 0.000780861370860
0.960062885065273 0.000746241416960
0.963536766965217 0.000706978726232
0.966774456407388 0.000664711150348
0.969791415121759 0.000620721651236
0.972601844893455 0.000576010098191
0.975218780607948 0.000531350845083
0.977654177676736 0.000487338892468
0.979918993646456 0.000444426891068
0.982023263963333 0.000402954799430
0.983976171986218 0.000363173650687
0.985786113425699 0.000325264595319
0.987460755442588 0.000289354155471
0.989007090673217 0.000255526440784
0.990431486466869 0.000223832926913
0.991739729626444 0.000194300278720
0.992937066940514 0.000166936604660
0.994028241785590 0.000141736452395
0.995017527063860 0.000118684794386
0.995908754725093 0.000097760203090
0.996705342103046 0.000078937375929
0.997410315277333 0.000062189138543
0.998026329651893 0.000047488029323
0.998555687921238 0.000034807547665
0.999000355576000 0.000024123131718
0.999361974079914 0.000015412917911
0.999641871831519 0.000008658323421
0.999841073005384 0.000003844483664
0.999960304349766 0.000000960569205
1.000000000000000 0.000000000000000
