1.000000000000000 0.000000000000000
0.999959984423316 0.000006811564421
0.999839794001309 0.000027280456628
0.999638996716707 0.000061509540077
0.999356869394291 0.000109671144145
0.998992392951728 0.000172008404745
0.998544245691463 0.000248837151356
0.998010794573801 0.000340548349997
0.997390084393449 0.000447611113457
0.996679824763262 0.000570576291071
0.995877374789768 0.000710080650124
0.994979725305048 0.000866851659228
0.993983478498713 0.001041712880185
0.992884824771938 0.001235589968185
0.991679516612784 0.001449517269800
0.990362839268509 0.001684644992944
0.988929577966132 0.001942246901093
0.987373981407620 0.002223728453727
0.985689721240830 0.002530635273400
0.983869847182320 0.002864661763711
0.981906737444029 0.003227659627392
0.979792044093405 0.003621645934047
0.977516632957204 0.004048810255634
0.975070517664381 0.004511520215355
0.972442787415449 0.005012324570470
0.969621528067032 0.005553952657009
0.966593736134645 0.006139308645675
0.963345225348284 0.006771458570227
0.959860525449829 0.007453607463487
0.956122773005219 0.008189063136370
0.952113594126426 0.008981182119256
0.947812976297981 0.009833278792822
0.943199063062330 0.010748184140735
0.938247971027582 0.011727899657534
0.932933672462279 0.012773529040061
0.927227819374311 0.013884894784662
0.921099670000809 0.015060617687004
0.914517557238371 0.016306067592416
0.907449151108339 0.017634923511958
0.899860825113500 0.019065887765908
0.891716953631956 0.020618724086402
0.882976584833076 0.022296250181327
0.873595194197914 0.024092321484589
0.863527084718525 0.026002632086546
0.852729345777348 0.028042967642828
0.841159927158222 0.030235787006868
0.828774291763816 0.032588337900726
0.815526856131539 0.035094670611681
0.801373963985265 0.037744071495964
0.786275600764141 0.040521967831942
0.770199256917415 0.043420987699003
0.753120909859584 0.046435464875580
0.735026194178969 0.049555661765145
0.715910850130643 0.052755702117942
0.695783411184946 0.055996325352395
0.674669527979631 0.059238394144537
0.652616404859963 0.062458794728462
0.629690962241734 0.065631511417965
0.605976300731377 0.068697621417448
0.581573596512437 0.071582993764248
0.556605494135753 0.074226890518329
0.531212601092605 0.076579607032205
0.505549378524574 0.078603308843142
0.479779288903122 0.080272446810423
0.454069598768484 0.081580171113637
0.428585715655566 0.082533206413187
0.403485598051200 0.083146506277384
0.378915017180693 0.083442389807810
0.355003134097138 0.083440341358835
0.331862007428121 0.083108780505675
0.309584556728680 0.082464596279801
0.288242862041113 0.081550539334676
0.267887110983418 0.080427628280614
0.248547395055973 0.079159418515882
0.230238150581026 0.077773573556015
0.212962568374005 0.076253937393921
0.196710853323542 0.074598269761371
0.181462908235219 0.072813017524692
0.167191438417352 0.070901303423902
0.153860604609179 0.068882384493221
0.141428685580219 0.066783554988296
0.129853823074903 0.064616728899970
0.119092587521464 0.062389619172004
0.109098650880969 0.060119735248448
0.099824489362353 0.057829060341332
0.091224277136523 0.055533407166278
0.083257510966483 0.053234876179022
0.075884161285372 0.050936277715104
0.069064599417955 0.048643779848102
0.062761635317635 0.046367184574878
0.056939366708200 0.044116723156204
0.051563011087686 0.041901696594438
0.046599958341990 0.039729265813245
0.042025023849532 0.037595818330760
0.037815688189694 0.035495442658844
0.033948228791413 0.033427722547348
0.030397659388559 0.031400959685088
0.027139638827198 0.029424130291558
0.024151265842325 0.027504314774095
0.021415711815268 0.025640787269104
0.018922930481438 0.023824343773590
0.016660026435542 0.022051707845672
0.014608810094159 0.020332083737832
0.012750899163389 0.018675281976581
0.011069401428894 0.017087112155705
0.009549123501498 0.015565085248481
0.008176493640633 0.014106029550248
0.006947575549405 0.012711061003565
0.005864579042306 0.011384061810739
0.004924558185724 0.010128097079758
0.004112361548943 0.008943188264844
0.003393489946580 0.007824144501222
0.002741074410275 0.006767810209796
0.002140092720054 0.005773989358607
0.001603879249368 0.004848764832536
0.001150732715308 0.003999321571359
0.000786429035485 0.003230078796039
0.000507853986493 0.002543382168562
0.000306132139372 0.001940112902206
0.000169070424932 0.001420168586563
0.000083055978074 0.000982840765167
0.000034518366738 0.000627109080196
0.000011042380358 0.000351867547723
0.000002198000733 0.000156095036247
0.000000138002006 0.000038979117605
0.000000000000000 0.000000000000000
0.000000133624002 -0.000038270848283
0.000002155174415 -0.000153181394542
0.000011056133025 -0.000345009229705
0.000035592556461 -0.000614161401702
0.000088408512605 -0.000961015998447
0.000184432732131 -0.001385457231025
0.000340197750642 -0.001886437069539
0.000572903187358 -0.002461393118084
0.000898997564190 -0.003105471363168
0.001332331971793 -0.003810532515037
0.001881775671966 -0.004563891787685
0.002548154155834 -0.005346728837627
0.003325791315338 -0.006138159414009
0.004219221347090 -0.006936868746606
0.005234931686575 -0.007755795067315
0.006378619967774 -0.008609769006910
0.007657998218672 -0.009493924284760
0.009079978379985 -0.010397901102378
0.010651158085313 -0.011312202304152
0.012380309263048 -0.012235243727671
0.014276481531065 -0.013167381541508
0.016351509301046 -0.014099656765594
0.018618704160812 -0.015017187152328
0.021091073890445 -0.015905357779853
0.023777491532254 -0.016768605540190
0.026683417841624 -0.017624734484359
0.029818752467626 -0.018482765927239
0.033199697295641 -0.019338343439862
0.036843584435945 -0.020186636580267
0.040768631759413 -0.021023501690218
0.044994252037249 -0.021848845359528
0.049540745934603 -0.022666996487897
0.054429399457185 -0.023485085126671
0.059685138048467 -0.024303335214582
0.065335493307750 -0.025119301760630
0.071409723451298 -0.025931474938525
0.077938732420878 -0.026739807199556
0.084955744916203 -0.027544069752876
0.092496698344113 -0.028342976247737
0.100599389425203 -0.029136790214930
0.109303460463601 -0.029926023920341
0.118650945903312 -0.030705377011536
0.128685404854499 -0.031467554849263
0.139451392492001 -0.032203055579089
0.150993929911539 -0.032898644033515
0.163357426748440 -0.033540951531468
0.176584405371792 -0.034123091506364
0.190714406216907 -0.034642193040878
0.205782871142005 -0.035099794640800
0.221819363674408 -0.035499914522064
0.238845804307400 -0.035846497473517
0.256874354376959 -0.036139047516532
0.275905177275445 -0.036370806396422
0.295924192940636 -0.036521227749986
0.316900826195467 -0.036540803309704
0.338785624111685 -0.036374832748926
0.361509016104699 -0.035980957733241
0.384981916714493 -0.035352853299607
0.409097238278902 -0.034511926162217
0.433730270815916 -0.033463783460422
0.458740142955950 -0.032193846617841
0.483974941243800 -0.030699051784343
0.509276496091654 -0.028995558365906
0.534484808606211 -0.027106556622848
0.559443100055281 -0.025060393223919
0.584002979155315 -0.022894514746209
0.608028830313807 -0.020655393911974
0.631401516133734 -0.018399562240703
0.654021110158974 -0.016194457549507
0.675805090088618 -0.014089707218186
0.696687773250822 -0.012106748697525
0.716621941977577 -0.010259548802975
0.735578499088104 -0.008563825924772
0.753544327244639 -0.007030900195317
0.770519898368499 -0.005666388213722
0.786517062523681 -0.004472344330803
0.801557399715585 -0.003445574576663
0.815669951615458 -0.002573795223841
0.828888975140210 -0.001830907633728
0.841253579671137 -0.001208134456238
0.852806417103925 -0.000718484644830
0.863590910148764 -0.000348499542311
0.873649987755934 -0.000051112048690
0.883026700660707 0.000204778558759
0.891764124498568 0.000407592087316
0.899904124387241 0.000540426949117
0.907486645250541 0.000602928453851
0.914549344942323 0.000627094416471
0.921127795366658 0.000642283308060
0.927255493074261 0.000667791781190
0.932963903996354 0.000705873332859
0.938282468540348 0.000745119488285
0.943238532962215 0.000777141907066
0.947857430280341 0.000796707832931
0.952162581234668 0.000801008937294
0.956175580397601 0.000791123385665
0.959916319908054 0.000770372236142
0.963403126678941 0.000741514626174
0.966652867929885 0.000706764696981
0.969681052646551 0.000667896167099
0.972501928930086 0.000626326936456
0.975128576420808 0.000583187536882
0.977572993304992 0.000539376523400
0.979846177657642 0.000495605310857
0.981958203054344 0.000452434480465
0.983918288515421 0.000410303191378
0.985734862936778 0.000369553017213
0.987415624223011 0.000330447272751
0.988967593376743 0.000293186690501
0.990397163819257 0.000257922141094
0.991710146225838 0.000224764957838
0.992911809158205 0.000193795318122
0.994006915768630 0.000165069047480
0.994999756837868 0.000138623142133
0.995894180393352 0.000114480249222
0.996693618136423 0.000092652298283
0.997401108888457 0.000073143440462
0.998019319246279 0.000055952421955
0.998550561617623 0.000041074493744
0.998996809787843 0.000028502939709
0.999359712149906 0.000018230288866
0.999640602710874 0.000010249263913
0.999840509969701 0.000004553506967
0.999960163743266 0.000001138113852
1.000000000000000 0.000000000000000
