1.000000000000000 0.000000000000000
0.999959846999790 0.000008091532304
0.999839244588646 0.000032407011849
0.999637761597777 0.000073069401289
0.999354676279895 0.000130284689125
0.998988971580462 0.000204343471145
0.998539328457549 0.000295623174721
0.998004117189803 0.000404590935418
0.997381386593751 0.000531807136724
0.996668851052806 0.000677929624026
0.995863875240568 0.000843718602629
0.994963456400295 0.001030042226277
0.993964204020582 0.001237882876378
0.992862316724216 0.001468344122219
0.991653556162764 0.001722658337489
0.990333217683612 0.002002194926998
0.988896097508923 0.002308469087386
0.987336456137174 0.002643150984352
0.985647977647856 0.003008075172995
0.983823724558453 0.003405250012856
0.981856087850439 0.003836866729575
0.979736731747982 0.004305307643359
0.977456532799879 0.004813152911558
0.975005512782842 0.005363184906582
0.972372764913449 0.005958389056244
0.969546372828440 0.006601949592391
0.966513321770119 0.007297238161437
0.963259401397939 0.008047792617558
0.959769099641506 0.008857282508743
0.956025487018107 0.009729456732720
0.952010090863847 0.010668067529191
0.947702757685496 0.011676759634064
0.943081476720140 0.012758839404039
0.938122205973778 0.013917030465896
0.932798712912586 0.015153235717630
0.927082383060990 0.016468152771013
0.920942163285051 0.017861421236143
0.914346313058126 0.019339588690995
0.907262629392605 0.020917269038303
0.899657747169770 0.022614075525352
0.891496215814288 0.024450288410389
0.882736625911308 0.026429193918372
0.873333713310325 0.028545368348824
0.863241257220442 0.030796017948887
0.852416688837477 0.033199313116163
0.840818584105300 0.035780383634656
0.828402934472520 0.038551003509303
0.815124667671886 0.041511569353214
0.800938604462910 0.044649096604154
0.785801723353988 0.047940308375569
0.769679985225531 0.051373912033041
0.752548264136016 0.054941155026549
0.734390882278200 0.058627758720258
0.715201714693664 0.062400969553083
0.694987085357888 0.066213012808420
0.673771118303525 0.070018003260920
0.651601158295967 0.073790621199386
0.628544334194446 0.077500515398086
0.604681947170424 0.081072471388003
0.580113304515716 0.084414355159020
0.554962453952850 0.087462568235300
0.529373000363883 0.090171067952802
0.503501804543480 0.092498774180807
0.477514591611346 0.094414172523559
0.451581713714910 0.095906888063315
0.425871924460453 0.096982972814007
0.400546452069160 0.097666727444001
0.375753975589271 0.097980409677502
0.351626097440161 0.097909446300328
0.328277737190344 0.097455012694205
0.305805405778759 0.096612437821838
0.284281367437685 0.095467764743766
0.263756432043986 0.094093087214911
0.244262448878131 0.092529989882033
0.225816986933403 0.090787297449865
0.208426292621265 0.088841532387501
0.192081707627029 0.086705266289848
0.176761969330539 0.084408801522337
0.162435864099879 0.081987974676827
0.149064569983624 0.079477811746960
0.136606117723449 0.076902489331611
0.125020798120406 0.074262124292554
0.114265390453787 0.071561921203186
0.104294132685598 0.068819584408741
0.095059714905787 0.066054670299717
0.086517262747697 0.063280088356544
0.078623696062050 0.060504905280850
0.071335710277807 0.057739658807524
0.064613450925357 0.054994800938381
0.058419777635169 0.052280286007982
0.052717666436176 0.049605816798775
0.047471042616507 0.046980301689225
0.042647721265356 0.044408694855429
0.038218595406939 0.041893332747440
0.034155260816143 0.039437564964067
0.030431548032072 0.037046186145761
0.027022463558127 0.034723991701665
0.023904003554794 0.032474955357702
0.021059278659397 0.030295690121189
0.018477983854587 0.028176273556809
0.016144960348478 0.026114876313783
0.014038451915162 0.024121667794381
0.012137412263562 0.022205678095979
0.010427571062683 0.020366774344447
0.008903849197181 0.018592983720757
0.007559645076077 0.016878431880052
0.006389869677676 0.015231086790423
0.005386753599305 0.013659994628099
0.004537777153175 0.012171248027205
0.003809744334207 0.010766407180690
0.003164852419324 0.009444948044604
0.002577093880535 0.008206681716099
0.002035043453628 0.007052304260580
0.001553136286202 0.005984895901464
0.001143226994176 0.005006736463239
0.000808515316978 0.004118713084289
0.000546171245305 0.003320724652711
0.000349391384324 0.002612001611925
0.000209003866281 0.001991358067608
0.000114715589948 0.001457389767325
0.000056075957495 0.001008628731894
0.000023215512879 0.000643663061302
0.000007405134969 0.000361228603706
0.000001471038865 0.000160277671603
0.000000092250634 0.000040028739469
0.000000000000000 0.000000000000000
0.000000088153182 -0.000039062297396
0.000001420133171 -0.000156372411076
0.000007271279481 -0.000352293529773
0.000023346216101 -0.000627409022039
0.000058158534181 -0.000982488238973
0.000123169302247 -0.001418328074879
0.000231351187481 -0.001935115152870
0.000396930802126 -0.002532011097267
0.000635051581846 -0.003206618302450
0.000961060160153 -0.003954228477996
0.001389571087829 -0.004766868064710
0.001933248992371 -0.005632091863042
0.002601231117201 -0.006531464462621
0.003398523042976 -0.007445542306983
0.004328381955356 -0.008375555964513
0.005388322104810 -0.009336624659579
0.006576588090798 -0.010342070125237
0.007903499941613 -0.011384948823066
0.009381411454951 -0.012453134425463
0.011021679528712 -0.013537362392008
0.012832793098100 -0.014637486968451
0.014823806773877 -0.015751803060741
0.017010344029897 -0.016863938837332
0.019410653676574 -0.017949792442398
0.022040009405417 -0.018993497554819
0.024902732248087 -0.020012064709327
0.027999615200558 -0.021032867169187
0.031344074495599 -0.022057078316486
0.034955179861506 -0.023074790879456
0.038853371591524 -0.024074206675426
0.043059350554802 -0.025048325136878
0.047592634276816 -0.026003412006784
0.052472260631342 -0.026953498718437
0.057720700849705 -0.027907023415861
0.063365751915839 -0.028860674964418
0.069437211763698 -0.029810839563988
0.075966603301905 -0.030754650665265
0.082987352875107 -0.031690101522162
0.090535380592641 -0.032615674549475
0.098648362877709 -0.033531870210570
0.107365489775586 -0.034441235845616
0.116728599225799 -0.035341040129088
0.126781362524983 -0.036225816238675
0.137568477207139 -0.037086967820854
0.149135522332870 -0.037905353322655
0.161527566347614 -0.038658809706446
0.174787145394264 -0.039339104157801
0.188953416098355 -0.039945851570533
0.204061777040481 -0.040478609558956
0.220141837094263 -0.040935176524140
0.237215583278857 -0.041306699247666
0.255294894923976 -0.041591937215314
0.274379437268475 -0.041799150472441
0.294454713576715 -0.041941960093316
0.315490007302852 -0.042028058947708
0.337437005804906 -0.042041637978889
0.360226340258915 -0.041813935442708
0.383764993353627 -0.041177429247231
0.407942178917046 -0.040178083972730
0.432633288525082 -0.038888516018371
0.457695546527920 -0.037301783536028
0.482976386392735 -0.035430300858964
0.508319745832897 -0.033330333780392
0.533567076695587 -0.031051550134880
0.558561479797207 -0.028621637337559
0.583154978951375 -0.026080906601731
0.607213355015289 -0.023487544543754
0.630618122358823 -0.020901349518396
0.653269028018613 -0.018381757047372
0.675083334129544 -0.015973162219498
0.695995289099568 -0.013696575675780
0.715957655416869 -0.011566078754642
0.734941696645930 -0.009599228034663
0.752934725361676 -0.007809644195458
0.769937606984264 -0.006206415131409
0.785962634304221 -0.004798385710584
0.801031652415040 -0.003587137039810
0.815173699815793 -0.002562426190019
0.828422556160074 -0.001695977717770
0.840816911124096 -0.000977438043888
0.852399254825996 -0.000422959926705
0.863212729350743 -0.000017548857016
0.873299636133940 0.000297847996594
0.882702569593504 0.000564237581418
0.891464509026620 0.000770924817882
0.899627381055803 0.000898403895579
0.907231218393550 0.000945418345977
0.914313792153076 0.000948822678757
0.920910777199099 0.000943464495240
0.927055764474507 0.000952276244656
0.932780293037679 0.000978544947103
0.938113865070816 0.001008545661416
0.943083890569107 0.001031958572776
0.947715766302417 0.001042273176733
0.952032975738466 0.001035886507799
0.956057175934514 0.001013787719976
0.959808317982854 0.000979831231464
0.963304783820567 0.000937225427968
0.966563491927413 0.000888527237970
0.969599998848459 0.000835769410356
0.972428596662940 0.000780563157698
0.975062405563960 0.000724180925305
0.977513461043379 0.000667623136877
0.979792795423985 0.000611672026212
0.981910513664292 0.000556935062383
0.983875863493580 0.000503879988545
0.985697300027721 0.000452863100949
0.987382545078786 0.000404152077600
0.988938641410718 0.000357944410514
0.990372002215229 0.000314382290126
0.991688456090881 0.000273564625129
0.992893287807634 0.000235556748196
0.993991275131647 0.000200398251161
0.994986721972754 0.000168109307305
0.995883488101518 0.000138695769113
0.996685015665103 0.000112153274112
0.997394352712341 0.000088470546321
0.998014173918872 0.000067632044415
0.998546798683599 0.000049620078161
0.998994206748131 0.000034416490625
0.999358051471614 0.000022003983987
0.999639670874544 0.000012367150615
0.999840096546686 0.000005493257562
0.999960060496265 0.000001372821328
1.000000000000000 0.000000000000000
