1.000000000000000 0.000000000000000
0.999960227301427 0.000007387377031
0.999840765079308 0.000029578675867
0.999641180005856 0.000066661610300
0.999360746697866 0.000118783073852
0.998998442932241 0.000186150202519
0.998552942889332 0.000269031876506
0.998022608365210 0.000367760674961
0.997405477876606 0.000482735301769
0.996699253564363 0.000614423504665
0.995901285782971 0.000763365514114
0.995008555244862 0.000930178032655
0.994017652568876 0.001115558809685
0.992924755062548 0.001320291840771
0.991725600547850 0.001545253234645
0.990415458019991 0.001791417794659
0.988989094909113 0.002059866364688
0.987440740695813 0.002351793991753
0.985764046614096 0.002668518958818
0.983952041160490 0.003011492740575
0.981997081117178 0.003382310931987
0.979890797791645 0.003782725192946
0.977624038177993 0.004214656241341
0.975186800758633 0.004680207909608
0.972568165693454 0.005181682254301
0.969756219191633 0.005721595671729
0.966737971935329 0.006302695921825
0.963499271532311 0.006927979892815
0.960024709125963 0.007600711845409
0.956297520498043 0.008324441750341
0.952299482276700 0.009103023168665
0.948010797645496 0.009940595130642
0.943409778850963 0.010840501020401
0.938472585518377 0.011804500862905
0.933173210675051 0.012833274282935
0.927483305657553 0.013926031433531
0.921372086206639 0.015080482834217
0.914807911015652 0.016301536894147
0.907758734089467 0.017603892504070
0.900191341171886 0.019007993168046
0.892070863339537 0.020537136585981
0.883357721563279 0.022200568093797
0.874009231060175 0.024000824467769
0.863980790188821 0.025938360811328
0.853226823338835 0.028014294187062
0.841700839152038 0.030227198908656
0.829356166695723 0.032572275113972
0.816146763798448 0.035040011934400
0.802028319685027 0.037614162106711
0.786960080628580 0.040273273992850
0.770909708193282 0.043008499305285
0.753854268304148 0.045817737569524
0.735781087631056 0.048697891974597
0.716687237579880 0.051627919876407
0.696582424391597 0.054572509524253
0.675493340189313 0.057496174532172
0.653467587295299 0.060377503349673
0.630572613071055 0.063193617766204
0.606892636440555 0.065890616589798
0.582530049777752 0.068399649494410
0.557608531570013 0.070670067343974
0.532269660576542 0.072666022018272
0.506667834786824 0.074359163131237
0.480965744486541 0.075730536399472
0.455329461896554 0.076780411060801
0.429922950458528 0.077521949315520
0.404902377911112 0.077968943566630
0.380411762374300 0.078138594570848
0.356579078683717 0.078049863547338
0.333514703386052 0.077694078944652
0.311310983486068 0.077051282966170
0.290038549164947 0.076167459127401
0.269747321371480 0.075099843415585
0.250468855799186 0.073876577215242
0.232218136496836 0.072520916084850
0.214998492552943 0.071019256928153
0.198799677258677 0.069377122549026
0.183599802383539 0.067618041762280
0.169368685191680 0.065764258468231
0.156069038274476 0.063839944040859
0.143658559366644 0.061869606384345
0.132094724171419 0.059861498330017
0.121334712716348 0.057814648022077
0.111334055517103 0.055734973615265
0.102047896993201 0.053633664881612
0.093431416962010 0.051522129364844
0.085442596415982 0.049406757414185
0.078040717774367 0.047293287243043
0.071185855040303 0.045188940262447
0.064841175409523 0.043101126908076
0.058972188245276 0.041037125235552
0.053545366327378 0.039004087096425
0.048528571514674 0.037008686284361
0.043892610227966 0.035054673815526
0.039611501395266 0.033142602483396
0.035660284919170 0.031273942342420
0.032016314082337 0.029450828424453
0.028658867184569 0.027675711365456
0.025567833305565 0.025951207703663
0.022724657027734 0.024278711962795
0.020115857986729 0.022652829646238
0.017728749939146 0.021068625576882
0.015550009194320 0.019528067116078
0.013566126988304 0.018037408287005
0.011763632233760 0.016601393100710
0.010131709894363 0.015214106493962
0.008661359027954 0.013863453556549
0.007348925267648 0.012546916503848
0.006202864456287 0.011274277796476
0.005225067640025 0.010054766151019
0.004403700359755 0.008894292461447
0.003689812165678 0.007791461489074
0.003038311306840 0.006744729054649
0.002421923090260 0.005754892311419
0.001845631767304 0.004828165202934
0.001341411718853 0.003975284141979
0.000926127385135 0.003203223467090
0.000602936870631 0.002515589641069
0.000365812302271 0.001913620592164
0.000203079051304 0.001396973192463
0.000100171832046 0.000964340540865
0.000041763910753 0.000613931999653
0.000013391785567 0.000343841845460
0.000002669997652 0.000152326581146
0.000000167791928 0.000038006124178
0.000000000000000 0.000000000000000
0.000000162434940 -0.000037277245855
0.000002622175406 -0.000149077157629
0.000013472095783 -0.000335274044963
0.000043460095962 -0.000595556224586
0.000108906716605 -0.000929267439138
0.000231785711169 -0.001334990265456
0.000434615352935 -0.001809217220476
0.000738863658790 -0.002345350009705
0.001163008397147 -0.002932428510200
0.001719146660546 -0.003553381998179
0.002408634595989 -0.004182813683188
0.003219208496808 -0.004787891077185
0.004145521216948 -0.005362567609248
0.005187808200534 -0.005933680198090
0.006344372502620 -0.006537903688686
0.007621591469456 -0.007173307254571
0.009028601910131 -0.007822894868481
0.010574625894805 -0.008469017137617
0.012266855031996 -0.009110968116219
0.014111656135559 -0.009753883303655
0.016118548278090 -0.010390706864165
0.018299386220149 -0.011004701842454
0.020666544729001 -0.011576785866311
0.023229245794010 -0.012108927113839
0.025993388359886 -0.012623582243044
0.028966679144090 -0.013139775672896
0.032163515844875 -0.013654083239211
0.035600244370225 -0.014159360794434
0.039294650139653 -0.014646937370805
0.043265360020720 -0.015112362093617
0.047531414665354 -0.015559587248389
0.052112740984921 -0.015997302698925
0.057031469963441 -0.016431591482675
0.062312861156649 -0.016861035828155
0.067984176672103 -0.017284093334207
0.074074638208258 -0.017699922299021
0.080615480999313 -0.018108544954895
0.087640210753900 -0.018509704908612
0.095184485933291 -0.018903736572282
0.103285925344770 -0.019292603791413
0.111984201361736 -0.019677420972383
0.121321022589783 -0.020056248067463
0.131339554070542 -0.020426845391518
0.142084044832210 -0.020782468658231
0.153599223751528 -0.021110900028880
0.165929294689168 -0.021402151676094
0.179116739867403 -0.021655560595696
0.193201343761933 -0.021872206559957
0.208218896322805 -0.022051984457823
0.224199374241018 -0.022191315357284
0.241164994031146 -0.022281467423134
0.259128004426823 -0.022310581926767
0.278088577439384 -0.022284753450336
0.298032693933852 -0.022225671885262
0.318930124258005 -0.022131076369282
0.340732616992125 -0.021972204382133
0.363371323535267 -0.021635288835523
0.386756756609010 -0.021044152588100
0.410782298716105 -0.020234746328628
0.435324803727013 -0.019244851999119
0.460244690287887 -0.018067228662134
0.485392085160809 -0.016714410790951
0.510611627166962 -0.015227728314039
0.535745160616505 -0.013638626634719
0.560636397845979 -0.011962213103657
0.585137303662162 -0.010226514327818
0.609112438348807 -0.008473836978676
0.632441790285974 -0.006750619805623
0.655023198692684 -0.005105726397404
0.676772215421618 -0.003571710990164
0.697622036219792 -0.002158081618313
0.717524648229671 -0.000870292497163
0.736450369181588 0.000279624020858
0.754385646325970 0.001282650373852
0.771330570361718 0.002134269317408
0.787296639239704 0.002832284096582
0.802305248234103 0.003379863172250
0.816385500329534 0.003790658053260
0.829572115252797 0.004092762928684
0.841904129865648 0.004294927394840
0.853423445327222 0.004385664024396
0.864173687454477 0.004381406688838
0.874199163510920 0.004328792242504
0.883543760428022 0.004256466826723
0.892249979849665 0.004151749920105
0.900358970280806 0.003998603090171
0.907910547302700 0.003797624883640
0.914943305043561 0.003578916191545
0.921493633722685 0.003368629617619
0.927595519555638 0.003183467640729
0.933280326832161 0.003023199952043
0.938576969966576 0.002875773195649
0.943512392118328 0.002732407979834
0.948111641432427 0.002587419400002
0.952397947786883 0.002437562848378
0.956392872634226 0.002283748304832
0.960116358556324 0.002128949405803
0.963586762326643 0.001975483181019
0.966820962928966 0.001825084701900
0.969834467677262 0.001679032186686
0.972641513204313 0.001538246541418
0.975255160716206 0.001403370468564
0.977687385191595 0.001274831264604
0.979949158414022 0.001152890609568
0.982050525878005 0.001037683991371
0.984000677717441 0.000929251876992
0.985808013878334 0.000827564316863
0.987480203804870 0.000732540327984
0.989024240935037 0.000644063128929
0.990446492314173 0.000561992082327
0.991752743636112 0.000486172026860
0.992948240014982 0.000416440542359
0.994037722778472 0.000352633581204
0.995025462557460 0.000294589811200
0.995915288928436 0.000242153944904
0.996710616845307 0.000195179274359
0.997414470076542 0.000153529585478
0.998029501842806 0.000117080590565
0.998558012829503 0.000085720988885
0.999001966728302 0.000059353242193
0.999363003441872 0.000037894133705
0.999642450066669 0.000021275164006
0.999841329749895 0.000009442825186
0.999960368498465 0.000002358784461
1.000000000000000 0.000000000000000
