1.000000000000000 0.000000000000000
0.999960173776824 0.000008344318495
0.999840550398072 0.000033408077351
0.999640694778708 0.000075283883845
0.999359878577344 0.000134126741968
0.998997075366985 0.000210155044888
0.998550953814376 0.000303651973671
0.998019868807757 0.000414967311425
0.997401850454976 0.000544519684454
0.996694590855583 0.000692799244277
0.995895428531618 0.000860370806375
0.995001330382421 0.001047877463210
0.994008871008674 0.001256044690254
0.992914209230410 0.001485684964296
0.991713061602670 0.001737702912960
0.990400672711362 0.002013101012814
0.988971782010790 0.002312985850320
0.987420586943822 0.002638574954614
0.985740702066525 0.002991204203063
0.983925113882041 0.003372335788894
0.981966131074994 0.003783566723685
0.979855329829359 0.004226637824975
0.977583493911734 0.004703443108610
0.975140549211294 0.005216039464663
0.972515492451042 0.005766656441822
0.969696313827183 0.006357705894509
0.966669913400526 0.006991791155152
0.963422011163648 0.007671715275476
0.959937050849481 0.008400487728563
0.956198097743126 0.009181328769541
0.952186731023497 0.010017670407247
0.947882931512415 0.010913152630418
0.943264966167123 0.011871613146714
0.938309271242140 0.012897068416342
0.932990336796191 0.013993683178743
0.927280596160363 0.015165724965576
0.921150325147619 0.016417499253534
0.914567557203635 0.017753259929957
0.907498022402963 0.019177088627672
0.899905120201300 0.020692735257458
0.891749938164317 0.022303410781837
0.882991331476377 0.024011522033232
0.873586080939328 0.025818337633534
0.863489220423404 0.027723731793342
0.852654583032241 0.029726053319341
0.841035785738143 0.031824414014593
0.828589556030500 0.034033147333914
0.815274984083116 0.036371580186437
0.801050341683377 0.038839168427062
0.785877450779740 0.041431107992283
0.769725187088799 0.044147738698901
0.752569336788777 0.046981938747547
0.734396974052411 0.049933255936947
0.715205854676055 0.052988759290584
0.694997245145951 0.056061610606522
0.673810748922439 0.059203639826166
0.651686887565232 0.062346555054688
0.628687157073464 0.065427845675513
0.604899425833490 0.068422356447190
0.580431494489027 0.071311422522902
0.555397599396735 0.073962570300212
0.529946816296455 0.076418961502209
0.504226129429973 0.078574428284831
0.478397776972191 0.080393537150926
0.452628804144806 0.081863601162119
0.427084281118034 0.082981159290424
0.401922031456878 0.083750565192365
0.377288080391553 0.084185768755076
0.353312891749381 0.084303641521141
0.330108192320885 0.084142528959903
0.307767229700989 0.083669894580716
0.286363456334479 0.082883280324428
0.265949170312518 0.081838739164890
0.246557454115149 0.080575196227451
0.228202961953781 0.079139821909402
0.210884975242450 0.077574601471005
0.194595344427968 0.075865692546940
0.179309367694331 0.074053597836063
0.164994916743122 0.072174229346411
0.151620647744545 0.070204525071086
0.139147400745138 0.068151628550131
0.127530213576901 0.066042819479310
0.116720654905741 0.063907414855797
0.106669896556470 0.061769361796188
0.097334527930973 0.059628586696011
0.088672894638693 0.057478922254236
0.080644831055459 0.055317235905000
0.073213299450537 0.053140511728823
0.066340647447582 0.050950645454227
0.059990743326100 0.048753025552850
0.054130334855594 0.046554970519692
0.048726323044451 0.044364930191471
0.043746294284113 0.042191542185939
0.039167529411205 0.040030569827128
0.034978540474824 0.037862829041680
0.031161844118555 0.035680733066954
0.027684666393336 0.033508730888877
0.024510681984850 0.031379274688898
0.021608453435934 0.029315539808283
0.018954990060254 0.027325361737052
0.016535570917752 0.025402085339180
0.014335295166522 0.023540999973119
0.012338894874524 0.021739904743048
0.010531399662592 0.019998335506142
0.008906734548815 0.018316511756018
0.007466671946239 0.016694991621394
0.006207464937329 0.015135158177393
0.005120765005556 0.013638949798472
0.004195082574544 0.012208602693919
0.003411656723763 0.010845643810990
0.002745220637565 0.009550750091521
0.002174923713801 0.008325276499640
0.001684388737283 0.007171160924061
0.001266123593389 0.006093253192266
0.000920497933429 0.005098995105794
0.000644409740698 0.004193100171632
0.000431674085628 0.003377873301336
0.000274235701012 0.002653910430856
0.000163109581874 0.002020650816356
0.000089107172764 0.001476811422270
0.000043393597464 0.001020726760108
0.000017911666897 0.000650612643408
0.000005700555955 0.000364768347451
0.000001130654968 0.000161728401616
0.000000070840810 0.000040372534253
0.000000000000000 0.000000000000000
0.000000068821260 -0.000039725099856
0.000001107778498 -0.000158950811249
0.000005664012088 -0.000357811700448
0.000018150368337 -0.000636475640301
0.000045104185794 -0.000995056223605
0.000095564664243 -0.001433484037996
0.000181584676993 -0.001951330356700
0.000318486223858 -0.002547648546732
0.000520809516332 -0.003221554431257
0.000800495256772 -0.003972362175578
0.001166840106222 -0.004799347674169
0.001624637660539 -0.005701770573136
0.002171767555330 -0.006678911025195
0.002803516875440 -0.007727700909703
0.003538854460117 -0.008832920872999
0.004411953901292 -0.009968434562995
0.005469149083246 -0.011096517362752
0.006748102461924 -0.012184821949985
0.008257461052080 -0.013222771907817
0.009993938901394 -0.014206228492927
0.011940009796887 -0.015138231450848
0.014068057590062 -0.016028790675145
0.016378144727810 -0.016883885651209
0.018880641860180 -0.017713261004072
0.021585392413565 -0.018536671394119
0.024501251618463 -0.019387215483082
0.027639822905614 -0.020287958829903
0.031021008705408 -0.021216974969726
0.034668717836301 -0.022134938029840
0.038609262401866 -0.022994594819110
0.042861491817232 -0.023797579774749
0.047438819219129 -0.024581876137453
0.052355702810603 -0.025388383522233
0.057637073509708 -0.026217949426079
0.063311982344654 -0.027060700686083
0.069412145627849 -0.027902779619044
0.075971700386003 -0.028727927897473
0.083024973090388 -0.029530387030326
0.090607144427799 -0.030310673116422
0.098754734301808 -0.031072322675228
0.107507343179048 -0.031814139674498
0.116907280606143 -0.032531004380887
0.126998180687535 -0.033217608552256
0.137824504803407 -0.033866142977367
0.149430827245875 -0.034469140861680
0.161861212534843 -0.035025203393105
0.175158195592886 -0.035534684772046
0.189362264714714 -0.035981739948700
0.204509744613906 -0.036340931453708
0.220630552909947 -0.036584391215382
0.237746213975398 -0.036723090714947
0.255868334772471 -0.036768548178876
0.274996757149420 -0.036691180691186
0.295116395834337 -0.036469596569852
0.316196137886456 -0.036101701666158
0.338183035161965 -0.035470319627159
0.361011034446454 -0.034671119979331
0.384591265358863 -0.033704367162341
0.408813378688052 -0.032498847929892
0.433551172884965 -0.031056321462656
0.458664162343438 -0.029382381408671
0.483991034245143 -0.027369984218365
0.509378290374260 -0.025117914751820
0.534653817788443 -0.022538940978514
0.559657539560209 -0.019662251649894
0.584234851754570 -0.016501327511128
0.608257194933615 -0.013170665863852
0.631621890480087 -0.009845731300579
0.654227143784817 -0.006566590348737
0.675996915723546 -0.003418770837879
0.696862662766917 -0.000401444580475
0.716775755431712 0.002483041155469
0.735706981425660 0.005223617368205
0.753657718111406 0.007708581564618
0.770631591240865 0.009921298897568
0.786641452133494 0.011838023135899
0.801710226910679 0.013422646119672
0.815867010148124 0.014663813348302
0.829141515245051 0.015594952761180
0.841567029045527 0.016254434821072
0.853183565154949 0.016637226840889
0.864031029189336 0.016739386697862
0.874143893413670 0.016562955321008
0.883559638815904 0.016128704237945
0.892322112037975 0.015502388320384
0.900475431715895 0.014749050927396
0.908061590241050 0.013918170768474
0.915120281949919 0.013046921896237
0.921688817583532 0.012162834402165
0.927802103949037 0.011285935590119
0.933492672629691 0.010430459278050
0.938790744479170 0.009606200673728
0.943724319203024 0.008819583443418
0.948319281545785 0.008074495126399
0.952599517471562 0.007372937482873
0.956587035273503 0.006715529942721
0.960302087808105 0.006101897106964
0.963763293062345 0.005530965193237
0.966987751063211 0.005001187303963
0.969991155765850 0.004510713300099
0.972787901039996 0.004057516748989
0.975391180241907 0.003639488753786
0.977813079134168 0.003254506349282
0.980064662117642 0.002900481464739
0.982156051884500 0.002575395124033
0.984096502701555 0.002277320506728
0.985894467599389 0.002004437672824
0.987557659783128 0.001755042112157
0.989093108601892 0.001527548778964
0.990507210420670 0.001320492882896
0.991805774734877 0.001132528405777
0.992994065856966 0.000962425079743
0.994076840488548 0.000809064382077
0.995058381472245 0.000671434963284
0.995942527996302 0.000548627818632
0.996732702502603 0.000439831432118
0.997431934526068 0.000344327060137
0.998042881670690 0.000261484275524
0.998567847905207 0.000190756857702
0.999008799339640 0.000131679088759
0.999367377622857 0.000083862496252
0.999644911080912 0.000046993069836
0.999842423696231 0.000020828969117
0.999960642008550 0.000005198733452
1.000000000000000 0.000000000000000
