1.000000000000000 0.000000000000000
0.999960331628250 0.000004038194562
0.999841182202445 0.000016166213312
0.999642117836695 0.000036424439639
0.999362412198721 0.000064880440389
0.999001041696746 0.000101629359707
0.998556678682141 0.000146794474440
0.998027682608379 0.000200527915231
0.997412089069247 0.000263011558551
0.996707596621289 0.000334458096199
0.995911551276910 0.000415112290068
0.995020928535662 0.000505252421230
0.994032312801737 0.000605191943810
0.992941874015892 0.000715281355457
0.991745341309966 0.000835910297724
0.990437973472099 0.000967509901139
0.989014525991179 0.001110555391380
0.987469214430352 0.001265568974579
0.985795673862550 0.001433123021587
0.983986914086920 0.001613843572833
0.982035270335142 0.001808414187463
0.979932349172970 0.002017580162569
0.977668969307177 0.002242153150752
0.975235097024855 0.002483016206982
0.972619776024762 0.002741129298859
0.969811051454411 0.003017535318207
0.966795888048723 0.003313366636565
0.963560082384577 0.003629852253011
0.960088169431310 0.003968325590357
0.956363323802857 0.004330233005657
0.952367256419027 0.004717143094105
0.948080107680333 0.005130756882863
0.943480338775703 0.005572919034590
0.938544623401759 0.006045630211196
0.933247743006247 0.006551060788799
0.927562489709281 0.007091566167356
0.921459582338731 0.007669703985598
0.914907602572620 0.008288253635932
0.907872960038518 0.008950238576410
0.900319897390766 0.009658952057129
0.892210548860735 0.010417987012393
0.883505068505158 0.011231271007451
0.874161846911177 0.012103103665424
0.864137804799431 0.013037850877433
0.853388806895116 0.014039492541669
0.841870311046973 0.015111943414075
0.829538170308116 0.016259020679443
0.816349639885219 0.017484338010764
0.802264614040873 0.018791177045659
0.787247104281531 0.020182335693362
0.771266951465991 0.021659898303443
0.754301638883936 0.023223686995717
0.736338339553054 0.024870423348037
0.717376184242959 0.026594336318331
0.697428427194487 0.028386874523762
0.676524443778808 0.030236442675753
0.654711397262122 0.032127650071463
0.632055380438093 0.034040566582340
0.608641826697224 0.035951824994465
0.584575051532877 0.037835298758443
0.559976881555691 0.039662549452939
0.534984427000778 0.041402643643602
0.509746482180458 0.043024581931360
0.484419257891019 0.044499206066786
0.459161977788318 0.045799834491030
0.434132546697662 0.046902000017356
0.409481968949925 0.047786743956090
0.385349852251074 0.048441880395226
0.361861209072621 0.048862890877984
0.339124244052716 0.049053370078557
0.317227945318647 0.049022967450475
0.296241405704532 0.048786204086077
0.276214440538007 0.048360403257950
0.257180033518948 0.047759326754320
0.239154616072551 0.046997695145169
0.222139333789472 0.046093338207874
0.206122390971746 0.045065929018608
0.191081429502381 0.043935887812414
0.176986155971587 0.042725287811773
0.163800566520887 0.041457869442430
0.151484034183089 0.040154629452110
0.139992910668508 0.038832872013080
0.129282355038142 0.037496945132924
0.119307193235226 0.036144310916783
0.110022329818940 0.034776141871238
0.101383485652983 0.033396285382052
0.093347959312840 0.032010635380346
0.085878712612468 0.030634868114550
0.078942600220836 0.029289166390814
0.072506255953979 0.027987949744310
0.066532314942030 0.026735383540113
0.060973813155446 0.025518821257972
0.055789052996747 0.024327781096910
0.050943152625261 0.023156279100818
0.046407483079683 0.022001934995385
0.042173346727559 0.020872942543508
0.038243128034357 0.019783013794871
0.034612513774016 0.018741602683226
0.031272019027298 0.017754623034503
0.028208737964808 0.016825341161947
0.025407651994764 0.015955067365105
0.022850493632438 0.015141656892293
0.020490206292998 0.014354554896825
0.018271407163017 0.013554396830727
0.016155844233452 0.012717506338330
0.014118738238633 0.011832306785774
0.012145356673177 0.010895994036782
0.010242595895892 0.009917234292841
0.008465252906901 0.008924659635234
0.006856720453279 0.007944105281211
0.005439624752553 0.006994489447667
0.004221349409733 0.006089357318287
0.003198341305818 0.005238110162817
0.002359457436095 0.004446983101780
0.001688557665011 0.003719822187830
0.001166505576189 0.003058701247528
0.000772705688863 0.002464410763449
0.000486278428130 0.001936844552833
0.000286952902551 0.001475304778206
0.000155740590494 0.001078741638520
0.000075439538169 0.000745940721861
0.000031007889449 0.000475668280706
0.000009836910811 0.000266782480334
0.000001946671265 0.000118316858655
0.000000121803963 0.000029540730890
0.000000000000000 0.000000000000000
0.000000120616940 -0.000029362030693
0.000001939017901 -0.000117505804791
0.000009893245810 -0.000264595075288
0.000031575276695 -0.000470871142822
0.000077546713598 -0.000736601442623
0.000161053790352 -0.001062003877796
0.000297883152990 -0.001447144272254
0.000506066774757 -0.001891800439659
0.000805477103065 -0.002395286314370
0.001217281443170 -0.002956227316780
0.001763213978725 -0.003572275726267
0.002464612286150 -0.004239751901606
0.003341150752925 -0.004953193569828
0.004409185170344 -0.005704790919606
0.005679599947568 -0.006483679659374
0.007155020637170 -0.007275057252163
0.008826218198937 -0.008059078866039
0.010667485673587 -0.008809478739783
0.012630855582858 -0.009491909461353
0.014668929296252 -0.010074418434152
0.016783662635671 -0.010549036465158
0.018991376819102 -0.010919025281962
0.021318496331671 -0.011199443038120
0.023804941544647 -0.011421611293444
0.026503613118431 -0.011632610285001
0.029445013587536 -0.011849881237205
0.032643940724915 -0.012070254349064
0.036113884863870 -0.012289094364896
0.039866214993637 -0.012500048214687
0.043908938281651 -0.012694547493809
0.048245046871481 -0.012861177243924
0.052874549672277 -0.012987033679083
0.057815690017777 -0.013069034361322
0.063097835424206 -0.013110919119030
0.068755888962534 -0.013121266439648
0.074831606231536 -0.013115286557220
0.081367047588236 -0.013106389389494
0.088394393296127 -0.013093106377503
0.095944586729952 -0.013070854250433
0.104048757045188 -0.013033836525608
0.112744310446813 -0.012979380165814
0.122073223216637 -0.012907066016368
0.132079392225740 -0.012817341651406
0.142808336399067 -0.012711884434618
0.154306595017247 -0.012593844262442
0.166619021071615 -0.012465934362515
0.179787848298898 -0.012330872574718
0.193852344759722 -0.012192831469936
0.208847463900358 -0.012057221934731
0.224803020292598 -0.011928116210535
0.241741361882311 -0.011809559650679
0.259675019980967 -0.011706426896902
0.278604528390355 -0.011624467078929
0.298516261684468 -0.011570274412192
0.319380277156931 -0.011548541831161
0.341148487443534 -0.011559081877316
0.363753732914088 -0.011599785250605
0.387109412157745 -0.011666862634994
0.411110020904861 -0.011754589541118
0.435632843696745 -0.011854266411272
0.460540355118638 -0.011955226053634
0.485683606543236 -0.012045777523021
0.510906414212097 -0.012113426280674
0.536049942214015 -0.012143978721223
0.560957757134550 -0.012123823740475
0.585480635662453 -0.012041359087881
0.609480812833007 -0.011890959897494
0.632835461226731 -0.011681031556973
0.655439193853665 -0.011422964980887
0.677205553399283 -0.011127775415538
0.698067498386035 -0.010805057569318
0.717976950010903 -0.010458566382795
0.736903727426447 -0.010090186462973
0.754833925983593 -0.009702609768358
0.771767908497089 -0.009299091223892
0.787718125777377 -0.008883241726990
0.802706898229564 -0.008459481432016
0.816764317047319 -0.008032509163504
0.829926326580548 -0.007606415204435
0.842233001914697 -0.007184660008533
0.853727065686473 -0.006770106170043
0.864452647338029 -0.006365065003186
0.874454273364387 -0.005971351637180
0.883776071880559 -0.005590404567610
0.892461182785986 -0.005223746472807
0.900551278999169 -0.004872599003301
0.908086231557438 -0.004537673976213
0.915103902731363 -0.004219286281502
0.921640025913435 -0.003917448471808
0.927728153396926 -0.003631947255803
0.933399656157573 -0.003362404725127
0.938683762433691 -0.003108326881193
0.943607624328560 -0.002869141719855
0.948196403787102 -0.002644228816384
0.952473371118271 -0.002432942052744
0.956460010758789 -0.002234626856094
0.960176130229336 -0.002048633076886
0.963639969253108 -0.001874324428012
0.966868306822391 -0.001711085231480
0.969876564643580 -0.001558325073235
0.972678905894468 -0.001415481846439
0.975288328615400 -0.001282023565175
0.977716753350583 -0.001157449250804
0.979975104875950 -0.001041289128848
0.982073388011416 -0.000933104322741
0.984020757630628 -0.000832486189610
0.985825583060885 -0.000739055410555
0.987495507118094 -0.000652460922042
0.989037500052887 -0.000572378754588
0.990457908699772 -0.000498510828959
0.991762501125268 -0.000430583747543
0.992956507066700 -0.000368347608858
0.994044654443108 -0.000311574865614
0.995031202205312 -0.000260059240951
0.995919969775113 -0.000213614713064
0.996714363304821 -0.000172074575095
0.997417398968627 -0.000135290574673
0.998031723477234 -0.000103132135660
0.998559631987146 -0.000075485663361
0.999003083556146 -0.000052253933559
0.999363714277116 -0.000033355565115
0.999642848203394 -0.000018724575570
0.999841506160433 -0.000008310018980
0.999960412520543 -0.000002075705212
1.000000000000000 0.000000000000000
