1.000000000000000 0.000000000000000
0.999959514314842 0.000004185538424
0.999837910487276 0.000016761303189
0.999634747237017 0.000037784916014
0.999349285875243 0.000067352993033
0.998980485442850 0.000105602023244
0.998526995845373 0.000152709615634
0.997987148925577 0.000208896132643
0.997358947397255 0.000274426733238
0.996640051546065 0.000349613854909
0.995827763585001 0.000434820170499
0.994919009533551 0.000530462062998
0.993910318470650 0.000637013669530
0.992797798992342 0.000755011554747
0.991577112685862 0.000885060084007
0.990243444412824 0.001027837578140
0.988791469175921 0.001184103344585
0.987215315326527 0.001354705694366
0.985508523855752 0.001540591071070
0.983664003499982 0.001742814436905
0.981673981385284 0.001962551082382
0.979529948935272 0.002201110050411
0.977222602776825 0.002459949392935
0.974741780400786 0.002740693508881
0.972076390374890 0.003045152846393
0.969214336969230 0.003375346290018
0.966142439147632 0.003733526594806
0.962846344010295 0.004122209273629
0.959310434954778 0.004544205390794
0.955517735067569 0.005002658762825
0.951449806583358 0.005501088113995
0.947086647673412 0.006043434776532
0.942406588371438 0.006634116558517
0.937386188141694 0.007278088419391
0.932000138469972 0.007980910583937
0.926221174945949 0.008748824677011
0.920020004638207 0.009588838355132
0.913365256171537 0.010508818723018
0.906223461822698 0.011517594522115
0.898559083163139 0.012625066624484
0.890334594276280 0.013842325710260
0.881510639302072 0.015181775092665
0.872046257513688 0.016657122333009
0.861898906403853 0.018281762321168
0.851024894880395 0.020068509106920
0.839380145717394 0.022030127852781
0.826920966844089 0.024178907231877
0.813605016655701 0.026526072788756
0.799392484819892 0.029081041517809
0.784247498363002 0.031850506953838
0.768139808206273 0.034837974349231
0.751047089710088 0.038047539841807
0.732956881404334 0.041482024023735
0.713868526052430 0.045140177160020
0.693795269415124 0.049015809890220
0.672766124663431 0.053096605805968
0.650825648264401 0.057353418128043
0.628034414463756 0.061736466440660
0.604470968999860 0.066183805724684
0.580231625715041 0.070622968137036
0.555430853309808 0.074975384731340
0.530201184823121 0.079162356284344
0.504687598545970 0.083104977520674
0.479043252875389 0.086727455763809
0.453427495966819 0.089959975697623
0.428002185252915 0.092741820563143
0.402923232371465 0.095025854927863
0.378335967700457 0.096779838642127
0.354376188197739 0.097969920536400
0.331166179885596 0.098564391092607
0.308807117869107 0.098553159792039
0.287378075401087 0.097946878363335
0.266942675773370 0.096782362926282
0.247553265390142 0.095122863175267
0.229239638163495 0.093036790925132
0.212010530741639 0.090592847167936
0.195856971735574 0.087857686845359
0.180752470371742 0.084901781436476
0.166647693203268 0.081818565291144
0.153487535643179 0.078690063775691
0.141217625581018 0.075577159500583
0.129805001801478 0.072474712535181
0.119231815957084 0.069331254074369
0.109468589124336 0.066117440024933
0.100476838800768 0.062822732085374
0.092209614038038 0.059457805194309
0.084589391475837 0.056121015341993
0.077533624843873 0.052927373517576
0.070975484350374 0.049950429628135
0.064875262961373 0.047180041616090
0.059215888009155 0.044537382641404
0.053977616150601 0.041965209087870
0.049137903185550 0.039427311739755
0.044673565644728 0.036913097401066
0.040563953030453 0.034460918984079
0.036787946286714 0.032108022945197
0.033323684719145 0.029878520728107
0.030149294860198 0.027786713302483
0.027243399515637 0.025839660308207
0.024585461055229 0.024039155683606
0.022148402518681 0.022374383916396
0.019880854403370 0.020802230774988
0.017739445258049 0.019285711939154
0.015694556794304 0.017801315048297
0.013726900549780 0.016335516192024
0.011825153873873 0.014882201742128
0.010006518047489 0.013448758216792
0.008319294988478 0.012055998668715
0.006795372897727 0.010720282912639
0.005450466876874 0.009453036825066
0.004288457916937 0.008261894572979
0.003304763862619 0.007151604029814
0.002488949868886 0.006124743708494
0.001826742305797 0.005182289715198
0.001301575612104 0.004324063402622
0.000895774344913 0.003549084167736
0.000591451112606 0.002855846869701
0.000371184015264 0.002242539378475
0.000218523703846 0.001707212596555
0.000118369455534 0.001247912760142
0.000057245152830 0.000862783790293
0.000023499274852 0.000550145823904
0.000007447583810 0.000308554724396
0.000001472815415 0.000136846284505
0.000000092114845 0.000034167933230
0.000000000000000 0.000000000000000
0.000000088187049 -0.000033396931064
0.000001417019265 -0.000133659196164
0.000007224550929 -0.000300995757628
0.000023060068477 -0.000535736422967
0.000057018996899 -0.000838303139222
0.000120084257843 -0.001209167734208
0.000226457331314 -0.001648772650030
0.000392332289923 -0.002157155469101
0.000635227372913 -0.002733615797379
0.000974168670260 -0.003376462838660
0.001429242917913 -0.004082588259818
0.002020981715812 -0.004846924316332
0.002769540724176 -0.005661761596048
0.003693613850423 -0.006515892034545
0.004809006289210 -0.007393534210310
0.006126769891194 -0.008272987144491
0.007650778582471 -0.009124945357741
0.009374589010040 -0.009910391084955
0.011277390449627 -0.010577958451954
0.013320148030630 -0.011061992806566
0.015478066716109 -0.011317656953182
0.017759494936332 -0.011343291325009
0.020178884974965 -0.011157822575795
0.022756523558715 -0.010806396201416
0.025520173999269 -0.010368911350811
0.028496153341136 -0.009912448251230
0.031699552150289 -0.009439212514917
0.035144900741806 -0.008943265952146
0.038847115949176 -0.008415745935753
0.042821243153387 -0.007843888278575
0.047082091422816 -0.007209762110447
0.051644091841349 -0.006489669716510
0.056526795181734 -0.005669646432758
0.061756225635921 -0.004749235313845
0.067361816211216 -0.003732785587514
0.073376888508553 -0.002630979512105
0.079838043999954 -0.001459264745173
0.086780958456817 -0.000225779878679
0.094242829649428 0.001060576824417
0.102263409132180 0.002386280012593
0.110884106931128 0.003741026923587
0.120147538924104 0.005119865134356
0.130097690698657 0.006517502492009
0.140779397264741 0.007928251265816
0.152237647081770 0.009346074806764
0.164517545199423 0.010759214010179
0.177663645124113 0.012147360876772
0.191718030518982 0.013485153791528
0.206718645761752 0.014742355139615
0.222696528661974 0.015888288555334
0.239673841258550 0.016891167818053
0.257661934732480 0.017716495391267
0.276658917968656 0.018327710999400
0.296647257055678 0.018687167863183
0.317592693982893 0.018763821322144
0.339444421400915 0.018546041397995
0.362132258347434 0.018033675100276
0.385565967868119 0.017237572125583
0.409636217772268 0.016179142926802
0.434218792982932 0.014882084643459
0.459176062249408 0.013375424057847
0.484359275929913 0.011696147196142
0.509612982086102 0.009887755160927
0.534780800293700 0.007999542857141
0.559709407249852 0.006082756029575
0.584252601527254 0.004187103195109
0.608275291494307 0.002358493105371
0.631656559339833 0.000637864766610
0.654292404634619 -0.000941257430043
0.676097320728980 -0.002353894246805
0.697004703767920 -0.003584249080172
0.716965630681049 -0.004630611430697
0.735948458527765 -0.005500243777151
0.753937949049293 -0.006203689986974
0.770933288526768 -0.006753769355379
0.786945905197574 -0.007164685479302
0.801996913070020 -0.007450259856806
0.816115053771066 -0.007623486915364
0.829335286276634 -0.007697613607325
0.841697027975682 -0.007685726870614
0.853242603469799 -0.007600367226230
0.864015944495272 -0.007453264608261
0.874061530048340 -0.007255175981735
0.883423548010249 -0.007015883600282
0.892145274766720 -0.006745344618781
0.900268578783211 -0.006452932467381
0.907833554354207 -0.006146280071857
0.914878299889113 -0.005831527569097
0.921438787603372 -0.005513574557185
0.927548804106970 -0.005196295541206
0.933239945321300 -0.004882722367153
0.938541651959756 -0.004575197599534
0.943481274345234 -0.004275502696621
0.948084157560553 -0.003984964578196
0.952373739826606 -0.003704543839595
0.956371658592225 -0.003434907493203
0.960097860127352 -0.003176488746789
0.963570709471061 -0.002929535976541
0.966807098433729 -0.002694152731834
0.969822550022048 -0.002470330323238
0.972631318177595 -0.002257974295714
0.975246482121446 -0.002056925873928
0.977680034902324 -0.001866979283228
0.979942965973440 -0.001687895694903
0.982045337790010 -0.001519414414118
0.983996356538480 -0.001361261820290
0.985804437190709 -0.001213158479214
0.987477263130195 -0.001074824771377
0.989021840629823 -0.000945985318933
0.990444548476915 -0.000826372442814
0.991751183045726 -0.000715728839386
0.992946999113334 -0.000613809631540
0.994036746704476 -0.000520383920752
0.995024704236330 -0.000435235943371
0.995914708216862 -0.000358165915333
0.996710179731288 -0.000288990633850
0.997414147931191 -0.000227543891821
0.998029270720442 -0.000173676750173
0.998557852811697 -0.000127257704748
0.999001861307102 -0.000088172777184
0.999362938937169 -0.000056325553453
0.999642415072535 -0.000031637188770
0.999841314604642 -0.000014046393585
0.999960364773131 -0.000003509411871
1.000000000000000 0.000000000000000
