1.000000000000000 0.000000000000000
0.999960224660298 0.000004391681419
0.999840753784061 0.000017579947244
0.999641151841086 0.000039604529881
0.999360689743254 0.000070531876159
0.998998340008311 0.000110455488342
0.998552769929888 0.000159496405148
0.998022332694054 0.000217803826451
0.997405056365018 0.000285555886530
0.996698630644553 0.000362960582025
0.995900391291142 0.000450256862173
0.995007302065845 0.000547715890528
0.994015934052446 0.000655642489236
0.992922442179564 0.000774376779131
0.991722538752452 0.000904296031523
0.990411463782208 0.001045816750724
0.988983951880725 0.001199397010227
0.987434195471225 0.001365539070257
0.985755804047782 0.001544792310444
0.983941759203583 0.001737756518960
0.981984365138664 0.001945085589125
0.979875194355093 0.002167491686862
0.977605028253885 0.002405749968234
0.975163792366562 0.002660703946746
0.972540485989461 0.002933271636483
0.969723106046233 0.003224452631276
0.966698565090401 0.003535336324163
0.963452603484061 0.003867111528427
0.959969695961814 0.004221077834982
0.956232953024241 0.004598659135553
0.952224017919198 0.005001419862509
0.947922960381721 0.005431084651335
0.943308168837966 0.005889562328760
0.938356243462783 0.006378975378069
0.933041893345191 0.006901696343730
0.927337842095100 0.007460393021386
0.921214747553132 0.008058084746974
0.914641142876720 0.008698212658178
0.907583408196297 0.009384727454486
0.900005784277937 0.010122198919441
0.891870411587573 0.010915649820858
0.883137353013321 0.011769541320573
0.873764859819962 0.012688287379261
0.863709716958818 0.013676461246327
0.852927696944223 0.014738741026727
0.841374172879554 0.015879835067978
0.829004916926281 0.017104383545284
0.815777108843486 0.018416832800349
0.801650574559007 0.019821279602231
0.786589254199925 0.021321159644562
0.770562854978767 0.022918339003415
0.753548802610917 0.024613031977289
0.735534357550256 0.026403649270430
0.716518803864737 0.028286443968459
0.696515617771131 0.030255178935147
0.675554379684044 0.032299844463750
0.653682268960864 0.034404615566516
0.630965336413648 0.036549382021776
0.607488951916814 0.038710286247882
0.583357348018417 0.040859670711433
0.558692158155996 0.042961017382905
0.533629982124585 0.044971836020930
0.508319020716909 0.046849040425002
0.482915045033609 0.048551663138598
0.457577990131473 0.050048048369651
0.432466499348935 0.051315511840901
0.407732209113617 0.052337978950441
0.383515504522723 0.053106411428537
0.359943073501821 0.053617869334891
0.337124535264161 0.053875833510064
0.315149957614576 0.053890271707243
0.294089286049765 0.053676539020098
0.273993253550596 0.053248866328555
0.254894720544446 0.052617215932923
0.236809403832927 0.051797734383415
0.219738193667774 0.050821689976565
0.203669208209468 0.049724448974533
0.188579972317467 0.048536385258026
0.174439807507687 0.047276033038993
0.161211815296194 0.045957595192119
0.148854668865697 0.044595422305146
0.137325552965957 0.043199066898166
0.126583248216543 0.041767153695371
0.116584964223317 0.040300920294096
0.107286816560066 0.038805281467716
0.098644899251821 0.037287404452076
0.090614757177013 0.035762621496473
0.083150876033916 0.034259398073177
0.076210689992484 0.032800030577765
0.069755641319425 0.031396783767258
0.063754131092416 0.030040101644772
0.058177223526665 0.028717372270844
0.052996781626814 0.027421053285483
0.048185816471236 0.026147231353818
0.043719257015051 0.024894900532214
0.039573968055989 0.023665057217704
0.035727965525003 0.022459492349923
0.032160486539580 0.021280395432941
0.028852058954642 0.020130110216117
0.025784523489690 0.019010968985155
0.022941492732768 0.017924408591095
0.020311466528547 0.016865709704998
0.017884332380245 0.015829648358706
0.015649228104185 0.014813906439424
0.013594973020705 0.013818252547339
0.011710559306163 0.012843767013753
0.009989590261096 0.011889005768940
0.008426419720540 0.010952625599186
0.007005887075503 0.010040961237404
0.005713629395027 0.009160552779650
0.004564248022141 0.008294794752713
0.003606319772558 0.007399590331880
0.002828257757819 0.006482021484456
0.002178665709671 0.005583021784539
0.001622768567641 0.004731029380393
0.001157808913208 0.003937976223648
0.000786918775041 0.003209061793853
0.000505174249811 0.002548421039574
0.000302408926186 0.001959354792636
0.000165529292027 0.001444479500423
0.000080311160619 0.001005849005488
0.000032782283570 0.000645052666440
0.000010265051315 0.000363297971161
0.000002011193488 0.000161554437551
0.000000125089293 0.000040396057094
0.000000000000000 0.000000000000000
0.000000123231448 -0.000040164760534
0.000001969280170 -0.000160951516593
0.000009948235004 -0.000363157398921
0.000031345214482 -0.000647839093031
0.000076216488932 -0.001015890056454
0.000157231029671 -0.001467417919308
0.000289443616846 -0.002000889611061
0.000489980414481 -0.002611999878446
0.000777611660468 -0.003292204848297
0.001172178480973 -0.004026845459027
0.001693831408682 -0.004792765105178
0.002362026450764 -0.005555300693210
0.003191768154090 -0.006272962186375
0.004172088655446 -0.006961360051890
0.005261302037270 -0.007696472373422
0.006435612417699 -0.008518004024039
0.007777127409375 -0.009273935046298
0.009353407244471 -0.009846610610666
0.011072203322986 -0.010439271436284
0.012905488727491 -0.011111298224841
0.014908913316929 -0.011745968422992
0.017098554549630 -0.012325565439172
0.019482712107324 -0.012853758564253
0.022067597600829 -0.013342163011551
0.024856296879347 -0.013813328033514
0.027850240281290 -0.014296963520613
0.031060688476148 -0.014799115785680
0.034503646148462 -0.015316151733954
0.038196933000298 -0.015842933658628
0.042160448495663 -0.016372385495507
0.046416488949707 -0.016894942934034
0.050990119801683 -0.017397886205313
0.055907842508768 -0.017870112346986
0.061194766543132 -0.018311695813612
0.066876719942936 -0.018727982326658
0.072980407512698 -0.019129945383360
0.079533398192081 -0.019534452238849
0.086567920500070 -0.019944562384088
0.094120845479146 -0.020349405916623
0.102231788117561 -0.020733556803544
0.110942169362728 -0.021083789364961
0.120293757799562 -0.021399522497436
0.130329373778541 -0.021685114401155
0.141092493600490 -0.021950102816623
0.152626512153055 -0.022211075717112
0.164974530741793 -0.022482168779753
0.178179474351764 -0.022756924975877
0.192281966111151 -0.023022301111595
0.207318712332203 -0.023260897247839
0.223320179236579 -0.023467164441899
0.240308347026581 -0.023655967775725
0.258295077878050 -0.023850416422343
0.277280406624956 -0.024061082396269
0.297250607710577 -0.024275378309263
0.318175739992131 -0.024477351222882
0.340007718055401 -0.024662032421218
0.362679290168803 -0.024830004783283
0.386103728025101 -0.024982904536097
0.410175326134520 -0.025123216141611
0.434770937517413 -0.025246164205950
0.459752512223221 -0.025336567728136
0.484970531064191 -0.025378089795708
0.510268246944612 -0.025354884509475
0.535486294575277 -0.025257084506105
0.560467591190247 -0.025082688428121
0.585062292283029 -0.024832124648214
0.609132070608718 -0.024507795406131
0.632553602400157 -0.024112543496770
0.655221096332397 -0.023649229431418
0.677047792254686 -0.023122501718269
0.697966455620871 -0.022538593627400
0.717928856130612 -0.021904173599960
0.736904188209897 -0.021223174681112
0.754877989389098 -0.020500012954311
0.771850339089053 -0.019740560353360
0.787833631827871 -0.018951606019241
0.802850328922264 -0.018140389768249
0.816931013776324 -0.017316581941964
0.830112557588434 -0.016493615391245
0.842435841550432 -0.015682549619047
0.853944226510093 -0.014891679967412
0.864682341891322 -0.014127013150326
0.874695102098893 -0.013392694759318
0.884026930024048 -0.012691382721981
0.892721162924594 -0.012024566048614
0.900819614291540 -0.011392829906625
0.908362048881993 -0.010794258844910
0.915385711777496 -0.010222358567526
0.921925895357958 -0.009671893090510
0.928015942159556 -0.009139424669706
0.933687176730550 -0.008622809003901
0.938968892795575 -0.008120813548152
0.943888381419241 -0.007632832253384
0.948470988634405 -0.007158675018468
0.952740193383152 -0.006698414448738
0.956717698619497 -0.006252276143835
0.960423530073169 -0.005820561729026
0.963876138513926 -0.005403596267802
0.967092502429494 -0.005001693630117
0.970088228879582 -0.004615134920072
0.972877650952502 -0.004244156262790
0.975473920763883 -0.003888943177306
0.977889097328340 -0.003549629475341
0.980134228929347 -0.003226299170213
0.982219429830549 -0.002918990293001
0.984153951329853 -0.002627699823854
0.985946247269485 -0.002352389178742
0.987604034191371 -0.002092989864345
0.989134346376357 -0.001849409040551
0.990543586034535 -0.001621534822407
0.991837568927559 -0.001409241219785
0.993021565706310 -0.001212392660142
0.994100339241846 -0.001030848072487
0.995078178216403 -0.000864464532827
0.995958927226331 -0.000713100485769
0.996746013631407 -0.000576618565736
0.997442471366046 -0.000454888046061
0.998050961908173 -0.000347786946090
0.998573792581547 -0.000255203826403
0.999012932347271 -0.000177039300784
0.999370025220543 -0.000113207291264
0.999646401429333 -0.000063636049626
0.999843086412755 -0.000028268965449
0.999960807738422 -0.000007065177298
1.000000000000000 0.000000000000000
