1.000000000000000 0.000000000000000
0.999958867330375 0.000003169054093
0.999835321103067 0.000012697132286
0.999628915696290 0.000028647210937
0.999338905177166 0.000051125015966
0.998964238427751 0.000080280182405
0.998503552263076 0.000116307901051
0.997955162482391 0.000159451075892
0.997317052777443 0.000210003023330
0.996586861403911 0.000268310751945
0.995761865503912 0.000334778869813
0.994838962948977 0.000409874175224
0.993814651553836 0.000494130996158
0.992685005492143 0.000588157354078
0.991445648725804 0.000692642038549
0.990091725240299 0.000808362690891
0.988617865859633 0.000936195007401
0.987018151396848 0.001077123185554
0.985286071880232 0.001232251749729
0.983414481582426 0.001402818905963
0.981395549571035 0.001590211587458
0.979220705496889 0.001795982363051
0.976880580342160 0.002021868388330
0.974364941868288 0.002269812581706
0.971662624536954 0.002541987202959
0.968761453731295 0.002840819996028
0.965648164185433 0.003169023026571
0.962308312646169 0.003529624291598
0.958726184951105 0.003926002095188
0.954884697924551 0.004361922059995
0.950765296780894 0.004841576464970
0.946347849101987 0.005369625347690
0.941610536941101 0.005951238462338
0.936529749224519 0.006592136714139
0.931079977399355 0.007298631064368
0.925233718241169 0.008077656077646
0.918961388916381 0.008936794220844
0.912231260819518 0.009884285673359
0.905009420394933 0.010929016726343
0.897259767115453 0.012080477797847
0.888944061014083 0.013348679658352
0.880022034603856 0.014744013675616
0.870451586580617 0.016277038848494
0.860189077221349 0.017958175314414
0.849189747613264 0.019797281250228
0.837408286410131 0.021803088220033
0.824799568213364 0.023982469903692
0.811319586277221 0.026339521919735
0.796926605384332 0.028874482310276
0.781583878472473 0.031590869137159
0.765263590616997 0.034508739968617
0.747947295308783 0.037654447878324
0.729627952257708 0.041059354757937
0.710312341431934 0.044760335462109
0.690023002671471 0.048797975266575
0.668790315796922 0.053165283754625
0.646650474129833 0.057788387769133
0.623654305760157 0.062565561943657
0.599868185217943 0.067369747124322
0.575379152822030 0.072075123568347
0.550310211383739 0.076636369385276
0.524805617134681 0.081032866313973
0.499022838922820 0.085248918227500
0.473125792302084 0.089263344584056
0.447274330591417 0.093023377413949
0.421625146012563 0.096475382005390
0.396328755472978 0.099575250711315
0.371527048548293 0.102269626535311
0.347351978186164 0.104471007207028
0.323918486655271 0.106109596443325
0.301321954921620 0.107142746610274
0.279641325315648 0.107548619441106
0.258950772485382 0.107307936527144
0.239303507969334 0.106430398682656
0.220718876734916 0.105063220517257
0.203191117198865 0.103420566615001
0.186704441923487 0.101646217045502
0.171245261048375 0.099708254228340
0.156792013143732 0.097544406874978
0.143313212783157 0.095124979132051
0.130787279982926 0.092437730615681
0.119194324388558 0.089485076637078
0.108500663466312 0.086285369912457
0.098662833599101 0.082867462801602
0.089636627916157 0.079281726261100
0.081382562429218 0.075604223992490
0.073855394093212 0.071898554905848
0.066981079474227 0.068219873744062
0.060653856171845 0.064618848580057
0.054787443489327 0.061132106264482
0.049315736460803 0.057784133704625
0.044228147063212 0.054574735520013
0.039568920718244 0.051480170127323
0.035361037128869 0.048483184760340
0.031607021114641 0.045573254968542
0.028295215891183 0.042744599295238
0.025404141962771 0.039994630720235
0.022873932800837 0.037316600882488
0.020599798777826 0.034697025552575
0.018500621182875 0.032128150423135
0.016519399956649 0.029607377771992
0.014617343098981 0.027135655896528
0.012771106780930 0.024717058929367
0.011000262144073 0.022371198126630
0.009346087278236 0.020124646269946
0.007834483326879 0.017995462105883
0.006478787065199 0.015994751897962
0.005283122265258 0.014128400308228
0.004244988637060 0.012398423284053
0.003357254205361 0.010804022972353
0.002609681700373 0.009342407989207
0.001990091695863 0.008009429142815
0.001485243270141 0.006800070229136
0.001081495660026 0.005708825223282
0.000765300745753 0.004729986622621
0.000523565469655 0.003857864499241
0.000343914839672 0.003086951704053
0.000214879515016 0.002412047405481
0.000126026732501 0.001828348562751
0.000068049205235 0.001331516884502
0.000032823371351 0.000917727194711
0.000013445799402 0.000583701829722
0.000004254518575 0.000326734650581
0.000000840415563 0.000144707416340
0.000000052529202 0.000036100579887
0.000000000000000 0.000000000000000
0.000000049776595 -0.000035096263922
0.000000799331583 -0.000140346428369
0.000004070863594 -0.000315627656858
0.000012973883073 -0.000560711740688
0.000032016705191 -0.000875228815841
0.000067268101333 -0.001258614396585
0.000126574941496 -0.001710037442455
0.000219843727276 -0.002228306354992
0.000359396308554 -0.002811748843448
0.000560412898577 -0.003458060461233
0.000841478874083 -0.004164115245145
0.001225255917635 -0.004925730223921
0.001738868781592 -0.005737431066721
0.002407616023879 -0.006593057284213
0.003252555264106 -0.007485798125275
0.004292995570196 -0.008407508991196
0.005545193322932 -0.009348445160248
0.007020489052737 -0.010296963126252
0.008722868638259 -0.011239166014968
0.010645787069181 -0.012158482457828
0.012768049364601 -0.013035166187897
0.015050023706517 -0.013846035496913
0.017469486393810 -0.014573063963894
0.020041153050763 -0.015208709238569
0.022787549701884 -0.015751025499252
0.025739109530875 -0.016205634441074
0.028933781179441 -0.016585813420700
0.032396775879109 -0.016891231798551
0.036144253594431 -0.017113040909440
0.040191274583759 -0.017244030754052
0.044550965783569 -0.017279797750847
0.049233312399635 -0.017220240412206
0.054244337116697 -0.017070690539617
0.059599194319363 -0.016827696466701
0.065326013111667 -0.016475190339277
0.071457260120437 -0.015994662273448
0.078030188619326 -0.015365541797465
0.085084246288775 -0.014579454075594
0.092656379201581 -0.013663871130735
0.100785323533394 -0.012671650785511
0.109512334668701 -0.011669326055822
0.118881433955270 -0.010664228372705
0.128939224031571 -0.009634127036731
0.139734675868671 -0.008544159820103
0.151318900205571 -0.007342667570783
0.163732134262333 -0.005933683787472
0.176955732675178 -0.004086804205037
0.190926570088048 -0.001456605609859
0.205538786097609 0.002418514849697
0.220765388773691 0.007706991621093
0.236812871246204 0.013764991454101
0.253990377174180 0.019555409768059
0.272552300334441 0.024153031700839
0.292412919704824 0.027670260744276
0.313373703895409 0.030504695575665
0.335293027401850 0.032825715055969
0.358093337644080 0.034552508017659
0.381676662978677 0.035600792542656
0.405922745184623 0.035894452145208
0.430696117456936 0.035438165104076
0.455856020193591 0.034409734415363
0.481251500295623 0.033039363786120
0.506724358114409 0.031578304520164
0.532111794782007 0.030165203117202
0.557249438796199 0.028702907973099
0.581980363489340 0.027074766386203
0.606160268567757 0.025179989573181
0.629665708627448 0.023008261315244
0.652400004921168 0.020693063345620
0.674285283587054 0.018365427853647
0.695261591397514 0.016132862036685
0.715286080653202 0.014072903609712
0.734329583802099 0.012196707008153
0.752377397841462 0.010487672148389
0.769429087025900 0.008929921075486
0.785496346441631 0.007508720150152
0.800600823201224 0.006210579572957
0.814772009025219 0.005026729566463
0.828045283468511 0.003960015810430
0.840460246332645 0.003011590358381
0.852059243238120 0.002178703608750
0.862886117208831 0.001455882517430
0.872985189649207 0.000835881360418
0.882400451402416 0.000310425123504
0.891174939710798 -0.000129227361901
0.899350275069366 -0.000491871159308
0.906966332253016 -0.000786065311604
0.914061021447999 -0.001019939376271
0.920670157839444 -0.001201074009259
0.926827400770677 -0.001336436909329
0.932564246403551 -0.001432358987419
0.937910060485849 -0.001494538809727
0.942892140265684 -0.001528066091213
0.947535796733819 -0.001537457275550
0.951864450210795 -0.001526698058907
0.955899733838036 -0.001499289150384
0.959661600805686 -0.001458292670792
0.963168432185798 -0.001406377432418
0.966437143070916 -0.001345861968714
0.969483285376801 -0.001278754640606
0.972321146183611 -0.001206790473852
0.974963840888138 -0.001131464610797
0.977423400743261 -0.001054062414945
0.979710854588418 -0.000975686367304
0.981836304742591 -0.000897279954580
0.983808997151711 -0.000819648782207
0.985637385966291 -0.000743479158560
0.987329192780714 -0.000669354396725
0.988891460799769 -0.000597769071547
0.990330604216009 -0.000529141455665
0.991652453087489 -0.000463824341200
0.992862294002654 -0.000402114435359
0.993964906810058 -0.000344260499546
0.994964597677186 -0.000290470383328
0.995865228726292 -0.000240917087287
0.996670244476953 -0.000195743972598
0.997382695305812 -0.000155069220255
0.998005258114251 -0.000118989629238
0.998540254374895 -0.000087583830480
0.998989665708266 -0.000060914982297
0.999355147121562 -0.000039033002717
0.999638038022758 -0.000021976384897
0.999839371104754 -0.000009773633371
0.999959879176446 -0.000002444351090
1.000000000000000 0.000000000000000
