1.000000000000000 0.000000000000000
0.999959654411138 0.000004130482031
0.999838470897552 0.000016535819011
0.999636008248043 0.000037257764920
0.999351527868076 0.000066366181380
0.998983988886070 0.000103959447162
0.998532041242198 0.000150165035530
0.997994016699236 0.000205140263500
0.997367917697115 0.000269073218219
0.996651403954492 0.000342183866891
0.995841776701870 0.000424725357826
0.994935960411467 0.000516985521407
0.993930481869253 0.000619288580933
0.992821446414375 0.000731997084470
0.991604511150781 0.000855514069982
0.990274854915381 0.000990285477127
0.988827144767133 0.001136802820092
0.987255498742329 0.001295606136800
0.985553444604093 0.001467287230580
0.983713874299617 0.001652493220991
0.981728993828437 0.001851930420831
0.979590268221046 0.002066368556400
0.977288361331745 0.002296645347700
0.974813070166281 0.002543671464442
0.972153253497480 0.002808435872275
0.969296754576366 0.003092011581571
0.966230317828742 0.003395561808251
0.962939499546605 0.003720346552411
0.959408572750659 0.004067729595932
0.955620426627764 0.004439185914794
0.951556461251507 0.004836309495562
0.947196478694611 0.005260821538727
0.942518572161519 0.005714579024613
0.937499015435156 0.006199583611087
0.932112155773719 0.006717990827231
0.926330314444738 0.007272119524653
0.920123700379086 0.007864461549947
0.913460344000076 0.008497691609718
0.906306060159342 0.009174677315727
0.898624451305445 0.009898489423747
0.890376964513472 0.010672412316520
0.881523018766292 0.011499954827519
0.872020221795651 0.012384861552804
0.861824698677309 0.013331124841766
0.850891556932606 0.014342997672661
0.839175514682855 0.015425007571100
0.826631718830347 0.016581971566974
0.813216778518064 0.017819011836239
0.798890034442395 0.019141572183497
0.783615327685072 0.020557451151568
0.767363450560499 0.022082330004472
0.750113811373548 0.023737227604405
0.731856562808490 0.025548266730462
0.712594933056077 0.027547303792867
0.692347425247984 0.029771593805417
0.671146145527381 0.032230775928557
0.649035850123616 0.034883354322321
0.626078659435509 0.037668161557364
0.602354773199691 0.040507099196314
0.577963456286593 0.043318168318067
0.553027623652449 0.046068709177817
0.527687705526912 0.048744704724388
0.502096164836592 0.051334270382522
0.476412813906928 0.053823536098496
0.450798687785065 0.056180502231791
0.425412161162422 0.058370815890352
0.400404632113901 0.060365506112916
0.375916958340073 0.062151524495562
0.352077758796741 0.063755944505086
0.328998258405772 0.065213231751305
0.306769916178661 0.066554624194024
0.285463547980419 0.067805991707656
0.265127552532502 0.068978747338636
0.245791019156756 0.070077135795512
0.227467558849094 0.071064285232512
0.210157477051751 0.071847804411151
0.193848726122995 0.072362744722516
0.178516951452224 0.072588993759353
0.164128331219510 0.072540068206967
0.150644336084539 0.072237711884371
0.138031029716701 0.071686070267499
0.126274379916934 0.070829384951754
0.115352761195602 0.069631563518635
0.105233898983129 0.068086044387882
0.095878000130336 0.066211142284066
0.087235278868961 0.064098821611908
0.079252056548968 0.061867714166828
0.071878415179398 0.059600457984609
0.065079201951231 0.057292833652850
0.058825404099783 0.054906012635607
0.053084731717201 0.052421284908424
0.047823778418099 0.049840043539788
0.043013782111711 0.047218842110389
0.038627080879248 0.044625404775087
0.034634585593282 0.042107465327612
0.031006901236308 0.039697256356435
0.027715144193709 0.037415333874596
0.024729869989755 0.035268710122213
0.022005421179746 0.033205517220883
0.019494187421096 0.031158576321711
0.017160013222634 0.029086330901942
0.014975795015475 0.026966637507986
0.012923703560971 0.024794231088405
0.011017259278556 0.022605905802009
0.009279391536560 0.020451880812130
0.007721148150250 0.018368391461082
0.006344578387558 0.016380459985841
0.005145314308963 0.014504535287177
0.004114548695288 0.012750568364571
0.003240542845408 0.011123641424685
0.002509768910173 0.009625244232117
0.001907768886475 0.008254271875890
0.001419794653711 0.007007802740299
0.001031279481922 0.005881703268280
0.000728180474603 0.004871096431074
0.000497222794817 0.003970723145506
0.000326069759477 0.003175219793589
0.000203437577862 0.002479330167697
0.000119169344402 0.001878066326089
0.000064279626444 0.001366829789636
0.000030978420706 0.000941502075767
0.000012681233891 0.000598511618009
0.000004010451602 0.000334882553603
0.000000791898430 0.000148269592955
0.000000049482811 0.000036982144432
0.000000000000000 0.000000000000000
0.000000047937607 -0.000036347690399
0.000000769601941 -0.000145320569612
0.000003918115156 -0.000326698124467
0.000012481254613 -0.000580079275656
0.000030782726829 -0.000904830506195
0.000064628876985 -0.001300010100659
0.000121505996482 -0.001764265188940
0.000210835216088 -0.002295697097881
0.000344294081610 -0.002891689123400
0.000536216391684 -0.003548689180891
0.000804084839332 -0.004261937796284
0.001169134569033 -0.005025129470990
0.001657090096397 -0.005829992476149
0.002298692964066 -0.006665890791879
0.003122035535962 -0.007522073582176
0.004148020180217 -0.008388818744475
0.005394125630204 -0.009255740483038
0.006872707709081 -0.010111786700554
0.008588437203529 -0.010945376878169
0.010534961407206 -0.011744615462864
0.012690572855303 -0.012497606673869
0.015012801592962 -0.013192919460034
0.017462291365215 -0.013822671940864
0.020048034669663 -0.014387700496364
0.022791915485919 -0.014896869007424
0.025724596924158 -0.015369517644285
0.028886797416102 -0.015837348546935
0.032309073326955 -0.016318052738418
0.036008529334593 -0.016811435056830
0.040001541952648 -0.017316879893836
0.044303512546952 -0.017833962457416
0.048927997534182 -0.018362587739889
0.053885745367974 -0.018903164704809
0.059192862761168 -0.019455994065377
0.064878194776510 -0.020020775028676
0.070975375828414 -0.020597556702599
0.077522869384384 -0.021187052516353
0.084561755761379 -0.021790682847998
0.092127867144564 -0.022410191608127
0.100256330975367 -0.023048528931367
0.108983050727420 -0.023709862924119
0.118348506417015 -0.024395239097519
0.128396418281671 -0.025103735377320
0.139171789407475 -0.025834177979563
0.150720366654672 -0.026585178529146
0.163087714957483 -0.027354897925481
0.176317147307312 -0.028139603946402
0.190448870010924 -0.028934137912512
0.205518757373987 -0.029732220575179
0.221556955808232 -0.030523609417588
0.238586474014847 -0.031289799324391
0.256620588925957 -0.032007082027661
0.275659860032015 -0.032668952198196
0.295689013318247 -0.033315115025241
0.316675928815981 -0.033999162502560
0.338572067871899 -0.034716265890380
0.361310993513283 -0.035415236488529
0.384806978441792 -0.036033094551485
0.408955447849861 -0.036497445200734
0.433633349251165 -0.036763761513054
0.458700754954251 -0.036846484855834
0.484005854602190 -0.036772214187485
0.509389491419691 -0.036573104369366
0.534691094062378 -0.036276706264184
0.559754293718611 -0.035899426160639
0.584430093575120 -0.035457759103548
0.608580892265429 -0.034968152520123
0.632082092225659 -0.034419393475455
0.654823934452664 -0.033762195753281
0.676716233332108 -0.032956204489915
0.697689217330177 -0.031974660712111
0.717693392217703 -0.030810447927452
0.736699636366222 -0.029505539360058
0.754695860609682 -0.028112048312075
0.771684148781389 -0.026673153967700
0.787678547767912 -0.025223581023881
0.802702850030842 -0.023790403371841
0.816788485214207 -0.022391962643927
0.829972589563732 -0.021036881034847
0.842296270634476 -0.019730764480896
0.853803134719124 -0.018477504015693
0.864538061782514 -0.017279548281261
0.874546211588327 -0.016138157513403
0.883872240070938 -0.015053632767791
0.892559700636781 -0.014025517520938
0.900650603657629 -0.013052771191975
0.908185108025592 -0.012133915741329
0.915201320524373 -0.011267157481922
0.921735181357577 -0.010450486748713
0.927820417047825 -0.009681758251536
0.933488544800014 -0.008958754895532
0.938768915133652 -0.008279237677454
0.943688782035726 -0.007640984016292
0.948273392024434 -0.007041816595484
0.952546085338775 -0.006479624509551
0.956528403994699 -0.005952378237447
0.960240202703047 -0.005458139717983
0.963699759660801 -0.004995068583629
0.966923885039545 -0.004561425418993
0.969928025636102 -0.004155572748076
0.972726364649836 -0.003775974317941
0.975331915935222 -0.003421193132832
0.977756612369470 -0.003089888599074
0.980011388191962 -0.002780813064533
0.982106255330846 -0.002492807974141
0.984050373844864 -0.002224799812898
0.985852116685902 -0.001975795967503
0.987519129037990 -0.001744880605776
0.989058382518121 -0.001531210647671
0.990476224538544 -0.001334011881767
0.991778423133113 -0.001152575265579
0.992970207544923 -0.000986253435984
0.994056304861371 -0.000834457446892
0.995040972967640 -0.000696653744274
0.995928030071910 -0.000572361383541
0.996720881036247 -0.000461149490472
0.997422540727034 -0.000362634964243
0.998035654578295 -0.000276480419354
0.998562516540935 -0.000202392362155
0.999005084570757 -0.000140119597099
0.999364993788523 -0.000089451857732
0.999643567426130 -0.000050218657586
0.999841825654403 -0.000022288356555
0.999960492369843 -0.000005567438931
1.000000000000000 0.000000000000000
