1.000000000000000 0.000000000000000
0.999960532501076 0.000014600692844
0.999842005533038 0.000058504789002
0.999644044593270 0.000132018303485
0.999366021855382 0.000235651091404
0.999007050594154 0.000370116437517
0.998565977192624 0.000536330160853
0.998041370534300 0.000735408890819
0.997431508513610 0.000968667038984
0.996734361316641 0.001237611830398
0.995947571028526 0.001543935560614
0.995068427009002 0.001889503998223
0.994093836338592 0.002276339543531
0.993020288467798 0.002706597364632
0.991843812992548 0.003182532240390
0.990559929220685 0.003706453218196
0.989163585873609 0.004280662407681
0.987649088868220 0.004907373235954
0.986010023734493 0.005588628401098
0.984239330637970 0.006326673045270
0.982329266507233 0.007124022031074
0.980271199510194 0.007983066030757
0.978055486643530 0.008905939342695
0.975671333220650 0.009894361246342
0.973106625292688 0.010949428156831
0.970347801343387 0.012071508159155
0.967380625578770 0.013262208661002
0.964190162353440 0.014524529185891
0.960760165748552 0.015861686934059
0.957072975442645 0.017277106871970
0.953109426254866 0.018774446664904
0.948848786593951 0.020357773884627
0.944268829195414 0.022032481992659
0.939345752400056 0.023805251020920
0.934054135622035 0.025684094991844
0.928366982047014 0.027678754916952
0.922255455798210 0.029800269472729
0.915687566346747 0.032057781625394
0.908628823561809 0.034460331873728
0.901042603500761 0.037017794983358
0.892890167263183 0.039740736486286
0.884130153190374 0.042638480217889
0.874718931323277 0.045719430562590
0.864611142628755 0.048991573187782
0.853760003561943 0.052461805046180
0.842117668895050 0.056134878846240
0.829636139140738 0.060013408921600
0.816268220385394 0.064097199193769
0.801968650851819 0.068382116128540
0.786695571914204 0.072859542530739
0.770412264241559 0.077515344581868
0.753089120363981 0.082328748105250
0.734705774485861 0.087271622672155
0.715253480149043 0.092306881821973
0.694737396492283 0.097388066643462
0.673178544376070 0.102455388294532
0.650615878221842 0.107436223589894
0.627110375041918 0.112254853013856
0.602746393908158 0.116835917683731
0.577631539043944 0.121108886622493
0.551895287702585 0.125010396905726
0.525685334274776 0.128480328224977
0.499163941628522 0.131465414027318
0.472503873864016 0.133923222049693
0.445882632500758 0.135822862779059
0.419476844429752 0.137144440258799
0.393456736368395 0.137879919631524
0.367981073590625 0.138032825803941
0.343193207729553 0.137616699269896
0.319217478919644 0.136654624810448
0.296158376063002 0.135173588576249
0.274098277814066 0.133208676915435
0.253098767654010 0.130801676136523
0.233200291457847 0.127998991828619
0.214425514662423 0.124846318117331
0.196779095025621 0.121392651304106
0.180251851583349 0.117687703097597
0.164820777765832 0.113781536214712
0.150453838932754 0.109721721909773
0.137109897229874 0.105553166916331
0.124744284129717 0.101313557990762
0.113307808317089 0.097036554432923
0.102749487046091 0.092751116743074
0.093019261382948 0.088480318855461
0.084064882028847 0.084245640813123
0.075836868110190 0.080064439639002
0.068287416902717 0.075951123433168
0.061368316880302 0.071918951213737
0.055035568234425 0.067977604479361
0.049247948784948 0.064134395924388
0.043964348420446 0.060396189601185
0.039146980195076 0.056768285184368
0.034763625962981 0.053253662425300
0.030782256267694 0.049854983031740
0.027171177732668 0.046574619154463
0.023901910733016 0.043413563582674
0.020949736911845 0.040371309883905
0.018290054345865 0.037447494226944
0.015898685801994 0.034641840360916
0.013753291557798 0.031954059074605
0.011838221909005 0.029383953155728
0.010138856411472 0.026931135538831
0.008639281410041 0.024594916110223
0.007323055803471 0.022374336607815
0.006173741540196 0.020268224107965
0.005174248914541 0.018275808200375
0.004307236688936 0.016396685176683
0.003557019457963 0.014629895667107
0.002909562528979 0.012974017917693
0.002352335925506 0.011427307895284
0.001874177188355 0.009987811299938
0.001465164077265 0.008653452911363
0.001117811347013 0.007422200519346
0.000829475558784 0.006292298791697
0.000596585770463 0.005261912823174
0.000413892393443 0.004329116193925
0.000275158625946 0.003491972731238
0.000173693546051 0.002748600385924
0.000102761141080 0.002097220921685
0.000055892344315 0.001536198366209
0.000027121401612 0.001064068568463
0.000011163288624 0.000679561717634
0.000003545196304 0.000381619280946
0.000000702098512 0.000169406490491
0.000000043949688 0.000042321237239
0.000000000000000 0.000000000000000
0.000000039746146 -0.000040209853457
0.000000639133275 -0.000161014269955
0.000003262545102 -0.000362937992446
0.000010431372048 -0.000646856126711
0.000025848534450 -0.001013994772749
0.000054579759117 -0.001465931558532
0.000103298911372 -0.002004595701016
0.000180556824080 -0.002632147334735
0.000296608013575 -0.003349600156509
0.000463588696241 -0.004156029215989
0.000695984987601 -0.005048168015587
0.001011003513988 -0.006019411338432
0.001429014326186 -0.007058547300867
0.001974082019620 -0.008148157449457
0.002674601805710 -0.009262601751652
0.003563973789527 -0.010365635349697
0.004672729991269 -0.011422454532019
0.006016097474970 -0.012419154679319
0.007600317031398 -0.013349029283390
0.009420487278602 -0.014212741046722
0.011456128631560 -0.015021398557003
0.013668214426770 -0.015798796850057
0.016039186286635 -0.016556457553063
0.018581418531422 -0.017288893223420
0.021310917240521 -0.017991189495445
0.024247133704635 -0.018660265067307
0.027413831606268 -0.019295824271627
0.030837632612494 -0.019899566199330
0.034538133355373 -0.020467753096202
0.038532224018595 -0.020995519413236
0.042836089417525 -0.021479626558996
0.047464429478806 -0.021919389121629
0.052431001609392 -0.022316535390707
0.057758188148370 -0.022667324769351
0.063474358042585 -0.022965437659446
0.069610621561460 -0.023205587007548
0.076201095080023 -0.023384280726253
0.083281567583421 -0.023497763062817
0.090887417499369 -0.023538835701129
0.099055187943160 -0.023500940991637
0.107822465797665 -0.023379490797965
0.117228762655651 -0.023169834801543
0.127317000515068 -0.022863804670251
0.138131467240073 -0.022454131606209
0.149716957041746 -0.021935562925379
0.162117436067063 -0.021301603447439
0.175375058222773 -0.020545712525442
0.189529187603761 -0.019664208430023
0.204615289055058 -0.018653586513614
0.220663361046213 -0.017510296006303
0.237695773780024 -0.016234272865785
0.255725026686642 -0.014826844240150
0.274751593608588 -0.013291633919603
0.294761841538464 -0.011636128366349
0.315725893939141 -0.009868227655352
0.337596094064463 -0.007999158877519
0.360305931757477 -0.006044515786904
0.383769648229282 -0.004024225250838
0.407882616794267 -0.001961367063261
0.432522600654102 0.000120636245897
0.457552438250435 0.002196310377764
0.482823556467861 0.004236936073955
0.508180112746891 0.006212909230441
0.533463470540989 0.008096370110821
0.558517113173947 0.009862473143041
0.583191449387577 0.011489309587212
0.607347992307645 0.012958160068866
0.630862955262677 0.014255420679656
0.653629567219214 0.015372230681202
0.675559889247967 0.016305149190236
0.696585242995972 0.017055768169194
0.716655862680624 0.017629977533248
0.735740135962477 0.018037522277564
0.753822732588318 0.018291278255895
0.770902802628041 0.018406097601177
0.786991916584223 0.018397513992023
0.802111608866516 0.018279397125678
0.816291444782274 0.018065176364867
0.829567154854900 0.017768426765556
0.841978682701266 0.017402025130302
0.853568701001402 0.016977916942913
0.864381523231409 0.016507317876108
0.874462010161154 0.016000367162839
0.883854504825291 0.015464437302360
0.892602360813243 0.014905517640634
0.900747622249215 0.014329505802401
0.908330645122004 0.013742003850152
0.915389652327907 0.013147200696029
0.921960440503979 0.012547086532568
0.928076787123375 0.011943935813019
0.933770445511851 0.011340375500253
0.939071121352166 0.010739145934459
0.944006460548507 0.010142883213295
0.948601929018812 0.009553726061381
0.952881103770699 0.008973609659716
0.956865859601178 0.008404392170299
0.960576439995191 0.007847795886675
0.964031538679849 0.007305373475473
0.967248386920233 0.006778492164435
0.970242803654779 0.006268298399008
0.973029278132489 0.005775717352147
0.975621138332707 0.005301528914322
0.978030634243925 0.004846380559116
0.980269010450561 0.004410796522404
0.982346575947829 0.003995189050234
0.984272770467563 0.003599870626440
0.986056227471097 0.003225070324252
0.987704842818872 0.002871014291428
0.989225822225486 0.002537894544264
0.990625718867561 0.002225800153195
0.991910480680219 0.001934737992018
0.993085493724102 0.001664652917308
0.994155621354837 0.001415444493662
0.995125239466853 0.001186980840134
0.995998268071552 0.000979110076776
0.996778199454191 0.000791669769467
0.997468123135689 0.000624494703692
0.998070747845905 0.000477423261267
0.998588420694580 0.000350302626432
0.999023143705402 0.000242993007566
0.999376587858057 0.000155371026729
0.999650104762685 0.000087332400209
0.999844736071171 0.000038794008167
0.999961220709975 0.000009695429667
1.000000000000000 0.000000000000000
