1.000000000000000 0.000000000000000
0.999959766385641 -0.000000414264693
0.999838919369998 -0.000001610969300
0.999637019488886 -0.000003451959650
0.999353331139516 -0.000005707391236
0.998986817810433 -0.000008056460418
0.998536135350717 -0.000010088660164
0.997999623225680 -0.000011305809007
0.997375293691166 -0.000011125197732
0.996660818803514 -0.000008884314658
0.995853515167309 -0.000003847753967
0.994950326308419 0.000004782909293
0.993947802545789 0.000017855268822
0.992842078222297 0.000036246968715
0.991628846143231 0.000060839665660
0.990303329061363 0.000092483965848
0.988860248040907 0.000131952655035
0.987293787530355 0.000179878810597
0.985597556180168 0.000236687279138
0.983764520865829 0.000302873841555
0.981786943090265 0.000379153964852
0.979656338862706 0.000466131581570
0.977363416491566 0.000564208396006
0.974898006802849 0.000673486797708
0.972248986303747 0.000793642369150
0.969404193030791 0.000923764423579
0.966350374251689 0.001063033213568
0.963073149178483 0.001211861070644
0.959556868094271 0.001370870638598
0.955784505563015 0.001540745949640
0.951737556056130 0.001722240367457
0.947395926110830 0.001916186800597
0.942737834989810 0.002123743356942
0.937739727493320 0.002346905234610
0.932376159380217 0.002588321368280
0.926619703193344 0.002851399070609
0.920440872227643 0.003140522849261
0.913808048338241 0.003460832007190
0.906687393586400 0.003816789017270
0.899042892114144 0.004213123317947
0.890836427059394 0.004655265056080
0.882027912698544 0.005149402047916
0.872575479601886 0.005701978750136
0.862435802789505 0.006319667898345
0.851564587407204 0.007009659209531
0.839917194519594 0.007779650741033
0.827449448144858 0.008637977774911
0.814118662440307 0.009593441035550
0.799884897820453 0.010655073287964
0.784712414285620 0.011831711215979
0.768571394064727 0.013131635163245
0.751439912392050 0.014562307996282
0.733306010867151 0.016130074795737
0.714169892361054 0.017839639448462
0.694046089507491 0.019693381412770
0.672965381031937 0.021690694904969
0.650976470991625 0.023827482938703
0.628147010125708 0.026095435924198
0.604563955939893 0.028481723520384
0.580333056105910 0.030968818621183
0.555577273158111 0.033534385840131
0.530434317277223 0.036151836984880
0.505053070664993 0.038790100400001
0.479589512919549 0.041415617085207
0.454201930500323 0.043992279062633
0.429046185909130 0.046484218014787
0.404270970032125 0.048855128050386
0.380013745164771 0.051071861833686
0.356397356783078 0.053102804429773
0.333527579884567 0.054922005098261
0.311491853915393 0.056506970685535
0.290358564569487 0.057842065462265
0.270177698523959 0.058914008652222
0.250981593444488 0.059715254310387
0.232787107834633 0.060243485125024
0.215597387273008 0.060500657810338
0.199403339445594 0.060493023307263
0.184186795831641 0.060222653593688
0.169921049588407 0.059698035537567
0.156577320345499 0.058913822837057
0.144122586209242 0.057865902931670
0.132519236797317 0.056568130437304
0.121729507268141 0.055052822805038
0.111711973663856 0.053355492220792
0.102421713628834 0.051516783977278
0.093811742334348 0.049583073576615
0.085835693498400 0.047593281023864
0.078449412015237 0.045576500579885
0.071612111563913 0.043551094374294
0.065284681527937 0.041532100448808
0.059429903960313 0.039532206885568
0.054014418625175 0.037558906220301
0.049007593034102 0.035616915486319
0.044380002794423 0.033711137196551
0.040103808936508 0.031846273982237
0.036155080182882 0.030024634893778
0.032512620206751 0.028247156771977
0.029155600108633 0.026515527368375
0.026063838107710 0.024831884225491
0.023218435175329 0.023198069066585
0.020603725118337 0.021613234815956
0.018205030127663 0.020076595416922
0.016007764183963 0.018588500648651
0.013997724818082 0.017150037004472
0.012161387400209 0.015762688116452
0.010489872258762 0.014426255245644
0.008978443425356 0.013138990578721
0.007620224259470 0.011900574631248
0.006406602259308 0.010711857568940
0.005327932854587 0.009574470918850
0.004374066871677 0.008490537140287
0.003535655613441 0.007462207334559
0.002807198677748 0.006490756975221
0.002182367392842 0.005577792916526
0.001653711045848 0.004725316456102
0.001215486085291 0.003935008457668
0.000860440485363 0.003208949926275
0.000580939491658 0.002550156037008
0.000369390409399 0.001962143018410
0.000216008265685 0.001447775288233
0.000111690805397 0.001009145792760
0.000048696856941 0.000647724699439
0.000016331175524 0.000364902583534
0.000003366835612 0.000162118969541
0.000000215676839 0.000040490581070
0.000000000000000 0.000000000000000
0.000000215175040 -0.000040085863107
0.000003536741655 -0.000160333151359
0.000018702275916 -0.000360268433675
0.000062674016998 -0.000637605001405
0.000161508655584 -0.000986598616978
0.000337108212668 -0.001399101676322
0.000599658755622 -0.001863836682225
0.000953498154661 -0.002371211006387
0.001401436313306 -0.002919043385457
0.001945397362742 -0.003505644516009
0.002591033491660 -0.004126509410912
0.003340759205753 -0.004778613203049
0.004198463924153 -0.005460051844839
0.005167539139241 -0.006171118478910
0.006252041807202 -0.006911762670320
0.007459138731669 -0.007679211720694
0.008795649717122 -0.008471324604932
0.010267342715531 -0.009287271069548
0.011879631573526 -0.010126999572565
0.013641343333067 -0.010988101127859
0.015562509739988 -0.011867802972230
0.017653400183813 -0.012763932551277
0.019924309199631 -0.013675276836376
0.022385259852380 -0.014602065164285
0.025045876982746 -0.015546250619754
0.027918545134851 -0.016507565476791
0.031018531640374 -0.017483530936894
0.034362120708282 -0.018472075919296
0.037966505099372 -0.019471928414659
0.041849664795075 -0.020483080592323
0.046030944780592 -0.021505756611423
0.050532492018875 -0.022537537153304
0.055378150753846 -0.023575977655227
0.060593140879404 -0.024619545504164
0.066203938761469 -0.025668121510765
0.072239397213975 -0.026720606940060
0.078731546335038 -0.027773254730918
0.085714363092168 -0.028822700004324
0.093223510968366 -0.029866686840550
0.101296741591614 -0.030902377983158
0.109974417958021 -0.031923998526160
0.119298424354386 -0.032925878306168
0.129311650925444 -0.033903134929999
0.140058282289909 -0.034849424674272
0.151583025202307 -0.035757606649100
0.163929726753993 -0.036621805911343
0.177140855612002 -0.037435412139343
0.191256428635439 -0.038190585683801
0.206311937481982 -0.038881075652084
0.222337116371184 -0.039499194425143
0.239353975941944 -0.040036230941376
0.257374358837700 -0.040484600856743
0.276398125099753 -0.040834599323218
0.296410681859799 -0.041077367570914
0.317381091919996 -0.041204929544316
0.339260424701888 -0.041210711472218
0.361980563638706 -0.041089304200526
0.385453932819148 -0.040834984243150
0.409573937821832 -0.040445574885212
0.434216623221067 -0.039924332875358
0.459243167255339 -0.039279229115937
0.484503588383891 -0.038523387604316
0.509840750809261 -0.037671240901377
0.535094897634504 -0.036729461496856
0.560108740594589 -0.035703810530437
0.584732181781571 -0.034600285082295
0.608826737734804 -0.033427049792446
0.632269292974809 -0.032199058182111
0.654954418666330 -0.030933451707895
0.676795683605523 -0.029645021263629
0.697726161737387 -0.028346677570119
0.717698023402459 -0.027049822449331
0.736681394077631 -0.025764143763848
0.754662709147445 -0.024498049518933
0.771642657321459 -0.023258246473648
0.787634038525080 -0.022050293849590
0.802659542829286 -0.020878594190460
0.816749628536272 -0.019746421746912
0.829940603042939 -0.018656231306905
0.842272840208577 -0.017609227836038
0.853789312727110 -0.016605644475587
0.864534413708972 -0.015645455004602
0.874552920447558 -0.014728290278580
0.883889177550068 -0.013853390930275
0.892586518371775 -0.013019870104730
0.900686803866956 -0.012226706491211
0.908230026730949 -0.011472137231189
0.915254135330138 -0.010754013070244
0.921794987119325 -0.010070512524086
0.927886282088686 -0.009420065802346
0.933559459405739 -0.008800611080661
0.938843680391984 -0.008209196668343
0.943766101060111 -0.007643511171673
0.948351955651542 -0.007101870481522
0.952624630744274 -0.006583040326018
0.956605740701150 -0.006086170046852
0.960315215682399 -0.005610738135129
0.963771432597021 -0.005156318512371
0.966991316587784 -0.004722526311039
0.969990437180195 -0.004308998713957
0.972783103136163 -0.003915389829831
0.975382544129129 -0.003541947114953
0.977801017669155 -0.003189643671148
0.980049702062152 -0.002858981497299
0.982138774971775 -0.002550012478539
0.984077502777096 -0.002262463233401
0.985874320108665 -0.001995831733797
0.987536900899121 -0.001749463353191
0.989072240587997 -0.001522758839120
0.990486716760976 -0.001315252260221
0.991786097702568 -0.001126314475603
0.992975588176594 -0.000955186430868
0.994059874065021 -0.000801035994691
0.995043161494338 -0.000663001362093
0.995929211100282 -0.000540223988155
0.996721367978933 -0.000431873391360
0.997422587785885 -0.000337165671302
0.998035459372343 -0.000255377193762
0.998562224284963 -0.000185854585536
0.999004793403111 -0.000128021934539
0.999364760941141 -0.000081385894141
0.999643416003010 -0.000045539233273
0.999841751840843 -0.000020163246999
0.999960472937018 -0.000005029338799
1.000000000000000 0.000000000000000
