1.000000000000000 0.000000000000000
0.999960904601321 0.000014582119517
0.999843495477042 0.000058430435770
0.999647402720172 0.000131850687390
0.999372006049969 0.000235351941870
0.999016429058529 0.000369645677182
0.998579530952207 0.000535644139528
0.998059895573958 0.000734457595852
0.997455817416559 0.000967389953687
0.996765284248256 0.001235932044343
0.995985955867735 0.001541751648220
0.995115138379642 0.001886679070895
0.994149753229354 0.002272686740400
0.993086300049044 0.002701860870710
0.991920812137244 0.003176362700175
0.990648803109830 0.003698376136451
0.989265202907420 0.004270037783642
0.987764280904737 0.004893344245293
0.986139574997699 0.005570089643168
0.984384007789846 0.006302331112569
0.982489787294494 0.007092280414542
0.980448209754019 0.007941945674166
0.978249534778881 0.008852991616696
0.975882838155880 0.009826560996618
0.973335835976621 0.010863042163339
0.970594859673591 0.011962192956212
0.967645799768174 0.013125489492941
0.964473684739912 0.014355364630309
0.961062233052860 0.015654392453903
0.957393768202693 0.017025306907962
0.953449138782650 0.018471032279828
0.949207677954996 0.019995047731331
0.944647225198792 0.021602268194949
0.939744061407685 0.023298831850801
0.934472914818408 0.025092327083055
0.928807023516129 0.026992238877254
0.922717465279380 0.029008448182082
0.916172087372333 0.031148631948733
0.909136443333090 0.033420815756296
0.901573994355934 0.035833897047153
0.893446002575137 0.038397107279107
0.884711039240251 0.041118057945012
0.875325575976816 0.044003794968597
0.865244421331432 0.047061001836394
0.854420959936361 0.050295138572744
0.842807641238397 0.053709793575398
0.830356922004364 0.057306780403184
0.817022144334846 0.061085182133084
0.802758627909775 0.065040240152624
0.787525265450752 0.069163187758013
0.771286198192005 0.073439976088546
0.754012766791220 0.077850383701172
0.735685742912674 0.082367484905847
0.716297688440382 0.086956359793895
0.695855227524888 0.091573653463794
0.674380974777384 0.096163495596994
0.651915767474598 0.100659722690305
0.628522444445574 0.104994818877120
0.604286380983394 0.109101259514482
0.579315557778844 0.112915912915903
0.553738834856702 0.116380881312381
0.527702950366312 0.119442436216863
0.501368822535309 0.122054393321260
0.474907272936219 0.124181439867270
0.448493343053070 0.125798694244800
0.422300686961356 0.126891048574002
0.396496299768087 0.127453287441186
0.371235522468138 0.127490075925293
0.346658279315679 0.127015310400324
0.322885620746581 0.126051568766952
0.300018830731422 0.124624325282027
0.278137410583317 0.122766223170610
0.257300292536213 0.120516013010052
0.237545648455419 0.117916678691662
0.218894164892041 0.115010189500971
0.201349042491521 0.111840995597419
0.184900143342758 0.108453452258491
0.169524180762706 0.104892010508778
0.155189248738213 0.101198306499918
0.141855063248065 0.097411722039587
0.129477245793318 0.093565743981632
0.118008137068432 0.089689247470302
0.107397308996353 0.085808156496139
0.097596004755698 0.081942067429798
0.088554036831717 0.078108992511989
0.080222159848213 0.074324421798541
0.072554363540972 0.070600011294376
0.065504537022419 0.066946770560206
0.059028735101705 0.063373830362453
0.053087933363687 0.059886778368121
0.047643726368828 0.056490887905206
0.042658638509564 0.053191133454250
0.038099853150844 0.049990163950392
0.033937215504313 0.046889490779440
0.030140821749010 0.043890904001265
0.026681949150459 0.040996079894694
0.023536925206390 0.038205223207744
0.020684512315043 0.035517924443468
0.018103117129075 0.032934094395236
0.015771371883754 0.030453772467083
0.013669648607258 0.028076680630624
0.011782534312132 0.025801512554074
0.010094797062470 0.023627093664141
0.008590849760647 0.021552542491544
0.007255225094352 0.019577143663625
0.006073075554098 0.017700283705668
0.005033493035271 0.015921785469009
0.004127843464026 0.014241647673733
0.003346200597430 0.012659568495859
0.002677841401781 0.011174996374526
0.002111738488156 0.009787191778226
0.001636920700784 0.008495279974413
0.001242776889658 0.007298308220169
0.000920532994028 0.006195644831878
0.000662779307148 0.005186844522074
0.000461575698013 0.004271123969825
0.000308768780607 0.003447458965168
0.000196340305171 0.002714693092676
0.000116915345614 0.002071715849552
0.000063943909272 0.001517525000806
0.000031177958901 0.001051029270013
0.000012889442399 0.000671131558801
0.000004111797646 0.000376822462042
0.000000818256050 0.000167250703345
0.000000051383652 0.000041777366771
0.000000000000000 0.000000000000000
0.000000047044077 -0.000039895493548
0.000000758761316 -0.000159729387246
0.000003892224230 -0.000359923433278
0.000012528946612 -0.000641111173484
0.000031311567251 -0.001004030009905
0.000066789723237 -0.001449362190678
0.000127890409476 -0.001977516347009
0.000226884955613 -0.002588206351865
0.000385150053616 -0.003278210378103
0.000637658541475 -0.004038809195613
0.001037809284357 -0.004839141014547
0.001642023840371 -0.005627691637357
0.002434781698473 -0.006385479509876
0.003388748996260 -0.007116450410810
0.004491467577815 -0.007830292156244
0.005741818866910 -0.008525712786173
0.007138630532424 -0.009202785313443
0.008684602361775 -0.009862774870218
0.010383108823805 -0.010507442596731
0.012241011827043 -0.011134638439524
0.014264246355730 -0.011744494158939
0.016458796164498 -0.012338107452721
0.018835010657118 -0.012911440441199
0.021404415129737 -0.013460215010099
0.024178795287412 -0.013981561058284
0.027169964434026 -0.014474757606689
0.030389439185487 -0.014942218973315
0.033849572840219 -0.015387176260946
0.037566978902127 -0.015806152574278
0.041560237497499 -0.016194635638911
0.045849326290698 -0.016548873575537
0.050455644051081 -0.016866414987158
0.055402090863370 -0.017146187391518
0.060713702011958 -0.017384251005222
0.066417539767296 -0.017575191625734
0.072542446575708 -0.017714449489479
0.079118989813162 -0.017798980201477
0.086179772446249 -0.017826107795342
0.093760282943082 -0.017789724674611
0.101898191610444 -0.017683725370420
0.110633041063817 -0.017503402048820
0.120006063366401 -0.017244755857589
0.130060016465943 -0.016900847573333
0.140838603562731 -0.016464950623392
0.152385812423873 -0.015932058784081
0.164745308745544 -0.015297054423517
0.177959523864759 -0.014554380484971
0.192068287280643 -0.013700924477933
0.207107338390582 -0.012734597282898
0.223106607971661 -0.011652467224860
0.240088349914786 -0.010454366520484
0.258065065010632 -0.009142315185354
0.277037338701842 -0.007720322887680
0.296991688591814 -0.006196188724878
0.317898342315425 -0.004578041454418
0.339709670288562 -0.002875930348226
0.362359206745793 -0.001104061482597
0.385761282424837 0.000718909478902
0.409811404742802 0.002571224294383
0.434387459369890 0.004431479481715
0.459352365207760 0.006277273418320
0.484557648526094 0.008083049295887
0.509847610093974 0.009821851205326
0.535063810188681 0.011468721431467
0.560049895233907 0.013002170429322
0.584656495521857 0.014403540385063
0.608745396979364 0.015656203830368
0.632193117200446 0.016748169627051
0.654893222406824 0.017672389923634
0.676758051777867 0.018426840697259
0.697719282633905 0.019013711916195
0.717727465356974 0.019438316510995
0.736751254353248 0.019709559598707
0.754775584747417 0.019839423223088
0.771799766559275 0.019841915258747
0.787835491618308 0.019731815397634
0.802904383159264 0.019522151409408
0.817035995685298 0.019224995189229
0.830266027377743 0.018852757798041
0.842634400758947 0.018417397264028
0.854183697579687 0.017929972478204
0.864958124315086 0.017400947641878
0.875002446492150 0.016839941757301
0.884360922043808 0.016254063266302
0.893076747789159 0.015648609523809
0.901191825713616 0.015028909618477
0.908746389185761 0.014400146192310
0.915778607155256 0.013766508540551
0.922324143907413 0.013129696799187
0.928416615307293 0.012491528065863
0.934087648716803 0.011854315470975
0.939366850641806 0.011220590699963
0.944281803402731 0.010592885563474
0.948857921829477 0.009973314707636
0.953118685745706 0.009363738995793
0.957085894463056 0.008765972950239
0.960779734684808 0.008181719769026
0.964218857093642 0.007612529144509
0.967420460430700 0.007059775803596
0.970400359734011 0.006524673979907
0.973173051148626 0.006008306168013
0.975751859044820 0.005511565340300
0.978149024571522 0.005035162759886
0.980375779685832 0.004579649697345
0.982442418111131 0.004145438433243
0.984358362565818 0.003732822052022
0.986132228243792 0.003341994497569
0.987771897803829 0.002973143478459
0.989284573357093 0.002626454027733
0.990676798919981 0.002301991788663
0.991954508156108 0.001999723575422
0.993123069528279 0.001719543356886
0.994187326849627 0.001461293441293
0.995151635592215 0.001224781730775
0.996019895281608 0.001009795756517
0.996795578276002 0.000816114075647
0.997481755199051 0.000643515504759
0.998081117266889 0.000491786577622
0.998595995722318 0.000360727542779
0.999028378562717 0.000250157157230
0.999379924723034 0.000159916483029
0.999651975851150 0.000089871852216
0.999845565789892 0.000039917130597
0.999961427857870 0.000009975380927
1.000000000000000 0.000000000000000
