1.000000000000000 0.000000000000000
0.999961085753160 0.000010675412938
0.999844221344520 0.000042806707858
0.999649040627899 0.000096708584501
0.999374929523901 0.000172903909284
0.999021020161128 0.000272121012156
0.998586182459019 0.000395289380639
0.998069012926705 0.000543533194273
0.997467820371733 0.000718161931137
0.996780608118931 0.000920657023387
0.996005052228701 0.001152653226540
0.995138475070640 0.001415912980346
0.994177813446290 0.001712291555972
0.993119580256176 0.002043690178246
0.991959818461642 0.002411993549342
0.990694045788990 0.002818987239452
0.989317188247090 0.003266249197652
0.987823500060833 0.003755008105437
0.986206499349797 0.004286077345047
0.984459126751831 0.004860623050675
0.982573620766730 0.005479920008704
0.980541319092985 0.006144861999644
0.978352537842935 0.006855783968119
0.975996428931199 0.007612235147119
0.973460810072744 0.008412686446613
0.970732213214575 0.009254869276335
0.967796801617958 0.010138590508577
0.964639829918031 0.011064418518544
0.961245298873596 0.012032926565192
0.957595885951456 0.013044719350335
0.953672883663190 0.014100479941007
0.949456126499739 0.015201589616901
0.944923922253877 0.016351129533481
0.940053071203358 0.017553604129241
0.934818898642574 0.018815337905055
0.929195315387979 0.020145064578584
0.923153951579394 0.021551175399247
0.916663337330149 0.023039066547856
0.909689837728586 0.024614630691415
0.902197799583002 0.026284806850435
0.894149430761300 0.028056758101604
0.885504451078626 0.029935693062120
0.876220657494038 0.031926387711725
0.866254324636035 0.034033449130530
0.855560512702645 0.036260605168033
0.844093614953778 0.038610278776469
0.831808247259960 0.041083738102190
0.818659830371664 0.043678606450167
0.804605337829137 0.046385984587352
0.789605068232217 0.049191516274678
0.773623660965775 0.052068821731898
0.756631658599095 0.054976024394925
0.738608817377929 0.057861671919896
0.719549464975972 0.060676278567788
0.699463238475819 0.063366233764331
0.678378338623823 0.065881767457891
0.656343162743853 0.068176603795320
0.633427197770423 0.070210880085858
0.609721537805511 0.071953795125211
0.585337792712125 0.073394250271889
0.560406312383459 0.074540422916901
0.535071617669364 0.075398689483540
0.509489038519706 0.075974429200533
0.483820933240514 0.076268717057816
0.458231951278028 0.076283672348014
0.432884032529383 0.076029689782735
0.407931544842336 0.075522558245307
0.383516971036607 0.074776705608711
0.359767229785678 0.073809662153131
0.336791115216833 0.072643584395463
0.314677733315989 0.071302675412553
0.293496331852518 0.069808567020866
0.273296321754632 0.068183482881773
0.254108631279551 0.066450126251524
0.235947206783854 0.064631154548630
0.218811566984285 0.062745888496147
0.202688807500745 0.060811319532825
0.187555652731100 0.058843699923247
0.173381030568780 0.056857210851626
0.160127500650301 0.054865346295705
0.147753775980251 0.052878277649083
0.136216050212189 0.050903688914398
0.125468596550640 0.048949370722447
0.115465717435969 0.047020921259623
0.106162214336280 0.045122676466446
0.097513394052894 0.043259365874884
0.089476457130452 0.041433731995715
0.082011112879722 0.039645879379532
0.075078479362067 0.037896963161408
0.068641462917740 0.036188679763390
0.062666649638813 0.034519183051279
0.057123218564959 0.032885527361815
0.051981474452963 0.031286877757523
0.047213146381588 0.029723760968675
0.042792989376911 0.028195356220291
0.038698527400349 0.026699625360821
0.034907988450556 0.025236199809671
0.031400453544518 0.023805947328152
0.028156316217512 0.022410164070090
0.025159904667467 0.021047148332056
0.022397269397454 0.019714745387713
0.019854163056956 0.018412680900504
0.017516405647038 0.017141983391131
0.015370201805198 0.015904493965015
0.013404814526912 0.014700452187705
0.011613185189062 0.013527839229461
0.009986970220199 0.012386424776027
0.008516688655837 0.011277557624158
0.007192265470668 0.010203642439417
0.006003445653304 0.009167744357300
0.004943189544484 0.008172299073325
0.004009910255258 0.007218247016262
0.003199150269695 0.006307610110827
0.002503563597383 0.005443421256180
0.001913984108893 0.004629326067072
0.001421060356285 0.003869161626707
0.001018009563985 0.003166417360242
0.000696661205666 0.002524746787115
0.000449334409523 0.001948355051156
0.000268021934569 0.001441431099399
0.000142105631134 0.001007359071801
0.000062979777550 0.000648403762118
0.000021385422588 0.000366359219671
0.000004507631204 0.000163170331779
0.000000292955619 0.000040780161741
0.000000000000000 0.000000000000000
0.000000290877775 -0.000040095916758
0.000004841556607 -0.000160275753714
0.000026103039562 -0.000359167646618
0.000089613610297 -0.000630940114576
0.000232869975295 -0.000962575478856
0.000477603824248 -0.001338324098824
0.000823181121376 -0.001740978411085
0.001270315018025 -0.002163871633700
0.001817067355049 -0.002608493934756
0.002466732376319 -0.003070898239093
0.003219658583268 -0.003548920072766
0.004077298203733 -0.004041446243781
0.005042959016391 -0.004548796491299
0.006119700869195 -0.005071699841470
0.007312794682634 -0.005606574753231
0.008628272317783 -0.006149351908761
0.010073601658185 -0.006695763049097
0.011656492259790 -0.007242097090160
0.013384592783826 -0.007785645610659
0.015265228461416 -0.008325230468981
0.017305048607312 -0.008861898681182
0.019509645735877 -0.009399689695658
0.021886363812477 -0.009941250509824
0.024446480807292 -0.010484509402219
0.027202447742310 -0.011027439141110
0.030167712776470 -0.011568683219916
0.033356754094412 -0.012107926033840
0.036785103606072 -0.012646348213463
0.040469615007888 -0.013184793201980
0.044428732841177 -0.013721876223526
0.048682262711535 -0.014256637831377
0.053251345354164 -0.014789169654342
0.058158420522839 -0.015321135349141
0.063427650076556 -0.015854722568057
0.069086224292047 -0.016388563432390
0.075163630042966 -0.016920645500176
0.081691453806601 -0.017449367691375
0.088703392135126 -0.017973761337214
0.096235289634591 -0.018491921374934
0.104325063769842 -0.019000723774961
0.113012479120811 -0.019497301673671
0.122338899203464 -0.019979257821406
0.132347331547512 -0.020442663463696
0.143081969592392 -0.020882103045441
0.154587318102398 -0.021292156667690
0.166907419875986 -0.021666630237413
0.180084920498131 -0.021997035024079
0.194159703019453 -0.022274178529122
0.209167440489288 -0.022487178175660
0.225137996136466 -0.022621071212671
0.242093324039228 -0.022658667495252
0.260045092891528 -0.022575118846645
0.278992352010430 -0.022335313150173
0.298919508188557 -0.021903264512374
0.319794426292222 -0.021259935246849
0.341566769928065 -0.020394680106626
0.364167716306164 -0.019305332726102
0.387509502139760 -0.017998701534350
0.411486133398320 -0.016490340356552
0.435975073165822 -0.014804832418610
0.460840084601739 -0.012979748027925
0.485935141037724 -0.011067386148836
0.511107182972595 -0.009120589218293
0.536200294589775 -0.007183771403291
0.561060643703413 -0.005296421312699
0.585540617321794 -0.003486473187601
0.609503660021302 -0.001776977502932
0.632827828018879 -0.000188809420642
0.655408291386328 0.001261737007252
0.677158556703039 0.002565962480992
0.698011119790338 0.003721632692819
0.717917363734631 0.004729649915220
0.736846433747499 0.005592277175146
0.754783705634895 0.006314865444515
0.771728685853435 0.006905799968585
0.787692905525176 0.007375578257619
0.802697905495743 0.007735595172273
0.816773040877951 0.007996275760348
0.829953585488849 0.008167393604089
0.842279091703032 0.008259077563892
0.853791823074516 0.008281274192162
0.864535468319899 0.008243371788344
0.874554246635724 0.008154289281101
0.883892087690954 0.008022303924939
0.892591909846943 0.007854159936207
0.900695177575349 0.007655352128298
0.908241667706810 0.007431142333511
0.915269233925980 0.007186477665220
0.921813627809137 0.006925709401058
0.927908362039461 0.006652155758189
0.933584820453124 0.006368859732749
0.938872303439276 0.006078707176065
0.943798073246508 0.005784366429898
0.948387413556755 0.005488198165319
0.952663641689076 0.005191838404894
0.956648286312976 0.004896631616431
0.960361241224548 0.004603912991945
0.963820858927603 0.004314960565403
0.967044045945267 0.004030963498180
0.970046356661780 0.003752998628294
0.972842046079410 0.003481827736046
0.975444168177130 0.003217940342872
0.977864721970923 0.002961854216711
0.980114727313046 0.002714100948019
0.982204293023868 0.002475201131746
0.984142681352582 0.002245648219038
0.985938368442881 0.002025898708744
0.987599090141166 0.001816320412579
0.989131857692085 0.001617029209568
0.990543063375819 0.001428144306724
0.991838540290527 0.001249859830169
0.993023595204651 0.001082415262164
0.994103039336793 0.000926073540246
0.995081216924337 0.000781105082277
0.995962031496684 0.000647776315258
0.996748969822511 0.000526341601625
0.997445123537776 0.000417037703843
0.998053208485882 0.000320080121311
0.998575581816627 0.000235660784727
0.999014256898567 0.000163946711151
0.999370916101899 0.000105079315566
0.999646921507470 0.000059174147307
0.999843323592923 0.000026320876972
0.999960867940167 0.000006583405015
1.000000000000000 0.000000000000000
