1.000000000000000 0.000000000000000
0.999961024329755 0.000009727924280
0.999843973564276 0.000039012670249
0.999648475310501 0.000088156653271
0.999373905122665 0.000157662147124
0.999019380717366 0.000248228401108
0.998583753672654 0.000360747078881
0.998065598399191 0.000496295458657
0.997463198096271 0.000656126621647
0.996774527318127 0.000841655599644
0.995997230672697 0.001054440139118
0.995128597051159 0.001296154350689
0.994165528636356 0.001568553028105
0.993104503754568 0.001873423812886
0.991941532409228 0.002212523616260
0.990672103055951 0.002587494746678
0.989291118831840 0.002999754975956
0.987792821021128 0.003450354243077
0.986170734405628 0.003939938303730
0.984417813327726 0.004469536322064
0.982526300638083 0.005040224273201
0.980487553241439 0.005652681125078
0.978291927336721 0.006307012935785
0.975928642948691 0.007002526712662
0.973385623082295 0.007737439115062
0.970649577525106 0.008509353821439
0.967706808948459 0.009317982457103
0.964542657353541 0.010163666237158
0.961141220501586 0.011046756394352
0.957485285400895 0.011967648081044
0.953556266894184 0.012926838565765
0.949334104052993 0.013925515163295
0.944797154984701 0.014966371521035
0.939922234454796 0.016053421239934
0.934684633234548 0.017192406165224
0.929058155083878 0.018391347517895
0.923014323454183 0.019657815944709
0.916521737043284 0.020996708823265
0.909546860968063 0.022413514686838
0.902054149823963 0.023914827250248
0.894005916951650 0.025507389405444
0.885361991074981 0.027195717378601
0.876080279324387 0.028983790891716
0.866117162037242 0.030875338527598
0.855427904247251 0.032873613333340
0.843967252010059 0.034981212554319
0.831690259251378 0.037199972625389
0.818552848675452 0.039528164059942
0.804512501315302 0.041957056833884
0.789530098271756 0.044472605498045
0.773571262628168 0.047050688583555
0.756608025467280 0.049653996561029
0.738621657742753 0.052236053924326
0.719607341127800 0.054750576548426
0.699575364321522 0.057147201077075
0.678554395028208 0.059381876370152
0.656593244898039 0.061417219039676
0.633761048488823 0.063218379418935
0.610147713629504 0.064755304533566
0.585863450681457 0.066015967068887
0.561037083499284 0.067009505211442
0.535811863641975 0.067742247818266
0.510341673174278 0.068215924240958
0.484787586078142 0.068433663942859
0.459313010010960 0.068400879111382
0.434078692351024 0.068125661888726
0.409237834704606 0.067619616452881
0.384931775312305 0.066898343789820
0.361286416506390 0.065980698562679
0.338409839740644 0.064885186126673
0.316390604796248 0.063631487372865
0.295297285482577 0.062241159770910
0.275178795257004 0.060736697186927
0.256065859592088 0.059138146376920
0.237972575546880 0.057463673277542
0.220898310061918 0.055731243278681
0.204830104103138 0.053957754493949
0.189744683327815 0.052159073308697
0.175611242247449 0.050347099383428
0.162392907302643 0.048532229804122
0.150048419112623 0.046724222759904
0.138534133415541 0.044930812919035
0.127804687791871 0.043159315330328
0.117814265845971 0.041415827121511
0.108518049212029 0.039703157561474
0.099871967718544 0.038024109027985
0.091833151263256 0.036381768244499
0.084361191249332 0.034777362198095
0.077417843939148 0.033211399252474
0.070966513094885 0.031685129832361
0.064972606946427 0.030199786383195
0.059404562400498 0.028753533010518
0.054232964017376 0.027344256707469
0.049429961598758 0.025971299816156
0.044969391670057 0.024634923028485
0.040828053574259 0.023334252264725
0.036985868165904 0.022066786408163
0.033423486314955 0.020831396697878
0.030122298926327 0.019628105267264
0.027064611665317 0.018457659331958
0.024234415159182 0.017319461874616
0.021617732617604 0.016210572854773
0.019201112848700 0.015129585715394
0.016971611256069 0.014076545804165
0.014916913303395 0.013052479955693
0.013025619042432 0.012058874028001
0.011292034240640 0.011093471942977
0.009713965065556 0.010151933548688
0.008286517944474 0.009232847905146
0.007002744848474 0.008337092289786
0.005854400165622 0.007467121657836
0.004832514469026 0.006626428084580
0.003928497834122 0.005819069254306
0.003136154011820 0.005049203469099
0.002448583597311 0.004321173999050
0.001858913162930 0.003638612898783
0.001363411706963 0.003002522691388
0.000956407103411 0.002415195483936
0.000633329042954 0.001880865784786
0.000388037664883 0.001404635500687
0.000211233130024 0.000991223613645
0.000097122057455 0.000643208188246
0.000034176610563 0.000364523187601
0.000007253597230 0.000161994937392
0.000000472064080 0.000040400215804
0.000000000000000 0.000000000000000
0.000000473261679 -0.000039829794458
0.000007887840057 -0.000158757114814
0.000042536980633 -0.000353704417529
0.000137261717545 -0.000616784873142
0.000317329015930 -0.000935143952724
0.000587952525408 -0.001290595938398
0.000952812241014 -0.001673038896294
0.001411822003309 -0.002082980988988
0.001968712611390 -0.002516284650461
0.002625747093230 -0.002968444840740
0.003383721968246 -0.003436986492785
0.004246077560969 -0.003920716440989
0.005215116058149 -0.004420862053916
0.006296003793295 -0.004935002884435
0.007494494459380 -0.005460298601170
0.008815568650674 -0.005995414918152
0.010263185798341 -0.006540905935328
0.011843210270036 -0.007095586969040
0.013563734700962 -0.007656230969285
0.015433273491998 -0.008219994460278
0.017460619044780 -0.008784769364198
0.019654695463652 -0.009349582850447
0.022024353558656 -0.009915128744056
0.024578739022874 -0.010483278991750
0.027329707887917 -0.011052882926294
0.030290673430451 -0.011622146587798
0.033475997107263 -0.012190072726590
0.036900975894196 -0.012756879948067
0.040581800886843 -0.013324561266722
0.044536005083502 -0.013895507558966
0.048783520737268 -0.014468711971849
0.053345995820759 -0.015042961829218
0.058246667056878 -0.015617815767178
0.063510372964762 -0.016194026892627
0.069163832794668 -0.016772705629202
0.075236381666606 -0.017352318318118
0.081759538173636 -0.017931028615721
0.088766865542216 -0.018507568970433
0.096293949162119 -0.019081320674437
0.104378668664428 -0.019649999902898
0.113060981607129 -0.020210230817035
0.122382505647628 -0.020758903621316
0.132386219751411 -0.021292917523043
0.143116288637164 -0.021807008937352
0.154617263126382 -0.022295051428764
0.166933173795625 -0.022750757922315
0.180106663028083 -0.023166321757051
0.194177711065880 -0.023532603502484
0.209182035815222 -0.023839830379778
0.225149516124950 -0.024073773849860
0.242102201036547 -0.024216218504476
0.260051997605194 -0.024244866256226
0.278998187667250 -0.024127648562305
0.298925357205515 -0.023827350823257
0.319801419683465 -0.023317080239150
0.341575954175059 -0.022581362161916
0.364179693842006 -0.021612878575114
0.387524626940149 -0.020416033486742
0.411504228036284 -0.019003415204796
0.435995464305644 -0.017395336888356
0.460861364812776 -0.015623983762915
0.485955745287547 -0.013742451960474
0.511125768916260 -0.011808648514498
0.536215534042011 -0.009867736020497
0.561071286504636 -0.007959522692466
0.585545791474529 -0.006115988852007
0.609502803271967 -0.004363338210032
0.632820514423017 -0.002722581758173
0.655394132658404 -0.001209314811555
0.677137395543799 0.000165944964666
0.697983065673401 0.001397605243244
0.717882731026004 0.002484474966941
0.736805604065252 0.003429054936223
0.754737072155427 0.004236927828704
0.771676724081613 0.004915545338022
0.787636170078274 0.005473312277138
0.802636991304781 0.005919978599526
0.816708575456149 0.006265745377739
0.829886173584223 0.006520729184639
0.842209297071849 0.006695193025352
0.853720192244962 0.006798944063911
0.864462522425835 0.006840569436347
0.874480460201639 0.006828264294575
0.883817887808928 0.006769848123936
0.892517711395497 0.006672251251989
0.900621371064855 0.006541306154106
0.908168605226951 0.006382473636845
0.915197225563156 0.006200829762916
0.921742957837945 0.006000882421169
0.927839297255709 0.005785941779439
0.933517588403480 0.005558887758617
0.938807092913234 0.005322508302111
0.943735036117997 0.005079425449861
0.948326674672349 0.004832033037134
0.952605329021307 0.004582184516842
0.956592515292707 0.004331365662053
0.960308108519522 0.004081013806223
0.963770440112533 0.003832487743776
0.966996394631101 0.003587042078141
0.970001505598396 0.003345812670698
0.972800020096883 0.003109640838570
0.975404974851856 0.002878993577656
0.977828348317878 0.002654364400021
0.980081141412189 0.002436283953602
0.982173445729622 0.002225289063954
0.984114508006203 0.002021901762986
0.985912790533515 0.001826615702981
0.987576021344004 0.001639859466990
0.989111210060356 0.001461821666375
0.990524740196978 0.001292658850915
0.991822435862331 0.001132603532988
0.993009595070792 0.000981934197214
0.994091020709459 0.000840952384123
0.995071049229368 0.000709965933381
0.995953576993986 0.000589276914701
0.996742084267533 0.000479173100442
0.997439656859851 0.000379922089047
0.998049005466947 0.000291767388139
0.998572482759676 0.000214925922328
0.999012098279614 0.000149586553109
0.999369531202612 0.000095909294079
0.999646141028101 0.000054024980038
0.999842976247023 0.000024035207982
0.999960781033928 0.000006012415451
1.000000000000000 0.000000000000000
