1.000000000000000 0.000000000000000
0.999960045811280 0.000002165208514
0.999840040303278 0.000008707449656
0.999639553737103 0.000019766874350
0.999357866829396 0.000035578073232
0.998993966148822 0.000056471556601
0.998546537619701 0.000082875766312
0.998013958081151 0.000115319553127
0.997394284835153 0.000154435024465
0.996685243101880 0.000200960630845
0.995884211285517 0.000255744311894
0.994988203938677 0.000319746461235
0.993993852298606 0.000394042389429
0.992897382253825 0.000479823860211
0.991694589586055 0.000578399140369
0.990380812319661 0.000691190829282
0.988950900000061 0.000819730508842
0.987399179714434 0.000965648964305
0.985719418380629 0.001130662712552
0.983904768274459 0.001316661733333
0.981947708335147 0.001525789672582
0.979840001890027 0.001760339636732
0.977572638602719 0.002022728250811
0.975135769540217 0.002315467336399
0.972518635932822 0.002641120848776
0.969709491166071 0.003002242269870
0.966695527687975 0.003401551402034
0.963462818437199 0.003842562261108
0.959996203873933 0.004329157368862
0.956279185794736 0.004865439277273
0.952293820387453 0.005455685291007
0.948020605329828 0.006104275956897
0.943438368665525 0.006815743254616
0.938524174355683 0.007595231474416
0.933253190318389 0.008448124241821
0.927598564530399 0.009379776345398
0.921531311600353 0.010395314269653
0.915020205111853 0.011499459795017
0.908031672504570 0.012696628400074
0.900529730180272 0.013990325040213
0.892475945777364 0.015382479050893
0.883829411178371 0.016872492270786
0.874546553325868 0.018454152800676
0.864581238064709 0.020114323112627
0.853885017557979 0.021831841377596
0.842408835378906 0.023582469806455
0.830106185335878 0.025350095281524
0.816932277795869 0.027116685533706
0.802845525597963 0.028866313225444
0.787810361787083 0.030599502773821
0.771798466490119 0.032325479361171
0.754788899407681 0.034049963500667
0.736769021029255 0.035767888633577
0.717738453847533 0.037473471789233
0.697710726909816 0.039153532613583
0.676715700219157 0.040791623248265
0.654801714199011 0.042375930656720
0.632036782937128 0.043900323688261
0.608508293570734 0.045353607327944
0.584322137961334 0.046714971928766
0.559602062914005 0.047966086189042
0.534487356776632 0.049095119320434
0.509128982082433 0.050090628884395
0.483685117232785 0.050938645407085
0.458316624525177 0.051629574732502
0.433182146218068 0.052160550646394
0.408433130027414 0.052529411492003
0.384209487299329 0.052731456347504
0.360636137929776 0.052767127883274
0.337820522194166 0.052643447655456
0.315850950125623 0.052368925084584
0.294796220591696 0.051949614041925
0.274705739553605 0.051394484397687
0.255610861344624 0.050715416430412
0.237526280551400 0.049926108375533
0.220452528291629 0.049036957915503
0.204377808247334 0.048057690957619
0.189280109183343 0.046999553779701
0.175129669051917 0.045873754090188
0.161890360331743 0.044692384206799
0.149522117758072 0.043465101843443
0.137982272583961 0.042199792209825
0.127226181472651 0.040905361606948
0.117209129510117 0.039588983849992
0.107886875308600 0.038256746014596
0.099215590369637 0.036915593226419
0.091153087945073 0.035571050138445
0.083659609391704 0.034225892715519
0.076696804481135 0.032883879309027
0.070227993446272 0.031549475721167
0.064219543534994 0.030225023374383
0.058640438222668 0.028911589189871
0.053461014980332 0.027611489589128
0.048653140595938 0.026327802070540
0.044191216967945 0.025062153352969
0.040052444012908 0.023814010303960
0.036215057848392 0.022584100818389
0.032658334544661 0.021374219914893
0.029362810269058 0.020186668986682
0.026312394184756 0.019021412165724
0.023493449139560 0.017877015014033
0.020892204802203 0.016753673021795
0.018494990360066 0.015652786825967
0.016288495465467 0.014576522939695
0.014260958805748 0.013526227491529
0.012404189799490 0.012499808625497
0.010709739238830 0.011496457061849
0.009168405758310 0.010517197114415
0.007770656972679 0.009564299278108
0.006506939385094 0.008640838282753
0.005369704492270 0.007749469868161
0.004360710203718 0.006888645158019
0.003480187059191 0.006057860974493
0.002723489265435 0.005259229820062
0.002082682445849 0.004496625766371
0.001548008781545 0.003775077146833
0.001111000920165 0.003100772671126
0.000762639432929 0.002480060427660
0.000493752755454 0.001918918789102
0.000295908272691 0.001422873235495
0.000157930624313 0.000996403069248
0.000070456489462 0.000642536912605
0.000024082476852 0.000363550441974
0.000005096370554 0.000161990229224
0.000000331677523 0.000040478340545
0.000000000000000 0.000000000000000
0.000000335049249 -0.000040113220220
0.000005585145723 -0.000160237627630
0.000030180451456 -0.000358429201193
0.000103706526546 -0.000627123134880
0.000263811612786 -0.000951820581266
0.000526348191236 -0.001315905061875
0.000887282513533 -0.001703692697175
0.001346856339453 -0.002112553298725
0.001903330195040 -0.002544917847775
0.002559685076514 -0.002997733092006
0.003315166626074 -0.003470991613583
0.004171611572918 -0.003965012846455
0.005131889766234 -0.004482046452698
0.006199838632579 -0.005022245382720
0.007382531820696 -0.005578749938618
0.008687497112633 -0.006145295645821
0.010122310496873 -0.006717937112213
0.011694594783708 -0.007293610832474
0.013411804455439 -0.007870506638246
0.015280925020857 -0.008448668423601
0.017308071624872 -0.009030781392617
0.019498232389925 -0.009622732760860
0.021859242754178 -0.010227017612547
0.024402630227288 -0.010841483018879
0.027141046402694 -0.011463897719521
0.030088251808569 -0.012092235163757
0.033259184679441 -0.012724869714725
0.036670020481436 -0.013360775342092
0.040338121094953 -0.013998455947881
0.044282032033086 -0.014635808327831
0.048521546036685 -0.015271288510551
0.053077666111706 -0.015904329014683
0.057972533482333 -0.016535821197791
0.063230378022258 -0.017166177093614
0.068878575973860 -0.017793160758791
0.074946614155103 -0.018414753188043
0.081465985232820 -0.019029822890962
0.088470199013857 -0.019638222712825
0.095995010787330 -0.020238401148366
0.104078220050684 -0.020828558149270
0.112759354467052 -0.021408179886722
0.122079494968968 -0.021977944367505
0.132081630373947 -0.022536244845008
0.142809885928601 -0.023081115254694
0.154308650619463 -0.023611856323324
0.166621938384006 -0.024126334812440
0.179792461739673 -0.024619465790178
0.193860192713143 -0.025086127001661
0.208860952446175 -0.025521507938606
0.224824752592134 -0.025921404186377
0.241773733916131 -0.026282505264396
0.259720203796494 -0.026597544102201
0.278664433676708 -0.026855202408132
0.298592371141265 -0.027045359588269
0.319473626279200 -0.027164430427364
0.341259817623490 -0.027212023718473
0.363883604754704 -0.027186613334376
0.387258260654397 -0.027086928133047
0.411278179655496 -0.026915267201507
0.435820390325736 -0.026677724025939
0.460746986296967 -0.026377894271148
0.485908583812347 -0.026013858097055
0.511148654328395 -0.025587463907723
0.536308328686854 -0.025107442972223
0.561231172126887 -0.024581150567439
0.585767838240864 -0.024009338417501
0.609780487581900 -0.023394639145132
0.633146362824696 -0.022746128496865
0.655760136518153 -0.022072630564027
0.677535168055457 -0.021375144931223
0.698404234541209 -0.020653740876213
0.718319353183991 -0.019914617576438
0.737250576573110 -0.019167186066601
0.755184092849123 -0.018417077527596
0.772120119950890 -0.017663840874789
0.788071007238885 -0.016907613525117
0.803058867297999 -0.016148018242295
0.817113579012572 -0.015384883188462
0.830271054359041 -0.014620164684098
0.842571733540419 -0.013862188929826
0.854058808173773 -0.013120364929080
0.864776770877125 -0.012401435431833
0.874770313704510 -0.011707719319162
0.884083605146837 -0.011038776729845
0.892759813806797 -0.010394302120361
0.900840560656952 -0.009773282626535
0.908365219972783 -0.009170484648691
0.915371219760421 -0.008581148737618
0.921894090320403 -0.008002566295225
0.927967362054687 -0.007433717674508
0.933622700205810 -0.006877298064994
0.938889740653578 -0.006337198558125
0.943795971991903 -0.005816184957649
0.948366830291685 -0.005316110339086
0.952625827301575 -0.004838254040693
0.956594821152779 -0.004384555105234
0.960293979313926 -0.003956693567449
0.963741778721959 -0.003555405696945
0.966955142375160 -0.003180731911318
0.969949567004211 -0.002832216671873
0.972739252610538 -0.002509182533927
0.975337286965099 -0.002211614578652
0.977755657320181 -0.001939378945569
0.980005291412529 -0.001691797867070
0.982096151722443 -0.001467820122986
0.984037319869539 -0.001266153552977
0.985837071885578 -0.001085364558747
0.987502944332568 -0.000923971677648
0.989041781734060 -0.000780729291791
0.990459800912729 -0.000654471244767
0.991762650796415 -0.000543921129677
0.992955452930762 -0.000447751883031
0.994042837574237 -0.000364634912465
0.995028976047315 -0.000293276293769
0.995917609628368 -0.000232443066470
0.996712075258636 -0.000180981999629
0.997415328290358 -0.000137832682284
0.998029962485613 -0.000102036386035
0.998558227448562 -0.000072741827181
0.999002043650418 -0.000049208703611
0.999363015184475 -0.000030809682816
0.999642440367799 -0.000017031359882
0.999841320286401 -0.000007474579033
0.999960365361959 -0.000001854411486
1.000000000000000 0.000000000000000
