1.000000000000000 0.000000000000000
0.999960056886882 0.000004598277903
0.999840087306616 0.000018451468033
0.999639669662125 0.000041735103971
0.999358098370339 0.000074743285535
0.998994379456410 0.000117890980441
0.998547224337783 0.000171717216234
0.998015041750141 0.000236889126998
0.997395927753338 0.000314206801467
0.996687653741384 0.000404608854853
0.995887652366483 0.000509178613580
0.994993001272983 0.000629150757486
0.994000404523093 0.000765918204103
0.992906171582502 0.000921038940004
0.991706193720799 0.001096242398817
0.990395917669325 0.001293434846984
0.988970316368163 0.001514703057019
0.987423856625105 0.001762315311559
0.985750463503512 0.002038718474123
0.983943468786196 0.002346536868840
0.981995516715843 0.002688586600026
0.979898528176742 0.003067842286856
0.977643647503787 0.003487397452333
0.975221171054750 0.003950414213583
0.972620467065869 0.004460050373408
0.969829885585875 0.005019356621000
0.966836668952269 0.005631237686757
0.963626969507333 0.006299406838048
0.960185738839404 0.007028288098818
0.956496554920296 0.007822443742310
0.952541496306140 0.008686475074145
0.948301005383834 0.009624890508370
0.943753754310919 0.010642005392572
0.938876664482701 0.011742689896551
0.933644759478999 0.012932195123395
0.928030932961303 0.014215484142766
0.922005795988492 0.015596943400540
0.915537540824094 0.017080085304887
0.908591946688259 0.018667811841700
0.901132244743799 0.020361807624715
0.893118959440908 0.022161570430177
0.884509847553477 0.024063464974510
0.875259975343049 0.026058407873473
0.865321764868369 0.028130217873643
0.854645059256314 0.030254289545334
0.843179146045962 0.032402812157929
0.830876749848339 0.034557264283477
0.817692809354507 0.036698129317973
0.803585871018050 0.038809345947728
0.788520654478658 0.040891323099521
0.772469621129625 0.042953739916660
0.755412060373613 0.044999815815573
0.737335159882482 0.047020978183278
0.718238559721101 0.049007805022099
0.698135834773498 0.050943748046072
0.677057214618531 0.052810679378166
0.655051491707685 0.054594706105050
0.632187212160681 0.056285883062557
0.608552293261929 0.057868094907888
0.584253466129526 0.059318945063402
0.559415551799285 0.060619538912852
0.534178950845432 0.061755944008595
0.508695828845248 0.062714826554205
0.483125734844633 0.063483483188313
0.457630962099805 0.064054371302319
0.432371491903118 0.064425392107361
0.407500099344949 0.064594862765607
0.383157961946061 0.064562081714433
0.359471194165189 0.064332172619071
0.336548188361642 0.063915472702309
0.314478151898423 0.063322654598408
0.293330515630719 0.062564524972210
0.273155214321915 0.061654875648158
0.253983898094016 0.060609506510767
0.235831472881741 0.059444578804421
0.218698679871275 0.058172730258841
0.202573480151111 0.056807982329080
0.187433886657315 0.055364232976718
0.173249711493483 0.053855648061339
0.159984511723067 0.052295882557564
0.147598188506876 0.050694920948866
0.136047339749919 0.049063228773522
0.125287014864336 0.047410650901042
0.115272400682748 0.045744631060461
0.105958390978576 0.044073200865989
0.097300681330515 0.042403740672180
0.089257432095353 0.040739878724207
0.081788077047568 0.039085634716117
0.074853388548999 0.037445969758582
0.068417089010774 0.035824151196104
0.062445873747843 0.034221724641952
0.056907684339849 0.032641369822678
0.051771924020822 0.031086470855507
0.047010694943055 0.029558559650182
0.042598959769233 0.028056919726906
0.038512731403476 0.026582213891977
0.034729142332302 0.025136206048354
0.031226945391753 0.023720965205911
0.027989402823356 0.022335912979316
0.025001551258584 0.020980170197100
0.022248115994756 0.019654339562766
0.019713909120071 0.018360003789921
0.017384188802927 0.017099249856611
0.015246562668055 0.015871774097744
0.013290607807903 0.014675475671284
0.011505484372419 0.013510119920682
0.009880174613822 0.012376941628854
0.008403777686528 0.011278152178982
0.007065908486604 0.010216498218206
0.005863357680393 0.009192440738324
0.004798309013739 0.008204693256781
0.003868149914375 0.007254092206162
0.003066399361263 0.006343147865289
0.002384024829949 0.005475467180637
0.001810456526720 0.004655314035575
0.001335419249320 0.003887537153349
0.000950435605644 0.003177545105313
0.000645871047867 0.002530241739230
0.000413575273094 0.001950096541607
0.000244690648658 0.001440919217940
0.000128439095394 0.001005691343721
0.000056398661101 0.000646446151871
0.000018971313543 0.000364824151589
0.000003960162867 0.000162386199577
0.000000255914126 0.000040584091130
0.000000000000000 0.000000000000000
0.000000255922126 -0.000040122385368
0.000004239389340 -0.000160461284656
0.000022690290707 -0.000360120680937
0.000077205124870 -0.000634861665564
0.000201978572821 -0.000974140260793
0.000421932244994 -0.001364715807183
0.000740591842029 -0.001791478390249
0.001157948066906 -0.002245598699967
0.001672683046245 -0.002728500674892
0.002286699558036 -0.003238804867321
0.003002477705410 -0.003774200830027
0.003820541258235 -0.004334109231125
0.004745185395199 -0.004916311912622
0.005780221322025 -0.005519736533598
0.006931914613980 -0.006141222120066
0.008208073452078 -0.006776528267076
0.009616531704830 -0.007421984895419
0.011164888413225 -0.008074885495524
0.012860164354928 -0.008734000875716
0.014708345374962 -0.009400254308852
0.016713779873471 -0.010077604039717
0.018880304080151 -0.010771693433011
0.021217383022169 -0.011481985380413
0.023736911975085 -0.012206114150290
0.026451891730657 -0.012941836365904
0.029376512833093 -0.013687199257115
0.032526241839387 -0.014440776548731
0.035917810359547 -0.015201654984057
0.039568768590651 -0.015968031100984
0.043497646542880 -0.016738102256231
0.047724032289328 -0.017510911198272
0.052268452130948 -0.018286827753549
0.057152341874785 -0.019067876868779
0.062400142415672 -0.019853941359408
0.068039528189038 -0.020642650416692
0.074100202590920 -0.021432111379371
0.080613870556857 -0.022221388018185
0.087614272596625 -0.023010152979656
0.095137316330126 -0.023796672619647
0.103220787988016 -0.024579756095185
0.111904052016690 -0.025359864425171
0.121228103840549 -0.026138043049503
0.131236167017858 -0.026912054542920
0.141972529408262 -0.027679666970025
0.153481712398902 -0.028439697060553
0.165807915923347 -0.029188932921560
0.178993972861104 -0.029922273540887
0.193079899254532 -0.030634960188675
0.208101621255340 -0.031321826819985
0.224089268410655 -0.031977470106154
0.241065050051659 -0.032596935316550
0.259041376672661 -0.033171566683781
0.278018562174903 -0.033690462843135
0.297982534103263 -0.034144020543198
0.318902832524772 -0.034526243602377
0.340730937199217 -0.034832927753401
0.363399330914781 -0.035058748576418
0.386821011950379 -0.035199296361028
0.410890026523580 -0.035252753251910
0.435482958603015 -0.035219874439615
0.460461436359860 -0.035099220827574
0.485675623824805 -0.034887073717042
0.510968492374284 -0.034583867806445
0.536180598997399 -0.034194823597666
0.561154927995416 -0.033723602451748
0.585741632238860 -0.033170495119782
0.609802419270169 -0.032539240947675
0.633214055492132 -0.031838363708873
0.655870733276336 -0.031074998461906
0.677685373050585 -0.030249901863399
0.698590471330394 -0.029365841371858
0.718537726889946 -0.028431201008049
0.737496917140124 -0.027455949184258
0.755453838002178 -0.026442979240436
0.772408456097396 -0.025391121884231
0.788372600421518 -0.024298507498221
0.803366480605509 -0.023152693958015
0.817418671963346 -0.021946019847598
0.830565074174861 -0.020686727258986
0.842847161683424 -0.019400405047159
0.854309131165818 -0.018109240289667
0.864997050053132 -0.016833588881827
0.874958256709087 -0.015595140364253
0.884239078354630 -0.014409543971080
0.892884108222029 -0.013286293818598
0.900935339963418 -0.012225451284944
0.908432471790324 -0.011222853563935
0.915413264424550 -0.010274847350655
0.921913419093452 -0.009378332937099
0.927966758227753 -0.008532480446233
0.933605075629301 -0.007737673950069
0.938857870432474 -0.006993328267714
0.943752442680289 -0.006298107730518
0.948314024499083 -0.005650254398838
0.952566072230020 -0.005048948557022
0.956530275596876 -0.004493635813308
0.960226511793272 -0.003982943674575
0.963672990274154 -0.003514928291161
0.966886391216015 -0.003087289748630
0.969881996367621 -0.002697593119845
0.972673860756477 -0.002344266216845
0.975274880728323 -0.002026077066249
0.977696833976035 -0.001741289226239
0.979950475856691 -0.001487828976451
0.982045627445497 -0.001263433382736
0.983991254451123 -0.001065759075244
0.985795537744853 -0.000892462425000
0.987465910944547 -0.000741410223473
0.989009109535667 -0.000610765131442
0.990431279953945 -0.000498664780445
0.991738024482339 -0.000403243170217
0.992934435746093 -0.000322678563371
0.994025128326070 -0.000255227571039
0.995014267571101 -0.000199248794890
0.995905595707697 -0.000153218643783
0.996702455354928 -0.000115741358591
0.997407810555590 -0.000085554821536
0.998024265433440 -0.000061533369111
0.998554080581578 -0.000042688548606
0.998999187279878 -0.000028168540409
0.999361199630381 -0.000017256798029
0.999641424689356 -0.000009370324605
0.999840870663598 -0.000004057899995
0.999960253226832 -0.000000998489669
1.000000000000000 0.000000000000000
