1.000000000000000 0.000000000000000
0.999959923269640 0.000001626763293
0.999839548190597 0.000006531408892
0.999638439148274 0.000014787147754
0.999355866941021 0.000026516472989
0.998990803985085 0.000041891856159
0.998541917543195 0.000061136688712
0.998007560918011 0.000084526431826
0.997385762534259 0.000112389922361
0.996674212815543 0.000145110762899
0.995870248743527 0.000183128698434
0.994970835968376 0.000226940849506
0.993972548320035 0.000277102629085
0.992871544550206 0.000334228115633
0.991663542114886 0.000398989583812
0.990343787787231 0.000472115802751
0.988907024870746 0.000554388593967
0.987347456763777 0.000646636989353
0.985658705948865 0.000749743868675
0.983833766172724 0.000864710526757
0.981864953872212 0.000992626394496
0.979743854267409 0.001134644125772
0.977461261379697 0.001291968308224
0.975007112391023 0.001465838070402
0.972370416010832 0.001657501521066
0.969539176531790 0.001868221408666
0.966500328944305 0.002099639108541
0.963239649372051 0.002353740758487
0.959741653746995 0.002632694762679
0.955989499051546 0.002938854894383
0.951964879899671 0.003274761005864
0.947647921565749 0.003643141320536
0.943017073644613 0.004047029997744
0.938049001628477 0.004489786862040
0.932718479286376 0.004975014186685
0.926998289613012 0.005506533634379
0.920859138594061 0.006088359091842
0.914269615626551 0.006725058073941
0.907196177019924 0.007422024995325
0.899603127604350 0.008185137220019
0.891452677006946 0.009020720592644
0.882705075795431 0.009935636947348
0.873318862328915 0.010937628604802
0.863251175172540 0.012035113182887
0.852458208768786 0.013237069662336
0.840895781410131 0.014552593845506
0.828520065043482 0.015990247434104
0.815288642795818 0.017558180831127
0.801161636396620 0.019263121312135
0.786102789181199 0.021107405284802
0.770081293989263 0.023089314502395
0.753073886443225 0.025204091862160
0.735067245735937 0.027446373709314
0.716059874653253 0.029807061721885
0.696064096893726 0.032271221683176
0.675108011973993 0.034817316857505
0.653237399378555 0.037418697755541
0.630517236190202 0.040045838713818
0.607031785982979 0.042663786697893
0.582884021340709 0.045228865726567
0.558194525179612 0.047693693411718
0.533100195956617 0.050015649223788
0.507750301959541 0.052155309011415
0.482302327139492 0.054075486818968
0.456917056255785 0.055744453444072
0.431754113796230 0.057140992473671
0.406966541398724 0.058252108345363
0.382696443310679 0.059070338941622
0.359071078083331 0.059596209980189
0.336200476527405 0.059840104473280
0.314175306888797 0.059819076455367
0.293066380424082 0.059554776969449
0.272924718725836 0.059071745026370
0.253782913394182 0.058393833266545
0.235656552380589 0.057545181517729
0.218546888380912 0.056545441475220
0.202442678719097 0.055412088630822
0.187322213686878 0.054163758016263
0.173155919561918 0.052818648850015
0.159907589581346 0.051395170234994
0.147537070661487 0.049908603519216
0.136001376274058 0.048372393209635
0.125255442070395 0.046799975640196
0.115254352022704 0.045201731877938
0.105953357236366 0.043587019150716
0.097308071434272 0.041965333382162
0.089276331138851 0.040342887792015
0.081818023686634 0.038724015812557
0.074894218548008 0.037114064673640
0.068468009006429 0.035518081605229
0.062506026010489 0.033938231547655
0.056976571671827 0.032377036724833
0.051849273991748 0.030837932581222
0.047095745251017 0.029324018147093
0.042691190803113 0.027835055105173
0.038612299784409 0.026371169026988
0.034836629355551 0.024933832580293
0.031342846283515 0.023525304060994
0.028112581983233 0.022146501346326
0.025130904404433 0.020796323319714
0.022382841634421 0.019474997910988
0.019853429383098 0.018183901039028
0.017528031734236 0.016925122757064
0.015393445112614 0.015700159184000
0.013439831420260 0.014507677517486
0.011657293871131 0.013347309776348
0.010035402523110 0.012220133910149
0.008563579454986 0.011128192044410
0.007231377796841 0.010074131551702
0.006030966122677 0.009059943913538
0.004962480178023 0.008084499176837
0.004023927109002 0.007147847559795
0.003209584301655 0.006251845245316
0.002511254667110 0.005399555275641
0.001919253532367 0.004594789200120
0.001424851619136 0.003841744461199
0.001020784926602 0.003144741567184
0.000698398650672 0.002508114767448
0.000450536225797 0.001936295465620
0.000268224269653 0.001433251746924
0.000141352840936 0.001002151132102
0.000062683666166 0.000645054121649
0.000021368902901 0.000364104315816
0.000004458656821 0.000161840441000
0.000000287519627 0.000040412015800
0.000000000000000 0.000000000000000
0.000000287681389 -0.000039968701227
0.000004756718985 -0.000159730151665
0.000025386684561 -0.000358109369096
0.000085812628090 -0.000630705091087
0.000215598304676 -0.000968941031577
0.000432639141806 -0.001360957234537
0.000740725663213 -0.001792665985598
0.001143742381827 -0.002258374921046
0.001641341854123 -0.002757935911879
0.002238154486519 -0.003287129263952
0.002936080100646 -0.003842926460486
0.003737463279601 -0.004423330839995
0.004646320612380 -0.005027535415928
0.005666246622619 -0.005654771515401
0.006803865951865 -0.006299027237571
0.008067005341125 -0.006954856129337
0.009463782894393 -0.007617955736908
0.011002032476852 -0.008285032758445
0.012688929986875 -0.008954355665880
0.014530497663194 -0.009626483367148
0.016530950568260 -0.010305218492869
0.018693994118030 -0.010996039334960
0.021029201152027 -0.011697935810500
0.023548476634212 -0.012408213894343
0.026264712742515 -0.013124491449930
0.029191826078022 -0.013844953194964
0.032344782446169 -0.014568700726417
0.035739664403321 -0.015295210052849
0.039393833191814 -0.016021944497755
0.043325810612721 -0.016746213169819
0.047555188264258 -0.017466006975078
0.052102512993554 -0.018180447492969
0.056989556651630 -0.018889460920679
0.062241454036223 -0.019589629246352
0.067885887087371 -0.020276128612209
0.073952471528139 -0.020944271862767
0.080472740598121 -0.021589822770869
0.087480318950870 -0.022208077277994
0.095010969669573 -0.022793404238681
0.103102204831798 -0.023340884942732
0.111793020294175 -0.023846985224422
0.121124430567587 -0.024308114427980
0.131139379474106 -0.024720620527123
0.141881556848146 -0.025083362941521
0.153394864703428 -0.025396562684266
0.165723166283733 -0.025655661227604
0.178908860266928 -0.025856140584176
0.192991554343346 -0.025994976633869
0.208006908786795 -0.026068437687013
0.223984711692417 -0.026074368000622
0.240946918511449 -0.026011336865092
0.258905700021849 -0.025874764278256
0.277861110937416 -0.025661007484996
0.297798981266609 -0.025367456652123
0.318688918217240 -0.024993015560715
0.340482606643348 -0.024537593840159
0.363112712692621 -0.024000029158565
0.386492512907236 -0.023381464131509
0.410516524537611 -0.022688071571708
0.435061907369179 -0.021928954574710
0.459990850008349 -0.021110420366027
0.485154095534618 -0.020238388698156
0.510395348000237 -0.019323227711831
0.535555963119373 -0.018378144205577
0.560479652172600 -0.017412944399090
0.585017246147081 -0.016434386785192
0.609031107181050 -0.015450845160519
0.632398595274543 -0.014472195941892
0.655014472580182 -0.013506935736447
0.676792367592355 -0.012561354027133
0.697665360240396 -0.011641696259989
0.717585726726996 -0.010757226363887
0.736523624120005 -0.009915970968310
0.754465298857247 -0.009121765513020
0.771411123219777 -0.008375222883689
0.787373531349948 -0.007676309784195
0.802374882489315 -0.007025822256341
0.816445297002570 -0.006423956541233
0.829620690336622 -0.005869608826811
0.841941034610603 -0.005359995276724
0.853448934749784 -0.004891915378686
0.864188411939711 -0.004462276793343
0.874203914577013 -0.004068681457399
0.883539505835775 -0.003709024171500
0.892238235071481 -0.003381040672571
0.900341684457756 -0.003082338054150
0.907889639670342 -0.002810193528157
0.914919895344165 -0.002561981805446
0.921468137912549 -0.002335349647634
0.927567889351333 -0.002128199430249
0.933250509475770 -0.001938881253006
0.938545229442299 -0.001766091821546
0.943479207811026 -0.001608560203965
0.948077615413891 -0.001465056504674
0.952363733277660 -0.001334407236405
0.956359051753454 -0.001215297805146
0.960083377267988 -0.001106217266388
0.963554953985579 -0.001005895263206
0.966790570423367 -0.000913295898403
0.969805661337190 -0.000827570823964
0.972614405285053 -0.000748022066950
0.975229818099696 -0.000674098307855
0.977663840728306 -0.000605394497826
0.979927417677196 -0.000541561185878
0.982030572310070 -0.000482286226860
0.983982476858033 -0.000427290192527
0.985791516835217 -0.000376322502277
0.987465350100318 -0.000329158148538
0.989010962012805 -0.000285643051902
0.990434716955080 -0.000245787233713
0.991742398134703 -0.000209562779043
0.992939247398032 -0.000176874795308
0.994030002359670 -0.000147583528428
0.995018929742355 -0.000121521468558
0.995909855203735 -0.000098506524860
0.996706189902182 -0.000078352123372
0.997410954029825 -0.000060874903273
0.998026797517416 -0.000045900544871
0.998556018092871 -0.000033268149852
0.999000576853280 -0.000022833504432
0.999362111489007 -0.000014471484251
0.999641947278169 -0.000008077802169
0.999841105950132 -0.000003570253441
0.999960312497785 -0.000000889574537
1.000000000000000 0.000000000000000
