1.000000000000000 0.000000000000000
0.999959755867452 0.000000532179944
0.999838877817942 0.000002164550598
0.999636927951903 0.000005004765732
0.999353173282491 0.000009232775000
0.998986580977278 0.000015101574852
0.998535811642678 0.000022938178478
0.997999210596959 0.000033144716366
0.997374797062043 0.000046199543032
0.996660251188553 0.000062658180687
0.995852898812728 0.000083153873877
0.994949693828123 0.000108397456816
0.993947198039501 0.000139176142647
0.992841558351354 0.000176350725267
0.991628481129355 0.000220850532362
0.990303203560426 0.000273665273507
0.988860461826560 0.000335832677698
0.987294455900211 0.000408420495425
0.985598810483603 0.000492504778767
0.983766521021237 0.000589286303635
0.981789896559225 0.000700183651381
0.979660514416540 0.000826698617408
0.977369161100048 0.000970386376396
0.974905766840415 0.001132825489033
0.972259334153429 0.001315574638382
0.969417860124226 0.001520112057784
0.966368260543775 0.001748031122928
0.963096301277606 0.002001670312833
0.959586492425662 0.002283694607474
0.955821986269198 0.002596977357107
0.951784473901233 0.002944589799124
0.947454078023908 0.003329778467423
0.942809247672893 0.003756034505489
0.937826667921655 0.004227526197441
0.932481148200903 0.004748899579457
0.926745521414256 0.005325153804478
0.920590560148358 0.005961613639036
0.913984914902637 0.006663952522358
0.906895098845394 0.007438687206997
0.899285488376567 0.008293033281561
0.891118372811302 0.009234656914853
0.882354080178499 0.010271605606127
0.872951222469050 0.011412700626880
0.862867037615765 0.012667714623468
0.852057820432528 0.014046847766732
0.840479503502847 0.015560339778479
0.828088169374505 0.017216632320322
0.814841048942480 0.019021989079120
0.800697756844440 0.020980040015065
0.785620742893262 0.023084841882730
0.769576543354842 0.025317436485500
0.752538320539327 0.027649180788656
0.734490183353691 0.030055486251639
0.715429009934937 0.032512882544743
0.695366509565920 0.034999171834632
0.674332919295505 0.037506273366601
0.652377111573790 0.040027920224147
0.629566229383801 0.042548832970379
0.605986656509729 0.045048539011425
0.581743322610014 0.047496970640519
0.556958472202695 0.049857626079191
0.531770338684125 0.052098888102727
0.506329622216256 0.054194819937155
0.480794786917623 0.056122458726789
0.455327205474252 0.057862348661505
0.430085927424028 0.059393825630936
0.405222897646276 0.060697301459406
0.380879064277064 0.061755518942853
0.357180686467042 0.062556094977505
0.334237005483429 0.063096066485187
0.312138347471530 0.063380495333216
0.290955601930072 0.063415246401996
0.270740297488133 0.063208445470104
0.251525784839763 0.062774334446615
0.233328835267929 0.062131866667991
0.216151246534122 0.061302272694277
0.199982545000640 0.060306414455296
0.184801391028386 0.059166351997481
0.170578724799306 0.057901420092566
0.157278962536585 0.056530500218957
0.144862048951302 0.055070871124002
0.133286016226414 0.053534690724651
0.122506403555496 0.051935223428594
0.112478281469562 0.050284996565483
0.103157689468413 0.048594295168784
0.094500542627961 0.046874315803867
0.086464105967846 0.045135137120998
0.079008734988625 0.043382983424761
0.072095795903970 0.041624765344738
0.065687878771404 0.039868069649107
0.059751087200339 0.038117870404449
0.054254168438062 0.036377752017491
0.049166718037602 0.034652443105674
0.044459672133128 0.032947068443508
0.040107792342994 0.031263669957510
0.036088414787069 0.029602831019343
0.032379184433210 0.027966685029908
0.028958391905210 0.026358365188276
0.025806435127908 0.024780621655646
0.022908339321675 0.023233691112288
0.020249291184551 0.021718569665620
0.017814019799272 0.020237372672803
0.015587271389859 0.018792882760280
0.013554974206605 0.017387571184517
0.011707664634401 0.016020850616089
0.010036014028464 0.014692559258995
0.008529451589258 0.013404013176474
0.007176763856073 0.012157506814247
0.005966538200736 0.010955940263739
0.004889537919560 0.009802170026805
0.003944757276873 0.008697745616903
0.003129330798766 0.007644641300678
0.002436457219147 0.006645556544583
0.001856745814201 0.005703616061238
0.001379252554988 0.004822145576147
0.000993050924930 0.004004854880496
0.000688562661748 0.003256042812324
0.000455315391422 0.002579293977506
0.000283402489796 0.001977807411523
0.000163168531710 0.001454198817109
0.000084143238253 0.001010067114457
0.000036437748373 0.000646309430656
0.000012007185101 0.000363400767163
0.000002438471685 0.000161443377085
0.000000154889613 0.000040348561193
0.000000000000000 0.000000000000000
0.000000153042524 -0.000039889604012
0.000002495860490 -0.000159788925183
0.000013105895061 -0.000360209807715
0.000043961703176 -0.000640510299868
0.000115898169354 -0.000996385517306
0.000261890291603 -0.001416704223501
0.000510297996473 -0.001887160217893
0.000865929763706 -0.002394490255784
0.001326696936258 -0.002930025080348
0.001890890384956 -0.003494616600219
0.002559562842370 -0.004087347288137
0.003335799276099 -0.004705472376739
0.004220645458328 -0.005348161120127
0.005218283324226 -0.006014653835770
0.006332033020552 -0.006705960888198
0.007567378265685 -0.007419629897953
0.008931842769675 -0.008151614973899
0.010433963075468 -0.008898369383992
0.012082281389556 -0.009657113775008
0.013885030891556 -0.010426269266207
0.015849754780610 -0.011206034464234
0.017982797363141 -0.011999144926194
0.020289359236493 -0.012810919337476
0.022778980213170 -0.013642274487594
0.025464609391141 -0.014491108977462
0.028360253030732 -0.015355575867555
0.031480981013588 -0.016234339729880
0.034842933767928 -0.017126897442251
0.038463407004426 -0.018033396777125
0.042361343679855 -0.018951980649165
0.046557129219688 -0.019880137633278
0.051072402524536 -0.020815804695159
0.055929955158639 -0.021757732678355
0.061153951731840 -0.022705194920920
0.066771898297302 -0.023654151163451
0.072813922863647 -0.024598823140237
0.079312140237339 -0.025533072970760
0.086300593056686 -0.026450570984919
0.093815450153948 -0.027344212072011
0.101894888982811 -0.028206228224671
0.110578580297965 -0.029029178587082
0.119907421051629 -0.029806246208634
0.129924301462476 -0.030529443685324
0.140673192887389 -0.031190940810769
0.152197917310670 -0.031784778175855
0.164541944846516 -0.032303805264828
0.177747594572453 -0.032738761969694
0.191854101099781 -0.033082337869882
0.206896623544560 -0.033328874769208
0.222904675338682 -0.033475068544486
0.239899717246341 -0.033521409925896
0.257893571715400 -0.033464426226198
0.276886041274765 -0.033299993678732
0.296862628185384 -0.033026219668516
0.317792686886432 -0.032642533496959
0.339627616903972 -0.032151276825281
0.362299856137461 -0.031553969886199
0.385722446193148 -0.030854387073731
0.409789687963465 -0.030061246134974
0.434378594301594 -0.029187612913887
0.459351235495992 -0.028245259250486
0.484558212316208 -0.027244342033438
0.509843075504472 -0.026198692543365
0.535047091061217 -0.025125677067991
0.560013898310413 -0.024039942994115
0.584594173955658 -0.022950911276263
0.608650106976350 -0.021868443681344
0.632058936390107 -0.020804181906716
0.654715298349482 -0.019767691735561
0.676532570140303 -0.018763023888017
0.697443547597735 -0.017792696256674
0.717400170652100 -0.016860314954733
0.736372348035028 -0.015969470581041
0.754346190217209 -0.015121538625388
0.771321969857077 -0.014315061269801
0.787312071472175 -0.013548458317948
0.802338846984046 -0.012821234292431
0.816432478095375 -0.012133425205724
0.829628981744410 -0.011484493374590
0.841968428232312 -0.010872211927956
0.853493506651329 -0.010293624982606
0.864248346337886 -0.009746275493874
0.874277513982502 -0.009228388859648
0.883625210954204 -0.008738839223212
0.892334627694486 -0.008276516021529
0.900447483376195 -0.007840229276442
0.908003649085815 -0.007427789237612
0.915040964576056 -0.007036489425380
0.921595182473944 -0.006664252103944
0.927699905451295 -0.006309506748683
0.933386571393716 -0.005971056758511
0.938684479073075 -0.005647980499057
0.943620861203249 -0.005339546164976
0.948220967087031 -0.005045154955346
0.952508156851350 -0.004764301171778
0.956503962418069 -0.004495986398797
0.960228091711517 -0.004237329454995
0.963698716671103 -0.003985957696377
0.966932613060881 -0.003740445763115
0.969945244186840 -0.003500052366442
0.972750844837416 -0.003264521252097
0.975362452473937 -0.003033721804190
0.977791870694509 -0.002807061592247
0.980049959352930 -0.002584283098853
0.982146742656460 -0.002365553413998
0.984091453539864 -0.002151327995107
0.985892578643084 -0.001942248727537
0.987557902751033 -0.001739068482235
0.989094594283470 -0.001542923025418
0.990509304221005 -0.001355736901655
0.991808056752449 -0.001179052734751
0.992996273375879 -0.001013918027640
0.994078823473167 -0.000861003231592
0.995060068409440 -0.000720695658030
0.995943899964204 -0.000593174085574
0.996733773770771 -0.000478467938294
0.997432738331715 -0.000376504130185
0.998043460086573 -0.000287144045383
0.998568244930398 -0.000210212621620
0.999009056515641 -0.000145521100303
0.999367531612836 -0.000092884679915
0.999644992756060 -0.000052136043646
0.999842458355455 -0.000023135514129
0.999960650420211 -0.000005778406798
1.000000000000000 0.000000000000000
