1.000000000000000 0.000000000000000
0.999959850977154 0.000000686475228
0.999839258648290 0.000002779179139
0.999637786287053 0.000006378084698
0.999354702857033 0.000011650263855
0.998988978245411 0.000018830525294
0.998539276534681 0.000028222228853
0.998003947256814 0.000040198191503
0.997381014557995 0.000055201565251
0.996668164185614 0.000073746524535
0.995862728192595 0.000096418546626
0.994961667237362 0.000123873999725
0.993961550341016 0.000156838665594
0.992858531946743 0.000196104711106
0.991648326110377 0.000242525479064
0.990326177635956 0.000297007284334
0.988886829956475 0.000360497165456
0.987324489548841 0.000433965240310
0.985632786134744 0.000518388849341
0.983804719361223 0.000614889299880
0.981832606682067 0.000724766696691
0.979708034664869 0.000849388287235
0.977421799321620 0.000990165273055
0.974963840558160 0.001148524010753
0.972323170627122 0.001325864758017
0.969487796406652 0.001523508229564
0.966444647085572 0.001742994663353
0.963179499655964 0.001986497932727
0.959676872577325 0.002256424481685
0.955919925151369 0.002555356323409
0.951890353654026 0.002886037267905
0.947568283538967 0.003251347403567
0.942932166287484 0.003654435572563
0.937958685105331 0.004099057041647
0.932622640024087 0.004589323227675
0.926896847890697 0.005129628375152
0.920752056945344 0.005724614869114
0.914156884072191 0.006379231570578
0.907077790414681 0.007099104410320
0.899479075922294 0.007890280667469
0.891322928773032 0.008759056256266
0.882569542153471 0.009711862631769
0.873177287316068 0.010755167892477
0.863103016185338 0.011895251691877
0.852302507217633 0.013137860660048
0.840731082467490 0.014488180936710
0.828344529856110 0.015952121430767
0.815100025413703 0.017535248671777
0.800957309417136 0.019241966096846
0.785880179029605 0.021075539422490
0.769838170483059 0.023037509459271
0.752808439217743 0.025126880131908
0.734777828336971 0.027339627251792
0.715745024475465 0.029667987596051
0.695722465684285 0.032097642834269
0.674738053247080 0.034604710863772
0.652837256345743 0.037159125238881
0.630085087864619 0.039730112761207
0.606566143704846 0.042283720184042
0.582384111381624 0.044780843752562
0.557660404670527 0.047179441270224
0.532532616155329 0.049442806992803
0.507150934669896 0.051540363057158
0.481673800076281 0.053450329522556
0.456262894159078 0.055158595746279
0.431077386950309 0.056648588271193
0.406269222899827 0.057904215307770
0.381979299047449 0.058911018115810
0.358333768768739 0.059659221558156
0.335441739229325 0.060147973735647
0.313393347363436 0.060383788714938
0.292259311687106 0.060373623364966
0.272090960609693 0.060126932399948
0.252921482756062 0.059658959181399
0.234767436420528 0.058989339944555
0.217630469935013 0.058139638607720
0.201499908280589 0.057131157984196
0.186354282743680 0.055986073075206
0.172164390010787 0.054723855207767
0.158894507768138 0.053363492845566
0.146504490118422 0.051922227373982
0.134952083291267 0.050412876346612
0.124192671823541 0.048848948603364
0.114181204388465 0.047242813297733
0.104873492110596 0.045604512754869
0.096225413466155 0.043944665394068
0.088194186570268 0.042272829095718
0.080739916673059 0.040595083196154
0.073823941418375 0.038917871663072
0.067408963970310 0.037248115210720
0.061460818683776 0.035590387808561
0.055948110395882 0.033947550901341
0.050840575234962 0.032323454600387
0.046109359473943 0.030722449431459
0.041728736821768 0.029146929459930
0.037675940900861 0.027597437194259
0.033928867303281 0.026075661359922
0.030466226913353 0.024584117159951
0.027268109091490 0.023125366895629
0.024318447335266 0.021699194642667
0.021602552476642 0.020305176883650
0.019105588654369 0.018944242209027
0.016812927007271 0.017618197809558
0.014710511907425 0.016329281317231
0.012788183126341 0.015077301316389
0.011038762762971 0.013860300762173
0.009453589508081 0.012678173881485
0.008022927996221 0.011532269308920
0.006736500695871 0.010424902857342
0.005583957019480 0.009358967753652
0.004559803030261 0.008336091557799
0.003663545283834 0.007356460137592
0.002890854086156 0.006421719856533
0.002234163892113 0.005534707103098
0.001683893280089 0.004699007722379
0.001231061099767 0.003918899545316
0.000867367408161 0.003198993810417
0.000583071473750 0.002543668781745
0.000369307280835 0.001957465110876
0.000215865387928 0.001444101813221
0.000111775614155 0.001006271042357
0.000048563848696 0.000645758360613
0.000016192656423 0.000363911865371
0.000003346965332 0.000161822447049
0.000000214880913 0.000040434459919
0.000000000000000 0.000000000000000
0.000000214498267 -0.000040023690116
0.000003532689901 -0.000160126400011
0.000018738909543 -0.000359876586206
0.000063045231591 -0.000636773260434
0.000164436631175 -0.000983939467296
0.000347930622388 -0.001391550268354
0.000623553504736 -0.001847238390845
0.000994122065816 -0.002340667128341
0.001461347526861 -0.002869895531432
0.002026828170255 -0.003433186572075
0.002695130892539 -0.004026411704322
0.003467604503787 -0.004647378683980
0.004348240619966 -0.005294478090449
0.005340353066572 -0.005968180795915
0.006448757545846 -0.006666880240370
0.007679999868222 -0.007386409852568
0.009041287290695 -0.008122649980609
0.010541258037747 -0.008871647341996
0.012188590196541 -0.009630158049329
0.013991616223346 -0.010396100086030
0.015957923136215 -0.011169132174852
0.018093818799530 -0.011951417144359
0.020404447072002 -0.012747590244850
0.022899497641888 -0.013557721999278
0.025592005476370 -0.014378998834751
0.028496016752940 -0.015208870197009
0.031626580480688 -0.016045326228062
0.034999729809145 -0.016887256716543
0.038632623892851 -0.017734035251447
0.042544143530965 -0.018582950775212
0.046754523181401 -0.019431024075496
0.051285140307773 -0.020275983710414
0.056158376008501 -0.021116755383067
0.061398085592951 -0.021952815451933
0.067031652144690 -0.022780566729951
0.073088802270406 -0.023595885112014
0.079601108470418 -0.024395400051165
0.086601948410427 -0.025176732128261
0.094127126035568 -0.025935352397071
0.102214657131367 -0.026665170741452
0.110904139729861 -0.027360762944171
0.120236568335885 -0.028017414783726
0.130254925439180 -0.028628535629448
0.141003214995657 -0.029187521211457
0.152525452299910 -0.029689280271182
0.164865335510339 -0.030127148979686
0.178065293546829 -0.030492601998286
0.192164787121997 -0.030778534411612
0.207199197926462 -0.030978484835490
0.223198159728117 -0.031087194948041
0.240183312486556 -0.031101948328599
0.258166558469999 -0.031017239615148
0.277147711722338 -0.030827573893374
0.297112299040759 -0.030529624417743
0.318029691650089 -0.030122074436154
0.339851316970996 -0.029606489594233
0.362509654098583 -0.028984263280451
0.385917802208335 -0.028259439854728
0.409970166636995 -0.027441672833264
0.434543894918500 -0.026545378609820
0.459501220389300 -0.025583957156894
0.484692933374160 -0.024569615920364
0.509962805347956 -0.023518757741750
0.535152340331514 -0.022451627577540
0.560105363921063 -0.021384626766850
0.584672668737769 -0.020327507571422
0.608716511880925 -0.019289683836567
0.632114130402647 -0.018281232796595
0.654760137164743 -0.017309880968675
0.676567879190719 -0.016377748343407
0.697470111190599 -0.015485426330604
0.717418685186783 -0.014633909009716
0.736383406059561 -0.013824109173465
0.754350319961459 -0.013055732939870
0.771319690327068 -0.012326923754962
0.787303891410335 -0.011635899138621
0.802325272889186 -0.010982443635856
0.816414016197258 -0.010367121076438
0.829606126090691 -0.009789695858443
0.841941659010405 -0.009248026260329
0.853463285736673 -0.008739089179321
0.864215109114516 -0.008260300450737
0.874241660295484 -0.007809666492977
0.883587098000309 -0.007385765472965
0.892294572144232 -0.006987242524886
0.900405765533002 -0.006612729808605
0.907960532990413 -0.006260051884953
0.914996708332099 -0.005926599062600
0.921550031258949 -0.005610345129029
0.927654086713903 -0.005309741184808
0.933340293873822 -0.005023599621730
0.938637935035881 -0.004751011260879
0.943574224819488 -0.004491250034537
0.948174393297045 -0.004243718326899
0.952461781200345 -0.004007911050669
0.956457916401945 -0.003782957364572
0.960182542946423 -0.003566344962514
0.963653855929005 -0.003355944077041
0.966888636757408 -0.003150462305567
0.969902342185007 -0.002949213403790
0.972709192233647 -0.002751942180934
0.975322223708109 -0.002558538273178
0.977753278965676 -0.002368486375690
0.980013235315013 -0.002181531995532
0.982112112719912 -0.001997798236310
0.984059124802007 -0.001817665603072
0.985862728825634 -0.001641681927669
0.987530673880705 -0.001470495491971
0.989070071718468 -0.001305034109516
0.990487492314344 -0.001146948016834
0.991788897445752 -0.000997610307851
0.992979662385585 -0.000857956829697
0.994064622900025 -0.000728590239532
0.995048116487458 -0.000609862771194
0.995934018523530 -0.000501941988716
0.996725773875615 -0.000404862942832
0.997426424463751 -0.000318569458119
0.998038633171763 -0.000242946727120
0.998564704449305 -0.000177846945270
0.999006601891227 -0.000123109364280
0.999365963033234 -0.000078575853726
0.999644111561077 -0.000044102826340
0.999842067093270 -0.000019570190362
0.999960552663736 -0.000004887832518
1.000000000000000 0.000000000000000
