1.000000000000000 0.000000000000000
0.999959878148386 -0.000002809256510
0.999839363873917 -0.000011206582389
0.999638010074410 -0.000025100189809
0.999355068429382 -0.000044335572321
0.998989484654393 -0.000068693201523
0.998539891816741 -0.000097885276501
0.998004601672932 -0.000131551501449
0.997381593978408 -0.000169253861938
0.996668503711163 -0.000210470367126
0.995862606143724 -0.000254587724680
0.994960799693020 -0.000300892918192
0.993959586475831 -0.000348563664869
0.992855050499779 -0.000396657745905
0.991642833427649 -0.000444101225722
0.990318107867972 -0.000489675612129
0.988875548169698 -0.000532004061622
0.987309298736340 -0.000569536807837
0.985612939143884 -0.000600538894938
0.983779417850259 -0.000623181785992
0.981800987106548 -0.000635624029614
0.979669176325279 -0.000635950354431
0.977374739897809 -0.000622200764321
0.974907599474828 -0.000592422839170
0.972256782730934 -0.000544746371322
0.969410359009551 -0.000477487540510
0.966355346772693 -0.000389027374373
0.963077523682341 -0.000276754908619
0.959561382996428 -0.000137584062091
0.955790066253009 0.000031705147726
0.951745262758576 0.000234399955199
0.947407106142658 0.000473754768510
0.942754071614773 0.000752973415586
0.937762897008471 0.001076626521365
0.932408488814616 0.001450712292959
0.926663826081360 0.001881906604221
0.920499891976601 0.002377574833247
0.913885627169601 0.002945781906891
0.906787846471851 0.003595270009858
0.899171211314029 0.004335399986770
0.890998356470203 0.005176049627781
0.882230032035607 0.006127436815157
0.872825283473686 0.007200033966348
0.862741626766847 0.008404825487703
0.851935561779669 0.009752580270576
0.840363187964887 0.011253180274308
0.827980980114359 0.012916107330202
0.814746764930471 0.014751080393562
0.800620876520831 0.016765955980372
0.785567562893044 0.018966169079730
0.769556635294124 0.021355175583020
0.752565274804244 0.023932388928500
0.734579914243349 0.026691624410619
0.715598176025034 0.029619762919882
0.695630960866651 0.032695106215195
0.674703704489466 0.035881494869468
0.652858129597608 0.039128663519528
0.630155266396192 0.042381844741423
0.606676798794016 0.045586450575662
0.582524302901527 0.048687705112121
0.557818997241788 0.051637803383500
0.532698162653919 0.054390716501454
0.507311967179351 0.056903879087645
0.481819186352827 0.059142486759863
0.456382773724144 0.061083769589181
0.431163968005819 0.062711831841288
0.406317257861386 0.064016876208189
0.381985995897699 0.064996919975098
0.358298728028562 0.065657467981914
0.335366335387852 0.066008779869953
0.313280356272310 0.066064743913564
0.292112549424029 0.065841205831117
0.271915237498517 0.065354737188866
0.252722167741318 0.064626080345672
0.234550452243454 0.063678431152090
0.217401976299620 0.062536766087382
0.201266489273361 0.061223942244121
0.186122676718208 0.059763978185393
0.171941246261105 0.058180286789272
0.158686407013749 0.056495690965482
0.146317277724148 0.054732662682859
0.134790268818586 0.052912126942979
0.124059618211773 0.051053589675439
0.114079051366949 0.049173364404966
0.104803440655583 0.047282770694520
0.096188014456243 0.045392446030093
0.088189260880429 0.043511835600493
0.080766793456337 0.041646275800686
0.073881808925005 0.039800704328800
0.067496852345883 0.037980562987726
0.061577146669344 0.036189619429224
0.056091081512213 0.034429199029988
0.051008375422132 0.032701494370990
0.046300160538588 0.031009391671571
0.041940194558552 0.029354801816636
0.037906108625474 0.027736966506002
0.034176390819116 0.026156043669728
0.030730169414311 0.024613248522742
0.027547510736094 0.023110367572254
0.024611090133391 0.021647528002100
0.021906100920990 0.020223215547341
0.019417836577805 0.018837260171525
0.017131835057461 0.017490562826016
0.015034120614015 0.016184702482019
0.013112452889785 0.014920933938854
0.011360153464229 0.013697529313490
0.009770444609904 0.012513401933400
0.008334893642552 0.011369049916699
0.007044082149405 0.010266052673677
0.005888107764058 0.009206691960777
0.004857225041881 0.008193562075265
0.003946166018438 0.007227744890362
0.003151260086870 0.006309886567050
0.002466120895986 0.005441866427593
0.001882806198975 0.004626343294582
0.001395256345009 0.003865786488586
0.000996823210998 0.003162940343286
0.000679757732184 0.002521471432793
0.000436919824795 0.001945795600493
0.000258579183695 0.001439772306060
0.000135400306943 0.001006284390360
0.000059842796611 0.000647305678119
0.000020301974880 0.000365031091767
0.000004210308956 0.000162159007631
0.000000270594211 0.000040486917391
0.000000000000000 0.000000000000000
0.000000269920186 -0.000040023765005
0.000004449588374 -0.000159977353163
0.000023637347613 -0.000358902331410
0.000079466351545 -0.000633201007962
0.000199439904875 -0.000975737345065
0.000402106512442 -0.001376357989678
0.000692953383014 -0.001821842298656
0.001076882257163 -0.002305279634090
0.001554265909488 -0.002826237817689
0.002129448654720 -0.003381162002178
0.002805977510871 -0.003966283173779
0.003585508599278 -0.004579591822112
0.004472068394084 -0.005220254274323
0.005468249511183 -0.005889779712640
0.006579400525478 -0.006586722237321
0.007812038779875 -0.007308422904267
0.009171895147203 -0.008053162585359
0.010665345824642 -0.008819198857444
0.012301084440616 -0.009603652922052
0.014088199245317 -0.010404080222845
0.016035785600281 -0.011218957573068
0.018152672955798 -0.012048146632757
0.020447053225527 -0.012893508041286
0.022926472173163 -0.013759033859928
0.025601944710260 -0.014645323255093
0.028487468318344 -0.015550423743106
0.031598098855023 -0.016472687314305
0.034949924436113 -0.017411056617851
0.038560029820932 -0.018365419661579
0.042446738313136 -0.019336061072246
0.046630537050123 -0.020320891698177
0.051133537875291 -0.021317366506129
0.055979241633297 -0.022323375129882
0.061192442583499 -0.023337611552723
0.066799798853473 -0.024358616243638
0.072831198838982 -0.025382228480760
0.079318708647715 -0.026403828443813
0.086296255325892 -0.027419098131365
0.093799650232813 -0.028423802810920
0.101867226434687 -0.029411319587227
0.110539210659061 -0.030374182127880
0.119857126089686 -0.031305230231295
0.129863831154770 -0.032196870276889
0.140603620978847 -0.033039967203911
0.152120809542237 -0.033825994676409
0.164458936262681 -0.034546738374313
0.177660508769512 -0.035190730628097
0.191765119795516 -0.035746373287078
0.206807904735346 -0.036202878273289
0.222818341218884 -0.036549252943776
0.239817775988066 -0.036776658738499
0.257817617963958 -0.036876511771371
0.276817294986108 -0.036840106827000
0.296801778878372 -0.036662192928102
0.317740036102876 -0.036341316134219
0.339583079880530 -0.035880824924300
0.362263045470412 -0.035284294361919
0.385692757905432 -0.034557320419970
0.409766339087412 -0.033710738259432
0.434360749571584 -0.032760524281123
0.459338077270818 -0.031722895547091
0.484548980476823 -0.030611740047015
0.509837022989653 -0.029443062458674
0.535043451677260 -0.028234662751877
0.560011957100511 -0.027003219536453
0.584593314644723 -0.025761328302738
0.608649779148430 -0.024521040057748
0.632058598527153 -0.023294473838815
0.654714448501422 -0.022092236458616
0.676530810939753 -0.020921077164907
0.697440577263465 -0.019785946557053
0.717395739531609 -0.018691625608248
0.736366244055401 -0.017642337848434
0.754338262605106 -0.016640601856741
0.771312150350217 -0.015686690101526
0.787300355628986 -0.014780256556727
0.802325273228122 -0.013921343488101
0.816417120853604 -0.013110196937146
0.829611942845449 -0.012346337259053
0.841949836680916 -0.011627747001805
0.853473502645347 -0.010951466114522
0.864227072758680 -0.010314810228460
0.874255101386567 -0.009715428474599
0.883601763540852 -0.009151304035946
0.892310228424505 -0.008620538739811
0.900422200910359 -0.008121301241317
0.907977558223265 -0.007651208292239
0.915014145118633 -0.007207433981380
0.921567714107735 -0.006787670226244
0.927671865372422 -0.006390058089227
0.933358033479519 -0.006013062042855
0.938655510941433 -0.005655350056596
0.943591523014238 -0.005315795002408
0.948191312131107 -0.004993438996767
0.952478232147327 -0.004687451626728
0.956473830970129 -0.004396846746178
0.960197866655163 -0.004119319934423
0.963668534867310 -0.003852736216447
0.966902620784438 -0.003595692517193
0.969915587108251 -0.003347321621410
0.972721661121637 -0.003107142041701
0.975333899723059 -0.002874845663314
0.977764175407678 -0.002649732178195
0.980023376395959 -0.002431267472059
0.982121530159752 -0.002219295082966
0.984067855385069 -0.002013923254484
0.985870812536221 -0.001815439026217
0.987538152494484 -0.001624244067235
0.989076975540968 -0.001440916589293
0.990493825921102 -0.001266614176822
0.991794655592818 -0.001102391858608
0.992984837129991 -0.000948974115711
0.994069208612999 -0.000806832125523
0.995052113282122 -0.000676245866314
0.995937434455578 -0.000557353638486
0.996728626198160 -0.000450191497864
0.997428740156480 -0.000354724597464
0.998040448916254 -0.000270872033973
0.998566066184335 -0.000198526473170
0.999007564051971 -0.000137569568873
0.999366587554815 -0.000087883979505
0.999644466708734 -0.000049362614751
0.999842226167401 -0.000021915603570
0.999960592617577 -0.000005475357091
1.000000000000000 0.000000000000000
