1.000000000000000 0.000000000000000
0.999958617914003 0.000001135748704
0.999834322079975 0.000004573977871
0.999626662792419 0.000010407788352
0.999334887275843 0.000018792845690
0.998957934755967 0.000029948097027
0.998494429500633 0.000044156713919
0.997942671771277 0.000061767194708
0.997300626608406 0.000083194532875
0.996565910356787 0.000108921323748
0.995735774817924 0.000139498638718
0.994807088898957 0.000175546440818
0.993776317608347 0.000217753244638
0.992639498229768 0.000266874632478
0.991392213486801 0.000323730121689
0.990029561492425 0.000389197728114
0.988546122259705 0.000464205378052
0.986935920533815 0.000549718074667
0.985192384489428 0.000646740454343
0.983308298452537 0.000756496941590
0.981275752892325 0.000880421664348
0.979086090180934 0.001020083650959
0.976729844465221 0.001177189273093
0.974196676138399 0.001353582561465
0.971475300688900 0.001551241147888
0.968553411806006 0.001772270741198
0.965417600820098 0.002019082383216
0.962053270053730 0.002294538427295
0.958444537258869 0.002601803439624
0.954574136789366 0.002944344591237
0.950423316665305 0.003325940273488
0.945971732551628 0.003750681059596
0.941197339563376 0.004223100145955
0.936076284127154 0.004748453460895
0.930582802466450 0.005332545691378
0.924689126566205 0.005981697299851
0.918365403730530 0.006702736684905
0.911579637499562 0.007503070348733
0.904297660302291 0.008391131731742
0.896483143739977 0.009376178064198
0.888097663288026 0.010468117441407
0.879100833340966 0.011677437063310
0.869450522311179 0.013015479661258
0.859103181695161 0.014494461180039
0.848014317813856 0.016126971269676
0.836139116456529 0.017925738490216
0.823433255191178 0.019904008322250
0.809853917789219 0.022075028094165
0.795361031402385 0.024451180801588
0.779918706521185 0.027043729464104
0.763496921143341 0.029862250043355
0.746073456223507 0.032913422884015
0.727635964756318 0.036200767482979
0.708184122773041 0.039723743789287
0.687731722154255 0.043476254345032
0.666308504083576 0.047445738317592
0.643961841816445 0.051612374402010
0.620757839818845 0.055948734329797
0.596781737401347 0.060419707161190
0.572137363293242 0.064981890102171
0.546945685446501 0.069584140520248
0.521342575049802 0.074169152105767
0.495475540779620 0.078674920065053
0.469499746885185 0.083036778375359
0.443573501015048 0.087189067278993
0.417853719695293 0.091068017929459
0.392491390713681 0.094613751645542
0.367627740929551 0.097772959117868
0.343390688628877 0.100500936135548
0.319892554366067 0.102759586301778
0.297228019051399 0.104520747771814
0.275474762249292 0.105766654809232
0.254692174852859 0.106491496934188
0.234923407476129 0.106689186816729
0.216195161624585 0.106360661078751
0.198525493299885 0.105496378688654
0.181919462604858 0.104097370533432
0.166372789602210 0.102201963959457
0.151869563538520 0.099868845937160
0.138382828992497 0.097164534671187
0.125876754236759 0.094157943001125
0.114309223349822 0.090911527961952
0.103636272932581 0.087478902866070
0.093808578330248 0.083909807298402
0.084774838091017 0.080252884274788
0.076482407562374 0.076551971849873
0.068879311056849 0.072842972434408
0.061918047747363 0.069152208852268
0.055551797806773 0.065501552997189
0.049735658954437 0.061909000071733
0.044430561255405 0.058387138780142
0.039598587498617 0.054946347466866
0.035202519047109 0.051595562056999
0.031209283736726 0.048341452154686
0.027588940044628 0.045188897776510
0.024311921444146 0.042141964677959
0.021349698920824 0.039203913470174
0.018677502096002 0.036377293796873
0.016273262912559 0.033663946824349
0.014115192944943 0.031064984194533
0.012182155663946 0.028580876122128
0.010454427788793 0.026211411599780
0.008916303110712 0.023955070984290
0.007553269608730 0.021809979020282
0.006350663912954 0.019774392646789
0.005294059244757 0.017846652607208
0.004369538815640 0.016025152311385
0.003564710448100 0.014308559638295
0.002871298570047 0.012696520038041
0.002281043453369 0.011188463636511
0.001784767881653 0.009783334361337
0.001372872293225 0.008479738271374
0.001035701767954 0.007276061716926
0.000763814315432 0.006170565201165
0.000548173805254 0.005161457761040
0.000380361223013 0.004246980641206
0.000253264896735 0.003425650666094
0.000160363902220 0.002696040030598
0.000095296386484 0.002056649813909
0.000052080956426 0.001505999438280
0.000025372192084 0.001042748425730
0.000010476085593 0.000665683214029
0.000003334864526 0.000373693002625
0.000000661540937 0.000165841660875
0.000000041450595 0.000041423323247
0.000000000000000 0.000000000000000
0.000000038484533 -0.000039858130894
0.000000619433271 -0.000159577014691
0.000003167085664 -0.000359583886778
0.000010148849356 -0.000640569653990
0.000025219930299 -0.001003455892634
0.000053461612822 -0.001449300587845
0.000101830542751 -0.001978959757937
0.000179628577690 -0.002592837322265
0.000299094990441 -0.003290575465311
0.000476832404971 -0.004070333918107
0.000743059798408 -0.004924616792449
0.001146980490902 -0.005833714778987
0.001757938630305 -0.006740912485665
0.002600414354418 -0.007600542704669
0.003629407062109 -0.008415848397733
0.004819842579058 -0.009207145850000
0.006165497267012 -0.009981586744651
0.007664247859230 -0.010742321363690
0.009317481883958 -0.011494271053169
0.011127453351131 -0.012245008260508
0.013101616235213 -0.012994516524036
0.015249425206612 -0.013740499157774
0.017579812347980 -0.014482588427391
0.020100906280262 -0.015222908137809
0.022823248632198 -0.015961393189765
0.025760664901067 -0.016694684005687
0.028927850035630 -0.017420022945891
0.032340174838844 -0.018135864168745
0.036013523399881 -0.018842515612303
0.039964436511824 -0.019541991377378
0.044212559688944 -0.020231841963446
0.048780010385806 -0.020907057986250
0.053690461447336 -0.021562724023302
0.058969112850739 -0.022194352290358
0.064642761117654 -0.022798003885657
0.070740686424981 -0.023368517484387
0.077294352450455 -0.023900534646174
0.084336960964356 -0.024389889816505
0.091903297327782 -0.024834335693665
0.100030534215946 -0.025231686603505
0.108758472508875 -0.025579472155459
0.118128453143141 -0.025878161887671
0.128182948133763 -0.026131898263154
0.138965789619384 -0.026340553319874
0.150521497927348 -0.026500624151475
0.162894061757440 -0.026610487790361
0.176126034966931 -0.026668776636211
0.190257441778069 -0.026672215606056
0.205324104855724 -0.026619084892045
0.221355972756746 -0.026508137193041
0.238375276238817 -0.026336637423411
0.256394311201805 -0.026103347837069
0.275413278172768 -0.025807577786505
0.295418116445300 -0.025449288334069
0.316378461421921 -0.025029967976137
0.338245994873826 -0.024550325503689
0.360953320059561 -0.024012274091482
0.384413590904466 -0.023419227413010
0.408521011064608 -0.022776220157153
0.433152296947260 -0.022088636874061
0.458169191896578 -0.021361387493427
0.483421981985682 -0.020600592277638
0.508753762649655 -0.019813643407161
0.534005165799230 -0.019008120823867
0.559019255425579 -0.018190109399741
0.583646332729768 -0.017365555140945
0.607748206065015 -0.016540619279725
0.631201656027806 -0.015721202987260
0.653900911984376 -0.014911526023966
0.675759175702198 -0.014114746618739
0.696709115143522 -0.013332892548213
0.716702465332095 -0.012566739100186
0.735708930054833 -0.011816649974196
0.753714412716934 -0.011080548115103
0.770719148378323 -0.010356722196749
0.786735618817689 -0.009646218143256
0.801786346184473 -0.008952907506783
0.815901661102413 -0.008280163481825
0.829117796564426 -0.007631493386280
0.841475152250983 -0.007010442351082
0.853016733833535 -0.006419325837521
0.863786937111208 -0.005859749833299
0.873830566076585 -0.005333175337865
0.883191978663130 -0.004840128915533
0.891914475948587 -0.004380325685509
0.900039874730120 -0.003953210428967
0.907608190712157 -0.003558051750367
0.914657410958669 -0.003193645215220
0.921223377238037 -0.002858460434894
0.927339742668131 -0.002550924978232
0.933037982414859 -0.002269762662051
0.938347416572353 -0.002013540967931
0.943295276386994 -0.001780666011429
0.947906793185957 -0.001569471946765
0.952205299359336 -0.001378333659221
0.956212336699983 -0.001205886011950
0.959947765133486 -0.001050796408899
0.963429872290659 -0.000911708890843
0.966675481365808 -0.000787284932314
0.969700055140836 -0.000676231282175
0.972517795236473 -0.000577344426298
0.975141736321750 -0.000489709770697
0.977583833440261 -0.000412507517782
0.979855043554051 -0.000344885023749
0.981965401561329 -0.000285985855286
0.983924090466833 -0.000234971426034
0.985739505906435 -0.000191035822119
0.987419315186639 -0.000153418565521
0.988970508644057 -0.000121496582699
0.990399449892361 -0.000094754102985
0.991711924411171 -0.000072658524771
0.992913179638841 -0.000054672929197
0.994007961015637 -0.000040271378903
0.995000544474964 -0.000028949938182
0.995894765609233 -0.000020234447255
0.996694045722920 -0.000013685856064
0.997401414969488 -0.000008903744671
0.998019532751816 -0.000005528517593
0.998550705548148 -0.000003242649819
0.998996902307695 -0.000001771276298
0.999359767542210 -0.000000882349258
0.999640632222167 -0.000000386534563
0.999840522568789 -0.000000136976307
0.999960166816055 -0.000000029025320
1.000000000000000 0.000000000000000
