1.000000000000000 0.000000000000000
0.999958953519908 -0.000000086867826
0.999835664987365 -0.000000312813921
0.999629686162914 -0.000000573654694
0.999340266764410 -0.000000695054352
0.998966349616056 -0.000000431510141
0.998506563804222 0.000000535005863
0.997959215787244 0.000002596679865
0.997322278391327 0.000006221667059
0.996593377609739 0.000011955946267
0.995769777107762 0.000020425038264
0.994848360321593 0.000032335347486
0.993825610025797 0.000048474809315
0.992697585231441 0.000069712424946
0.991459895266206 0.000096996136663
0.990107670879392 0.000131348329749
0.988635532209735 0.000173858032891
0.987037553453774 0.000225668613343
0.985307224076304 0.000287959438980
0.983437399715892 0.000361998352383
0.981420235798952 0.000449343178426
0.979247143435863 0.000551722765284
0.976908733473729 0.000670994447482
0.974394752057867 0.000809133983673
0.971694010778756 0.000968217182431
0.968794311274811 0.001150390158853
0.965682363982050 0.001357859659317
0.962343697573524 0.001593358148282
0.958762566092620 0.001860207357883
0.954921853743148 0.002162044642814
0.950802973425083 0.002502817173542
0.946385762282978 0.002886772202718
0.941648375912022 0.003318436208574
0.936567175991138 0.003802881130142
0.931116621286466 0.004346000237574
0.925269180915733 0.004954197227096
0.918995254216570 0.005634322305532
0.912263110057021 0.006393606602810
0.905038851985623 0.007239844197138
0.897286418357731 0.008181956722078
0.888967645341711 0.009229473552426
0.880042394274877 0.010392273858534
0.870468764412171 0.011680468867189
0.860203418111841 0.013105038309773
0.849202029004852 0.014677415430719
0.837419882812629 0.016408737546391
0.824812660875283 0.018309639945539
0.811337428433625 0.020390621543099
0.796953837945311 0.022660855106178
0.781625575112138 0.025127378617718
0.765322097195892 0.027795522274997
0.748020491615430 0.030667581458156
0.729707506138449 0.033741558202511
0.710381732747960 0.037011046948833
0.690055698342562 0.040463788513502
0.668757954023207 0.044081536805284
0.646534790491591 0.047839966699937
0.623451300180933 0.051707680411551
0.599591950516418 0.055646570494350
0.575060143610913 0.059612433055803
0.549977167447877 0.063556568823472
0.524479669730680 0.067427114982736
0.498716537591822 0.071169986699749
0.472844692292568 0.074731762076740
0.447024808096314 0.078061411329553
0.421416177937794 0.081113105854991
0.396172249851994 0.083846237223595
0.371435948005022 0.086228430088788
0.347336507268441 0.088234086701481
0.323986227478542 0.089847397241348
0.301479461639090 0.091059325461056
0.279890968584962 0.091869853871554
0.259277002228871 0.092281149494059
0.239675229937711 0.092301950285605
0.221108541116028 0.091934695588946
0.203584290820591 0.091189810125106
0.187099040774833 0.090087775686743
0.171637793360614 0.088657534750296
0.157176755790764 0.086931737200775
0.143685173204909 0.084944721146347
0.131126211539845 0.082730224049469
0.119463361848364 0.080312057877664
0.108654709298617 0.077716914960251
0.098656318323207 0.074977293242196
0.089423409233902 0.072128271584847
0.080908737124330 0.069202852771621
0.073065753532309 0.066231357289305
0.065848660370376 0.063240914502748
0.059212350018217 0.060254822407929
0.053119002764496 0.057285559504378
0.047535789707346 0.054338634075948
0.042428465818198 0.051421317719177
0.037763787815381 0.048541696670362
0.033513866433884 0.045707314170476
0.029650847899217 0.042925658885436
0.026146245130606 0.040204019231197
0.022972430665896 0.037549599396768
0.020104659962747 0.034970334079575
0.017518961542642 0.032473034341356
0.015191934037430 0.030063047575206
0.013101183624084 0.027744444980863
0.011228250413331 0.025518993615769
0.009559111882737 0.023386160875579
0.008079088871590 0.021345606935589
0.006773000774457 0.019397250556774
0.005625675280493 0.017541140066529
0.004622507141615 0.015777451815471
0.003752695529515 0.014107706971640
0.003007308933085 0.012533847815661
0.002376180326330 0.011056859558601
0.001848429556794 0.009676965200318
0.001412941247673 0.008393823231078
0.001058715152882 0.007206686032128
0.000775118988952 0.006114526636816
0.000552085025966 0.005116160211303
0.000380452030278 0.004210572494623
0.000251827181022 0.003396736152332
0.000158455960817 0.002673427431264
0.000093497367412 0.002039414988092
0.000050744863603 0.001493406309432
0.000024583486401 0.001034083307435
0.000010107840342 0.000660196526371
0.000003208806285 0.000370637538041
0.000000635652944 0.000164493362547
0.000000039798113 0.000041087403826
0.000000000000000 0.000000000000000
0.000000038326813 -0.000040274444414
0.000000616486414 -0.000161245411054
0.000003148576483 -0.000363344412320
0.000010074293682 -0.000647252052854
0.000024986777418 -0.001013837943715
0.000052818835013 -0.001464072049708
0.000100095168519 -0.001998902677476
0.000175261069279 -0.002619094519056
0.000290010953471 -0.003324708465002
0.000463385386039 -0.004113616006221
0.000722992444455 -0.004980198797463
0.001107882976152 -0.005906539814838
0.001660492026222 -0.006864877148517
0.002381949738600 -0.007842314060402
0.003258380410392 -0.008837476443685
0.004280501451800 -0.009857349582071
0.005449672897462 -0.010902171283794
0.006768401293088 -0.011971276136274
0.008240387857107 -0.013066123768291
0.009868987735272 -0.014190824477377
0.011661884158878 -0.015345905619799
0.013629894861948 -0.016529502732786
0.015783297834836 -0.017740969885679
0.018131244052397 -0.018981507215245
0.020682081811211 -0.020253977846724
0.023448913012686 -0.021557985473924
0.026447532640647 -0.022891929518386
0.029694365352234 -0.024255110210769
0.033206225457055 -0.025648233165917
0.036999993875287 -0.027074053820898
0.041094313361297 -0.028534961231419
0.045511951696226 -0.030029558662298
0.050277376881329 -0.031556550292348
0.055416304116948 -0.033115643762839
0.060955533401153 -0.034707998709303
0.066924614591718 -0.036333136431813
0.073356495959444 -0.037987765711814
0.080285956832546 -0.039668816967985
0.087749286084029 -0.041374006835508
0.095785122912881 -0.043099616610649
0.104435125683077 -0.044838490585051
0.113742412948649 -0.046582942545734
0.123751027301079 -0.048325115427588
0.134506475763930 -0.050055022749249
0.146054597825724 -0.051761530484839
0.158440064657556 -0.053433727364751
0.171706374155817 -0.055058685232125
0.185894435131516 -0.056621976232817
0.201040264558051 -0.058108927647028
0.217174555775474 -0.059495969088523
0.234320103417702 -0.060753439876650
0.252488914432397 -0.061852810850530
0.271679834686412 -0.062772261253005
0.291876302504565 -0.063494767145572
0.313045507605992 -0.064012523364137
0.335136143581812 -0.064326071227220
0.358078015082409 -0.064430381431041
0.381781542611148 -0.064316563695660
0.406137608517580 -0.063971269686924
0.431019144541809 -0.063376825261805
0.456284029514769 -0.062527705389334
0.481778806352009 -0.061433007960792
0.507343499645065 -0.060112480065550
0.532816587006560 -0.058595400566023
0.558039238792801 -0.056908510146514
0.582860083645156 -0.055073758576218
0.607138931626687 -0.053106875345261
0.630750271741288 -0.051016629159819
0.653586396543853 -0.048814138241445
0.675558873932681 -0.046512702788243
0.696599993750363 -0.044132387886865
0.716662699014225 -0.041703276257159
0.735718529210330 -0.039254923962351
0.753756208994492 -0.036817053771927
0.770778889184564 -0.034415753764044
0.786801786109592 -0.032072536031295
0.801849951875568 -0.029804738526040
0.815955867480896 -0.027625144402792
0.829157775590514 -0.025543773503250
0.841497813069704 -0.023567706899534
0.853020317449584 -0.021700561824105
0.863770730673398 -0.019943471840277
0.873794636661398 -0.018295645598195
0.883136934314338 -0.016754580037242
0.891841321524702 -0.015316759863403
0.899950058255155 -0.013979031314201
0.907503472459656 -0.012737626781159
0.914539701468668 -0.011587922776522
0.921094629611350 -0.010524842072140
0.927201965672617 -0.009543807677064
0.932893205492712 -0.008640427018337
0.938197604847827 -0.007809961123582
0.943142275952625 -0.007047525190847
0.947752298638084 -0.006348262354050
0.952050857332559 -0.005707759584016
0.956059349312945 -0.005121973010790
0.959797477110616 -0.004586902167996
0.963283366476222 -0.004098657706778
0.966533680518847 -0.003653519070957
0.969563728257055 -0.003247975513459
0.972387583709667 -0.002879010899971
0.975018181284133 -0.002544114483665
0.977467373605174 -0.002240808859102
0.979746014894751 -0.001966664845474
0.981864039970820 -0.001719342783436
0.983830536390772 -0.001496619721458
0.985653810208337 -0.001296406133704
0.987341445355681 -0.001116800688115
0.988900356772168 -0.000956217585362
0.990336841778211 -0.000813166384579
0.991656625055217 -0.000686204078681
0.992864898596401 -0.000573956523771
0.993966357705432 -0.000475132939872
0.994965233334233 -0.000388535237116
0.995865321026696 -0.000313063532872
0.996670006710721 -0.000247718915628
0.997382289557361 -0.000191604269993
0.998004802102873 -0.000143923789103
0.998539827807401 -0.000103981654503
0.998989316202836 -0.000071180249833
0.999354895762072 -0.000045018186393
0.999637884602407 -0.000025088349965
0.999839299117127 -0.000011076124814
0.999959860611261 -0.000002757908774
1.000000000000000 0.000000000000000
