1.000000000000000 0.000000000000000
0.999959562484761 0.000007361177259
0.999838116886680 0.000029540749452
0.999635263123855 0.000066827013276
0.999350331296543 0.000119701011392
0.998982376993458 0.000188837224015
0.998530174621301 0.000275104267048
0.997992208654550 0.000379565305730
0.997366662667638 0.000503477778332
0.996651405972268 0.000648291884141
0.995843977637369 0.000815647115143
0.994941567616420 0.001007365890910
0.993940994644410 0.001225443077954
0.992838680492124 0.001472029821759
0.991630620075507 0.001749409671000
0.990312346808640 0.002059964402790
0.988878892455530 0.002406126231877
0.987324740572032 0.002790312163491
0.985643772427349 0.003214835075493
0.983829211961216 0.003681867372553
0.981873629497536 0.004194090107550
0.979768864272005 0.004754575106531
0.977505912603150 0.005366401851155
0.975074833156233 0.006032561574573
0.972464637197679 0.006755830649872
0.969663160491362 0.007538599521099
0.966656930080520 0.008382706991151
0.963431342904937 0.009290457270009
0.959970628416766 0.010264858969343
0.956257472614873 0.011308629601489
0.952272839176803 0.012423952918434
0.947995777322504 0.013612204105597
0.943403257388861 0.014873761213860
0.938470597616873 0.016209691646772
0.933171313824972 0.017621570174122
0.927476643175129 0.019110212565942
0.921355387038891 0.020675360930745
0.914773899921768 0.022315865313239
0.907696892560264 0.024033086722955
0.900087260804785 0.025830075970684
0.891905930422324 0.027710556742474
0.883112016840696 0.029678985793443
0.873662379656116 0.031738626722087
0.863512122756415 0.033891998301058
0.852615469225211 0.036141996466945
0.840926104390673 0.038490483905938
0.828397424938669 0.040935638190617
0.814984113401228 0.043473932826840
0.800643499966748 0.046100340091440
0.785337030005055 0.048808128857443
0.769032184111405 0.051588900824969
0.751704321690486 0.054431535942523
0.733338717163094 0.057321284479619
0.713933193401123 0.060241217419972
0.693500573396222 0.063174080580641
0.672070810858077 0.066101985357758
0.649692081273816 0.069002088068945
0.626431904877419 0.071846348546363
0.602377990922708 0.074603388022125
0.577637719626728 0.077238233926499
0.552337014712506 0.079715877237225
0.526617930257485 0.082002834431781
0.500635111723032 0.084069447471990
0.474551505423768 0.085891683867165
0.448533184185166 0.087449484731645
0.422744150295212 0.088726586537750
0.397341470520658 0.089713272201000
0.372470783379527 0.090406601660440
0.348262519974646 0.090808437113386
0.324829135814086 0.090924919185623
0.302263535653619 0.090766674242907
0.280638427168054 0.090348013149792
0.260006638397524 0.089685987442046
0.240402335953864 0.088798789819549
0.221842432857574 0.087705931873911
0.204329313821860 0.086424312386178
0.187852091415633 0.084972566665842
0.172390903317672 0.083362723535902
0.157916794052439 0.081608834801230
0.144394747096253 0.079726583037785
0.131785589681757 0.077731864766036
0.120045636476265 0.075643219259551
0.109130446135646 0.073478376696226
0.098994241478274 0.071255113733282
0.089590663123678 0.068989513401622
0.080877413034549 0.066686147526200
0.072812587100520 0.064349599995443
0.065355284161121 0.061985616092017
0.058478417780656 0.059578531448643
0.052157462810161 0.057111320409260
0.046362753852177 0.054579522639505
0.041068733945329 0.051987403633527
0.036255918405708 0.049344867161307
0.031899485576309 0.046664990985203
0.027970680634807 0.043963213404687
0.024438649301940 0.041263229068218
0.021271937338909 0.038589676821839
0.018439554680324 0.035962217304094
0.015911755111919 0.033396309979325
0.013662780073763 0.030903645423448
0.011669767117370 0.028492949382437
0.009910235983116 0.026170858168634
0.008362447486505 0.023942305671873
0.007005801267819 0.021810865114009
0.005822770542561 0.019779609399402
0.004798102206247 0.017851020805464
0.003916718957363 0.016026441085293
0.003163954068929 0.014306307000067
0.002525783791763 0.012690370015127
0.001988977839843 0.011177873330947
0.001541379631266 0.009767813778156
0.001172920157683 0.008459663831147
0.000874308440765 0.007252632770888
0.000636470986421 0.006145393440513
0.000450731106777 0.005136267845958
0.000308937324855 0.004223374777795
0.000203550932839 0.003404745525321
0.000127703258163 0.002678414273602
0.000075232856649 0.002042489490627
0.000040778788350 0.001495246873710
0.000019731876082 0.001035141348925
0.000008103491303 0.000660769820805
0.000002569078416 0.000370919311460
0.000000508176131 0.000164608034994
0.000000031788682 0.000041115009673
0.000000000000000 0.000000000000000
0.000000030699091 -0.000040372716284
0.000000493374490 -0.000161637524865
0.000002516051134 -0.000364230909268
0.000008033700810 -0.000648868470254
0.000019872904514 -0.001016526242815
0.000041888517858 -0.001468381254437
0.000079175062150 -0.002005667792885
0.000138306633174 -0.002629569938545
0.000227647915399 -0.003341067759186
0.000357758917871 -0.004140728312139
0.000544019531941 -0.005027678916138
0.000811844161420 -0.005997613861729
0.001197209544908 -0.007038962299584
0.001747740888230 -0.008124218343642
0.002486157578165 -0.009231765653897
0.003397287297435 -0.010357370873037
0.004468403541444 -0.011508068964673
0.005696077369041 -0.012688141083493
0.007083061999088 -0.013897729867482
0.008633315306501 -0.015137841717471
0.010352431696736 -0.016410636690480
0.012247046136473 -0.017718023284750
0.014326153709837 -0.019060574667850
0.016602584266852 -0.020436497284949
0.019090172122926 -0.021844055821548
0.021802504530121 -0.023282740109364
0.024752393479906 -0.024753882902811
0.027951188643733 -0.026261453839592
0.031411932636776 -0.027809141789423
0.035154319478637 -0.029395718096976
0.039199979712372 -0.031019860125004
0.043571687336530 -0.032681217898699
0.048293158665118 -0.034380968339832
0.053389978526325 -0.036119947593429
0.058890976726598 -0.037895778947863
0.064826653691432 -0.039706175130407
0.071228687783701 -0.041549856041363
0.078130272325721 -0.043426007121848
0.085568835722473 -0.045329910482303
0.093584341027014 -0.047255514399684
0.102218148352632 -0.049197024340472
0.111513390622422 -0.051146718198715
0.121515740664109 -0.053091195594175
0.132271572017926 -0.055014764274976
0.143827070976178 -0.056900367748487
0.156228007820088 -0.058730792948009
0.169517889071286 -0.060489059274183
0.183736682637499 -0.062158153183599
0.198920719273598 -0.063719097895063
0.215099514167859 -0.065153802445966
0.232294604565454 -0.066437659625479
0.250517936960876 -0.067535448147579
0.269768202861772 -0.068410938492069
0.290028620623025 -0.069031593789927
0.311264679762587 -0.069368696457069
0.333423563171054 -0.069400926682874
0.356432599398368 -0.069114184493572
0.380198980070301 -0.068488739185350
0.404610334640209 -0.067503362288660
0.429536794893441 -0.066152069581183
0.454833797837001 -0.064444446107194
0.480346817780665 -0.062404882291842
0.505915573940439 -0.060070203649185
0.531378536156046 -0.057480936187276
0.556577738329357 -0.054680312724194
0.581363306073698 -0.051711964936681
0.605597659069382 -0.048619437368750
0.629159668223941 -0.045450395956389
0.651946696129951 -0.042253211256200
0.673875571470953 -0.039072953631476
0.694882888799459 -0.035950043370331
0.714924043991300 -0.032918504688689
0.733972245462948 -0.030006577863448
0.752016368518497 -0.027235281305141
0.769059026512951 -0.024619389973766
0.785114387240051 -0.022167894059524
0.800205997926895 -0.019884782043528
0.814364928753021 -0.017771463610285
0.827627740675388 -0.015825937965605
0.840034778030871 -0.014043055857645
0.851628766198239 -0.012415992401940
0.862453669617461 -0.010936497026379
0.872553758060761 -0.009595151882201
0.881972879235788 -0.008382471488376
0.890753916284444 -0.007290103508726
0.898938270301973 -0.006309361110355
0.906565547046454 -0.005431274171112
0.913673362272993 -0.004647066581453
0.920297219550664 -0.003949209134905
0.926470474376321 -0.003330589221487
0.932224341066365 -0.002784124974045
0.937587928773484 -0.002302950759732
0.942588301896978 -0.001880585029605
0.947250530653740 -0.001511517440241
0.951597810669202 -0.001190840819568
0.955651593445261 -0.000913800147143
0.959431686875058 -0.000675866136268
0.962956356779121 -0.000472787847587
0.966242427403186 -0.000300627749991
0.969305358411458 -0.000156179841459
0.972159338279608 -0.000036992210560
0.974817413711984 0.000059391773328
0.977291573192945 0.000135421216108
0.979592822469981 0.000193477379035
0.981731255535300 0.000235833552281
0.983716120920127 0.000264629876287
0.985555878083002 0.000281827306673
0.987258215742738 0.000288964327946
0.988830146107091 0.000287413662510
0.990278080680622 0.000278556515573
0.991607867282530 0.000263746628537
0.992824824307518 0.000244283294909
0.993933772505432 0.000221392954316
0.994939064230017 0.000196217185426
0.995844610156543 0.000169805412499
0.996653903501953 0.000143111025141
0.997370041803194 0.000116989910364
0.997995746322401 0.000092200628820
0.998533379153728 0.000069405647837
0.998984958107697 0.000049173184024
0.999352169446086 0.000031979316830
0.999636378534775 0.000018210118648
0.999838638474227 0.000008163612535
0.999959696758074 0.000002051419763
1.000000000000000 0.000000000000000
