1.000000000000000 0.000000000000000
0.999959884935971 0.000008892396053
0.999839404632432 0.000035647260090
0.999638152785250 0.000080497741571
0.999355448973573 0.000143832801277
0.998990333737058 0.000226197679831
0.998541561578696 0.000328294349171
0.998007591784132 0.000450981726875
0.997386576911535 0.000595275347201
0.996676348764624 0.000762346077284
0.995874401614004 0.000953517336044
0.994977872376720 0.001170260108913
0.993983517398850 0.001414184843917
0.992887685408460 0.001687029051622
0.991686286113140 0.001990639097782
0.990374753803688 0.002326944253617
0.988948005188371 0.002697920530285
0.987400390514423 0.003105541140104
0.985725636827269 0.003551709558335
0.983916793642513 0.004038232856256
0.981966272016194 0.004567327266405
0.979865768460504 0.005141537576275
0.977606142781707 0.005763445181319
0.975177330770089 0.006435603759419
0.972568244883410 0.007160454818312
0.969766660239157 0.007940213385090
0.966759101582786 0.008776778811266
0.963531028750225 0.009672708693479
0.960066798862016 0.010631434457678
0.956349351230984 0.011656528425489
0.952360077812006 0.012751634497247
0.948078692306031 0.013920405922445
0.943483098182208 0.015166442977898
0.938549331992116 0.016493470254193
0.933251427882710 0.017905240285446
0.927561239303757 0.019405264864929
0.921448307266317 0.020996644250036
0.914879768648508 0.022681946567816
0.907820500885512 0.024463741551345
0.900233043456845 0.026344256034072
0.892077521088375 0.028324831161540
0.883311744662244 0.030405710993497
0.873891647553998 0.032586793177677
0.863771606758569 0.034867409588399
0.852904780505531 0.037245564089910
0.841243845897308 0.039718356510321
0.828742072291099 0.042283300153604
0.815354308342847 0.044937397748639
0.801038151805077 0.047676477344358
0.785755051878707 0.050493725504665
0.769472501088193 0.053380689811224
0.752165887194635 0.056326168933614
0.733820395709927 0.059314718407990
0.714433790905556 0.062328691601791
0.694018825295662 0.065349970916877
0.672605417083289 0.068359884805720
0.650241720728295 0.071334841385999
0.626995207400012 0.074245869913042
0.602953572931249 0.077060779549584
0.578224209144218 0.079743856251573
0.552933087369460 0.082259398289551
0.527222334477699 0.084573191881302
0.501246718817777 0.086655102606888
0.475169356213956 0.088480933639867
0.449156513539922 0.090030482944614
0.423372395731669 0.091287328484917
0.397974304417202 0.092241898909388
0.373108123883534 0.092891719933727
0.348904547081026 0.093238954805718
0.325476274442916 0.093290064995689
0.302916481876752 0.093056036673570
0.281298112116340 0.092551787134905
0.260674291053314 0.091794643128487
0.241079447898647 0.090803137854310
0.222530816516045 0.089596680177571
0.205031069691020 0.088192077801750
0.188569754292709 0.086607126093971
0.173128104107613 0.084850027575885
0.158677859879309 0.082932726170877
0.145184825466629 0.080871693124741
0.132610113280959 0.078686276406003
0.120909965370034 0.076398679323523
0.110039176734209 0.074032447800655
0.099950699814190 0.071610879168344
0.090597572790506 0.069152928731893
0.081936854135377 0.066666152838738
0.073925453475303 0.064158737106406
0.066522397443256 0.061637153157571
0.059699214889560 0.059088651514508
0.053427396067071 0.056503182944740
0.047674868100519 0.053880153490272
0.042414641342507 0.051225352075196
0.037623547527429 0.048548518864535
0.033274373137951 0.045861442848410
0.029337347783485 0.043177423278483
0.025781097495124 0.040515310551440
0.022574295088473 0.037893938840577
0.019686785626012 0.035328417778725
0.017090156025811 0.032830661423885
0.014762585535830 0.030408637402583
0.012687370163991 0.028067256298458
0.010846566973082 0.025810521025968
0.009221520310623 0.023641694078742
0.007793526890527 0.021563373047648
0.006544150027975 0.019578302087054
0.005455500442907 0.017689616031667
0.004510755205730 0.015899382081948
0.003694273295652 0.014208695243099
0.002991623638912 0.012617901889538
0.002389577722496 0.011126780987403
0.001876183205337 0.009734703815337
0.001443334663181 0.008441074829632
0.001085424134822 0.007245268628567
0.000795619677945 0.006146257182351
0.000566262937784 0.005142728957633
0.000389343985372 0.004233205217647
0.000256860565498 0.003416131859856
0.000161087844932 0.002689951725907
0.000094779193295 0.002053161332039
0.000051314125358 0.001504355173634
0.000024806038630 0.001042260116000
0.000010179598504 0.000665761863098
0.000003225399305 0.000373925071230
0.000000637738637 0.000166008325031
0.000000039883766 0.000041474901472
0.000000000000000 0.000000000000000
0.000000038434376 -0.000040692586556
0.000000617544132 -0.000162958212828
0.000003148026560 -0.000367360684354
0.000010046031513 -0.000654840309964
0.000024826176646 -0.001026699389113
0.000052153028640 -0.001484399490555
0.000097933563118 -0.002029336844989
0.000169479466431 -0.002662641508480
0.000275689319602 -0.003384870027068
0.000427272003662 -0.004195609665189
0.000637018263213 -0.005092973703284
0.000920128662980 -0.006072961198784
0.001294608028706 -0.007128647726391
0.001781738697932 -0.008249165068087
0.002406647607151 -0.009418417174192
0.003198126652351 -0.010614622538190
0.004178751969373 -0.011822683833597
0.005362973704347 -0.013035530229391
0.006759934744505 -0.014248710814827
0.008371082249752 -0.015461506259779
0.010186938859700 -0.016678543458388
0.012183678480134 -0.017911558984768
0.014346562285057 -0.019169167507102
0.016687494743473 -0.020449378332319
0.019221927282892 -0.021750523969401
0.021967379192978 -0.023072648095419
0.024943769654706 -0.024418309390746
0.028173477926472 -0.025793042007280
0.031677378518574 -0.027198696752575
0.035474400920378 -0.028633475281374
0.039583275649826 -0.030096314695048
0.044021932840520 -0.031587490803807
0.048807080409121 -0.033109053298638
0.053961059153355 -0.034661100853272
0.059513172137191 -0.036241354838826
0.065495119598828 -0.037848274515238
0.071940867667062 -0.039481740182588
0.078886346896926 -0.041141363865217
0.086368815243454 -0.042822629403156
0.094426847303203 -0.044520485043479
0.103099924462312 -0.046230381614972
0.112429895454868 -0.047945477662446
0.122462145993584 -0.049654148929095
0.133243029751315 -0.051343242057740
0.144818897095508 -0.052998819963348
0.157235118239449 -0.054607234304983
0.170534682439444 -0.056155627858041
0.184757163075542 -0.057632077196216
0.199938683960709 -0.059024475664461
0.216108835511573 -0.060323166651212
0.233289217134946 -0.061515497705820
0.251491994566955 -0.062581073678277
0.270716509998838 -0.063499593512027
0.290947464772288 -0.064251090855502
0.312152520901327 -0.064817909075848
0.334281045301237 -0.065187518108012
0.357262957597796 -0.065353489308858
0.381008313753918 -0.065306229789648
0.405408014801016 -0.065029881333567
0.430335042661201 -0.064512983219214
0.455647122380858 -0.063750150063940
0.481190165966944 -0.062737028674164
0.506802623462156 -0.061467425676864
0.532319812117740 -0.059933491210924
0.557578700961916 -0.058123437101840
0.582423987953591 -0.056038182630782
0.606712662544109 -0.053694801109504
0.630318845353437 -0.051125583161426
0.653136778580421 -0.048379402430587
0.675081248104363 -0.045507340706017
0.696088277535724 -0.042561294686896
0.716113565428766 -0.039589065313333
0.735131883256990 -0.036635963000042
0.753134075810048 -0.033740192573755
0.770125050538187 -0.030932858672593
0.786121398503086 -0.028238106479031
0.801148825082307 -0.025673147420753
0.815240591634313 -0.023251436368497
0.828435143038715 -0.020981212826028
0.840774273223074 -0.018865518478513
0.852301877027008 -0.016903950393783
0.863062788992347 -0.015093146453956
0.873101860913037 -0.013427364449732
0.882463405699399 -0.011900396016815
0.891190737429642 -0.010506751780611
0.899325474774511 -0.009239532893592
0.906907268611942 -0.008090769991379
0.913973674067691 -0.007052407934618
0.920560106804132 -0.006117625645508
0.926699768278457 -0.005279315891928
0.932423660497614 -0.004530010150276
0.937760645947498 -0.003862193182422
0.942737518447055 -0.003268698893479
0.947379065973792 -0.002743433321638
0.951708222799802 -0.002280575657909
0.955746189834953 -0.001874399030091
0.959512538019808 -0.001519394317824
0.963025311978830 -0.001210349048402
0.966301127998812 -0.000942478977705
0.969355236360967 -0.000712249185867
0.972201648717847 -0.000516651801272
0.974853256785469 -0.000352554755460
0.977321910897619 -0.000216809593641
0.979618493906491 -0.000106335740840
0.981752990668826 -0.000018177394656
0.983734552947311 0.000050459924915
0.985571538138874 0.000102105382414
0.987271523689405 0.000138854177906
0.988841444223848 0.000162692856562
0.990287650142996 0.000175546055436
0.991615941029425 0.000179246141764
0.992831597322281 0.000175513325709
0.993939410017676 0.000165943519224
0.994943708245803 0.000152001841023
0.995848384645044 0.000135020155642
0.996656918503006 0.000116197412968
0.997372396669180 0.000096601847526
0.997997532267003 0.000077174322974
0.998534681247536 0.000058732281669
0.998985856834551 0.000041973893148
0.999352741913426 0.000027482098246
0.999636699414978 0.000015728324282
0.999838780741262 0.000007075707049
0.999959732274177 0.000001781701635
1.000000000000000 0.000000000000000
