1.000000000000000 0.000000000000000
0.999961108849485 0.000010474454855
0.999844291257888 0.000041925358074
0.999649113828161 0.000094435400251
0.999374850966700 0.000168142646769
0.999020479954442 0.000263240905742
0.998584673983943 0.000379980235646
0.998065793099500 0.000518667584765
0.997461872958691 0.000679667551691
0.996770611314567 0.000863403252813
0.995989352098042 0.001070357278793
0.995115066959791 0.001301072717377
0.994144334110192 0.001556154214286
0.993073314274590 0.001836269037327
0.991897723559731 0.002142148100921
0.990612803005647 0.002474586898840
0.989213284576348 0.002834446281834
0.987693353322661 0.003222653003712
0.986046605432715 0.003640199944135
0.984266001870819 0.004088145898595
0.982343817295730 0.004567614805573
0.980271583946655 0.005079794257567
0.978040030192788 0.005625933116453
0.975639013463566 0.006207338024678
0.973057447317189 0.006825368572404
0.970283222470719 0.007481430847739
0.967303121714478 0.008176969064031
0.964102728776998 0.008913454926919
0.960666331407563 0.009692374377879
0.956976819217741 0.010515211335158
0.953015577191523 0.011383428054252
0.948762376103454 0.012298441589825
0.944195246823951 0.013261579921331
0.939290349831402 0.014274026680446
0.934021883274595 0.015336796884144
0.928361985736901 0.016450691401844
0.922280651729074 0.017616244436851
0.915745652175072 0.018833693313675
0.908722493209633 0.020102939514617
0.901174446530824 0.021423474817732
0.893062609161482 0.022794293939269
0.884345944171100 0.024213602204999
0.874981552384265 0.025678827337785
0.864925046356274 0.027186662188281
0.854130971589897 0.028733076376346
0.842553516089827 0.030313310623444
0.830147235415502 0.031921495026530
0.816868128657211 0.033550714781294
0.802674935577733 0.035193303302013
0.787530675848177 0.036840917111793
0.771404286276772 0.038483685160957
0.754272699925349 0.040111005794702
0.736123043562568 0.041712367009768
0.716954716646882 0.043275692474156
0.696781703418649 0.044788719612390
0.675634644733934 0.046239518309974
0.653562362431467 0.047614699927941
0.630633206907033 0.048902770242171
0.606935193021152 0.050089539447412
0.582575655877921 0.051163289987924
0.557679794178222 0.052112789141607
0.532388122569980 0.052927615500110
0.506852816501606 0.053601779406716
0.481233414922065 0.054132408776089
0.455691993577387 0.054509093105928
0.430388158025567 0.054722070025580
0.405474278852038 0.054786271526299
0.381091078399298 0.054725998660655
0.357363966816044 0.054547945901846
0.334400505619244 0.054253773882634
0.312288906873871 0.053856137305055
0.291097536448875 0.053372958554852
0.270875498444839 0.052814550038170
0.251653758601513 0.052184143917602
0.233446712421654 0.051486585681358
0.216254634024083 0.050726103417959
0.200065360553808 0.049908513280786
0.184856467659055 0.049040771703905
0.170597702798853 0.048128422925979
0.157252905288095 0.047176624195205
0.144781774509731 0.046190035885196
0.133141275062705 0.045173132443655
0.122286884193284 0.044130120969701
0.112173729456781 0.043064855272507
0.102757660003708 0.041979609544713
0.093995095891030 0.040878003970920
0.085844195563475 0.039761801350376
0.078264730956013 0.038632969375691
0.071218072534885 0.037494965670490
0.064669186578258 0.036347476207981
0.058585751426960 0.035188730720453
0.052936473163375 0.034019880680187
0.047691449073335 0.032843900904526
0.042824329600770 0.031660604499666
0.038311715545954 0.030467639378197
0.034130908265333 0.029264982317588
0.030261568766001 0.028050735142074
0.026684227595543 0.026824541291297
0.023380049697222 0.025588395793937
0.020337967141994 0.024337580192872
0.017551348346819 0.023064154143638
0.015010046502284 0.021766039064316
0.012701394080669 0.020445558968804
0.010615515062099 0.019105612896483
0.008760370572676 0.017740640759987
0.007140255765531 0.016348127510521
0.005749958617917 0.014932188281527
0.004573487560522 0.013513072337447
0.003589330307236 0.012117147926977
0.002776178822523 0.010764489455107
0.002113487225096 0.009469933802474
0.001581544288831 0.008244314560682
0.001160612377513 0.007095805124973
0.000832523450047 0.006030046744980
0.000581319679209 0.005050495811411
0.000393037249375 0.004158985924414
0.000255511828701 0.003356175394888
0.000158207452494 0.002641901945599
0.000092067134672 0.002015463113410
0.000049383622874 0.001475837098497
0.000023688844632 0.001021855782055
0.000009660744737 0.000652339188046
0.000003046379245 0.000366198673960
0.000000600303476 0.000162514501118
0.000000037466448 0.000040592075641
0.000000000000000 0.000000000000000
0.000000037461141 -0.000040592075762
0.000000600282243 -0.000162514501659
0.000003046331453 -0.000366198675395
0.000009660659729 -0.000652339191142
0.000023688711717 -0.001021855787997
0.000049383431322 -0.001475837109020
0.000092066873701 -0.002015463130939
0.000158207111272 -0.002641901973402
0.000255511396332 -0.003356175437243
0.000393036714905 -0.004158985986795
0.000581319031621 -0.005050495900691
0.000832522678262 -0.006030046869663
0.001160611470396 -0.007095805295451
0.001581543235201 -0.008244314789529
0.002113486013850 -0.009469934104724
0.002776177446774 -0.010764489846961
0.003589328763477 -0.012117148426583
0.004573485847157 -0.013513072966007
0.005749956735575 -0.014932189063741
0.007140253718812 -0.016348128471307
0.008760368381793 -0.017740641894107
0.010615512756991 -0.019105614187148
0.012701391699662 -0.020445560393531
0.015010044066955 -0.021766040608764
0.017551345864224 -0.023064155800079
0.020337964621364 -0.024337581950618
0.023380047150337 -0.025588397638853
0.026684225035335 -0.026824543207406
0.030261566196702 -0.028050737123131
0.034130905690143 -0.029264984357819
0.038311712968841 -0.030467641470074
0.042824327025132 -0.031660606637156
0.047691446502527 -0.032843903081805
0.052936470601054 -0.034019882890717
0.058585748875287 -0.035188732960811
0.064669184039463 -0.036347478474424
0.071218070011589 -0.037494967958232
0.078264728451122 -0.038632971679184
0.085844193079073 -0.039761803666233
0.093995093429198 -0.040878006295663
0.102757657566758 -0.041979611874156
0.112173727046975 -0.043064857603044
0.122286881812999 -0.044130123297521
0.133141272714445 -0.045173134764662
0.144781772195938 -0.046190038195732
0.157252903011350 -0.047176626491229
0.170597700561783 -0.048128425203576
0.184856465464387 -0.049040773958913
0.200065358404298 -0.049908515509134
0.216254631922536 -0.050726105615575
0.233446710370899 -0.051486587844200
0.251653756604419 -0.052184146041332
0.270875496504216 -0.052814552118545
0.291097534567445 -0.053372960587710
0.312288905054257 -0.053856139286429
0.334400503863871 -0.054253775809849
0.357363965127091 -0.054547947772423
0.381091076778655 -0.054726000471422
0.405474277301286 -0.054786273274094
0.430388156545915 -0.054722071708985
0.455691992169569 -0.054509094724369
0.481233413586326 -0.054132410327872
0.506852815237757 -0.053601780890030
0.532388121377397 -0.052927616914362
0.557679793055827 -0.052112790486889
0.582575654824222 -0.051163291264653
0.606935192034280 -0.050089540656391
0.630633205984786 -0.048902771384753
0.653562361571366 -0.047614701005697
0.675634643933295 -0.046239519324903
0.696781702674622 -0.044788720566731
0.716954715956512 -0.043275693370302
0.736123042922852 -0.041712367850293
0.754272699333267 -0.040111006582185
0.771404285729346 -0.038483685898054
0.787530675342489 -0.036840917801142
0.802674935110956 -0.035193303946179
0.816868128226638 -0.033550715382805
0.830147235018546 -0.031921495587834
0.842553515724045 -0.030313311146887
0.854130971252981 -0.028733076864163
0.864925046046068 -0.027186662642614
0.874981552098752 -0.025678827760667
0.884345943908405 -0.024213602598346
0.893062608919864 -0.022794294304889
0.901174446308672 -0.021423475157330
0.908722493005460 -0.020102939829808
0.915745651987506 -0.018833693605978
0.922280651556850 -0.017616244707693
0.928361985578852 -0.016450691652564
0.934021883129649 -0.015336797115998
0.939290349698569 -0.014274026894613
0.944195246702322 -0.013261580118919
0.948762375992192 -0.012298441771873
0.953015577089856 -0.011383428221738
0.956976819124957 -0.010515211489001
0.960666331323007 -0.009692374518944
0.964102728700064 -0.008913455056018
0.967303121644605 -0.008176969181928
0.970283222407388 -0.007481430955156
0.973057447259919 -0.006825368670020
0.975639013411910 -0.006207338113134
0.978040030146331 -0.005625933196353
0.980271583905009 -0.005079794329486
0.982343817258535 -0.004567614870054
0.984266001837737 -0.004088145956152
0.986046605403429 -0.003640199995258
0.987693353296874 -0.003222653048868
0.989213284553781 -0.002834446321467
0.990612802986037 -0.002474586933374
0.991897723542827 -0.002142148130762
0.993073314260158 -0.001836269062866
0.994144334098004 -0.001556154235897
0.995115066949635 -0.001301072735421
0.995989352089711 -0.001070357293619
0.996770611307864 -0.000863403264760
0.997461872953427 -0.000679667561087
0.998065793095491 -0.000518667591929
0.998584673981011 -0.000379980240890
0.999020479952414 -0.000263240909373
0.999374850965406 -0.000168142649088
0.999649113827434 -0.000094435401553
0.999844291257565 -0.000041925358652
0.999961108849404 -0.000010474454999
1.000000000000000 0.000000000000000
