1.000000000000000 0.000000000000000
0.999960527106010 0.000010406119600
0.999841965111711 0.000041664135445
0.999643883128207 0.000093893264833
0.999365559825688 0.000167293024760
0.999005978630700 0.000262144467621
0.998563820941553 0.000378811917809
0.998037457300537 0.000517745215372
0.997424936443270 0.000679482473795
0.996723972126581 0.000864653359298
0.995931927616722 0.001073982898417
0.995045797699301 0.001308295818779
0.994062188051102 0.001568521424522
0.992977291791853 0.001855699002182
0.991786863011070 0.002170983744489
0.990486187041407 0.002515653167429
0.989070047225713 0.002891113979178
0.987532687900418 0.003298909336594
0.985867773293553 0.003740726394181
0.984068342012101 0.004218404009455
0.982126756771567 0.004733940414658
0.980034649001696 0.005289500594051
0.977782857947943 0.005887423013948
0.975361363880638 0.006530225233415
0.972759215025802 0.007220607769767
0.969964447846721 0.007961455395511
0.966964000338562 0.008755834790748
0.963743618055370 0.009606987153193
0.960287752677347 0.010518313959740
0.956579453055628 0.011493353557906
0.952600248853660 0.012535745617872
0.948330027152706 0.013649179667037
0.943746902721262 0.014837322925976
0.938827083084620 0.016103721431020
0.933544730095261 0.017451666926766
0.927871820424688 0.018884020205836
0.921778008303043 0.020402979436080
0.915230494957238 0.022009779537568
0.908193910574429 0.023704305877044
0.900630216276635 0.025484602514598
0.892498635580442 0.027346252239332
0.883756127638507 0.029284017597603
0.874359132628479 0.031299169503060
0.864263162886253 0.033395861126937
0.853423098853308 0.035580216188715
0.841794018078405 0.037861169486964
0.829332270788425 0.040251541898455
0.815996834382134 0.042769379062675
0.801750971508614 0.045439570280618
0.786564048502062 0.048294983846361
0.770408076498963 0.051350342859395
0.753255956781799 0.054583361376658
0.735088143125500 0.057956474374503
0.715894874228969 0.061416289462200
0.695678073724055 0.064891559468532
0.674455292011308 0.068302224960076
0.652272395703222 0.071613698690984
0.629200040513907 0.074813740744535
0.605330663854216 0.077895856730046
0.580777734609960 0.080858728659349
0.555668614581279 0.083680233741820
0.530141347264272 0.086315493193184
0.504345864948785 0.088720874000217
0.478440318530951 0.090855758558596
0.452590407234098 0.092667178085561
0.426963100983344 0.094097251361915
0.401718192328158 0.095099991149073
0.377003107222411 0.095650005493667
0.352946003895157 0.095792744768206
0.329655212924553 0.095607444171758
0.307219803465522 0.095169287354391
0.285709456282942 0.094543881544262
0.265184238221292 0.093721310084898
0.245693115491191 0.092633161397986
0.227263300668653 0.091236755770117
0.209902381864275 0.089514903768594
0.193601376792169 0.087470930802024
0.178334495094246 0.085149193756667
0.164059475641141 0.082650594089115
0.150728949741130 0.080062794844020
0.138295853313206 0.077445610997694
0.126733985199454 0.074776258691505
0.116019483231118 0.072011198461719
0.106117806940688 0.069130401642262
0.096987253870227 0.066130917809170
0.088574598636225 0.063048522517592
0.080807090267151 0.059991701561592
0.073618206642813 0.057048706348192
0.066954459375535 0.054260750811872
0.060784048526225 0.051580201921438
0.055079012627238 0.048955781592588
0.049810232239406 0.046355914207298
0.044950616798875 0.043766065195303
0.040489447845989 0.041202263209163
0.036417442312800 0.038687941365309
0.032718584514644 0.036240594142320
0.029372523113209 0.033872936221236
0.026356399238896 0.031593917670437
0.023646095216024 0.029409502721945
0.021202195279690 0.027316608627126
0.018961593845527 0.025299571918201
0.016874587779805 0.023346979205214
0.014905901938396 0.021452329438491
0.013031195447480 0.019612656355225
0.011235363965676 0.017827736398774
0.009535284062717 0.016105452933343
0.007967824305845 0.014458643748755
0.006555196179721 0.012896399773651
0.005307289811986 0.011424562229451
0.004225028141499 0.010046504311461
0.003302962723997 0.008763748617904
0.002531275202794 0.007576454118912
0.001897313798047 0.006483799559942
0.001386766780980 0.005484284705127
0.000984553274307 0.004575966457586
0.000675494647171 0.003756643415997
0.000444816293676 0.003023999656587
0.000278518940086 0.002375716321351
0.000163650216635 0.001809557830736
0.000088500580728 0.001323438129741
0.000042742412862 0.000915471246741
0.000017526926273 0.000584009535406
0.000005550198522 0.000327672234649
0.000001096957743 0.000145366381454
0.000000068584811 0.000036301615786
0.000000000000000 0.000000000000000
0.000000065246771 -0.000035379565648
0.000001048066098 -0.000141619300643
0.000005340454684 -0.000319019705331
0.000017032744302 -0.000568072746599
0.000042073139132 -0.000889448009877
0.000088499302499 -0.001283972190126
0.000166720865232 -0.001752596017956
0.000289004636830 -0.002296210722944
0.000468826902339 -0.002915414767742
0.000721154197742 -0.003610393219852
0.001062289754562 -0.004380686406054
0.001509617309796 -0.005224891144948
0.002081245166806 -0.006140283432394
0.002795518909595 -0.007122343139628
0.003670362457220 -0.008164156376800
0.004722396098123 -0.009255665051446
0.005965766137493 -0.010382725498223
0.007410603029921 -0.011525928480086
0.009061002349939 -0.012659120868919
0.010912394405881 -0.013747554287823
0.012948132875044 -0.014745568022349
0.015146204750607 -0.015606445861684
0.017511209945891 -0.016321995206683
0.020056321840955 -0.016905680641955
0.022796773057697 -0.017390199780407
0.025750265421686 -0.017834529363608
0.028935823477637 -0.018302494020870
0.032370374545131 -0.018799736244319
0.036071058647967 -0.019317337832595
0.040055666131568 -0.019841699361216
0.044342393198036 -0.020353017499350
0.048949485779169 -0.020823326522851
0.053895300836974 -0.021217145240853
0.059203077662332 -0.021518864338712
0.064900427090870 -0.021731064478599
0.071017231387702 -0.021864607093788
0.077585726167174 -0.021941466643948
0.084639956782981 -0.021977678526469
0.092215197379881 -0.021967087426137
0.100348365529594 -0.021900766766696
0.109078158401632 -0.021769290206311
0.118445805547688 -0.021564314050756
0.128494145876850 -0.021278187414868
0.139266953980058 -0.020904235277698
0.150808314155221 -0.020437515422923
0.163162058893627 -0.019877322111148
0.176371404176576 -0.019232414854360
0.190477425992817 -0.018520922650738
0.205517566491363 -0.017771762590358
0.221523048582355 -0.017006504847196
0.238516338076012 -0.016226836314305
0.256509870801496 -0.015432298770658
0.275503897305234 -0.014621332601878
0.295484286416825 -0.013790980178856
0.316420569819040 -0.012938228684811
0.338264659388080 -0.012068910880830
0.360949558648787 -0.011193907358518
0.384388829348992 -0.010325887382886
0.408477069668442 -0.009478647459574
0.433091110782330 -0.008656917062243
0.458092450704476 -0.007853279327725
0.483331025639169 -0.007058061228047
0.508649523946949 -0.006261503216529
0.533888720357530 -0.005477626899132
0.558892440092173 -0.004745004897782
0.583511698665022 -0.004100216755783
0.607608860699024 -0.003573570129808
0.631060524248042 -0.003163897407914
0.653760158664077 -0.002843173790955
0.675620282495174 -0.002585051238810
0.696573009483446 -0.002366859257270
0.716569752261109 -0.002173047662740
0.735580247828567 -0.002000349463809
0.753590589161466 -0.001847493499007
0.770601150899289 -0.001713044210025
0.786624411652899 -0.001595474623366
0.801682753256258 -0.001493163850974
0.815806333308005 -0.001403200564420
0.829031155223226 -0.001322028632350
0.841397368846170 -0.001246963816433
0.852947785996582 -0.001176074707220
0.863726637230979 -0.001108018061350
0.873778559560183 -0.001041899774765
0.883147795075862 -0.000977160713102
0.891877575744073 -0.000913485205839
0.900009668696472 -0.000850815198187
0.907584058379029 -0.000789737653295
0.914638729581252 -0.000730892478950
0.921209540923126 -0.000674699129309
0.927330169970208 -0.000621409163445
0.933032111012963 -0.000571148778206
0.938344712175130 -0.000523952069750
0.943295240971678 -0.000479786827296
0.947908969580549 -0.000438574368061
0.952209272926159 -0.000400204656542
0.956217734209740 -0.000364547719499
0.959954253788318 -0.000331462171016
0.963437158332518 -0.000300801497722
0.966683308017158 -0.000272418619286
0.969708200150075 -0.000246169129720
0.972526068153438 -0.000221913536926
0.975149975204062 -0.000199518747662
0.977591902137410 -0.000178858989400
0.979862829443008 -0.000159816316723
0.981972813342596 -0.000142280815515
0.983931056059406 -0.000126150591380
0.985745970467925 -0.000111331607902
0.987425239366674 -0.000097737424206
0.988975869648700 -0.000085288868868
0.990404241660755 -0.000073913677669
0.991716154046702 -0.000063546115383
0.992916864366766 -0.000054126596253
0.994011125774219 -0.000045601313599
0.995003220016880 -0.000037921885845
0.995896987013816 -0.000031045023908
0.996695851238959 -0.000024932223147
0.997402845123625 -0.000019549481825
0.998020629669920 -0.000014867047103
0.998551512446899 -0.000010859189006
0.998997463121502 -0.000007504002339
0.999360126656853 -0.000004783236296
0.999640834291497 -0.000002682151365
0.999840612394675 -0.000001189403048
0.999960189274718 -0.000000296951976
1.000000000000000 0.000000000000000
