1.000000000000000 0.000000000000000
0.999959657845797 0.000007412989377
0.999838481790372 0.000029608202027
0.999636022055397 0.000066453721218
0.999351525668940 0.000117727516245
0.998983931423689 0.000183114182226
0.998531862758993 0.000262200365528
0.997993618507026 0.000354468868657
0.997367161426088 0.000459291432853
0.996650104426608 0.000575920206457
0.995839694377915 0.000703477924262
0.994932793366454 0.000840946850118
0.993925857258856 0.000987156575445
0.992814911406776 0.001140770824249
0.991595523314756 0.001300273496505
0.990262772078520 0.001463954293569
0.988811214389749 0.001629894421331
0.987234846895812 0.001795953071254
0.985527064700739 0.001959755652543
0.983680615799021 0.002118685110874
0.981687551249428 0.002269878147277
0.979539170925614 0.002410228779111
0.977225964728528 0.002536402507625
0.974737549218657 0.002644865429702
0.972062599731676 0.002731934026715
0.969188778189060 0.002793853171925
0.966102657018110 0.002826912234282
0.962789639869207 0.002827612164616
0.959233880181538 0.002792900308730
0.955418199125707 0.002720494620719
0.951324005071768 0.002609325216123
0.946931217528968 0.002460129127184
0.942218199519670 0.002276244074463
0.937161703631471 0.002064659472361
0.931736838589887 0.001837398198135
0.925917065163786 0.001613321335482
0.919674232609118 0.001420470561445
0.912978669716332 0.001299089334406
0.905799347873829 0.001305494510198
0.898104124331197 0.001516731466614
0.889858720542959 0.002007629474028
0.881025155882010 0.002814954727996
0.871563439361217 0.003967676227863
0.861432005346615 0.005488604399749
0.850588022161523 0.007390469503183
0.838987808496306 0.009670805020069
0.826587374093934 0.012305439516663
0.813343100427417 0.015240433104451
0.799212578975559 0.018382495060703
0.784157145599421 0.021637280564671
0.768146303544950 0.025001878204058
0.751157333174885 0.028495687614451
0.733176773317889 0.032146866317135
0.714202463948545 0.035994153183019
0.694245554127289 0.040086990842824
0.673331697592856 0.044435685239577
0.651502257313343 0.048983526660119
0.628816042619280 0.053651858568793
0.605349869122008 0.058343713766222
0.581198913220781 0.062953874098623
0.556477972172086 0.067404903118906
0.531317811437586 0.071628672551366
0.505861374041368 0.075559030777433
0.480261352086446 0.079125119113072
0.454681254252246 0.082215757009827
0.429285632197445 0.084718614514972
0.404232797153956 0.086541368060763
0.379671926971602 0.087635773118148
0.355745750697050 0.088071443713732
0.332579897794835 0.087953010903230
0.310277743398334 0.087382766029970
0.288919468536932 0.086454970706375
0.268560026455335 0.085218239464946
0.249231502374053 0.083688645697232
0.230948780149009 0.081893072779688
0.213714162122249 0.079877654520006
0.197516350289303 0.077690408979703
0.182332246546285 0.075373331778884
0.168129978343605 0.072957247683351
0.154870627832431 0.070469863380035
0.142510284199549 0.067937182686302
0.131004775705841 0.065378522511950
0.120311289728827 0.062806043094797
0.110384497648153 0.060232419227984
0.101177706898813 0.057670548439843
0.092644118166452 0.055132821784457
0.084737428891752 0.052630377990362
0.077412551055760 0.050172856998559
0.070626641016659 0.047768721560746
0.064340883927876 0.045424096593652
0.058524523867131 0.043139909239474
0.053148124873915 0.040916845693822
0.048182214540123 0.038756391715455
0.043597942642376 0.036660307057163
0.039367279974511 0.034626781991526
0.035463344997986 0.032650704382448
0.031860989507654 0.030729271060765
0.028536859222405 0.028861572044187
0.025469371056151 0.027047936228562
0.022638656793331 0.025289456812714
0.020026521479361 0.023587665099712
0.017621203371280 0.021945975660979
0.015419487613929 0.020370291769071
0.013415486979829 0.018865043629404
0.011600477365876 0.017433100451993
0.009963924750089 0.016076123757848
0.008494253176265 0.014794849880166
0.007178432728202 0.013579891363478
0.005999880689886 0.012387751287471
0.004943287458808 0.011184481722419
0.003995701062647 0.009954193763003
0.003151676549412 0.008705346790594
0.002420580644090 0.007482383185265
0.001806242718289 0.006321983092220
0.001305214836093 0.005247685104753
0.000909106919966 0.004273236500200
0.000606403174125 0.003405243402126
0.000383869934535 0.002645262765868
0.000227642207282 0.001991449181366
0.000124057902213 0.001439846337731
0.000060294186805 0.000985394399745
0.000024848695590 0.000622709549384
0.000007898908812 0.000346679776864
0.000001565358414 0.000152911045438
0.000000098022791 0.000038049697460
0.000000000000000 0.000000000000000
0.000000093690979 -0.000037060072756
0.000001507234735 -0.000147811410522
0.000007699853352 -0.000330909222905
0.000024645483747 -0.000583915664661
0.000061154609350 -0.000902995476585
0.000129343189289 -0.001282470299049
0.000245268007023 -0.001714211003646
0.000429754699977 -0.002186839897979
0.000709452621042 -0.002684706022996
0.001115497461709 -0.003188558470782
0.001674816682946 -0.003681575973603
0.002411574603798 -0.004147769760772
0.003346677805209 -0.004571675690784
0.004495329778890 -0.004939305486624
0.005863867001216 -0.005239396200559
0.007445680582219 -0.005465042290843
0.009215976192650 -0.005615817237488
0.011125060114010 -0.005700520123473
0.013091659276183 -0.005740192796240
0.015071380034854 -0.005750721000957
0.017117313416650 -0.005728067703703
0.019317056161432 -0.005666564937848
0.021718126055955 -0.005563081099039
0.024328951784057 -0.005417572089085
0.027154497707578 -0.005232694031448
0.030195555432089 -0.005014835361476
0.033449711037717 -0.004774106928667
0.036926721984040 -0.004517081053853
0.040643959151107 -0.004249939051808
0.044621423084589 -0.003982068451672
0.048882288419942 -0.003727118624820
0.053453605407128 -0.003504350112950
0.058366876685526 -0.003339100691414
0.063651579620936 -0.003233544412736
0.069332106679504 -0.003151044993180
0.075432498148985 -0.003032094614886
0.081976012399938 -0.002788074024271
0.088989093555187 -0.002347919291207
0.096510286571533 -0.001762258464689
0.104584408088259 -0.001140617497749
0.113260273625339 -0.000623673861395
0.122581819763113 -0.000250084383701
0.132590954937921 -0.000005191627358
0.143329439286572 0.000143168004422
0.154837859760562 0.000251079187532
0.167155881019993 0.000380818818155
0.180325896762009 0.000523572241773
0.194389248247223 0.000640773547402
0.209383869285581 0.000678220320974
0.225341044325365 0.000602813311772
0.242282281563518 0.000431610935145
0.260218691609401 0.000197545566034
0.279149748193856 -0.000083250509236
0.299061580762589 -0.000427905110469
0.319924163794966 -0.000856361999839
0.341689334896663 -0.001374442028401
0.364289818797418 -0.001980606445345
0.387638931281216 -0.002670241751534
0.411631103363417 -0.003435489960675
0.436143683343888 -0.004265168988126
0.461039460199182 -0.005145075621966
0.486169875478946 -0.006058652011110
0.511379228499437 -0.006987519987528
0.536509455499009 -0.007908858110240
0.561404992026286 -0.008797434367186
0.585917415912238 -0.009629876066749
0.609909628550469 -0.010386221560864
0.633259016769451 -0.011055483242433
0.655860065783208 -0.011634216129612
0.677626133964308 -0.012121780505978
0.698489968792655 -0.012519934467371
0.718403261813158 -0.012831428710784
0.737335424928178 -0.013057709550573
0.755272152625158 -0.013201980779939
0.772213464749770 -0.013269427509973
0.788171526629132 -0.013266629334986
0.803168443399723 -0.013201002469259
0.817234034269735 -0.013078723854291
0.830403871492791 -0.012904121306584
0.842717765773576 -0.012682464251236
0.854218276942820 -0.012419725570298
0.864949449080931 -0.012122151295075
0.874955780601155 -0.011795941543179
0.884281408943661 -0.011447026323434
0.892969484677260 -0.011080918792737
0.901061707379453 -0.010702625405822
0.908597712550918 -0.010314990416887
0.915614588870028 -0.009917181726149
0.922147552488680 -0.009509240338268
0.928229927382163 -0.009092324659326
0.933893058597508 -0.008668281456644
0.939166285569498 -0.008239335013028
0.944076960138468 -0.007807866957287
0.948650496879250 -0.007376264713746
0.952910445906229 -0.006946821161821
0.956878580465600 -0.006521671951049
0.960574993395167 -0.006102760047876
0.964018197968337 -0.005691819591508
0.967225229788943 -0.005290373106077
0.970211747313111 -0.004899737649291
0.972992129285222 -0.004521036657556
0.975579567924145 -0.004155215146599
0.977986157114872 -0.003803056605014
0.980222975176098 -0.003465200425125
0.982300162007992 -0.003142159090560
0.984226990594373 -0.002834334614284
0.986011932954006 -0.002542033918970
0.987662720718339 -0.002265482992500
0.989186400566794 -0.002004839749774
0.990589384782737 -0.001760205598844
0.991877497209243 -0.001531635753310
0.993056014887823 -0.001319148360149
0.994129705658862 -0.001122732527520
0.995102861992087 -0.000942355344056
0.995979331300814 -0.000777967982416
0.996762542976492 -0.000629510977186
0.997455532361162 -0.000496918762089
0.998060961855664 -0.000380123544744
0.998581139341277 -0.000279058589675
0.999018034072318 -0.000193660972283
0.999373290177307 -0.000123873858490
0.999648237886766 -0.000069648356746
0.999843902586566 -0.000030944981376
0.999961011777067 -0.000007734758686
1.000000000000000 0.000000000000000
