1.000000000000000 0.000000000000000
0.999960262776314 0.000003998158887
0.999840906672293 0.000016007250777
0.999641497435106 0.000036071218488
0.999361308121797 0.000064263624699
0.998999314287573 0.000100688141920
0.998554187190501 0.000145479244471
0.998024284953240 0.000198803108531
0.997407641604912 0.000260858728116
0.996701953908209 0.000331879256672
0.995904565858355 0.000412133585840
0.995012450721653 0.000501928174900
0.994022190461865 0.000601609146325
0.992929952382915 0.000711564664913
0.991731462796352 0.000832227619951
0.990421977501980 0.000964078631854
0.988996248850453 0.001107649406675
0.987448489137957 0.001263526463656
0.985772330066168 0.001432355262605
0.983960777986481 0.001614844759142
0.982006164637549 0.001811772416589
0.979900093081211 0.002023989703382
0.977633378546494 0.002252428103926
0.975195983907649 0.002498105668536
0.972576949554254 0.002762134124040
0.969764317464534 0.003045726560096
0.966745049373902 0.003350205696628
0.963504939047528 0.003677012723980
0.960028518829100 0.004027716688309
0.956298960860527 0.004404024368853
0.952297973664979 0.004807790559248
0.948005695177130 0.005241028619907
0.943400583812320 0.005705921109902
0.938459309816546 0.006204830232047
0.933156649961298 0.006740307730279
0.927465389673611 0.007315103760605
0.921356237955791 0.007932174111746
0.914797761983238 0.008594684975770
0.907756350098683 0.009306014259595
0.900196214060268 0.010069748184159
0.892079444212001 0.010889675341489
0.883366136369866 0.011769804251024
0.874014602776449 0.012714337911452
0.863981691249770 0.013727627567443
0.853223239097942 0.014814127171680
0.841694686600917 0.015978334799110
0.829351881163260 0.017224764782501
0.816152088582180 0.018557867873048
0.802055230352983 0.019981886874625
0.787025357670013 0.021500639901997
0.771032298479008 0.023116631843811
0.754053598980664 0.024830901720900
0.736076603833765 0.026642536629969
0.717100088297661 0.028542747269026
0.697136427779562 0.030514591784997
0.676213904595213 0.032535211575118
0.654378512928072 0.034575481987823
0.631695112324226 0.036601110242564
0.608248817580542 0.038581097432354
0.584144308815671 0.040486490071977
0.559504162456663 0.042288945540220
0.534466348884655 0.043961561879223
0.509180604239682 0.045475636204022
0.483804202215843 0.046802189817543
0.458497488804659 0.047913542235828
0.433418879134520 0.048785726575074
0.408720444699886 0.049404512069870
0.384543277710347 0.049765488293920
0.361013552035038 0.049878195505644
0.338239778234949 0.049762115670793
0.316311331516273 0.049434235435200
0.295297820520191 0.048909317248740
0.275248923804158 0.048210985405588
0.256195399793408 0.047375129782434
0.238151305162239 0.046435021172636
0.221116655737493 0.045410610610258
0.205079282624538 0.044314913928888
0.190016669603543 0.043161561478361
0.175898407725730 0.041963988253648
0.162688051589113 0.040735093195550
0.150344735140971 0.039487059314892
0.138824978205763 0.038230091244237
0.128084645535016 0.036969457820068
0.118078994030487 0.035709926688090
0.108763284515568 0.034456791007057
0.100093541223250 0.033215419881619
0.092027381811770 0.031990066735497
0.084525114174817 0.030781360399274
0.077548815130447 0.029590145813166
0.071062265766764 0.028418141582348
0.065031271417264 0.027266560364091
0.059423698986848 0.026136493693856
0.054209421209214 0.025029581391986
0.049360326611537 0.023947730016458
0.044851165358526 0.022891027341087
0.040660522233391 0.021855391417396
0.036768053037207 0.020838218641383
0.033154198046791 0.019838744892418
0.029800351231581 0.018857443394606
0.026688960609584 0.017895582012664
0.023803645752638 0.016954746598479
0.021131413679169 0.016031576439581
0.018662091737542 0.015118868842034
0.016385005327129 0.014212990244052
0.014289178106529 0.013313248169733
0.012363650982234 0.012421003835525
0.010599556111336 0.011540122927328
0.008993174706546 0.010678233513883
0.007539415749760 0.009842335908133
0.006230055361692 0.009027612951911
0.005051624289921 0.008190996630422
0.003996299483654 0.007309103589885
0.003076702638391 0.006409733306049
0.002300448468539 0.005524416454539
0.001665119528368 0.004675955988624
0.001161417164539 0.003880441171256
0.000775616664435 0.003148855971795
0.000491472955673 0.002488360261589
0.000291693750589 0.001903308017420
0.000159072610527 0.001396053756388
0.000077354891673 0.000967587959345
0.000031893885003 0.000618033766136
0.000010141844181 0.000347030322002
0.000002010336600 0.000154022478111
0.000000125910637 0.000038471821512
0.000000000000000 0.000000000000000
0.000000125896782 -0.000038471821608
0.000002010281461 -0.000154022478650
0.000010141721174 -0.000347030323784
0.000031893668975 -0.000618033770735
0.000077354559506 -0.000967587969433
0.000159072141789 -0.001396053776083
0.000291693128227 -0.001903308052658
0.000491472166778 -0.002488360320534
0.000775615701074 -0.003148856065277
0.001161416024694 -0.003880441313276
0.001665118216971 -0.004675956196898
0.002300446998649 -0.005524416751123
0.003076701032519 -0.006409733718041
0.003996297775265 -0.007309104150217
0.005051622525046 -0.008190997378600
0.006230053561882 -0.009027613870494
0.007539413909228 -0.009842336915261
0.008993172825538 -0.010678234567260
0.010599554197068 -0.011540124031140
0.012363649044227 -0.012421004994295
0.014289176151707 -0.013313249385173
0.016385003357207 -0.014212991513249
0.018662089754817 -0.015118870160716
0.021131411686647 -0.016031577801904
0.023803643754154 -0.016954747996768
0.026688958609110 -0.017895583439023
0.029800349230285 -0.018857444847613
0.033154196045675 -0.019838746371069
0.036768051037505 -0.020838220144192
0.040660520236606 -0.021855392942309
0.044851163366478 -0.022891028885381
0.049360324626418 -0.023947731576633
0.054209419232871 -0.025029582965283
0.059423697020192 -0.026136495279495
0.065031269461305 -0.027266561961034
0.071062263822635 -0.028418143189225
0.077548813199416 -0.029590147428278
0.084525112258244 -0.030781362021052
0.092027379911163 -0.031990068362118
0.100093539340298 -0.033215421510839
0.108763282651896 -0.034456792637017
0.118078992187642 -0.035709928317353
0.128084643714673 -0.036969459446910
0.138824976409736 -0.038230092866609
0.150344733371220 -0.039487060930395
0.162688049847594 -0.040735094802084
0.175898406014381 -0.041963989849391
0.190016667924396 -0.043161563061253
0.205079280979701 -0.044314915496623
0.221116654129097 -0.045410612160331
0.238151303592447 -0.046435022702310
0.256195398264400 -0.047375131288861
0.275248922318013 -0.048210986887061
0.295297819078879 -0.048909318703859
0.316311330121649 -0.049434236862026
0.338239776888754 -0.049762117066306
0.361013550738836 -0.049878196866873
0.384543276465442 -0.049765489618564
0.408720443507294 -0.049404513355751
0.433418877994942 -0.048785727819619
0.458497487718481 -0.047913543436544
0.483804201183092 -0.046802190972063
0.509180603260071 -0.045475637310344
0.534466347957576 -0.043961562935952
0.559504161581221 -0.042288946546471
0.584144307990699 -0.040486491027499
0.608248816804625 -0.038581098337330
0.631695111595730 -0.036601111097490
0.654378512245191 -0.034575482793526
0.676213903955990 -0.032535212332480
0.697136427181969 -0.030514592495158
0.717100087739642 -0.028542747933455
0.736076603313261 -0.026642537250389
0.754053598495637 -0.024830902299237
0.771032298027471 -0.023116632382281
0.787025357250014 -0.021500640402874
0.802055229962621 -0.019981887340144
0.816152088219615 -0.018557868305402
0.829351880826724 -0.017224765183808
0.841694686288721 -0.015978335171389
0.853223238808480 -0.014814127516849
0.863981690981524 -0.013727627887314
0.874014602527989 -0.012714338207731
0.883366136139847 -0.011769804525312
0.892079443999164 -0.010889675595287
0.900196213863437 -0.010069748418871
0.907756349916760 -0.009306014476528
0.914797761815201 -0.008594685176143
0.921356237800686 -0.007932174296694
0.927465389530553 -0.007315103931184
0.933156649829463 -0.006740307887472
0.938459309695168 -0.006204830376768
0.943400583700686 -0.005705921243001
0.948005695074578 -0.005241028742175
0.952297973570892 -0.004807790671421
0.956298960774330 -0.004404024471615
0.960028518750258 -0.004027716782300
0.963504938975542 -0.003677012809795
0.966745049308306 -0.003350205774823
0.969764317404893 -0.003045726631191
0.972576949500161 -0.002762134188520
0.975195983858722 -0.002498105726857
0.977633378502373 -0.002252428156515
0.979900093041561 -0.002023989750641
0.982006164602054 -0.001811772458895
0.983960777954841 -0.001614844796853
0.985772330038101 -0.001432355296056
0.987448489113197 -0.001263526493165
0.988996248828746 -0.001107649432546
0.990421977483086 -0.000964078654372
0.991731462780041 -0.000832227639390
0.992929952368968 -0.000711564681534
0.994022190450072 -0.000601609160378
0.995012450711814 -0.000501928186626
0.995904565850276 -0.000412133595469
0.996701953901702 -0.000331879264425
0.997407641599798 -0.000260858734211
0.998024284949342 -0.000198803113175
0.998554187187649 -0.000145479247870
0.998999314285599 -0.000100688144273
0.999361308120537 -0.000064263626200
0.999641497434399 -0.000036071219330
0.999840906671979 -0.000016007251151
0.999960262776235 -0.000003998158981
1.000000000000000 0.000000000000000
