1.000000000000000 0.000000000000000
0.999959942813871 0.000004084495900
0.999839626143147 0.000016357279685
0.999638613697502 0.000036876411022
0.999356175140365 0.000065739229572
0.998991281280863 0.000103083222889
0.998542597284263 0.000149087256771
0.998008473842262 0.000203973183549
0.997386936227118 0.000268007848627
0.996675671135885 0.000341505520581
0.995872011212863 0.000424830775471
0.994972917119765 0.000518401871725
0.993974957004080 0.000622694658038
0.992874283196770 0.000738247063307
0.991666605950930 0.000865664224587
0.990347164013655 0.001005624316586
0.988910691804466 0.001158885154113
0.987351382955834 0.001326291647232
0.985662849955394 0.001508784197458
0.983838079616429 0.001707408131981
0.981869384094525 0.001923324281299
0.979748347165943 0.002157820813402
0.977465765489506 0.002412326443946
0.975011584592111 0.002688425146004
0.972374829352152 0.002987872483467
0.969543528810718 0.003312613687417
0.966504635223729 0.003664803582368
0.963243937387730 0.004046828445997
0.959745968437968 0.004461329847844
0.955993908542437 0.004911230453774
0.951969483215151 0.005399761697014
0.947652858364472 0.005930493094112
0.943022533699837 0.006507362813986
0.938055236767842 0.007134708876440
0.932725820705075 0.007817300045969
0.927007169811029 0.008560365077522
0.920870118291975 0.009369618440193
0.914283389035535 0.010251279967949
0.907213561069547 0.011212085038959
0.899625076434344 0.012259280786756
0.891480261096855 0.013400434990821
0.882739337828837 0.014642885859876
0.873360678192960 0.015993820348079
0.863301114180749 0.017460096720669
0.852516354642146 0.019047893817324
0.840961581024732 0.020762502720930
0.828592416767656 0.022609604023248
0.815365846256129 0.024594432275767
0.801241329108290 0.026720634037609
0.786182201516347 0.028989486790575
0.770157216266628 0.031398373414405
0.753142450962171 0.033940288939382
0.735123439444038 0.036603598241387
0.716097768814111 0.039373890822374
0.696077069821285 0.042232502392760
0.675088644808704 0.045152765770760
0.653176814563951 0.048096024114635
0.630404708470680 0.051016972179631
0.606856480479119 0.053873935494605
0.582636166920013 0.056625798021059
0.557866056322722 0.059230835520691
0.532684129460709 0.061647342670462
0.507240322059642 0.063825853383595
0.481692519329875 0.065715654814528
0.456203435352336 0.067280609754636
0.430934853164545 0.068497186566327
0.406042268740446 0.069347373752834
0.381670096102450 0.069821587386373
0.357948780334422 0.069921029595504
0.334991071538319 0.069658198957616
0.312889510760355 0.069069243651025
0.291715808700915 0.068203597688964
0.271521230273755 0.067105277519011
0.252337820056441 0.065810837133114
0.234180352084984 0.064355084592603
0.217049293948718 0.062767251643736
0.200932288052311 0.061074139228777
0.185806171453767 0.059301243012210
0.171639599564387 0.057471017416901
0.158394877865817 0.055603849102689
0.146029759543141 0.053718302908340
0.134500204272391 0.051827605301054
0.123762344616173 0.049937804182771
0.113771054856765 0.048055454778980
0.104480787807989 0.046187833537775
0.095846510474121 0.044342278689951
0.087825104483807 0.042524095259929
0.080375882936032 0.040736219782195
0.073459630619706 0.038982076536559
0.067039323813161 0.037264353840311
0.061081306600733 0.035582595507792
0.055553631075539 0.033936993009549
0.050425854169068 0.032328835710977
0.045669393846238 0.030759757603588
0.041259397714350 0.029228659559875
0.037173286079485 0.027733772331127
0.033389208363253 0.026274861472348
0.029886264578836 0.024852716437282
0.026644667109096 0.023468739845905
0.023645830903867 0.022124655345597
0.020874588523503 0.020819273456758
0.018322934100452 0.019543142782354
0.015982093814551 0.018289464373243
0.013841519951193 0.017055378224364
0.011889641124373 0.015840814536660
0.010115092913683 0.014647788880389
0.008511143445787 0.013480718113798
0.007071188190876 0.012344785070093
0.005787039720566 0.011243118364356
0.004655671767685 0.010157645352101
0.003674510438404 0.009067799126856
0.002839219609769 0.007983879544089
0.002143231702544 0.006931280280052
0.001576105762078 0.005928925991103
0.001124899912945 0.004990164938309
0.000775313065227 0.004124088579714
0.000512556644252 0.003336583207385
0.000322016175162 0.002631166645557
0.000189749897496 0.002009652355223
0.000102861540915 0.001472674718204
0.000049776406591 0.001020102365959
0.000020443528981 0.000651360827362
0.000006481587751 0.000365681215817
0.000001282117720 0.000162287933345
0.000000080197656 0.000040535253107
0.000000000000000 0.000000000000000
0.000000079321586 -0.000040276529907
0.000001274766531 -0.000161246886606
0.000006501363384 -0.000363316034668
0.000020761101962 -0.000647100203649
0.000051276050046 -0.001013324516218
0.000107181719560 -0.001462609773476
0.000199425732999 -0.001995220444922
0.000340710514537 -0.002610741860583
0.000545329267006 -0.003307652207116
0.000828937273485 -0.004082774601447
0.001208237477047 -0.004930581220513
0.001700553327459 -0.005842314102469
0.002323254406918 -0.006804878140391
0.003092990925079 -0.007799450504849
0.004024681280293 -0.008799736685165
0.005130181854913 -0.009769785815752
0.006415277505604 -0.010669734108797
0.007866397424266 -0.011525882962422
0.009449918572393 -0.012425865354896
0.011157089276658 -0.013406102648908
0.013011516363003 -0.014435821250814
0.015044595741853 -0.015468921407689
0.017277039903770 -0.016483327116456
0.019719607945566 -0.017479316203975
0.022381012457119 -0.018462465698418
0.025266969822277 -0.019445411477165
0.028379868293014 -0.020448591325081
0.031729913632267 -0.021480950433584
0.035335024137115 -0.022540332390437
0.039214848590704 -0.023624169562892
0.043390770718064 -0.024729746134477
0.047886019398395 -0.025854318265584
0.052725766891722 -0.026995299785554
0.057936765348036 -0.028150546223274
0.063546714889209 -0.029318763230128
0.069584614553498 -0.030500051537649
0.076080572370862 -0.031696669790038
0.083066183903503 -0.032912175368456
0.090577650533043 -0.034143828604383
0.098654240968785 -0.035386200620696
0.107337225372566 -0.036633479693150
0.116669421559562 -0.037879917237576
0.126694747045394 -0.039120237255834
0.137457676298756 -0.040350126661110
0.149002404024875 -0.041567039304646
0.161372082545724 -0.042769689667563
0.174609884986555 -0.043947578016570
0.188757163245877 -0.045083547856240
0.203851054666022 -0.046157852047679
0.219922490604831 -0.047149847471366
0.236993779774099 -0.048041537685012
0.255076605367994 -0.048815979783821
0.274170211601146 -0.049453319457902
0.294259872496228 -0.049924723504360
0.315314081638730 -0.050198582687137
0.337282270614932 -0.050236796431996
0.360093701844254 -0.049996970596465
0.383657511283572 -0.049451117127504
0.407863410259875 -0.048594727493047
0.432584338156078 -0.047437264059905
0.457680145301818 -0.046004325057578
0.482997635748811 -0.044305680919074
0.508373384482542 -0.042314709829062
0.533648429354755 -0.040077289440734
0.558677079057256 -0.037750194805807
0.583312898069964 -0.035397472576752
0.607410451176034 -0.032961837478442
0.630844441252840 -0.030436947598755
0.653514784760331 -0.027894215297334
0.675339739076583 -0.025393856051930
0.696254992511684 -0.022968262467635
0.716214644370777 -0.020641347535089
0.735190538934276 -0.018434510606792
0.753170350643155 -0.016363722884339
0.770155386254086 -0.014437471824844
0.786158419122780 -0.012657005682612
0.801201831634507 -0.011019961295342
0.815315664730783 -0.009523178210993
0.828535808185419 -0.008165479925974
0.840902149481397 -0.006943127341984
0.852457114167891 -0.005849825116387
0.863244461199211 -0.004876858787189
0.873308305040213 -0.004013514092348
0.882692367943191 -0.003249220238659
0.891439385087401 -0.002573944683478
0.899590660208460 -0.001978311258770
0.907185703059819 -0.001454568867430
0.914261905090382 -0.000998818466685
0.920854619063622 -0.000607105302897
0.926997139058822 -0.000274685713537
0.932720672771843 0.000003581402559
0.938054358025150 0.000232954658508
0.943025311763759 0.000418615733805
0.947658702073921 0.000565539493340
0.951977835706736 0.000678412147890
0.956004255227578 0.000761584580753
0.959757841268270 0.000819050932631
0.963256916464245 0.000854444911005
0.966518348547561 0.000871048163256
0.969557650772278 0.000871806512622
0.972389078402097 0.000859350981527
0.975025720418907 0.000836021385725
0.977479585938727 0.000803890931747
0.979761685068464 0.000764790735837
0.981882104119820 0.000720333542126
0.983850075229166 0.000671936181060
0.985674040525505 0.000620840499127
0.987361711051696 0.000568132626038
0.988920120684085 0.000514760539478
0.990355675318185 0.000461549951142
0.991674197597600 0.000409218579078
0.992880967463328 0.000358388896531
0.993980758793681 0.000309599461035
0.994977872393289 0.000263314932968
0.995876165574618 0.000219934892531
0.996679078558239 0.000179801560192
0.997389657899634 0.000143206519111
0.998010577131208 0.000110396530174
0.998544154788820 0.000081578521445
0.998992369972924 0.000056923824682
0.999356875575368 0.000036571722321
0.999639009284317 0.000020632359178
0.999839802461529 0.000009189064181
0.999959986968428 0.000002300118749
1.000000000000000 0.000000000000000
