1.000000000000000 0.000000000000000
0.999959656422914 0.000004269303652
0.999838479876568 0.000017099616633
0.999636031961203 0.000038558359356
0.999351578820661 0.000068758616448
0.998984086328676 0.000107860222572
0.998532213291731 0.000156071302579
0.997994302610168 0.000213650286247
0.997368370321987 0.000280908424182
0.996652092436200 0.000358212837968
0.995842789444568 0.000445990144658
0.994937408382177 0.000544730703125
0.993932502288429 0.000654993537717
0.992824206900985 0.000777412003164
0.991608214395950 0.000912700263734
0.990279743968551 0.001061660669223
0.988833509030069 0.001225192120446
0.987263680779426 0.001404299527328
0.985563847892449 0.001600104473245
0.983726972059395 0.001813857209621
0.981745339093400 0.002046950114351
0.979610505330940 0.002300932755763
0.977313239052538 0.002577528709328
0.974843456671262 0.002878654275787
0.972190153471823 0.003206439244721
0.969341328739717 0.003563249833981
0.966283905204349 0.003951713909189
0.963003642840615 0.004374748543667
0.959485047240252 0.004835589911133
0.955711272989815 0.005337825402801
0.951664022791676 0.005885427716230
0.947323443456115 0.006482790461312
0.942668020397746 0.007134764551876
0.937674472913066 0.007846694277877
0.932317653325434 0.008624451457189
0.926570454089340 0.009474465417346
0.920403728178057 0.010403745722039
0.913786229566169 0.011419893498734
0.906684582382925 0.012531095907647
0.899063289234810 0.013746096452874
0.890884734710174 0.015074025892577
0.882109183557099 0.016524052758140
0.872695045379631 0.018105313601938
0.862599176815364 0.019826640794989
0.851777286382872 0.021696148603348
0.840184551857198 0.023721150482755
0.827776737074759 0.025910159321827
0.814511035450482 0.028271593149402
0.800347149126749 0.030812478037739
0.785248561141864 0.033537027222008
0.769183627660123 0.036443008460530
0.752127654409786 0.039522008989846
0.734065105093996 0.042759415785340
0.714992317988469 0.046136304557788
0.694919338644890 0.049627274343481
0.673871979153560 0.053199483118338
0.651893834859039 0.056813072778857
0.629047335205856 0.060421070684919
0.605415096507849 0.063971806490943
0.581099253818767 0.067409670938098
0.556220939339305 0.070679045340479
0.530917505295848 0.073724541131131
0.505338867087036 0.076484664885950
0.479643513531584 0.078899043544294
0.453995608941726 0.080919677594487
0.428558854065915 0.082510397514970
0.403491574044758 0.083642703282590
0.378941515228642 0.084299669509327
0.355043679506722 0.084476954051034
0.331915136912782 0.084186950710615
0.309651747091228 0.083483299773148
0.288327668435295 0.082435861787703
0.267996261477541 0.081097338932811
0.248691221520792 0.079506447822261
0.230428280584878 0.077703089420129
0.213208103962022 0.075728492904335
0.197017811845082 0.073622133152472
0.181833530580691 0.071418739002601
0.167623210887827 0.069145474895626
0.154348138699223 0.066826935879131
0.141965000907212 0.064485336062805
0.130430362253357 0.062133939619831
0.119700597499493 0.059780403046961
0.109729989153455 0.057433811470056
0.100472002192028 0.055103941530577
0.091880514077161 0.052800256935247
0.083911585071995 0.050529690334896
0.076522974686768 0.048298219552310
0.069674048915853 0.046111583388317
0.063328528285016 0.043971169582244
0.057453345170328 0.041876038998053
0.052016182975206 0.039826979559463
0.046985883700501 0.037825894466031
0.042333835810927 0.035873840381519
0.038034469641703 0.033970255344129
0.034063176057897 0.032115634541597
0.030396374839224 0.030311323301406
0.027011724626380 0.028559119357197
0.023888242133906 0.026860997078604
0.021008554157530 0.025216625705641
0.018367541651539 0.023614229206430
0.015960107936836 0.022043259859178
0.013777155024186 0.020498511103228
0.011806967906852 0.018978591916769
0.010036111997128 0.017485597263429
0.008449027489970 0.016031055743823
0.007029768639822 0.014628454902422
0.005763903910564 0.013286492261426
0.004648752538279 0.011991320499123
0.003686786633895 0.010719598758137
0.002872658297262 0.009473147670956
0.002195184110370 0.008272958436507
0.001641284137400 0.007135224692433
0.001197018171647 0.006071137230786
0.000848225240430 0.005088076934110
0.000580999988996 0.004190563805246
0.000382043686687 0.003381010909382
0.000238919465062 0.002660322210565
0.000140234983383 0.002028365407624
0.000075770654972 0.001484344552390
0.000036567568372 0.001027092144039
0.000014986069890 0.000655296279084
0.000004743456086 0.000367675089742
0.000000937209891 0.000163107956484
0.000000058584604 0.000040730696921
0.000000000000000 0.000000000000000
0.000000057844610 -0.000040440847612
0.000000929006648 -0.000161869277990
0.000004732606864 -0.000364589614505
0.000015088923450 -0.000649063898618
0.000037255394439 -0.001015841660648
0.000078318247912 -0.001465457570718
0.000147039977816 -0.001998367328777
0.000253354795016 -0.002614917749402
0.000408481282078 -0.003315163439881
0.000624814632450 -0.004098676532223
0.000915732065372 -0.004964312635967
0.001295323886774 -0.005909915522970
0.001778026647539 -0.006931945800837
0.002378128358610 -0.008025015115268
0.003109107514197 -0.009181302802197
0.003982757286704 -0.010389826155514
0.005008033105196 -0.011635528294211
0.006189546656909 -0.012898142573302
0.007529372432490 -0.014160766116647
0.009035854602251 -0.015438089851571
0.010719003637354 -0.016749226692777
0.012591252117733 -0.018086794724339
0.014664542998518 -0.019436638697420
0.016950849866151 -0.020787712689256
0.019462986701141 -0.022138454307575
0.022212209575611 -0.023491726302775
0.025206985047384 -0.024855825590572
0.028452165325539 -0.026245760410789
0.031958896933443 -0.027669552817780
0.035747232419593 -0.029124748392771
0.039838875130006 -0.030608725677444
0.044256827741729 -0.032119390046397
0.049025244612075 -0.033655614397590
0.054169239653365 -0.035217761127846
0.059716231259455 -0.036805474568866
0.065696685638921 -0.038416539303176
0.072142562119852 -0.040049814117635
0.079086893266886 -0.041706128532896
0.086565144482708 -0.043384953171123
0.094616938983152 -0.045080074159002
0.103283807783488 -0.046784399359356
0.112608849799186 -0.048490524617972
0.122636884419527 -0.050190455441935
0.133413243369433 -0.051876774276175
0.144982703595558 -0.053543655971554
0.157388332384951 -0.055187775314865
0.170672657011954 -0.056799913527247
0.184877733423129 -0.058359727861518
0.200041352237683 -0.059843761492798
0.216194959195969 -0.061226133199061
0.233361333074326 -0.062478489444979
0.251552283604986 -0.063570816975375
0.270766543828116 -0.064471964824984
0.290988441958774 -0.065149038137411
0.312185075014460 -0.065568921484417
0.334303937148803 -0.065684383149213
0.357271643641867 -0.065431706053047
0.380994167775143 -0.064765903176912
0.405357893317334 -0.063686444710413
0.430231895158985 -0.062206802215956
0.455472220968266 -0.060346544489960
0.480924526793430 -0.058136046688149
0.506429107021681 -0.055616189063788
0.531825425864504 -0.052836885206246
0.556957648070057 -0.049855023739377
0.581678156044355 -0.046728263321595
0.605851626300391 -0.043510599254630
0.629358138118703 -0.040253344148495
0.652095618372107 -0.037003344747610
0.673981065409488 -0.033803208604624
0.694951307248094 -0.030692201666281
0.714961766086699 -0.027702751258955
0.733985647112035 -0.024863047712556
0.752011810577360 -0.022194281175412
0.769042426880562 -0.019708826123996
0.785090830747901 -0.017410871748601
0.800179724137969 -0.015299333660348
0.814339220665890 -0.013370214689928
0.827604994526350 -0.011619330399868
0.840016680051794 -0.010039784822582
0.851616466776592 -0.008622225117816
0.862447918089329 -0.007355330435515
0.872555005279295 -0.006226216127327
0.881981322693735 -0.005222106728428
0.890769492226878 -0.004330780514950
0.898960721505070 -0.003540740276785
0.906594447122953 -0.002842077555240
0.913707980994694 -0.002229119483202
0.920336603224618 -0.001696500830418
0.926513562752937 -0.001238076562684
0.932270044575136 -0.000847347864152
0.937635181833476 -0.000517765341460
0.942636101052252 -0.000242937572468
0.947297990986301 -0.000016768355318
0.951644187495612 0.000166458918472
0.955696268499406 0.000312035432794
0.959474154423375 0.000424808646275
0.962996210664618 0.000509183166025
0.966279349493636 0.000569134531946
0.969339129524531 0.000608231276300
0.972189851443978 0.000629661877078
0.974844649123779 0.000636264179019
0.977315575574655 0.000630555576835
0.979613683450304 0.000614762793261
0.981749099997550 0.000590850482018
0.983731096484247 0.000560548175737
0.985568152232771 0.000525375307531
0.987268013452441 0.000486664182347
0.988837747106240 0.000445580876164
0.990283790071431 0.000403144109368
0.991611993864684 0.000360242184328
0.992827665203450 0.000317648103119
0.993935602669439 0.000276032994555
0.994940129729113 0.000235977984088
0.995845124351743 0.000197984638364
0.996654045448951 0.000162484110446
0.997369956341655 0.000129845103353
0.997995545441603 0.000100380759597
0.998533144315628 0.000074354573724
0.998984743281777 0.000051985413722
0.999352004667630 0.000033451726151
0.999636273842702 0.000018894988929
0.999838588118720 0.000008422465112
0.999959683593901 0.000002109300759
1.000000000000000 0.000000000000000
