1.000000000000000 0.000000000000000
0.999959991465444 0.000004308070717
0.999839821091543 0.000017253305583
0.999639053617448 0.000038898959580
0.999356960432957 0.000069351082691
0.998992514786377 0.000108759465201
0.998544385017412 0.000157318976754
0.998010925756547 0.000215271314989
0.997390167015089 0.000282907184334
0.996679801072303 0.000360568930469
0.995877167047952 0.000448653661115
0.994979233029901 0.000547616889132
0.993982575607376 0.000657976739451
0.992883356641085 0.000780318767086
0.991677297081719 0.000915301439272
0.990359647628814 0.001063662340623
0.988925156002756 0.001226225165837
0.987368030584521 0.001403907569737
0.985681900161252 0.001597729948878
0.983859769502005 0.001808825232126
0.981893970478358 0.002038449758779
0.979776108440842 0.002287995320976
0.977497003566707 0.002559002441033
0.975046626910439 0.002853174942168
0.972414030919652 0.003172395850481
0.969587274230492 0.003518744633937
0.966553340634860 0.003894515736390
0.963298052224551 0.004302238296111
0.959805976874697 0.004744696841992
0.956060330442826 0.005224952627998
0.952042874345257 0.005746365086437
0.947733809547158 0.006312612639674
0.943111668487432 0.006927711791205
0.938153207078941 0.007596033000444
0.932833299705918 0.008322311307510
0.927124841113546 0.009111648988193
0.920998660280505 0.009969506656519
0.914423452812997 0.010901678164823
0.907365740121974 0.011914243355774
0.899789865656142 0.013013491208512
0.891658044674424 0.014205941863785
0.882930487269313 0.015498618856094
0.873565587452435 0.016898683328200
0.863520219955042 0.018413161763887
0.852750165551898 0.020048683201252
0.841210697419354 0.021811207528587
0.828857414315554 0.023706163937808
0.815647189004188 0.025737885261554
0.801539325076197 0.027908855350552
0.786496940098030 0.030218813815498
0.770488441400435 0.032662782137316
0.753489438452936 0.035230623521853
0.735484935636634 0.037907174756732
0.716472349614344 0.040676500390002
0.696463403067559 0.043519871832397
0.675485764736563 0.046412622556979
0.653584642613726 0.049322325945786
0.630824171676415 0.052210899019601
0.607288537140878 0.055037041600202
0.583081352233646 0.057756762523448
0.558324421090566 0.060324565699729
0.533155260543830 0.062694571288446
0.507723958581726 0.064814627390250
0.482188869032711 0.066632515703568
0.456712199664584 0.068114584969993
0.431454932094182 0.069235337403561
0.406573839604656 0.069910032879480
0.382215492131031 0.070050939842782
0.358511497446515 0.069736870961834
0.335575084660463 0.069118813858545
0.313497909906952 0.068259554394034
0.292350052674948 0.067166953103112
0.272181588299476 0.065864825171099
0.253023871719236 0.064394592540844
0.234891069630564 0.062795406597570
0.217782635180477 0.061097342526966
0.201685326535205 0.059325948129376
0.186575524834388 0.057504169384968
0.172422224374639 0.055648133968536
0.159188292902262 0.053771588923047
0.146831946926132 0.051887939149208
0.135309105851658 0.050008222432057
0.124575393786143 0.048139405700188
0.114585430262288 0.046288401310200
0.105293624175624 0.044462203011124
0.096655035374779 0.042667458524543
0.088626442503842 0.040908757824112
0.081166977143992 0.039187872572485
0.074237460469341 0.037506928335145
0.067801044750216 0.035867361946044
0.061824914338347 0.034266208866215
0.056278080871187 0.032701108989059
0.051130806300977 0.031171553431947
0.046354892087576 0.029678147670855
0.041924656595701 0.028220903771351
0.037816572463661 0.026799526885146
0.034008287025613 0.025414631030491
0.030478708957087 0.024067413678054
0.027208076666046 0.022759375012943
0.024177978273823 0.021492123623718
0.021372858775731 0.020264891128805
0.018785647832099 0.019065679127379
0.016409481897667 0.017883938858360
0.014235123504844 0.016714442094439
0.012251853994987 0.015555784665845
0.010448389387429 0.014409506248691
0.008816436615395 0.013282452120185
0.007348633067925 0.012183584560076
0.006036069372576 0.011119493324495
0.004874142949659 0.010073220382896
0.003860674540708 0.009015212528794
0.002992249996125 0.007949110205844
0.002264677320449 0.006904744474559
0.001669156110002 0.005905344994349
0.001193607065967 0.004967144837650
0.000824027818663 0.004101053279774
0.000545532922828 0.003313987077765
0.000343147332097 0.002609928128751
0.000202408056714 0.001990761698839
0.000109817107793 0.001456938415522
0.000053179597566 0.001007994360138
0.000021853491902 0.000642956434061
0.000006931594794 0.000360654342864
0.000001371560260 0.000159955755695
0.000000085812980 0.000039937215131
0.000000000000000 0.000000000000000
0.000000084915040 -0.000039682086637
0.000001364983765 -0.000158803766382
0.000006963590097 -0.000357567390497
0.000022246275708 -0.000636229293012
0.000055058846431 -0.000994975322334
0.000115561528277 -0.001433814637712
0.000215586027722 -0.001952495476672
0.000368610396866 -0.002550268612015
0.000589482362419 -0.003225615883415
0.000894008320726 -0.003975909316657
0.001298405143156 -0.004796979735254
0.001818574852603 -0.005682573643496
0.002469151376985 -0.006623671746292
0.003262254956832 -0.007607635764770
0.004205872636584 -0.008617141871600
0.005301761665286 -0.009628848686974
0.006543602249057 -0.010613134869714
0.007932494693956 -0.011563026485387
0.009482956834596 -0.012506558459183
0.011205877350388 -0.013456283550975
0.013106653012082 -0.014406304698600
0.015187681909238 -0.015350954691511
0.017456668122361 -0.016287007053016
0.019924812610248 -0.017214333851314
0.022602653324909 -0.018136540338231
0.025499433532703 -0.019062473802620
0.028623167064412 -0.020006260837202
0.031987328387375 -0.020972570723073
0.035609713103197 -0.021959368042723
0.039509484417724 -0.022964727382445
0.043707155173308 -0.023987108414017
0.048224559867360 -0.025025665371172
0.053084790313967 -0.026080651978352
0.058312871604942 -0.027152384517694
0.063936475000579 -0.028240161795496
0.069985069214171 -0.029344317124995
0.076489712969100 -0.030467039408067
0.083483324229503 -0.031611422554910
0.091002179375786 -0.032775696755669
0.099084935732581 -0.033956627782633
0.107772087883137 -0.035151034779459
0.117106067563352 -0.036354824553576
0.127130791466308 -0.037563396236006
0.137890905838811 -0.038772596755430
0.149431015100512 -0.039979287868551
0.161794916744428 -0.041180969062427
0.175025892886446 -0.042369245390115
0.189164977016539 -0.043531994861413
0.204248901034344 -0.044655926731424
0.220308343033904 -0.045726650677912
0.237365998989190 -0.046728685625044
0.255434275692518 -0.047646241893162
0.274513182759367 -0.048458547973110
0.294588377085255 -0.049132573093260
0.315628803783720 -0.049632347194010
0.337585194381874 -0.049940705606836
0.360388810592259 -0.050055896776358
0.383949009416591 -0.049919800258135
0.408152921179288 -0.049390797572609
0.432870975379153 -0.048403189006704
0.457961417079565 -0.047049937317536
0.483272078757259 -0.045415776847135
0.508645015642970 -0.043528663323533
0.533920741414865 -0.041423440271224
0.558943269438726 -0.039149689499559
0.583564568382388 -0.036756515902064
0.607648762015919 -0.034288072521178
0.631074949491890 -0.031784475581124
0.653739552972472 -0.029279952231636
0.675558154027697 -0.026806757624592
0.696466229977034 -0.024396561417152
0.716417956175865 -0.022075336310114
0.735384951085252 -0.019862501726121
0.753354652577314 -0.017771571041402
0.770328467611768 -0.015811503872285
0.786319719089375 -0.013987833514627
0.801351265068778 -0.012302044064270
0.815453471511074 -0.010753737213234
0.828662387612744 -0.009343166209398
0.841017998557717 -0.008067578408865
0.852562792020246 -0.006921441134430
0.863340539314408 -0.005896094709118
0.873395317663553 -0.004980078731951
0.882770813233171 -0.004162356773080
0.891509730176119 -0.003432717779904
0.899653345062211 -0.002781804633314
0.907241160961187 -0.002202241722771
0.914310628551181 -0.001691234201812
0.920897146513345 -0.001245763455831
0.927034025615001 -0.000861721399741
0.932752469560432 -0.000534374868135
0.938081598007560 -0.000258702763195
0.943048500456334 -0.000029635070233
0.947678311898352 0.000157782798858
0.951994302995158 0.000308281714890
0.956017979133850 0.000426302012080
0.959769184016948 0.000515956857985
0.963266204509596 0.000581017181268
0.966525874324320 0.000624911626140
0.969563674804019 0.000650736646661
0.972393831597442 0.000661273127906
0.975029406434613 0.000659006898198
0.977482383525389 0.000646151239515
0.979763750342039 0.000624670062697
0.981883572722403 0.000596300831692
0.983851064357295 0.000562576629526
0.985674650814974 0.000524846983987
0.987362028315431 0.000484297233339
0.988920217504924 0.000441966327487
0.990355612501955 0.000398763039762
0.991674025494173 0.000355480618300
0.992880727164707 0.000312809940601
0.993980483218893 0.000271351255667
0.994977587270116 0.000231624609028
0.995875890328150 0.000194079049824
0.996678827115965 0.000159100718222
0.997389439422409 0.000127019907227
0.998010396678981 0.000098117186659
0.998544013929531 0.000072628669448
0.998992267342510 0.000050750492045
0.999356807396366 0.000032642572074
0.999638969850158 0.000018431697508
0.999839784593251 0.000008213992953
0.999959982450258 0.000002056799977
1.000000000000000 0.000000000000000
