1.000000000000000 0.000000000000000
0.999958912784280 0.000003028394945
0.999835507222402 0.000012156276185
0.999629350667153 0.000027512274315
0.999339719022263 0.000049312585410
0.998965592190143 0.000077863713694
0.998505647646756 0.000113566361463
0.997958252091347 0.000156920516772
0.997321451103299 0.000208531804139
0.996592956722668 0.000269119178487
0.995770132854782 0.000339524057544
0.994849978382784 0.000420721002845
0.993829107855077 0.000513830073935
0.992703729597350 0.000620130993974
0.991469621081355 0.000741079276803
0.990122101364997 0.000878324474816
0.988656000400803 0.001033730711939
0.987065624992865 0.001209399664862
0.985344721166283 0.001407696145352
0.983486432698655 0.001631276413337
0.981483255551067 0.001883119309231
0.979326987927362 0.002166560227872
0.977008675686651 0.002485327856323
0.974518552836638 0.002843583451550
0.971845976846654 0.003245962225934
0.968979358541851 0.003697616118070
0.965906086377002 0.004204256826621
0.962612444943765 0.004772197442009
0.959083527643547 0.005408390280460
0.955303143564831 0.006120457552342
0.951253718745135 0.006916710212526
0.946916192180944 0.007806148659826
0.942269907181811 0.008798436772127
0.937292498956201 0.009903837961935
0.931959779675542 0.011133098373663
0.926245622698896 0.012497257865605
0.920121848162743 0.014007363869029
0.913558112757109 0.015674056451892
0.906521807228268 0.017506984840529
0.898977966370124 0.019514010503957
0.890889474077062 0.021703110887706
0.882217704359600 0.024088355883101
0.872922249126261 0.026685323805206
0.862961028299066 0.029509665945368
0.852290598037169 0.032576636583436
0.840866569471424 0.035900178984130
0.828644136706083 0.039489892828103
0.815578783820633 0.043350103218270
0.801627162131037 0.047478952497657
0.786748259576644 0.051867123312367
0.770905316602059 0.056499533960868
0.754067077127021 0.061351963018462
0.736209371129387 0.066387469781576
0.717317874558253 0.071550971382551
0.697389835494417 0.076768193926110
0.676435548288357 0.081944707262768
0.654480027004718 0.086963037994339
0.631565085885289 0.091671757434940
0.607754004154805 0.095790784624535
0.583134866127119 0.098988879177305
0.557863362687143 0.101289411483576
0.532144535571671 0.102967990205516
0.506159959877578 0.104137558050774
0.480075316986786 0.104806058728568
0.454063181300329 0.105007500213026
0.428295278707918 0.104788437373632
0.402932738522244 0.104168169161436
0.378123222382721 0.103162417270385
0.353998864380273 0.101802056639922
0.330672744186958 0.100126305600511
0.308236721584270 0.098178287914733
0.286761262302692 0.096002266838026
0.266297275902450 0.093633873184797
0.246876657033740 0.091103900273198
0.228513657187670 0.088443896082788
0.211207749360381 0.085684451100252
0.194944757263327 0.082855328982892
0.179700151598040 0.079981387911248
0.165441679042041 0.077081481801426
0.152130048949673 0.074174116293313
0.139721565416372 0.071276221634982
0.128172760484235 0.068398252013568
0.117438343876517 0.065549295785029
0.107470997916923 0.062739064546292
0.098222773018712 0.059977147032432
0.089645695261936 0.057273979660916
0.081692266558591 0.054641463233099
0.074317183001442 0.052089113269557
0.067479815285283 0.049619794139407
0.061147053082227 0.047224685426417
0.055286648554035 0.044896901595620
0.049866634891703 0.042632885501590
0.044855972190863 0.040431666724630
0.040225025125176 0.038294761801806
0.035945698117995 0.036224194535835
0.031991566365980 0.034221894122714
0.028337954417076 0.032289562699157
0.024961951571315 0.030428602021946
0.021845912590008 0.028635961730920
0.018984765837603 0.026895536622050
0.016371899395778 0.025194562457063
0.013996912954819 0.023526160424723
0.011847028261068 0.021887666902407
0.009911039772665 0.020279320265453
0.008180249750541 0.018703310891623
0.006644906243453 0.017162235434290
0.005313563802919 0.015645855009035
0.004197794692852 0.014142447229196
0.003278957136053 0.012666856339925
0.002528647988029 0.011240541418164
0.001921772510528 0.009879179137896
0.001436275892072 0.008593866521317
0.001052805353951 0.007392173096807
0.000754411657853 0.006278978957086
0.000526286350810 0.005257141680772
0.000355531328759 0.004328026442113
0.000230957581107 0.003491926731975
0.000142910276030 0.002748397592806
0.000083117646795 0.002096518848120
0.000044561434942 0.001535102256931
0.000021366931491 0.001062853665025
0.000008710929957 0.000678498913322
0.000002746163790 0.000380880382734
0.000000541046349 0.000169029510756
0.000000033764575 0.000042219331035
0.000000000000000 0.000000000000000
0.000000033759253 -0.000042219331175
0.000000541025056 -0.000169029511377
0.000002746115849 -0.000380880384362
0.000008710844650 -0.000678498916791
0.000021366798041 -0.001062853671615
0.000044561242497 -0.001535102268502
0.000083117384415 -0.002096518867260
0.000142909932665 -0.002748397622998
0.000230957145587 -0.003491926777769
0.000355530789778 -0.004328026509322
0.000526285696916 -0.005257141776692
0.000754410877429 -0.006278979090737
0.001052804435209 -0.007392173279205
0.001436274823042 -0.008593866765782
0.001921771279049 -0.009879179460401
0.002528646581741 -0.011240541837731
0.003278955542398 -0.012666856879075
0.004197792899065 -0.014142447914460
0.005313561798225 -0.015645855869261
0.006644904064900 -0.017162236453691
0.008180247460125 -0.018703312032190
0.009911037390802 -0.020279321517895
0.011847025800481 -0.021887668263167
0.013996910429267 -0.023526161888244
0.016371896813538 -0.025194564015547
0.018984763208810 -0.026895538264934
0.021845909927640 -0.028635963444409
0.024961948891675 -0.030428603788487
0.028337951730171 -0.032289564508697
0.031991563672741 -0.034221895975847
0.035945695419624 -0.036224196432856
0.040225022423204 -0.038294763742645
0.044855969487204 -0.040431668708780
0.049866632188718 -0.042632887528017
0.055286645854554 -0.044896903662045
0.061147050389624 -0.047224687528964
0.067479812603632 -0.049619796273042
0.074317180335632 -0.052089115427906
0.081692263912606 -0.054641465411893
0.089645692637612 -0.057273981860390
0.098222770418037 -0.059977149252708
0.107470995342275 -0.062739066786675
0.117438341330957 -0.065549298043116
0.128172757971206 -0.068398254286275
0.139721562939720 -0.071276223918502
0.152130046513662 -0.074174118583069
0.165441676650421 -0.077081484093466
0.179700149254309 -0.079981390201754
0.194944754971200 -0.082855331267412
0.211207747123675 -0.085684453374075
0.228513655010012 -0.088443898341876
0.246876654918796 -0.091103902513132
0.266297273853802 -0.093633875400806
0.286761260323677 -0.096002269025115
0.308236719678074 -0.098178290067709
0.330672742356343 -0.100126307715328
0.353998862627615 -0.101802058712758
0.378123220710013 -0.103162419297344
0.402932736931020 -0.104168171138615
0.428295277199123 -0.104788439296741
0.454063179874333 -0.105007502077742
0.480075315643542 -0.104806060533315
0.506159958616366 -0.104137559795362
0.532144534390757 -0.102967991888768
0.557863361584266 -0.101289413105015
0.583134865101732 -0.098988880749704
0.607754003204887 -0.095790786160387
0.631565085004827 -0.091671758922441
0.654480026187651 -0.086963039418201
0.676435547529341 -0.081944708616414
0.697389834788589 -0.076768195207256
0.717317873901259 -0.071550972590355
0.736209370517332 -0.066387470916445
0.754067076556421 -0.061351964081702
0.770905316069747 -0.056499534954627
0.786748259079766 -0.051867124239322
0.801627161667022 -0.047478953360800
0.815578783387142 -0.043350104020668
0.828644136301002 -0.039489893572905
0.840866569092847 -0.035900179674575
0.852290597683365 -0.032576637222780
0.862961027968454 -0.029509666536896
0.872922248817379 -0.026685324352113
0.882217704071095 -0.024088356388430
0.890889473807674 -0.021703111354335
0.898977966118679 -0.019514010934594
0.906521806993659 -0.017506985237564
0.913558112538307 -0.015674056817399
0.920121847958817 -0.014007364205049
0.926245622508996 -0.012497258174119
0.931959779498880 -0.011133098656571
0.937292498792047 -0.009903838221045
0.942269907029481 -0.008798437009147
0.946916192039794 -0.007806148876362
0.951253718614559 -0.006916710410083
0.955303143444252 -0.006120457732323
0.959083527532419 -0.005408390444174
0.962612444841566 -0.004772197590673
0.965906086283236 -0.004204256961367
0.968979358456042 -0.003697616239946
0.971845976768347 -0.003245962335917
0.974518552765397 -0.002843583550545
0.977008675622059 -0.002485327945173
0.979326987869016 -0.002166560307360
0.981483255498582 -0.001883119380085
0.983486432651660 -0.001631276476236
0.985344721124419 -0.001407696200930
0.987065624955787 -0.001209399713713
0.988656000368178 -0.001033730754619
0.990122101336503 -0.000878324511846
0.991469621056679 -0.000741079308673
0.992703729576190 -0.000620131021148
0.993829107837139 -0.000513830096852
0.994849978367781 -0.000420721021919
0.995770132842435 -0.000339524073173
0.996592956712706 -0.000269119191048
0.997321451095455 -0.000208531813995
0.997958252085360 -0.000156920524272
0.998505647642369 -0.000113566366944
0.998965592187103 -0.000077863717483
0.999339719020320 -0.000049312587826
0.999629350666062 -0.000027512275670
0.999835507221918 -0.000012156276786
0.999958912784159 -0.000003028395095
1.000000000000000 0.000000000000000
