1.000000000000000 0.000000000000000
0.999958082440113 0.000005110678937
0.999832173500695 0.000020445274235
0.999621803363967 0.000046011478397
0.999326185530279 0.000081822173572
0.998944211583930 0.000127895539554
0.998474443807003 0.000184255238190
0.997915105582964 0.000250930710091
0.997264069515226 0.000327957633802
0.996518843169557 0.000415378615249
0.995676552333231 0.000513244197345
0.994733921668468 0.000621614307637
0.993687252623319 0.000740560297477
0.992532398450348 0.000870167771692
0.991264736172785 0.001010540465775
0.989879135330524 0.001161805502009
0.988369923335481 0.001324120450916
0.986730847269386 0.001497682746027
0.984955031969250 0.001682742155308
0.983034934269625 0.001879617211115
0.980962293310303 0.002088716754078
0.978728076878400 0.002310568069842
0.976322423841334 0.002545853510187
0.973734582850580 0.002795458015652
0.970952847665808 0.003060530625676
0.967964489678652 0.003342563912215
0.964755688521990 0.003643496350995
0.961311462055273 0.003965844009347
0.957615597545489 0.004312869652496
0.953650586548844 0.004688799538190
0.949397566878977 0.005099100886434
0.944836276169738 0.005550836398878
0.939945022958054 0.006053116400463
0.934700682986137 0.006617674337783
0.929078730618673 0.007259597654102
0.923053317957513 0.007998253620609
0.916597417476206 0.008858458652163
0.909683047834612 0.009871950009428
0.902281606978929 0.011079230478497
0.894364003480277 0.012529955327641
0.885897669208509 0.014265252628534
0.876846945130000 0.016318602406630
0.867174855378726 0.018723902245576
0.856843403421245 0.021514339954242
0.845813933898752 0.024720638299598
0.834047593714123 0.028368682379040
0.821505902701084 0.032476413426038
0.808151441940728 0.037049883547368
0.793948707290111 0.042079176555897
0.778866717359545 0.047563034740325
0.762881392246901 0.053526363164202
0.745975591045636 0.059992715060836
0.728140562038216 0.066980678207336
0.709377528539797 0.074502094628654
0.689698498514587 0.082558180220861
0.669110927421799 0.091091540858029
0.647613350300838 0.099969305481677
0.625208929755249 0.109017026158692
0.601907143921013 0.118021736584915
0.577733344485548 0.126733146361264
0.552768137267154 0.134855867039219
0.527124182154614 0.142071539516406
0.500931090772543 0.148060180992831
0.474347981221216 0.152568753189519
0.447615719400709 0.155613909540137
0.420997445368976 0.157315629018677
0.394746701039244 0.157820173270397
0.369079611387683 0.157284288859158
0.344147507471062 0.155858786285725
0.320073464109042 0.153695474304127
0.296956797928047 0.150942667969799
0.274884305987124 0.147690931049602
0.253946774896787 0.143903252348236
0.234197520756497 0.139583962085516
0.215597680366378 0.134965983758732
0.198077385601325 0.130321501208180
0.181613676930322 0.125747247487185
0.166285132674722 0.121033988630739
0.152142806496311 0.116004640655503
0.139178925132287 0.110599495160745
0.127262610389991 0.105034003563426
0.116246071226305 0.099552413994058
0.106010598966093 0.094323108335235
0.096462354139108 0.089452659854884
0.087576576120045 0.084906621001255
0.079383705373571 0.080539943617535
0.071889312103731 0.076251956963839
0.065044216573729 0.072030016082534
0.058764149563643 0.067920016660280
0.052978043849121 0.063956313835653
0.047628868720072 0.060160887099298
0.042696733765147 0.056533825952587
0.038182770346181 0.053062311896919
0.034077964676485 0.049736550382873
0.030365548654208 0.046549363143243
0.027023809507879 0.043495400928221
0.024027343892829 0.040570124432573
0.021331152649895 0.037759971325006
0.018879888038048 0.035046479709317
0.016630204907890 0.032417764427254
0.014548965715557 0.029867133145520
0.012611020125370 0.027391612959786
0.010809733352186 0.024996527538102
0.009162350909336 0.022697789999914
0.007679267451206 0.020507555409762
0.006362730403336 0.018433562833662
0.005209174403426 0.016480198712396
0.004211006789720 0.014649333233616
0.003357965919116 0.012940976944481
0.002638147856382 0.011353795127229
0.002038776309691 0.009885509729436
0.001546774431650 0.008533212496468
0.001149184330933 0.007293608072773
0.000833470110594 0.006163201962496
0.000587732381248 0.005138445161836
0.000400856029317 0.004215844831126
0.000262608188274 0.003392048432644
0.000163699577306 0.002663907216687
0.000095819410938 0.002028523710519
0.000051651766825 0.001483286886621
0.000024879486578 0.001025897905883
0.000010180265540 0.000654388706044
0.000003218473864 0.000367135202389
0.000000635373569 0.000162866459522
0.000000039698385 0.000040670858021
0.000000000000000 0.000000000000000
0.000000035941195 -0.000038677367451
0.000000576929783 -0.000154817549392
0.000002936337232 -0.000348743141191
0.000009349841400 -0.000620986218454
0.000023047180224 -0.000972279588213
0.000048356005490 -0.001403543774594
0.000090841395993 -0.001915868929144
0.000157485843920 -0.002510490559562
0.000256915975845 -0.003188757620876
0.000399683970217 -0.003952091093241
0.000598613658553 -0.004801930659688
0.000869060736789 -0.005739608876068
0.001227028292629 -0.006765416147202
0.001688688581116 -0.007878099760382
0.002271307844041 -0.009074781639011
0.002993081262134 -0.010350396352220
0.003872848939285 -0.011696970623620
0.004929688225865 -0.013102715634473
0.006182342753425 -0.014550884579568
0.007648437261312 -0.016018335871814
0.009343412878161 -0.017473727255342
0.011279099132079 -0.018875247093900
0.013461817717053 -0.020167774333343
0.015894239425943 -0.021297420767505
0.018584652243071 -0.022259189092337
0.021538481914728 -0.023073952166713
0.024753994028954 -0.023786716039673
0.028221775580641 -0.024468404525086
0.031947489477211 -0.025149599430162
0.035950367178427 -0.025825273676590
0.040251577339297 -0.026489169494450
0.044874194890050 -0.027134284883858
0.049843347075651 -0.027752886635449
0.055186119036568 -0.028337854712161
0.060929964844665 -0.028892006487813
0.067102938857663 -0.029427829404348
0.073733963066964 -0.029967079349609
0.080852858120010 -0.030540697292047
0.088494779509334 -0.031155860848987
0.096700000248873 -0.031796959112086
0.105511754023739 -0.032440278987987
0.114974159581783 -0.033066504838897
0.125131220644518 -0.033664833357611
0.136027692554470 -0.034223019450030
0.147708424757632 -0.034726770911836
0.160217508553873 -0.035161353321891
0.173597838423516 -0.035527261016029
0.187889677298216 -0.035840332479322
0.203128782611937 -0.036128462188537
0.219344518791304 -0.036434536769369
0.236557685826109 -0.036819272336275
0.254778352218941 -0.037365104052240
0.274005710471639 -0.038108497735564
0.294229284286219 -0.038928061490354
0.315423669978496 -0.039650659811152
0.337541636916627 -0.040228097139905
0.360513590644552 -0.040716715197542
0.384249657635250 -0.041192916645555
0.408640259076227 -0.041750201717040
0.433557669364094 -0.042472482748767
0.458858671272671 -0.043412150315574
0.484388298528349 -0.044617611588243
0.509984389787803 -0.046131995772685
0.535484500952427 -0.047926495445325
0.560731760004273 -0.049875455881832
0.585577052111735 -0.051849073398445
0.609883219265372 -0.053727489316160
0.633537545514477 -0.055405630399478
0.656455085341476 -0.056797131990737
0.678566275904152 -0.057837852374394
0.699816240132384 -0.058486237233526
0.720151848305464 -0.058701366160883
0.739485426834931 -0.058382555798992
0.757747568365042 -0.057453715230686
0.774900780583468 -0.055884116832596
0.790934677657119 -0.053679445458401
0.805861517627269 -0.050875039897706
0.819733188571230 -0.047612122872238
0.832634441736823 -0.044121686799407
0.844643852206752 -0.040582715935298
0.855832012115276 -0.037123241740507
0.866262484672798 -0.033830879500215
0.875992675125471 -0.030761865476236
0.885074600110989 -0.027948600048214
0.893555552351934 -0.025405798902616
0.901478660212916 -0.023135376232610
0.908881396768535 -0.021121241420833
0.915794390757130 -0.019324942112396
0.922247026221225 -0.017712083270131
0.928267916818576 -0.016254839200724
0.933884607667247 -0.014930650013135
0.939123375559676 -0.013721171968884
0.944009105835650 -0.012611435706369
0.948565228005691 -0.011589173297021
0.952813695578212 -0.010644281540982
0.956774998434642 -0.009768394635809
0.960468198529361 -0.008954544291325
0.963910981703404 -0.008196889536634
0.967119720041512 -0.007490501934731
0.970109540523736 -0.006831194769399
0.972894396775921 -0.006215387086565
0.975487141554518 -0.005639995342924
0.977899598250824 -0.005102346915445
0.980142630202989 -0.004600110923722
0.982226206990115 -0.004131242770370
0.984159467175798 -0.003693939560627
0.985950777188231 -0.003286604160535
0.987607786186472 -0.002907816125598
0.989137476880485 -0.002556308104620
0.990546212356245 -0.002230946617309
0.991839779014533 -0.001930716335826
0.993023425769481 -0.001654707182884
0.994101899675164 -0.001402103702800
0.995079478159638 -0.001172176275257
0.995959998048503 -0.000964273830942
0.996746881556762 -0.000777817798924
0.997443159420081 -0.000612297071487
0.998051491325802 -0.000467263816481
0.998574183791283 -0.000342330002462
0.999013205622955 -0.000237164530032
0.999370201074414 -0.000151490885309
0.999646500806386 -0.000085085249738
0.999843130735545 -0.000037775015266
0.999960818843329 -0.000009437666271
1.000000000000000 0.000000000000000
