1.000000000000000 0.000000000000000
0.999960912557391 0.000010363260313
0.999843503729178 0.000041462100009
0.999647333014846 0.000093323552261
0.999371662906750 0.000165992193256
0.999015453848689 0.000259529416294
0.998577357115239 0.000374012401201
0.998055705548811 0.000509532765319
0.997448502072881 0.000666194879217
0.996753405881024 0.000844113827992
0.995967716182223 0.001043412997904
0.995088353363528 0.001264221268533
0.994111837411595 0.001506669793481
0.993034263415132 0.001770888358508
0.991851273951207 0.002057001316376
0.990558028140230 0.002365123113899
0.989149167137806 0.002695353451098
0.987618775817775 0.003047772147621
0.985960340390706 0.003422433841545
0.984166701697930 0.003819362715109
0.982230003925138 0.004238547537447
0.980141638494967 0.004679937444178
0.977892182928862 0.005143439048990
0.975471334520397 0.005628915717056
0.972867838742085 0.006136190142870
0.970069412424412 0.006665051789227
0.967062661910894 0.007215271289993
0.963832996620644 0.007786624635116
0.960364538758318 0.008378930890383
0.956640030322687 0.008992108416944
0.952640739106841 0.009626256120687
0.948346366088267 0.010281768269503
0.943734957515095 0.010959493974386
0.938782826151401 0.011660955662802
0.933464487601100 0.012388644918533
0.927752619442197 0.013146419068041
0.921618053127115 0.013940027999852
0.915029811290390 0.014777808021000
0.907955206285743 0.015671588123938
0.900360019450790 0.016637863768096
0.892208784712811 0.017699303860018
0.883465102304096 0.018885976124713
0.874089568786447 0.020219839641130
0.864038944545799 0.021706832051628
0.853268288621486 0.023348075590247
0.841731437113996 0.025138761113921
0.829381508683851 0.027065906183726
0.816171556182570 0.029105619249385
0.802055382282790 0.031219852032707
0.786988537674916 0.033352691305324
0.770932674085382 0.035448955820095
0.753864754355107 0.037506032994144
0.735774572444392 0.039540655028888
0.716666061336011 0.041582177788326
0.696559857978127 0.043675045958259
0.675494867198673 0.045875375628610
0.653521552964464 0.048191178548830
0.630703935519758 0.050588471562180
0.607124585499455 0.053024017868684
0.582884320036338 0.055446592063193
0.558102166886756 0.057792220150150
0.532914017310687 0.059981977553552
0.507467666207364 0.061933894346113
0.481918629960767 0.063569157448315
0.456428924711532 0.064854226967610
0.431163070003993 0.065814303534995
0.406278625651493 0.066484250027131
0.381921110751959 0.066902672043923
0.358217600703899 0.067104953772419
0.335274369715552 0.067121929319825
0.313178527080836 0.066984095452071
0.291997680227613 0.066720667612630
0.271782293716753 0.066337248863509
0.252569309423693 0.065787985313473
0.234378113638713 0.065037167922891
0.217211756513353 0.064067665419691
0.201059459486122 0.062877382183884
0.185899780779819 0.061475877816788
0.171708566421538 0.059882525439548
0.158456189945389 0.058122341689837
0.146105168035242 0.056222478456304
0.134608822723095 0.054224083073937
0.123907289610859 0.052202985675659
0.113942329653152 0.050221439537386
0.104660167538846 0.048322110255681
0.096011199748522 0.046532511956822
0.087956613434189 0.044849928327071
0.080472233214169 0.043233161689933
0.073531354658281 0.041650633694959
0.067101668263019 0.040080624240022
0.061139541010816 0.038501492244503
0.055603101190726 0.036899630074980
0.050455635859565 0.035269801400243
0.045666628899772 0.033613334407871
0.041229956269327 0.031944697824164
0.037147270843357 0.030282782431494
0.033411528048586 0.028642603344627
0.030009516618278 0.027035877374431
0.026924037833308 0.025471640347694
0.024135520590470 0.023956754616271
0.021612686006231 0.022488126993618
0.019295062021626 0.021038756069218
0.017132019668370 0.019587973765588
0.015087948247166 0.018125387213859
0.013138609263336 0.016648012268980
0.011269464165823 0.015158620867257
0.009500998738225 0.013676686534394
0.007874846817698 0.012231562024652
0.006415868776735 0.010844784486090
0.005134935573074 0.009531121534805
0.004032748302271 0.008300168602945
0.003102800295463 0.007157610807624
0.002333666255755 0.006106218459283
0.001710764117097 0.005146631180774
0.001217704625212 0.004277974358850
0.000837319380869 0.003498342701404
0.000552438903728 0.002805178551932
0.000346477102379 0.002195566939801
0.000203866527252 0.001666464820551
0.000110379268177 0.001214878345757
0.000053360806291 0.000837999106580
0.000021898118841 0.000533307967055
0.000006938529061 0.000298653220665
0.000001371922278 0.000132308268713
0.000000085796178 0.000033012751717
0.000000000000000 0.000000000000000
0.000000083749395 -0.000032569080201
0.000001345614932 -0.000130258224241
0.000006859689696 -0.000293003350505
0.000021891867556 -0.000520664558290
0.000054119125211 -0.000812974856160
0.000113948109494 -0.001169465056531
0.000214942927211 -0.001589361530971
0.000373503270700 -0.002071529040930
0.000607003430477 -0.002614523707897
0.000934135391423 -0.003216421285813
0.001374669323191 -0.003874658683465
0.001948865005348 -0.004585859189285
0.002676686233960 -0.005345616718581
0.003576760387191 -0.006148230011933
0.004665009745059 -0.006986375542520
0.005952861484691 -0.007850705208674
0.007444918415676 -0.008729351568852
0.009135941102635 -0.009607319261173
0.011006952305090 -0.010465736141662
0.013020252448570 -0.011280939989928
0.015134737007520 -0.012030072150536
0.017353174655952 -0.012706853358521
0.019692704579806 -0.013313983865614
0.022178801849307 -0.013863296621101
0.024847981198886 -0.014379248530423
0.027745544646695 -0.014896100208350
0.030896938319642 -0.015421260902842
0.034318039167754 -0.015948775507524
0.038023794851957 -0.016470846820883
0.042027385794698 -0.016977381145823
0.046339075231101 -0.017455404002156
0.050964719455259 -0.017888361048173
0.055912891714360 -0.018260351963702
0.061208826613466 -0.018564330503380
0.066883717890621 -0.018796682804636
0.072973562108792 -0.018957412003639
0.079519091501050 -0.019052494727907
0.086556584774273 -0.019101894100590
0.094118772466170 -0.019143024022059
0.102238465533281 -0.019233112226006
0.110951390717979 -0.019410354614376
0.120299075073017 -0.019652199398215
0.130325190639192 -0.019913596981007
0.141074883327997 -0.020125178395002
0.152594305113498 -0.020186670147134
0.164928867709420 -0.020028011588895
0.178121142313014 -0.019680031150227
0.192210707720624 -0.019212281301373
0.207232772894823 -0.018728488607116
0.223217041050208 -0.018282838508826
0.240185841523065 -0.017870105446575
0.258151659975641 -0.017477745078929
0.277114940062327 -0.017086064148158
0.297061917215756 -0.016666998791106
0.317962540296491 -0.016191175762153
0.339768555711848 -0.015653482637793
0.362412548092286 -0.015057016227677
0.385807611051445 -0.014407183628732
0.409847882158397 -0.013711827970794
0.434410467194488 -0.012982231554766
0.459357923596507 -0.012232661105369
0.484541417549766 -0.011478974406155
0.509804909159838 -0.010737411232598
0.534989603056639 -0.010018708970428
0.559938944724423 -0.009329143801122
0.584503571327879 -0.008674047678439
0.608545559792397 -0.008057588303042
0.631941885748208 -0.007481432007022
0.654586953257692 -0.006945517671207
0.676394103507258 -0.006449125226559
0.697296115738777 -0.005991011540369
0.717244822330854 -0.005569818156680
0.736209991109146 -0.005184267466355
0.754177656837835 -0.004832722076513
0.771148116711018 -0.004513248520609
0.787133757052727 -0.004223724181477
0.802156848853522 -0.003961457980911
0.816247402089151 -0.003721058066990
0.829441280691044 -0.003497285056101
0.841778504793436 -0.003286272695554
0.853301764634779 -0.003085245540476
0.864055176675511 -0.002892271286648
0.874083270742310 -0.002706053627647
0.883430188162784 -0.002525763843170
0.892139066705077 -0.002350936198922
0.900251599289815 -0.002182112816723
0.907807706636472 -0.002020489421526
0.914845305143960 -0.001866843395057
0.921400184138391 -0.001721589261536
0.927505952501291 -0.001584872282332
0.933194037539379 -0.001456641819935
0.938493722857185 -0.001336708281589
0.943432214424102 -0.001224786884028
0.948034726158596 -0.001120530943854
0.952324578175049 -0.001023556915716
0.956323302366348 -0.000933462981258
0.960050751254086 -0.000849842636553
0.963525207060115 -0.000772294430169
0.966763488771608 -0.000700428761793
0.969781055618984 -0.000633872455138
0.972592105891485 -0.000572271661447
0.975209670404738 -0.000515293524703
0.977645700230735 -0.000462626940675
0.979911148522069 -0.000413982664212
0.982016046424642 -0.000369092958478
0.983969573189149 -0.000327710932599
0.985780120671926 -0.000289609677657
0.987455352468395 -0.000254581282854
0.989002257954090 -0.000222435792069
0.990427201524288 -0.000193000144584
0.991735967327612 -0.000166117131289
0.992933799784938 -0.000141644388247
0.994025440174805 -0.000119453442479
0.995015159552300 -0.000099428819622
0.995906788251365 -0.000081467219274
0.996703742201768 -0.000065476761128
0.997409046272337 -0.000051376303036
0.998025354831994 -0.000039094830835
0.998554969700104 -0.000028570918924
0.998999855637809 -0.000019752260055
0.999361653512617 -0.000012595262586
0.999641691249588 -0.000007064713373
0.999840992663947 -0.000003133504585
0.999960284252050 -0.000000782422925
1.000000000000000 0.000000000000000
