1.000000000000000 0.000000000000000
0.999959253767956 0.000003581268095
0.999836869070463 0.000014354024899
0.999632406959064 0.000032405458615
0.999345132697063 0.000057881989538
0.998974010997532 0.000090990945731
0.998517699300160 0.000132002940595
0.997974539030215 0.000181254984333
0.997342544766164 0.000239154370910
0.996619391225416 0.000306183392097
0.995802397960193 0.000382904940506
0.994888511637679 0.000469969074204
0.993874285760372 0.000568120626513
0.992755857664111 0.000678207955802
0.991528922612646 0.000801192941235
0.990188704789188 0.000938162341331
0.988729924967501 0.001090340642146
0.987146764628231 0.001259104530342
0.985432826271134 0.001445999132149
0.983581089661617 0.001652756160992
0.981583863741826 0.001881314112101
0.979432733934209 0.002133840629217
0.977118504571150 0.002412757142735
0.974631136200982 0.002720765835312
0.971959677551873 0.003060878923656
0.969092191985601 0.003436450145007
0.966015678348703 0.003851208192605
0.962715986236316 0.004309291641177
0.959177725832971 0.004815284622316
0.955384172695608 0.005374252126225
0.951317168110241 0.005991773289966
0.946957016000572 0.006673970345003
0.942282377812579 0.007427529991678
0.937270167364607 0.008259712789233
0.931895448360795 0.009178344631649
0.926131338141604 0.010191782448432
0.919948922313802 0.011308843847433
0.913317186186485 0.012538687428795
0.906202970456919 0.013890626885383
0.898570960280641 0.015373863470453
0.890383707972406 0.016998057423674
0.881601705288725 0.018774482630229
0.872183557386271 0.020714572822433
0.862086235885755 0.022829318689820
0.851265439617374 0.025128719416481
0.839676105029908 0.027621150640581
0.827273137764227 0.030312855570610
0.814012210492248 0.033206706043958
0.799850769108155 0.036300804708502
0.784749786509814 0.039589415039546
0.768676688664909 0.043068233814124
0.751606329847545 0.046729388357340
0.733523966732493 0.050565052991323
0.714431915409640 0.054588073384089
0.694349341669026 0.058820105687224
0.673303960308797 0.063241276965560
0.651327765067241 0.067761033674440
0.628472289277157 0.072285037023796
0.604821483675134 0.076772604622005
0.580479687951546 0.081181228887179
0.555560419167057 0.085412626815499
0.530192211110615 0.089358170297477
0.504526822897711 0.092950785876592
0.478726513813622 0.096137300743444
0.452951726741766 0.098856411457651
0.427362764283693 0.101007862385984
0.402122605112431 0.102339479551726
0.377388048591029 0.102682536939183
0.353312915007543 0.102234529634847
0.330030625716989 0.101246077596887
0.307639001817936 0.099822871104246
0.286209245954870 0.098020504490867
0.265794406095191 0.095893229838139
0.246429262856164 0.093493460197753
0.228129153358130 0.090874622484175
0.210891914186423 0.088092710508156
0.194701519020904 0.085199332541881
0.179532027771685 0.082235058940526
0.165351609869255 0.079222564350093
0.152121404071192 0.076182218600652
0.139797223711129 0.073134149545418
0.128334003393601 0.070095214062008
0.117686434459954 0.067079289715129
0.107807093085648 0.064099714614190
0.098647756466633 0.061168858732062
0.090160523383551 0.058297796125085
0.082298358705519 0.055496543756266
0.075015915327297 0.052773687123023
0.068270270920829 0.050135926623405
0.062024957103087 0.047582012770509
0.056251001598862 0.045101374847511
0.050919084802119 0.042687055437018
0.045999645635817 0.040335635786484
0.041463436518907 0.038046689042189
0.037281235103639 0.035824668511791
0.033425241457004 0.033674606370629
0.029869668272622 0.031600332266992
0.026590712075301 0.029604634998427
0.023566486093295 0.027689416430293
0.020776929369044 0.025855831304250
0.018206924437003 0.024101137742900
0.015851911245180 0.022412989609807
0.013705889294131 0.020781608561514
0.011759797612446 0.019201399803552
0.010002619325756 0.017669791687976
0.008422262107462 0.016186408802663
0.007007940636929 0.014754108879683
0.005750100962955 0.013377986946602
0.004638076693660 0.012062452717956
0.003663580305023 0.010807987721306
0.002831499797224 0.009600484976633
0.002143373239315 0.008429054064694
0.001588996459082 0.007299689576538
0.001150251371613 0.006229928176833
0.000809745137270 0.005232637557970
0.000551455899268 0.004316291228282
0.000360798283738 0.003486082337882
0.000224652649079 0.002744808217665
0.000131369335142 0.002093571098450
0.000070756541195 0.001532331248056
0.000034058423497 0.001060341332368
0.000013928419334 0.000676484796171
0.000004401572185 0.000379536168311
0.000000868671408 0.000168357179530
0.000000054264649 0.000042039240718
0.000000000000000 0.000000000000000
0.000000052158780 -0.000041192247643
0.000000837133974 -0.000164866830332
0.000004259716477 -0.000371298324826
0.000013559512146 -0.000660880236231
0.000033410637790 -0.001034025333687
0.000070065915047 -0.001491018991080
0.000131550397019 -0.002031818000406
0.000227910762577 -0.002655784574626
0.000371529071613 -0.003361342016037
0.000577511671739 -0.004145534638093
0.000863701246113 -0.005003739674955
0.001247586596202 -0.005931092920862
0.001746249676385 -0.006922045940101
0.002376847529379 -0.007969476364809
0.003155936672154 -0.009064295688029
0.004098566532398 -0.010194971130054
0.005217080406246 -0.011346938975664
0.006519540145276 -0.012501884582913
0.008007668142210 -0.013636858378861
0.009674953895024 -0.014724242138827
0.011523586461484 -0.015757847587281
0.013570918766307 -0.016762113848042
0.015825055494696 -0.017744836232794
0.018286578946229 -0.018709499140613
0.020959743021318 -0.019658440523647
0.023857621152733 -0.020589738780173
0.026993626270541 -0.021503959260254
0.030380488618528 -0.022405826344529
0.034031213848625 -0.023302492134337
0.037963887188720 -0.024193688411659
0.042198818039956 -0.025078210829097
0.046757329599848 -0.025956988340398
0.051661563409704 -0.026834095286947
0.056934188705056 -0.027718078727463
0.062599857099738 -0.028617695719539
0.068688204367014 -0.029532688848095
0.075231491045480 -0.030461735449452
0.082264165973042 -0.031404203964952
0.089822814051782 -0.032358924237946
0.097946021935812 -0.033321262445668
0.106674186334131 -0.034285379898230
0.116049345980050 -0.035245594499193
0.126115160038066 -0.036198971863865
0.136916108938289 -0.037144688398517
0.148496671797300 -0.038084549523758
0.160900390221762 -0.039023888819419
0.174169841687025 -0.039962112721032
0.188346064424668 -0.040886101736031
0.203466084204357 -0.041778769664729
0.219560930035618 -0.042622930256813
0.236652820851513 -0.043418748277259
0.254753279755228 -0.044178071926071
0.273861605031070 -0.044909387509894
0.293964254209704 -0.045584204429779
0.315031714271125 -0.046160852047629
0.337015433749275 -0.046629283680491
0.359846605370226 -0.047013620365938
0.383437063302664 -0.047303921546110
0.407680193106536 -0.047430079736023
0.432451569089214 -0.047371547360095
0.457611329658354 -0.047197827656380
0.483008087640359 -0.046937881425081
0.508483314491894 -0.046555384316626
0.533876029140030 -0.046031060983383
0.559027713608787 -0.045367226017272
0.583785622006219 -0.044543164703019
0.608007510941648 -0.043521278896219
0.631568050866647 -0.042300534358095
0.654361115128907 -0.040911076131304
0.676295060684261 -0.039341321230304
0.697292380512903 -0.037528867314344
0.717299059967493 -0.035452547383083
0.736288409618915 -0.033192338905551
0.754251916641435 -0.030837439752625
0.771196331796281 -0.028458965552818
0.787141637989972 -0.026111304493242
0.802116242829769 -0.023835004322988
0.816154792487915 -0.021658070728085
0.829296433797468 -0.019597468173050
0.841583485749490 -0.017662993061445
0.853060178987375 -0.015859082829296
0.863771907690465 -0.014187477786573
0.873764385261299 -0.012648410213033
0.883082362741837 -0.011238973979428
0.891769129088940 -0.009953920381326
0.899866193999201 -0.008786479105862
0.907413006788517 -0.007729633726943
0.914446691333734 -0.006777898458386
0.921002240092062 -0.005925122126123
0.927112538664917 -0.005164364020102
0.932808365155570 -0.004488329937711
0.938118425865817 -0.003889683189955
0.943069417462650 -0.003361259691966
0.947686107637643 -0.002896210536731
0.951991427913271 -0.002488090565334
0.956006573628825 -0.002130907383277
0.959751107283238 -0.001819141960895
0.963243062348404 -0.001547749301651
0.966499045422153 -0.001312145564309
0.969534335192007 -0.001108186386842
0.972362977154470 -0.000932139894613
0.974997873402588 -0.000780656907678
0.977450867076479 -0.000650740129256
0.979732821284258 -0.000539713547831
0.981853692458422 -0.000445192877408
0.983822598226778 -0.000365057561124
0.985647879957070 -0.000297424646585
0.987337160188135 -0.000240624686784
0.988897395193897 -0.000193179712537
0.990334922944727 -0.000153783249060
0.991655506737419 -0.000121282301401
0.992864374763405 -0.000094661204093
0.993966255877038 -0.000073027214342
0.994965411813797 -0.000055597721434
0.995865666093325 -0.000041688944963
0.996670429825400 -0.000030705998890
0.997382724619028 -0.000022134205681
0.998005202776396 -0.000015531553916
0.998540164934744 -0.000010522202854
0.998989575300690 -0.000006790948103
0.999355074603265 -0.000004078573324
0.999637990873970 -0.000002178023616
0.999839348144668 -0.000000931346756
0.999959873136968 -0.000000227358729
1.000000000000000 0.000000000000000
