1.000000000000000 0.000000000000000
0.999960240169003 0.000004118399619
0.999840816357602 0.000016490490591
0.999641294659460 0.000037167080357
0.999360948718684 0.000066233286407
0.998998754932679 0.000103809199034
0.998553385677659 0.000150050819469
0.998023200497903 0.000205151283820
0.997406235182433 0.000269342386427
0.996700188634945 0.000342896419551
0.995902407424541 0.000426128349841
0.995009867886088 0.000519398355714
0.994019155619776 0.000623114753751
0.992926442219936 0.000737737346386
0.991727459043397 0.000863781227638
0.990417467807949 0.001001821088352
0.988991227792236 0.001152496067378
0.987442959390132 0.001316515200293
0.985766303756168 0.001494663522549
0.983954278264952 0.001687808889286
0.981999227498089 0.001896909579141
0.979892769468875 0.002123022754130
0.977625736800327 0.002367313851616
0.975188112589173 0.002631066986937
0.972568960721382 0.002915696445909
0.969756350458793 0.003222759344011
0.966737275198124 0.003553969522462
0.963497565421375 0.003911212738819
0.960021796020666 0.004296563189084
0.956293188403713 0.004712301366556
0.952293508083956 0.005160933216336
0.948002958850429 0.005645210478604
0.943400075119060 0.006168152022866
0.938461614714851 0.006733065851997
0.933162455152314 0.007343571290421
0.927475497501388 0.008003620654928
0.921371583180521 0.008717519427694
0.914819430538860 0.009489943596459
0.907785599900421 0.010325952383626
0.900234497856835 0.011230994043270
0.892128411487442 0.012210738412445
0.883427544176867 0.013270412010456
0.874090250315055 0.014414927319018
0.864073352131463 0.015648798584526
0.853332564811473 0.016975854792198
0.841823092812490 0.018399037159954
0.829500574960678 0.019921552420440
0.816322049678039 0.021546403154623
0.802247088608039 0.023275373452861
0.787239203415237 0.025108213912642
0.771267276034358 0.027039778157954
0.754307517134225 0.029060058860354
0.736345675895445 0.031154778969687
0.717379897026983 0.033309833872582
0.697422739601655 0.035509858374905
0.676502927453854 0.037735890760310
0.654667064979457 0.039965114677318
0.631980773611186 0.042170871866965
0.608529054995609 0.044319590234686
0.584415954358442 0.046373593084738
0.559763833822070 0.048299366244496
0.534710782665551 0.050067196421944
0.509406626661799 0.051637789797119
0.484008752276179 0.052967285603016
0.458678118197767 0.054030514636675
0.433574147702261 0.054814728869961
0.408850653606749 0.055266696241365
0.384650742539099 0.055322258296848
0.361101957471419 0.055031594794526
0.338313605845266 0.054511036634466
0.316375034594182 0.053814979022573
0.295355168994723 0.052946088115718
0.275303220506267 0.051918213379861
0.256249901624156 0.050763299616671
0.238209140410153 0.049512657160739
0.221180397937300 0.048189868434314
0.205150790146967 0.046813550389318
0.190097227139445 0.045400801287724
0.175989105006762 0.043963793018729
0.162789980370841 0.042511925631926
0.150458926944982 0.041054648968925
0.138952300373786 0.039600645008350
0.128225699227061 0.038155890784163
0.118234174220917 0.036725757650786
0.108932808388897 0.035315630227178
0.100277474640550 0.033930602384089
0.092225494903216 0.032574888384000
0.084736462570050 0.031249989256935
0.077771938459541 0.029956968398644
0.071295432692474 0.028697193640549
0.065273407996231 0.027469115600636
0.059675088513859 0.026268993022945
0.054471257750410 0.025094975339334
0.049634329773000 0.023946671481010
0.045138541560773 0.022824615629531
0.040960436165710 0.021729846930851
0.037078194346548 0.020663700048862
0.033471371497685 0.019627638966657
0.030120907313735 0.018623125557481
0.027009104861513 0.017651534697400
0.024119588244619 0.016714103125806
0.021438553832965 0.015808571536334
0.018957569214979 0.014921879237552
0.016668142196976 0.014043821784347
0.014560772955889 0.013169292698292
0.012625445284984 0.012296865560924
0.010852256135076 0.011427878840010
0.009236566455595 0.010568646725314
0.007776292000379 0.009728045859415
0.006466190669688 0.008913205604592
0.005293915178417 0.008108472299777
0.004240287453608 0.007273056201739
0.003300132362691 0.006399919642987
0.002489524033593 0.005524215613357
0.001815263045357 0.004676348653599
0.001273903527028 0.003877457291107
0.000855086266632 0.003141669475547
0.000544138451924 0.002477896237687
0.000324094006306 0.001891254735529
0.000177256478476 0.001384193363846
0.000086400836348 0.000957376712781
0.000035689949206 0.000610376115533
0.000011364931923 0.000342201719743
0.000002254998042 0.000151703962958
0.000000141315791 0.000037865631012
0.000000000000000 0.000000000000000
0.000000140345588 -0.000037663306848
0.000002259631489 -0.000150674114113
0.000011558480335 -0.000339054069161
0.000037035572558 -0.000602702591195
0.000091212447068 -0.000941247723611
0.000189314862472 -0.001353859660492
0.000348899610455 -0.001838934463308
0.000589135600177 -0.002393693492018
0.000929831242842 -0.003013667543512
0.001390157787317 -0.003692039303590
0.001986987484924 -0.004418811903048
0.002732743424547 -0.005179762966276
0.003632630433930 -0.005955133178412
0.004681082134801 -0.006717985558902
0.005857256483351 -0.007432268766879
0.007132922709254 -0.008088721783955
0.008496055756557 -0.008788294811834
0.009944798858555 -0.009633027726607
0.011507019109100 -0.010573116483661
0.013229242868722 -0.011493461955478
0.015167339487568 -0.012252540568153
0.017341668238711 -0.012818214286657
0.019755156646239 -0.013212886843272
0.022402314169792 -0.013486039719266
0.025265923932770 -0.013723987608208
0.028317876948971 -0.014047550517252
0.031555636849854 -0.014505915500061
0.034995038670253 -0.015097645302296
0.038655941374208 -0.015812443505114
0.042563259369665 -0.016628042731671
0.046748420815230 -0.017505738242516
0.051251241911315 -0.018384560606324
0.056115305052197 -0.019197062991016
0.061367900495265 -0.019936439866281
0.067030969875519 -0.020620603284441
0.073124164814303 -0.021282478601197
0.079663991796117 -0.021973213670202
0.086676208962421 -0.022719420854384
0.094199968854386 -0.023508891686169
0.102279312650379 -0.024319963650241
0.110960602039310 -0.025129626831554
0.120286587248780 -0.025932356950912
0.130300042607322 -0.026727175158021
0.141044071528559 -0.027515260565298
0.152561232486240 -0.028300969985381
0.164893607531659 -0.029088211931590
0.178084290343269 -0.029870110788684
0.192174438824381 -0.030636087222028
0.207201394528918 -0.031373568470448
0.223196159392407 -0.032070994520935
0.240180851096002 -0.032720186176072
0.258167281986772 -0.033313956882955
0.277155321319390 -0.033838230544880
0.297131062806391 -0.034266746822290
0.318064230080190 -0.034572002183959
0.339906298493770 -0.034746641237193
0.362589362021124 -0.034794208386242
0.386024788999704 -0.034666300750376
0.410103616233478 -0.034256684604782
0.434699976011313 -0.033525997149150
0.459674269994912 -0.032541387719329
0.484875931173189 -0.031356590595060
0.510147820887376 -0.029987657688692
0.535331045169854 -0.028460830747412
0.560269968833621 -0.026816739511920
0.584816306447513 -0.025091482446672
0.608833260295954 -0.023313183275560
0.632199156824669 -0.021509941089615
0.654809935749801 -0.019709450773089
0.676580418942555 -0.017936247292825
0.697444793052141 -0.016211006553081
0.717356080522675 -0.014550488978221
0.736285051023189 -0.012968261141767
0.754218509171989 -0.011474080273155
0.771157381317810 -0.010074777094454
0.787114612511640 -0.008775130462191
0.802112807664680 -0.007576730816299
0.816182156964952 -0.006479749445902
0.829358550145649 -0.005484671050831
0.841681895073779 -0.004589525009938
0.853194673304262 -0.003790168701952
0.863940733189155 -0.003080053704549
0.873964304528911 -0.002450697252620
0.883309213056858 -0.001893892149385
0.892018280033085 -0.001401979991139
0.900132877389538 -0.000967899473639
0.907692571748086 -0.000586272006365
0.914734843545232 -0.000255283602424
0.921295115850592 0.000027264433345
0.927406717624702 0.000264465821520
0.933100864279634 0.000459931902689
0.938406680859079 0.000617517741355
0.943351256378455 0.000741128006589
0.947959720093225 0.000834583516264
0.952255332376222 0.000901533285706
0.956259584492715 0.000945400217455
0.959992302890491 0.000969351259694
0.963471754703195 0.000976285021431
0.966714752033107 0.000968831543190
0.969736753267523 0.000949360260247
0.972551960221609 0.000919993231428
0.975173410317193 0.000882621500601
0.977613063324762 0.000838923061129
0.979881882434744 0.000790381347493
0.981989909600417 0.000738303516617
0.983946335221912 0.000683838031158
0.985759562329805 0.000627991239116
0.987437265486328 0.000571642775177
0.988986444659491 0.000515559701899
0.990413474345667 0.000460409373022
0.991724148223996 0.000406771044259
0.992923719624524 0.000355146284598
0.994016938083971 0.000305968257619
0.995008082250436 0.000259609950880
0.995900989382569 0.000216391434305
0.996699081671071 0.000176586227558
0.997405389591485 0.000140426852848
0.998022572477828 0.000108109644344
0.998552936487004 0.000079798879145
0.998998450104530 0.000055630287932
0.999360757322955 0.000035713996302
0.999641188605613 0.000020136940676
0.999840769730106 0.000008964795556
0.999960228588024 0.000002243441959
1.000000000000000 0.000000000000000
