1.000000000000000 0.000000000000000
0.999960313083119 0.000009923509041
0.999841105276157 0.000039716241241
0.999641934417086 0.000089444849713
0.999362060250089 0.000159220548732
0.999000439415768 0.000249199300586
0.998555718374990 0.000359582073610
0.998026224203498 0.000490615167981
0.997409953175816 0.000642590605001
0.996704557038067 0.000815846574938
0.995907326849875 0.001010767938137
0.995015174255737 0.001227786774069
0.994024610026041 0.001467382973600
0.992931719687517 0.001730084871172
0.991732136042519 0.002016469916230
0.990421008356531 0.002327165387572
0.988992967974272 0.002662849161022
0.987442090107359 0.003024250550867
0.985761851521999 0.003412151260070
0.983945083844777 0.003827386495000
0.981983922200464 0.004270846329564
0.979869748900351 0.004743477444016
0.977593131916270 0.005246285419189
0.975143757908698 0.005780337842573
0.972510359632719 0.006346768584919
0.969680637630455 0.006946783743650
0.966641176242212 0.007581669933150
0.963377354142574 0.008252805846228
0.959873249846859 0.008961678333735
0.956111542955767 0.009709904673174
0.952073412334139 0.010499263250467
0.947738432980457 0.011331735596798
0.943084474069282 0.012209563646413
0.938087601576763 0.013135327261063
0.932721990072174 0.014112048558447
0.926959849722495 0.015143331446462
0.920771376359974 0.016233547063096
0.914124734648431 0.017388078605268
0.906986086985805 0.018613642327694
0.899319683677999 0.019918704651590
0.891087699461510 0.021312384085897
0.882249520629695 0.022800306745092
0.872762474353342 0.024387073623435
0.862582299847441 0.026076899276042
0.851663585635186 0.027873396042617
0.839960364460602 0.029779308958791
0.827426892515076 0.031796196951640
0.814018638288701 0.033924058245621
0.799693502118615 0.036160901717366
0.784413461577436 0.038503255243649
0.768146928320396 0.040949168575900
0.750870428855952 0.043496346141613
0.732570664422157 0.046141377985390
0.713246806794515 0.048879742810747
0.692912762080141 0.051705751298001
0.671598387194739 0.054606227025656
0.649350435524733 0.057554851973858
0.626234714576364 0.060519318653223
0.602336658851717 0.063462571199957
0.577761241711356 0.066345576917472
0.552633056740632 0.069137233795697
0.527092929600212 0.071810441438286
0.501293875746607 0.074340193846937
0.475396598948179 0.076701919894508
0.449564028528464 0.078862585084392
0.423956781051279 0.080790985579300
0.398728494276388 0.082462832252750
0.374021972506260 0.083860825773595
0.349966705764751 0.084973170048252
0.326674504251988 0.085796221241635
0.304237413589092 0.086334595185284
0.282727362757835 0.086596716064933
0.262197870963623 0.086574969513238
0.242683745123043 0.086264577919071
0.224202384082319 0.085688883489674
0.206755933482633 0.084895434525990
0.190333348908555 0.083925758909189
0.174916364561226 0.082773794364679
0.160479262033650 0.081414749804149
0.146987781471011 0.079842134797377
0.134407578783159 0.078058659804208
0.122708755304288 0.076069872581535
0.111854166943199 0.073891128212571
0.101800757780903 0.071544853310415
0.092502627546601 0.069059858723308
0.083915629389748 0.066479749157052
0.075995201438442 0.063846795504047
0.068695406532636 0.061192261832779
0.061967901109347 0.058527109914391
0.055766266483051 0.055859202504304
0.050047461709149 0.053198276884916
0.044778400961589 0.050555735859600
0.039945696850986 0.047945224198280
0.035533105222025 0.045379085141098
0.031519162922878 0.042867755983431
0.027879315613939 0.040419914464220
0.024587394632535 0.038042406952604
0.021611681269681 0.035725058236534
0.018915135078981 0.033439155166605
0.016465453383662 0.031166581377200
0.014235113101799 0.028899046377547
0.012201133694750 0.026635864137816
0.010356647391035 0.024396471740064
0.008704828900494 0.022212156164046
0.007242858544313 0.020106110419357
0.005963153061225 0.018094476876525
0.004854946163392 0.016187980716719
0.003905479016959 0.014393217935945
0.003100889413093 0.012713669539198
0.002426868974589 0.011150498831362
0.001869142494217 0.009703176997379
0.001413811544739 0.008369972854131
0.001047595137790 0.007148335260624
0.000757992885579 0.006035190799265
0.000533390397742 0.005027174676077
0.000363122180299 0.004120809082281
0.000237503822807 0.003312640315248
0.000147842549454 0.002599343615627
0.000086433102229 0.001977802814082
0.000046544287217 0.001445170395792
0.000022400244943 0.000998912404360
0.000009159520794 0.000636841655611
0.000002894247538 0.000357141965416
0.000000571157838 0.000158385473151
0.000000035679788 0.000039544630849
0.000000000000000 0.000000000000000
0.000000034758107 -0.000039009238250
0.000000557869364 -0.000156116081578
0.000002838558994 -0.000351554338778
0.000009035002838 -0.000625701580155
0.000022260011117 -0.000979060304702
0.000046676010864 -0.001412230209896
0.000087622492758 -0.001925870124298
0.000151780200385 -0.002520647639724
0.000247377620844 -0.003197173864686
0.000384446837333 -0.003955919984895
0.000575137589435 -0.004797111424654
0.000834100530373 -0.005720594311703
0.001178188177647 -0.006725764248483
0.001623565065335 -0.007811792277615
0.002186591161144 -0.008977336385533
0.002884189843775 -0.010220270552752
0.003733456090967 -0.011537450025127
0.004751113275479 -0.012924420681838
0.005952771924076 -0.014375059257622
0.007351930710679 -0.015881127988752
0.008958643294651 -0.017431723287195
0.010777753410155 -0.019012593116230
0.012806573650629 -0.020605291608554
0.015034588441240 -0.022187356671843
0.017467769877801 -0.023743652593735
0.020126546017592 -0.025266146258179
0.023034207723785 -0.026749693784203
0.026217150418079 -0.028193496051998
0.029702782648150 -0.029599713127008
0.033512532064057 -0.030966056177096
0.037664976325063 -0.032292793570634
0.042175814693830 -0.033586508184788
0.047056106969150 -0.034862832913228
0.052310016018955 -0.036149945162768
0.057945553531732 -0.037474896851343
0.063993263670617 -0.038839551270788
0.070490628312163 -0.040242310050220
0.077480318572599 -0.041681654775522
0.085006731405194 -0.043154779215424
0.093108740522102 -0.044654882005190
0.101824759501659 -0.046172980597137
0.111194422254568 -0.047699992190916
0.121261610255393 -0.049232014268618
0.132071575622558 -0.050768189147157
0.143669455077819 -0.052311008264208
0.156099264870603 -0.053867432027875
0.169404575117413 -0.055432246468680
0.183628616864355 -0.056974341933610
0.198811098479641 -0.058451125816549
0.214985894677173 -0.059811583883541
0.232176264621862 -0.061015979619239
0.250393380656315 -0.062029329852182
0.269635036635058 -0.062819319342093
0.289884546316808 -0.063372574130141
0.311107879348719 -0.063688663853890
0.333253106770791 -0.063764262910568
0.356249833072454 -0.063589314152396
0.380007456658749 -0.063160129028171
0.404415657955614 -0.062480987141073
0.429346730514637 -0.061561899373197
0.454659544481001 -0.060413702373387
0.480201792196956 -0.059053008633668
0.505814066491793 -0.057502609794819
0.531334788957080 -0.055787954020768
0.556605313443151 -0.053932887092494
0.581474600196594 -0.051963263012971
0.605803474646206 -0.049906461666217
0.629468163691827 -0.047789198456929
0.652362850107871 -0.045635575855677
0.674401012928576 -0.043468295153003
0.695515860895731 -0.041308260246279
0.715659859212001 -0.039173899725786
0.734803378495405 -0.037079651210627
0.752933157055713 -0.035037051297894
0.770050366650236 -0.033055584111567
0.786168383637233 -0.031142727528723
0.801310543668873 -0.029304067874572
0.815508105559563 -0.027543993716445
0.828798459776016 -0.025866740526776
0.841223004167158 -0.024274787730763
0.852825598554089 -0.022768844283755
0.863651350185868 -0.021348222607262
0.873745627847953 -0.020011165710389
0.883153284003122 -0.018755125847051
0.891918060039870 -0.017576996449824
0.900082148283558 -0.016473301151991
0.907685696853797 -0.015439249681176
0.914766170474934 -0.014466299459417
0.921359029862954 -0.013546865959942
0.927497821017317 -0.012675185344804
0.933214092180071 -0.011846857018329
0.938537369973632 -0.011058493535128
0.943495179568857 -0.010307454991326
0.948113096662562 -0.009591649234794
0.952414821559967 -0.008909382891051
0.956422267771954 -0.008259251293967
0.960155659281320 -0.007640057965535
0.963633632049020 -0.007050756363781
0.966873336466626 -0.006490408279332
0.969890538359619 -0.005958154576204
0.972699716848712 -0.005453195003191
0.975314157919433 -0.004974774603514
0.977746042964792 -0.004522174868498
0.980006531878117 -0.004094708254835
0.982105840504666 -0.003691715045723
0.984053312429060 -0.003312561809266
0.985857485195062 -0.002956640912995
0.987526151136161 -0.002623370707047
0.989066413048756 -0.002312196102668
0.990484734971522 -0.002022589356929
0.991786988350331 -0.001754050936105
0.992978493872119 -0.001506110374811
0.994064059246593 -0.001278327079891
0.995048013204283 -0.001070291050600
0.995934235964831 -0.000881623502182
0.996726186412243 -0.000711977390395
0.997426926194891 -0.000561037841323
0.998039140948313 -0.000428522494891
0.998565158818699 -0.000314181772648
0.999006966444782 -0.000217799081258
0.999366222535954 -0.000139190962986
0.999644269164830 -0.000078207203758
0.999842140873362 -0.000034730908161
0.999960571672861 -0.000008678549328
1.000000000000000 0.000000000000000
