1.000000000000000 0.000000000000000
0.999960041992529 0.000006991836869
0.999840022455566 0.000027991221019
0.999639503881135 0.000063069912020
0.999357753866314 0.000112347973137
0.998993740248897 0.000175994470243
0.998546124237328 0.000254228456169
0.998013251474445 0.000347320246284
0.997393140956665 0.000455592992675
0.996683471711870 0.000579424565743
0.995881567120389 0.000719249753390
0.994984376744058 0.000875562789140
0.993988455508439 0.001048920221441
0.992889940062864 0.001239944137048
0.991684522122348 0.001449325751507
0.990367418574616 0.001677829379431
0.988933338115085 0.001926296796082
0.987376444153021 0.002195651999713
0.985690313714131 0.002486906380745
0.983867892049431 0.002801164298929
0.981901442648949 0.003139629062611
0.979782492353345 0.003503609294620
0.977501771259409 0.003894525656357
0.975049147129788 0.004313917884610
0.972413554047262 0.004763452073349
0.969582915104699 0.005244928104012
0.966544059000159 0.005760287091129
0.963282630520848 0.006311618663573
0.959782995060208 0.006901167843313
0.956028137532385 0.007531341210660
0.951999556343466 0.008204711954907
0.947677153468341 0.008924023298809
0.943039122188686 0.009692189651351
0.938061834697887 0.010512294682293
0.932719732602975 0.011387585321315
0.926985224385120 0.012321460462107
0.920828595153639 0.013317452897171
0.914217935577683 0.014379202725004
0.907119098732702 0.015510420164824
0.899495695771557 0.016714835398824
0.891309143816647 0.017996132766462
0.882518791774018 0.019357925063782
0.873082155760809 0.020803842379567
0.862955222594564 0.022337341908865
0.852092899116132 0.023961562572355
0.840449629710712 0.025679196726717
0.827980203562664 0.027492343622584
0.814640777441262 0.029402346314888
0.800390135206601 0.031409615564404
0.785191192540533 0.033513422110788
0.769012647049372 0.035711056225022
0.751830902322172 0.037997295426780
0.733632292392926 0.040364653902508
0.714415330781198 0.042803214337211
0.694192941350035 0.045300509026070
0.672994507244842 0.047841191442954
0.650867521411826 0.050405911287293
0.627878817693674 0.052972282731929
0.604115048912078 0.055515701858706
0.579682246537491 0.058009886639807
0.554704379543354 0.060425449542945
0.529320855165991 0.062731221911616
0.503683035111015 0.064897247097333
0.477949970530822 0.066895749577888
0.452283720311216 0.068697774434859
0.426844274480181 0.070276472242439
0.401784594547418 0.071611503095748
0.377246458968536 0.072689156773597
0.353358275705294 0.073498015995962
0.330231231693214 0.074032681175808
0.307956762470189 0.074296146355326
0.286606005042204 0.074298533186087
0.266231039854693 0.074049592058368
0.246865710442269 0.073559611041998
0.228526827152478 0.072844765130071
0.211217267210543 0.071924480352966
0.194926512850952 0.070821658503963
0.179633608268769 0.069557973792149
0.165310172903151 0.068150125598725
0.151920481281597 0.066617169223238
0.139423759616977 0.064979172134400
0.127778843516594 0.063250167353076
0.116942751903363 0.061443293543447
0.106870128244291 0.059573845049755
0.097514668392983 0.057657944921353
0.088832268616489 0.055709012633405
0.080783446351251 0.053735104067560
0.073328560702795 0.051745241721732
0.066428149125637 0.049745622484297
0.060043853351505 0.047734972135415
0.054138669187085 0.045714964906636
0.048677315899484 0.043690481416802
0.043631085109438 0.041668512515097
0.038981841340366 0.039657406154047
0.034709683463109 0.037665580224597
0.030792444145847 0.035701053466386
0.027206894405935 0.033771224260364
0.023929628150892 0.031882611764429
0.020939402403112 0.030028002283961
0.018218058101324 0.028182697617977
0.015747161981304 0.026331348279785
0.013508209621158 0.024467690497036
0.011483443860654 0.022592364587559
0.009664956711640 0.020722678556848
0.008051213747761 0.018886183218636
0.006635535472871 0.017103974565742
0.005407289371229 0.015391391815725
0.004353302273419 0.013759293328876
0.003458919461680 0.012215070628105
0.002708791344820 0.010763453694753
0.002087450816815 0.009407149943701
0.001579730513612 0.008147350692289
0.001171058290635 0.006984132090675
0.000847660717658 0.005916772023330
0.000596697721075 0.004944000139902
0.000406346295941 0.004064194702965
0.000265847146606 0.003275537170080
0.000165524947145 0.002576133214682
0.000096790446374 0.001964107119931
0.000052130723712 0.001437675060772
0.000025092411005 0.000995201648957
0.000010261536894 0.000635243195486
0.000003242749388 0.000356580397843
0.000000639969733 0.000158242547776
0.000000039979015 0.000039524848232
0.000000000000000 0.000000000000000
0.000000039971336 -0.000039524848387
0.000000639939052 -0.000158242548426
0.000003242680488 -0.000356580399415
0.000010261414740 -0.000635243198553
0.000025092220823 -0.000995201654304
0.000052130451072 -0.001437675069457
0.000096790077286 -0.001964107133361
0.000165524468162 -0.002576133234687
0.000265846544945 -0.003275537199000
0.000406345559610 -0.004064194743741
0.000596696839032 -0.004944000196185
0.000847659679985 -0.005916772099593
0.001171057088737 -0.006984132192353
0.001579729140452 -0.008147350825922
0.002087449267181 -0.009407150117108
0.002708789615636 -0.010763453917229
0.003458917552365 -0.012215070910641
0.004353300186297 -0.013759293684417
0.005407287112013 -0.015391392259456
0.006635533051215 -0.017103975115431
0.008051211177901 -0.018886183895016
0.009664954013127 -0.020722679384063
0.011483441059210 -0.022592365593675
0.013508206744332 -0.024467691707488
0.015747159034775 -0.026331349684667
0.018218055088566 -0.028182699197173
0.020939399329203 -0.030028004010985
0.023929625022832 -0.031882613605364
0.027206891231208 -0.033771226185821
0.030792440929235 -0.035701055475921
0.034709680210612 -0.037665582318814
0.038981838059671 -0.039657408332882
0.043631081810207 -0.041668514777691
0.048677312593678 -0.043690483761353
0.054138665884490 -0.045714967329977
0.060043850054606 -0.047734974632492
0.066428145837251 -0.049745625048261
0.073328557426335 -0.051745244343651
0.080783443090733 -0.053735106739420
0.088832265376509 -0.055709015350940
0.097514665178942 -0.057657947679100
0.106870125061328 -0.059573847842275
0.116942748755047 -0.061443296366855
0.127778840406868 -0.063250170202509
0.139423756550249 -0.064979175003829
0.151920478262728 -0.066617172105461
0.165310169936277 -0.068150128487714
0.179633605357829 -0.069557976681835
0.194926510000135 -0.070821661387265
0.211217264424059 -0.071924483222626
0.228526824434216 -0.072844767979785
0.246865707796167 -0.073559613864796
0.266231037284494 -0.074049594846837
0.286606002551339 -0.074298535932516
0.307956760061930 -0.074296149051788
0.330231229370418 -0.074032683815557
0.353358273470482 -0.073498018572389
0.377246456823868 -0.072689159280141
0.401784592494636 -0.071611505526079
0.426844272520383 -0.070276474591192
0.452283718444910 -0.068697776697428
0.477949968757996 -0.066895751750280
0.503683033431129 -0.064897249176319
0.529320853577970 -0.062731223895230
0.554704378045605 -0.060425451430138
0.579682245127948 -0.058009888430296
0.604115047588254 -0.055515703552984
0.627878816452716 -0.052972284331374
0.650867520250574 -0.050405912793917
0.672994506159898 -0.047841192859280
0.694192940337832 -0.045300510355044
0.714415329838069 -0.042803215582174
0.733632291515157 -0.040364655067083
0.751830901506049 -0.037997296514737
0.769012646291229 -0.035711057240213
0.785191191836791 -0.033513423057087
0.800390134553797 -0.031409616445665
0.814640776836074 -0.029402347134933
0.827980203001920 -0.027492344385120
0.840449629191397 -0.025679197435307
0.852092898635399 -0.023961563230405
0.862955222149732 -0.022337342519614
0.873082155349366 -0.020803842946085
0.882518791393617 -0.019357925588963
0.891309143465097 -0.017996133253032
0.899495695446818 -0.016714835849337
0.907119098432880 -0.015510420581668
0.914217935301021 -0.014379203110419
0.920828594898507 -0.013317453253251
0.926985224150005 -0.012321460790810
0.932719732386480 -0.011387585624467
0.938061834498711 -0.010512294961602
0.943039122005627 -0.009692189908408
0.947677153300283 -0.008924023535099
0.951999556189371 -0.008204712171816
0.956028137391292 -0.007531341409484
0.959782994931221 -0.006901168025259
0.963282630403136 -0.006311618829772
0.966544058892945 -0.005760287242637
0.969582915007258 -0.005244928241819
0.972413553958919 -0.004763452198383
0.975049147049910 -0.004313917997741
0.977501771187404 -0.003894525758403
0.979782492288658 -0.003503609386352
0.981901442591056 -0.003139629144753
0.983867891997840 -0.002801164372167
0.985690313668378 -0.002486906445726
0.987376444112667 -0.002195652057051
0.988933338079714 -0.001926296846359
0.990367418543835 -0.001677829423201
0.991684522095779 -0.001449325789300
0.992889940040150 -0.001239944169368
0.993988455489237 -0.001048920248772
0.994984376728039 -0.000875562811946
0.995881567107236 -0.000719249772119
0.996683471701279 -0.000579424580827
0.997393140948341 -0.000455593004532
0.998013251468102 -0.000347320255321
0.998546124232687 -0.000254228462783
0.998993740245685 -0.000175994474821
0.999357753864264 -0.000112347976060
0.999639503879984 -0.000063069913661
0.999840022455055 -0.000027991221747
0.999960041992401 -0.000006991837051
1.000000000000000 0.000000000000000
