1.000000000000000 0.000000000000000
0.999963079248246 0.000018051485179
0.999852178503280 0.000072262770110
0.999666881333739 0.000162804611381
0.999406490470545 0.000289962498205
0.999070022949100 0.000454137995435
0.998656203242794 0.000655850624867
0.998163454321625 0.000895740285288
0.997589886549755 0.001174570210985
0.996933284315195 0.001493230466881
0.996191090263320 0.001852741976002
0.995360386983418 0.002254261071189
0.994437875973919 0.002699084557607
0.993419853687304 0.003188655265147
0.992302184429909 0.003724568059829
0.991080269865051 0.004308576270063
0.989749014840293 0.004942598466359
0.988302789231518 0.005628725510856
0.986735385468427 0.006369227764529
0.985039971378701 0.007166562303888
0.983209037962715 0.008023379953375
0.981234341688617 0.008942531882583
0.979106840881145 0.009927075446077
0.976816625769332 0.010980278855008
0.974352841762188 0.012105624160115
0.971703605542300 0.013306807890798
0.968855913611654 0.014587738529629
0.965795543000035 0.015952529800180
0.962506943964851 0.017405488501851
0.958973124685620 0.018951095331410
0.955175528203713 0.020593976779728
0.951093902199350 0.022338865776440
0.946706162659273 0.024190548268454
0.941988253101406 0.026153792356193
0.936914001824195 0.028233255973626
0.931454980681512 0.030433368390999
0.925580370197034 0.032758180059144
0.919256837476651 0.035211174533850
0.912448435404972 0.037795035472666
0.905116534067103 0.040511361070909
0.897219798247864 0.043360317926725
0.888714285685437 0.046340333517576
0.879553965720417 0.049448339646032
0.869690924595137 0.052679146698750
0.859075704309218 0.056024725578242
0.847657957737455 0.059473679910668
0.835387332854519 0.063010690692131
0.822214622366199 0.066615954942979
0.808093211117258 0.070264650816352
0.792980842133720 0.073926478883557
0.776841379204180 0.077566442571164
0.759646631729075 0.081146645100565
0.741379359643041 0.084625215520771
0.722036078386340 0.087956767222361
0.701629803874302 0.091093479243325
0.680192397469471 0.093986842340246
0.657774928257140 0.096591765998789
0.634449635702698 0.098868052799759
0.610311315592533 0.100781560582206
0.585476741095330 0.102306335132407
0.560080177207563 0.103429106877638
0.534269793154493 0.104151066301349
0.508206418527645 0.104485393438232
0.482058848546279 0.104455234196347
0.455997201678886 0.104075506153372
0.430187787470198 0.103355956311013
0.404788988788726 0.102314099193954
0.379946660830010 0.100974530285509
0.355790216229816 0.099367429330533
0.332430074604226 0.097527032559729
0.309956236442577 0.095490034295391
0.288437907976504 0.093293638819823
0.267925748525146 0.090966345702537
0.248452610422694 0.088529251375452
0.230033201575892 0.086005016787130
0.212666329373823 0.083417127797767
0.196337437121514 0.080788837945326
0.181021746045822 0.078140562740619
0.166687175669165 0.075487776545177
0.153294964878613 0.072845239444836
0.140801799632817 0.070226197138439
0.129164014110191 0.067634770184016
0.118336754215750 0.065072480274472
0.108273341565893 0.062543477870295
0.098926562289744 0.060053434823703
0.090251286058838 0.057607039143273
0.082207703104186 0.055204859214729
0.074756310095002 0.052848545498288
0.067857375040148 0.050538846242071
0.061470979940583 0.048269428475550
0.055558940971885 0.046036164977006
0.050085412295144 0.043838508200164
0.045019534636062 0.041678415248085
0.040342970435056 0.039560023790734
0.036037652404232 0.037488009080644
0.032082922951624 0.035466901951293
0.028456793073987 0.033500891000278
0.025136854237739 0.031593708863044
0.022101000703117 0.029742893952405
0.019328117093965 0.027921650220690
0.016797996645631 0.026107039139591
0.014491428018911 0.024287193364617
0.012390338340292 0.022458195765381
0.010482718692744 0.020626893194495
0.008771965476536 0.018819064508325
0.007258090143998 0.017058034650859
0.005935069915568 0.015360897338494
0.004792757330343 0.013739887312766
0.003818328600959 0.012203471479814
0.002997374438989 0.010757215954060
0.002314714527807 0.009404474479563
0.001754999139947 0.008146934496262
0.001303147511627 0.006985049778774
0.000944661693581 0.005918382724254
0.000665846057492 0.004945874700439
0.000453955947805 0.004066059143430
0.000297293732466 0.003277229124218
0.000185266410289 0.002577568729427
0.000108415730932 0.001965255702694
0.000058429281696 0.001438541270724
0.000028139040941 0.000995811854156
0.000011512370021 0.000635636375492
0.000003639219148 0.000356802074233
0.000000718381491 0.000158341082400
0.000000044883634 0.000039549468764
0.000000000000000 0.000000000000000
0.000000044874994 -0.000039549468919
0.000000718346979 -0.000158341083054
0.000003639141673 -0.000356802075818
0.000011512232733 -0.000635636378602
0.000028138827334 -0.000995811859607
0.000058428975721 -0.001438541279627
0.000108415317119 -0.001965255716529
0.000185265873886 -0.002577568750129
0.000297293059589 -0.003277229154265
0.000453955125613 -0.004066059185943
0.000665845074385 -0.004945874759298
0.000944660539424 -0.005918382804221
0.001303146178010 -0.006985049885635
0.001754997620483 -0.008146934636992
0.002314712818475 -0.009404474662508
0.002997372538529 -0.010757216189145
0.003818326511328 -0.012203471778787
0.004792755057242 -0.013739887689471
0.005935067469051 -0.015360897809183
0.007258087539172 -0.017058035234561
0.008771962734372 -0.018819065227262
0.010482715841009 -0.020626894074562
0.012390335414629 -0.022458196836702
0.014491425041167 -0.024287194637681
0.016797993616149 -0.026107040596008
0.019328114013820 -0.027921651835857
0.022100997574296 -0.029742895694493
0.025136851063342 -0.031593710691966
0.028456789858011 -0.033500892897217
0.032082919699078 -0.035466903917100
0.036037649121603 -0.037488011115699
0.040342967130566 -0.039560025894853
0.045019531319955 -0.041678417420416
0.050085408979996 -0.043838510439066
0.055558937664849 -0.046036167279242
0.061470976643410 -0.048269430836033
0.067857371754929 -0.050538848654070
0.074756306824236 -0.052848547953156
0.082207699851438 -0.055204861705866
0.090251282828895 -0.057607041666673
0.098926559088217 -0.060053437374251
0.108273338397773 -0.062543480443176
0.118336751084630 -0.065072482865861
0.129164011020071 -0.067634772789176
0.140801796588151 -0.070226199751603
0.153294961884278 -0.072845242059319
0.166687172729404 -0.075487779156445
0.181021743164788 -0.078140565344530
0.196337434303597 -0.080788840537088
0.212666326623458 -0.083417130372436
0.230033198897326 -0.086005019340148
0.248452607820232 -0.088529253901784
0.267925746003107 -0.090966348196676
0.288437905539161 -0.093293641275843
0.309956234094011 -0.095490036707367
0.332430072347851 -0.097527034923415
0.355790214068609 -0.099367431641879
0.379946658766485 -0.100974532540440
0.404788986824861 -0.102314101388448
0.430187785607384 -0.103355958441200
0.455997199917867 -0.104075508215615
0.482058846887102 -0.104455236187330
0.508206416969669 -0.104485395355248
0.534269791696467 -0.104151068143901
0.560080175847465 -0.103429108645813
0.585476739830389 -0.102306336826412
0.610311314419375 -0.100781562202338
0.634449634617655 -0.098868054346250
0.657774927256089 -0.096591767472118
0.680192396547922 -0.093986843741189
0.701629803027523 -0.091093480572946
0.722036077609572 -0.087956768481885
0.741379358931520 -0.084625216711684
0.759646631078069 -0.081146646224639
0.776841378609070 -0.077566443630416
0.792980841590060 -0.073926479880197
0.808093210620830 -0.070264651752691
0.822214621913065 -0.066615955821361
0.835387332440992 -0.063010691515017
0.847657957360112 -0.059473680680592
0.859075703964896 -0.056024726297769
0.869690924280931 -0.052679147370439
0.879553965433666 -0.049448340272409
0.888714285423712 -0.046340334101111
0.897219798008954 -0.043360318469817
0.905116533848984 -0.040511361575844
0.912448435205809 -0.037795035941635
0.919256837294787 -0.035211174968959
0.925580370030972 -0.032758180462405
0.931454980529901 -0.030433368764331
0.936914001685812 -0.028233256318851
0.941988252975145 -0.026153792675038
0.946706162544132 -0.024190548562553
0.951093902094418 -0.022338866047334
0.955175528108163 -0.020593977028873
0.958973124598698 -0.018951095560178
0.962506943885872 -0.017405488711537
0.965795542928372 -0.015952529992000
0.968855913546733 -0.014587738704733
0.971703605483594 -0.013306808050268
0.974352841709215 -0.012105624304972
0.976816625721647 -0.010980278986216
0.979106840838338 -0.009927075564547
0.981234341650310 -0.008942531989176
0.983209037928555 -0.008023380048906
0.985039971348363 -0.007166562389130
0.986735385441606 -0.006369227840215
0.988302789207931 -0.005628725577683
0.989749014819675 -0.004942598524993
0.991080269847153 -0.004308576321138
0.992302184414496 -0.003724568103951
0.993419853674156 -0.003188655302897
0.994437875962825 -0.002699084589543
0.995360386974179 -0.002254261097848
0.996191090255746 -0.001852741997903
0.996933284309105 -0.001493230484525
0.997589886544975 -0.001174570224858
0.998163454317986 -0.000895740295865
0.998656203240134 -0.000655850632609
0.999070022947261 -0.000454138000795
0.999406490469372 -0.000289962501626
0.999666881333080 -0.000162804613302
0.999852178502989 -0.000072262770962
0.999963079248173 -0.000018051485392
1.000000000000000 0.000000000000000
