1.000000000000000 0.000000000000000
0.999960228196255 0.000005872189954
0.999840768357965 0.000023511144109
0.999641186250579 0.000052984167575
0.999360754963523 0.000094403944238
0.998998450101332 0.000147929304148
0.998552942992245 0.000213766306538
0.998022591854864 0.000292169647141
0.997405430845825 0.000383444400902
0.996699156893440 0.000487948113613
0.995901114203701 0.000606093258307
0.995008276306044 0.000738350074510
0.994017225486671 0.000885249810452
0.992924129437324 0.001047388390174
0.991724714927070 0.001225430528807
0.990414238284395 0.001420114320176
0.988987452456858 0.001632256320908
0.987438570396398 0.001862757154209
0.985761224500761 0.002112607653942
0.983948421826463 0.002382895565185
0.981992494777617 0.002674812810232
0.979885046969503 0.002989663318343
0.977616893968497 0.003328871402180
0.975177998623743 0.003693990642410
0.972557400734906 0.004086713212603
0.969743140849370 0.004508879536879
0.966722178057844 0.004962488119991
0.963480301767516 0.005449705319782
0.960002037586676 0.005972874740885
0.956270547666531 0.006534525810386
0.952267526129838 0.007137380944231
0.947973090590287 0.007784360519227
0.943365671252812 0.008478584620198
0.938421899708501 0.009223370224225
0.933116500327071 0.010022222102201
0.927422188136283 0.010878815249969
0.921309578294128 0.011796966095657
0.914747113737594 0.012780589058258
0.907701019357794 0.013833634252774
0.900135293119942 0.014960001258661
0.892011767762211 0.016163622565057
0.883290372709483 0.017449803475824
0.873929317865469 0.018824971298586
0.863885371586587 0.020296274269869
0.853114327950986 0.021871707233489
0.841571590761748 0.023559610448985
0.829212330558568 0.025359547007152
0.815992361072502 0.027260273687742
0.801869620532067 0.029242912934032
0.786805271817570 0.031282415740215
0.770763327166904 0.033369453576413
0.753712710762451 0.035505015891440
0.735633471036123 0.037694382837289
0.716553588859141 0.039963878738118
0.696547462235970 0.042360012614685
0.675639568723255 0.044845684110849
0.653617228113528 0.047080929847139
0.630324876403333 0.048768971329977
0.606752497135448 0.050958353856603
0.584247896846677 0.055101535691781
0.559686949412928 0.057277208449968
0.527870106694885 0.050965736972960
0.501838553305421 0.050176786723973
0.491993976093440 0.067116649016580
0.462332991411288 0.063909631212235
0.431951208695146 0.059455178621211
0.408233642597423 0.061049655303058
0.385254315539913 0.062557468301644
0.361319889912510 0.062148618213831
0.338001330189531 0.061320271468220
0.315952503881033 0.060665906711631
0.294930190768782 0.059894859072348
0.274787516148747 0.058838726464344
0.255600521408717 0.057579032704621
0.237441827986680 0.056209046412176
0.220323174828431 0.054765724279726
0.204219230176893 0.053255513719862
0.189097641090243 0.051687732284865
0.174926023224647 0.050076051631466
0.161669745287853 0.048435870670920
0.149288990661942 0.046781683463291
0.137740568906136 0.045125780603861
0.126979780067862 0.043475168287931
0.116961076245354 0.041835968210403
0.107638880842905 0.040214568508288
0.098968386399936 0.038617188003070
0.090906469893725 0.037048722916294
0.083413078644324 0.035509994270922
0.076449953294714 0.034001807838686
0.069980456599919 0.032525807007956
0.063970163632638 0.031082774219869
0.058386795859842 0.029673125596348
0.053199944382721 0.028297993166802
0.048381126995936 0.026958906252530
0.043904609390606 0.025656101921959
0.039748781453318 0.024385861072022
0.035893154112894 0.023145610382274
0.032317922031933 0.021934489550239
0.029004173605271 0.020752782183218
0.025934020684078 0.019601499267086
0.023090692157439 0.018482036190733
0.020460823172434 0.017391854173988
0.018035150441004 0.016323063238345
0.015803675363142 0.015271053503358
0.013755668248043 0.014234351052609
0.011880110416475 0.013213688536416
0.010166629628724 0.012211978079879
0.008609022184338 0.011237403282094
0.007201251011699 0.010298455771478
0.005935711089428 0.009399168832475
0.004804811944518 0.008508851018225
0.003801143616620 0.007588614234351
0.002926909553191 0.006646031860174
0.002188729813250 0.005716532711172
0.001584424775073 0.004826590259186
0.001105231983533 0.003994414108132
0.000738150714288 0.003231980622589
0.000467761997948 0.002546646976455
0.000277635672401 0.001942431007333
0.000151412727047 0.001421022544271
0.000073632579803 0.000982578413706
0.000030359992118 0.000626342439773
0.000009654283519 0.000351122893159
0.000001913715778 0.000155652564979
0.000000119858828 0.000038850588105
0.000000000000000 0.000000000000000
0.000000117871908 -0.000038460478040
0.000001896679960 -0.000153862953846
0.000009692574351 -0.000346233761175
0.000031037715016 -0.000615492298538
0.000076875847831 -0.000961283274065
0.000160702396592 -0.001382896885465
0.000298087783184 -0.001879060972169
0.000506312165311 -0.002447628256179
0.000803668436908 -0.003085200945654
0.001208542102253 -0.003786652818358
0.001738207291197 -0.004544525634759
0.002407261374472 -0.005348270739264
0.003225599899717 -0.006183299294015
0.004195807616384 -0.007029795410216
0.005309808801675 -0.007861235039440
0.006546718689530 -0.008644967097725
0.007903409322242 -0.009380810460067
0.009401800215165 -0.010111571513559
0.011056053150002 -0.010857251878087
0.012870643538788 -0.011612672385346
0.014847197093970 -0.012371795010029
0.016991934027351 -0.013130360321259
0.019315655899449 -0.013886370365697
0.021829558599874 -0.014639700852437
0.024544961169771 -0.015392909876722
0.027473096635396 -0.016152120595633
0.030626992439627 -0.016921393270494
0.034022686349749 -0.017699181647592
0.037677452037534 -0.018484130669132
0.041609647118684 -0.019275812530989
0.045838639533871 -0.020075215140034
0.050384675401799 -0.020885402256323
0.055269064135223 -0.021711305179978
0.060516730121455 -0.022552987221455
0.066155623463839 -0.023407570963724
0.072215851355883 -0.024271925251313
0.078729726185554 -0.025142798541775
0.085731486512213 -0.026017645008205
0.093256958406569 -0.026895561857928
0.101343629912664 -0.027777309713541
0.110030741518644 -0.028664297922787
0.119360231493387 -0.029553065570273
0.129375707789351 -0.030438543509494
0.140121655160058 -0.031315588540458
0.151642741967319 -0.032179312963806
0.163983098975036 -0.033024512633350
0.177185768236013 -0.033842926573822
0.191291097016952 -0.034625234113424
0.206335077882916 -0.035362011262891
0.222347780040909 -0.036042926018711
0.239351546771642 -0.036656093946394
0.257358594227362 -0.037189720468211
0.276368906520472 -0.037626563411420
0.296368149689727 -0.037939325032310
0.317325416820471 -0.038098761641172
0.339191355300262 -0.038085695150339
0.361897090896081 -0.037888175696435
0.385354115585508 -0.037493784478213
0.409454870556140 -0.036889768500255
0.434074328628911 -0.036071172386440
0.459072694738587 -0.035043450743898
0.484299344904519 -0.033823132309036
0.509597378873549 -0.032438791773721
0.534807722763125 -0.030919223837905
0.559774012793892 -0.029290354732189
0.584347482480675 -0.027580248950938
0.608391177043813 -0.025818116219292
0.631783136065470 -0.024030792002540
0.654418853042685 -0.022241627073707
0.676213251172833 -0.020477582432048
0.697101392927537 -0.018771655913821
0.717036999291664 -0.017150114148945
0.735991167101483 -0.015629792116359
0.753950835419024 -0.014221173619890
0.770917077272120 -0.012936082010451
0.786902993281879 -0.011788755199161
0.801931192510150 -0.010785933191555
0.816030968875319 -0.009915227353559
0.829236291113921 -0.009144226759056
0.841585675031144 -0.008446330098329
0.853120769443449 -0.007802024553513
0.863885364351449 -0.007202654168705
0.873924123551778 -0.006646627860302
0.883281294676651 -0.006132140454906
0.892000085202463 -0.005657046292250
0.900122216074841 -0.005218995884612
0.907687581660724 -0.004815130298991
0.914734041060682 -0.004442128551549
0.921297345576263 -0.004097036233733
0.927411084271234 -0.003777275232194
0.933106678127773 -0.003480585958034
0.938413414234706 -0.003204979414969
0.943358508999962 -0.002948697442666
0.947967191542835 -0.002710179710887
0.952262800273655 -0.002488036265165
0.956266887221640 -0.002281024626754
0.959999325952240 -0.002088030625079
0.963478419955312 -0.001908052290111
0.966721009218855 -0.001740186256720
0.969742573362423 -0.001583616235977
0.972557330219500 -0.001437603192515
0.975178329155564 -0.001301476935492
0.977617538710830 -0.001174628885933
0.979885928382992 -0.001056505827861
0.981993544531466 -0.000946604486423
0.983949580503798 -0.000844466805098
0.985762441167433 -0.000749675817214
0.987439802084570 -0.000661852025689
0.988988663600950 -0.000580650219967
0.990415400136502 -0.000505756671311
0.991725804971010 -0.000436886657478
0.992925130814471 -0.000373782275907
0.994018126442232 -0.000316210511133
0.995009069661053 -0.000263961527576
0.995901796855529 -0.000216847163373
0.996699729345777 -0.000174699604687
0.997405896767789 -0.000137370223068
0.998022957667891 -0.000104728561124
0.998553217482805 -0.000076661454051
0.998998644056996 -0.000053072276544
0.999360880829633 -0.000033880306308
0.999641257804545 -0.000019020196944
0.999840800398096 -0.000008441554297
0.999960236241935 -0.000002108611617
1.000000000000000 0.000000000000000
