1.000000000000000 0.000000000000000
0.999960574803615 0.000004910385396
0.999842155766102 0.000019658324018
0.999644311592957 0.000044294258215
0.999366320286867 0.000078902575805
0.999007164358630 0.000123602087525
0.998565524063488 0.000178546698554
0.998039768603496 0.000243926277146
0.997427945218906 0.000319967724054
0.996727766073563 0.000406936247054
0.995936592820734 0.000505136845211
0.995051418716778 0.000614916007702
0.994068848130503 0.000736663631826
0.992985073276057 0.000870815164217
0.991795847976953 0.001017853968121
0.990496458248461 0.001178313917747
0.989081689465598 0.001352782217876
0.987545789864767 0.001541902443001
0.985882430109475 0.001746377784732
0.984084658635600 0.001966974488853
0.982144852480584 0.002204525453568
0.980054663295773 0.002459933947549
0.977804958243996 0.002734177389606
0.975385755498749 0.003028311110118
0.972786154090905 0.003343471986577
0.969994257898834 0.003680881810201
0.966997093654798 0.004041850195769
0.963780522952586 0.004427776790411
0.960329148398885 0.004840152466433
0.956626214266475 0.005280559095326
0.952653502296461 0.005750667391380
0.948391223678103 0.006252232179819
0.943817908730561 0.006787084281827
0.938910296446941 0.007357118012855
0.933643226866815 0.007964273057080
0.927989540251144 0.008610509206689
0.921919988277181 0.009297772138615
0.915403163982994 0.010027948045881
0.908405458998980 0.010802804553865
0.900891058722349 0.011623914950866
0.892821988560181 0.012492562770611
0.884158249782600 0.013409813591575
0.874858070835261 0.014376810721022
0.864878192062753 0.015394425145868
0.854174308899315 0.016463101587964
0.842701682565307 0.017582757412525
0.830415937595852 0.018752673940406
0.817274071446914 0.019971383771728
0.803235696828936 0.021236559457494
0.788264526160609 0.022544883060201
0.772330007215458 0.023890949909703
0.755409205178421 0.025266469758078
0.737488992296840 0.026660942700203
0.718568259460259 0.028061604618885
0.698660105743920 0.029453404377918
0.677793898622232 0.030819345407041
0.656017169833464 0.032142219862426
0.633396692989409 0.033404492670129
0.610018832880673 0.034588337680001
0.585989073954211 0.035676347667172
0.561430579232454 0.036653338741764
0.536481687878541 0.037507520677345
0.511292385023947 0.038229957410018
0.486020017627996 0.038814862565549
0.460824392923776 0.039258054080687
0.435862780658627 0.039556696628028
0.411285244866082 0.039711481741847
0.387230380918468 0.039726451884945
0.363822199028422 0.039603750840913
0.341167569732567 0.039343227711423
0.319354169273457 0.038948674641349
0.298449935644604 0.038427666672006
0.278503494430433 0.037791099959557
0.259545370339540 0.037053103854948
0.241589586497004 0.036229086470038
0.224635687768904 0.035334677317782
0.208670966618167 0.034385143915952
0.193672736144199 0.033394849401168
0.179611857271861 0.032372431569074
0.166454728856304 0.031320543631726
0.154162633852707 0.030243596019079
0.142693136616383 0.029147783069886
0.131999090839220 0.028044154496161
0.122031513933651 0.026945513722525
0.112743116483150 0.025862079552268
0.104088683659651 0.024801762364897
0.096025489761199 0.023770414525198
0.088520067714148 0.022768383225668
0.081546293573869 0.021791914984190
0.075075815674112 0.020838837184054
0.069074708258583 0.019907576701525
0.063490695185395 0.018994260572818
0.058274934984889 0.018096078221581
0.053388159149680 0.017212027515802
0.048798625795852 0.016342328043073
0.044493010344278 0.015490833135484
0.040483320105526 0.014666575723305
0.036774693361460 0.013876438823578
0.033363917864312 0.013124835804083
0.030241989985639 0.012414321994984
0.027396045025565 0.011746070139276
0.024810801091790 0.011120238669677
0.022455698746829 0.010529844540093
0.020256575873437 0.009947584473676
0.018152202925557 0.009351763940463
0.016103325260836 0.008730403202372
0.014087077480325 0.008078637124700
0.012092744653555 0.007396731252656
0.010144146882191 0.006693246652542
0.008316703500876 0.005987457142791
0.006664163270677 0.005295447588274
0.005214973452820 0.004629059814428
0.003979017502064 0.003996834356644
0.002952880281511 0.003404762113446
0.002123951753058 0.002856883863677
0.001473615592364 0.002355767988469
0.000979717992419 0.001902890649389
0.000618471278489 0.001498937801868
0.000365914655348 0.001144044518437
0.000199028695585 0.000837983960309
0.000096579664721 0.000580315809439
0.000039753357453 0.000370501928965
0.000012624904349 0.000207995355481
0.000002500288718 0.000092307359115
0.000000156512976 0.000023056169338
0.000000000000000 0.000000000000000
0.000000156498340 -0.000023056169383
0.000002500230424 -0.000092307359325
0.000012624774123 -0.000207995356066
0.000039753128286 -0.000370501930287
0.000096579311407 -0.000580315812075
0.000199028195300 -0.000837983965122
0.000365913988266 -0.001144044526651
0.000618470428461 -0.001498937815145
0.000979716947723 -0.001902890669925
0.001473614346539 -0.002355768019090
0.002123950305840 -0.002856883907955
0.002952878639889 -0.003404762175826
0.003979015681476 -0.003996834442588
0.005214971478512 -0.004629059930585
0.006664161179253 -0.005295447742668
0.008316701342066 -0.005987457345045
0.010144144720880 -0.006693246914127
0.012092742572095 -0.007396731587187
0.014087075537083 -0.008078637540210
0.016103323440420 -0.008730403691953
0.018152201205163 -0.009351764494099
0.020256574223493 -0.009947585078061
0.022455697129927 -0.010529845178092
0.024810799461460 -0.011120239319697
0.027396043356450 -0.011746070789102
0.030241988282248 -0.012414322645816
0.033363916132535 -0.013124836457398
0.036774691608800 -0.013876439481172
0.040483318341358 -0.014666576387350
0.044493008580159 -0.015490833808592
0.048798624045865 -0.016342328728371
0.053388157423985 -0.017212028215459
0.058274933280792 -0.018096078934721
0.063490693498959 -0.018994261298126
0.069074706584858 -0.019907577437264
0.075075814007018 -0.020838837927993
0.081546291912198 -0.021791915734616
0.088520066061080 -0.022768383981269
0.096025488120509 -0.023770415284352
0.104088682035104 -0.024801763126010
0.112743114875925 -0.025862080315234
0.122031512344601 -0.026945514487420
0.131999089269202 -0.028044155263050
0.142693135066251 -0.029147783838818
0.154162632323386 -0.030243596789948
0.166454727349400 -0.031320544403329
0.179611855789238 -0.032372432339748
0.193672734687852 -0.033394850168972
0.208670965190123 -0.034385144678963
0.224635686370957 -0.035334678074902
0.241589585130958 -0.036229087220133
0.259545369007214 -0.037053104596763
0.278503493133638 -0.037791100691725
0.298449934385119 -0.038427667393056
0.319354168052987 -0.038948675349661
0.341167568552720 -0.039343228405255
0.363822197890676 -0.039603751518487
0.387230379824137 -0.039726452544490
0.411285243816277 -0.039711482381736
0.435862779654193 -0.039556697247148
0.460824391965290 -0.039258054678073
0.486020016715757 -0.038814863140360
0.511292384157963 -0.038229957961583
0.536481687058532 -0.037507521205261
0.561430578457854 -0.036653339245791
0.585989073224180 -0.035676348147224
0.610018832194122 -0.034588338136134
0.633396692345031 -0.033404493102501
0.656017169229771 -0.032142220271345
0.677793898057595 -0.030819345792957
0.698660105216600 -0.029453404741407
0.718568258968441 -0.028061604960594
0.737488991838671 -0.026660943020858
0.755409204752040 -0.025266470058486
0.772330006819023 -0.023890950190730
0.788264525792312 -0.022544883322750
0.803235696487025 -0.021236559702498
0.817274071129701 -0.019971384000155
0.830415937301721 -0.018752674153203
0.842701682292720 -0.017582757610611
0.854174308646814 -0.016463101772223
0.864878191828964 -0.015394425317146
0.874858070618893 -0.014376810880127
0.884158249582445 -0.013409813739272
0.892821988375109 -0.012492562907625
0.900891058551306 -0.011623915077876
0.908405458840986 -0.010802804671504
0.915403163837138 -0.010027948154748
0.921919988142618 -0.009297772239275
0.927989540127088 -0.008610509299673
0.933643226752539 -0.007964273142888
0.938910296341769 -0.007357118091955
0.943817908633866 -0.006787084354659
0.948391223589303 -0.006252232246795
0.952653502215014 -0.005750667452885
0.956626214191878 -0.005280559151720
0.960329148330671 -0.004840152518054
0.963780522890319 -0.004427776837575
0.966997093598070 -0.004041850238774
0.969994257847265 -0.003680881849325
0.972786154044142 -0.003343472022081
0.975385755456458 -0.003028311142246
0.977804958205866 -0.002734177418590
0.980054663261512 -0.002459933973607
0.982144852449916 -0.002204525476904
0.984084658608267 -0.001966974509661
0.985882430085232 -0.001746377803196
0.987545789843381 -0.001541902459295
0.989081689446852 -0.001352782232164
0.990496458232144 -0.001178313930186
0.991795847962868 -0.001017853978862
0.992985073264014 -0.000870815173403
0.994068848120321 -0.000736663639594
0.995051418708284 -0.000614916014184
0.995936592813759 -0.000505136850535
0.996727766067946 -0.000406936251342
0.997427945214491 -0.000319967727424
0.998039768600131 -0.000243926279715
0.998565524061026 -0.000178546700434
0.999007164356926 -0.000123602088826
0.999366320285780 -0.000078902576636
0.999644311592346 -0.000044294258681
0.999842155765831 -0.000019658324225
0.999960574803547 -0.000004910385447
1.000000000000000 0.000000000000000
