1.000000000000000 0.000000000000000
0.999960981936671 0.000013792937658
0.999843780590462 0.000055203093650
0.999647953478802 0.000124324554595
0.999372759741829 0.000221314322666
0.999017155026660 0.000346392599775
0.998579784260479 0.000499843180374
0.998058972247075 0.000682013947952
0.997452712002235 0.000893317469005
0.996758650723745 0.001134231677221
0.995974073271646 0.001405300639825
0.995095883014002 0.001707135397698
0.994120579872660 0.002040414871224
0.993044235382675 0.002405886825177
0.991862464558436 0.002804368888752
0.990570394339575 0.003236749631774
0.989162628371114 0.003703989705910
0.987633207855970 0.004207123071686
0.985975568205198 0.004747258349739
0.984182491203920 0.005325580360094
0.982246052411207 0.005943351949310
0.980157563523315 0.006601916255619
0.977907509455735 0.007302699631790
0.975485479945913 0.008047215540816
0.972880095552094 0.008837069869144
0.970078928033526 0.009673968277166
0.967068415254584 0.010559726441452
0.963833770974662 0.011496284356062
0.960358890185089 0.012485726274978
0.956626251056414 0.013530308423801
0.952616815091904 0.014632497323686
0.948309927779855 0.015795022499744
0.943683222938416 0.017020948545079
0.938712535099373 0.018313773045663
0.933371825734894 0.019677558814702
0.927633130952013 0.021117111319011
0.921466540523016 0.022638215185740
0.914840220840562 0.024247947326015
0.907720497623612 0.025955088543956
0.900072017961765 0.027770660496189
0.891857535033532 0.029706920751069
0.883036307424904 0.031771187774762
0.873565143187967 0.033968678588205
0.863399106221230 0.036303725323312
0.852491916654374 0.038779389399989
0.840796502488012 0.041396991061102
0.828265729016037 0.044155547385159
0.814853331722662 0.047051116292585
0.800515074892687 0.050076051176822
0.785210540219332 0.053219782685565
0.768906481507374 0.056474995024315
0.751578151276446 0.059834505173862
0.733211166990723 0.063289630706408
0.713803906271658 0.066830357717239
0.693369871628343 0.070445476934205
0.671938265484699 0.074113353163923
0.649554141914348 0.077792432003780
0.626281572687787 0.081432789857499
0.602204427348564 0.084978398911438
0.577426788478552 0.088373219098062
0.552075043128639 0.091584451383617
0.526293316240926 0.094591239015663
0.500238630219985 0.097378037065614
0.474075609097249 0.099923817893333
0.447968912541195 0.102166354478150
0.422080466120648 0.104039712377466
0.396565405526448 0.105490194268918
0.371570165027605 0.106484485238669
0.347232550620305 0.107019337029400
0.323672206985259 0.107106569866268
0.300987468693687 0.106768820321912
0.279255578061132 0.106031977344176
0.258535901497034 0.104905429507804
0.238867138948134 0.103406055443465
0.220266636348508 0.101587569926304
0.202733704415822 0.099523585543927
0.186255466452848 0.097272203172356
0.170817661359944 0.094838222796136
0.156397114933619 0.092218925824433
0.142959602116769 0.089425539127948
0.130463282697432 0.086492658178325
0.118861151767564 0.083467158297812
0.108102828999425 0.080390030200325
0.098136381937992 0.077296021843875
0.088914452844546 0.074204777607509
0.080398748617890 0.071114604166411
0.072548654398675 0.068027148441028
0.065320473678089 0.064949344370393
0.058668940064623 0.061891536537186
0.052550121782713 0.058864850492165
0.046922810039966 0.055880147659947
0.041758739458780 0.052945702312566
0.037036352761315 0.050068062723904
0.032730484722796 0.047253785787533
0.028813809075387 0.044509112041630
0.025258175355416 0.041839721476099
0.022036766576016 0.039246334410251
0.019128524415795 0.036711355991686
0.016512664411416 0.034219732561273
0.014167480358020 0.031764142534789
0.012071184254553 0.029342769434024
0.010205992191481 0.026965233831129
0.008560017401067 0.024654602523674
0.007119553854661 0.022429151680759
0.005869194965848 0.020301631516376
0.004792709892957 0.018280530491933
0.003873678600384 0.016371074858208
0.003095943543515 0.014576017940365
0.002443922782668 0.012896262479745
0.001902819133224 0.011331350501881
0.001458752012537 0.009879848134084
0.001098832464659 0.008539647186459
0.000811197048309 0.007308200846323
0.000585012559255 0.006182707284541
0.000410460687966 0.005160252146663
0.000278709500410 0.004237918653252
0.000181876928367 0.003412872243620
0.000112990151403 0.002682425271129
0.000065943756729 0.002044086120846
0.000035458805851 0.001495596211914
0.000017044364177 0.001034957619711
0.000006962619050 0.000660453468522
0.000002198390077 0.000370662773474
0.000000433597169 0.000164471026192
0.000000027075852 0.000041077501892
0.000000000000000 0.000000000000000
0.000000026301005 -0.000040472568361
0.000000421968146 -0.000162025367041
0.000002145905021 -0.000365062464287
0.000006825253979 -0.000650253168902
0.000016799790193 -0.001018525480455
0.000035185988283 -0.001471056217243
0.000065962761547 -0.002009257077841
0.000114081571122 -0.002634755617227
0.000185583946800 -0.003349369467321
0.000287379577289 -0.004155066476134
0.000427153717839 -0.005053915916035
0.000613578763487 -0.006048030623561
0.000856361771636 -0.007139488944610
0.001166280241929 -0.008330234286722
0.001555207887961 -0.009621946508981
0.002036124374105 -0.011015877787930
0.002623101035529 -0.012512643730094
0.003331252060118 -0.014111958162036
0.004176637321255 -0.015812297096425
0.005176098798086 -0.017610473695875
0.006347007034708 -0.019501101445597
0.007706887027796 -0.021475916964747
0.009272883858051 -0.023522926639673
0.011061016743939 -0.025625332184696
0.013085166121193 -0.027760204361709
0.015359207305034 -0.029905078288520
0.017902604926316 -0.032053380322920
0.020734919190896 -0.034204626119593
0.023873746173055 -0.036363891594250
0.027333871056953 -0.038543046110752
0.031135481674739 -0.040744439999023
0.035305044922950 -0.042958371338465
0.039868781147321 -0.045174372750380
0.044851388972922 -0.047381991080810
0.050274521040668 -0.049571454793465
0.056158853980324 -0.051733185282197
0.062537499196928 -0.053853467575514
0.069448157131174 -0.055917817559364
0.076929107986291 -0.057913286311389
0.085018686148038 -0.059831070954418
0.093754762393112 -0.061670616864193
0.103172665681012 -0.063441589765926
0.113309756917607 -0.065149357954380
0.124211950177349 -0.066775165606759
0.135925466373458 -0.068296718421941
0.148494583008693 -0.069691619197695
0.161960514892981 -0.070937396634645
0.176362763837353 -0.072005712879247
0.191736124364328 -0.072865744927028
0.208107477627367 -0.073488306296535
0.225495707775913 -0.073859264244941
0.243910358535883 -0.073988351942394
0.263347472258408 -0.073901204863981
0.283790164987961 -0.073607528870545
0.305206397938423 -0.073104498487181
0.327545524122471 -0.072390121945128
0.350736991305954 -0.071455038132009
0.374690112050026 -0.070293101194157
0.399294660043304 -0.068903762188005
0.424422676290521 -0.067292174474520
0.449931843283276 -0.065467689473995
0.475668604567047 -0.063445048836757
0.501472339981066 -0.061244493497366
0.527180707928293 -0.058893612871427
0.552635756860857 -0.056432526074340
0.577687427612390 -0.053904515532490
0.602197407080740 -0.051351903346192
0.626042247886034 -0.048810203067313
0.649115306219378 -0.046299488589953
0.671329089100105 -0.043835597141885
0.692615922350772 -0.041432419494466
0.712927481470352 -0.039101447908718
0.732233191120068 -0.036849113838064
0.750518834698193 -0.034678687035519
0.767784890267620 -0.032592692864348
0.784044280605161 -0.030592919542406
0.799320094734188 -0.028680406579500
0.813643592169883 -0.026856678047749
0.827052736713780 -0.025127301805428
0.839589563716642 -0.023496328926357
0.851298447893703 -0.021965014216630
0.862224916886759 -0.020532473725340
0.872414688400329 -0.019196242903394
0.881912910610204 -0.017952737673678
0.890763581500988 -0.016797626180009
0.899009121456864 -0.015726121736286
0.906689919788048 -0.014732220929113
0.913843525957518 -0.013804939218716
0.920505402039410 -0.012933961387471
0.926709159767202 -0.012111533829965
0.932486459188455 -0.011331838847984
0.937866970101700 -0.010590508670330
0.942878380924679 -0.009884253301538
0.947546442088996 -0.009210577712442
0.951895033690602 -0.008567568559361
0.955946249343552 -0.007953734597083
0.959720490017456 -0.007367888261044
0.963236563130210 -0.006809058600103
0.966511783364308 -0.006276427922339
0.969562072623555 -0.005769286254152
0.972402057290139 -0.005286999084403
0.975045161517517 -0.004828984938949
0.977503695735022 -0.004394700165414
0.979788939872798 -0.003983628952711
0.981911221063282 -0.003595277105002
0.983879985756470 -0.003229168468146
0.985703866315478 -0.002884843194375
0.987390742248483 -0.002561857248494
0.988947796292268 -0.002259782722724
0.990381565598953 -0.001978208649821
0.991697988296648 -0.001716742095335
0.992902445701454 -0.001475009377236
0.993999800455650 -0.001252657310512
0.994994430857981 -0.001049354410237
0.995890261638453 -0.000864792012249
0.996690791413584 -0.000698685288796
0.997399117039729 -0.000550774148976
0.998017955062705 -0.000420824022235
0.998549660441978 -0.000308626528533
0.998996242707732 -0.000214000041929
0.999359379689204 -0.000136790155920
0.999640428933137 -0.000076870059264
0.999840436912026 -0.000034140830656
0.999960146103030 -0.000008531659663
1.000000000000000 0.000000000000000
