1.000000000000000 0.000000000000000
0.999960492027378 0.000007832635508
0.999841824887099 0.000031360969521
0.999643567967498 0.000070676493562
0.999365000426054 0.000125932392010
0.999005106425551 0.000197344595614
0.998562568406118 0.000285193267905
0.998035758334049 0.000389824735926
0.997422726850816 0.000511653879867
0.996721190227699 0.000651166999210
0.995928515012937 0.000808925175901
0.995041700239277 0.000985568157623
0.994057357040135 0.001181818786516
0.992971685502514 0.001398488000365
0.991780448564240 0.001636480434162
0.990478942742418 0.001896800649843
0.989061965459418 0.002180560020344
0.987523778712684 0.002488984290530
0.985858068815985 0.002823421831245
0.984057901923104 0.003185352592901
0.982115675031866 0.003576397750377
0.980023062158218 0.003998330010204
0.977770955369204 0.004453084521981
0.975349400372731 0.004942770296300
0.972747526384742 0.005469681978026
0.969953470035402 0.006036311752522
0.966954293141031 0.006645361068349
0.963735894265224 0.007299751736795
0.960282914130048 0.008002635808492
0.956578635127944 0.008757403420803
0.952604875440714 0.009567687544926
0.948341878610819 0.010437364225007
0.943768199851933 0.011370546476674
0.938860590953798 0.012371569481039
0.933593886357419 0.013444964052227
0.927940893879979 0.014595414551589
0.921872294685544 0.015827696451136
0.915356558458271 0.017146587599390
0.908359881366035 0.018556745913116
0.900846156321651 0.020062544727068
0.892777052118231 0.021668195348391
0.884112598489821 0.023380151299211
0.874811327326515 0.025206715234050
0.864830456646957 0.027157281756873
0.854126400359068 0.029242569022912
0.842655262897405 0.031473838464009
0.830370796259414 0.033846747773055
0.817224682198302 0.036337071520203
0.803168883926462 0.038906733620788
0.788157638373843 0.041505914768026
0.772157026672537 0.044112859367460
0.755145594326040 0.046726427141094
0.737113386362879 0.049350433053130
0.718061879985376 0.051990422325872
0.698006643734195 0.054655417566559
0.676978634652736 0.057342145110497
0.655020161019206 0.059985129468594
0.632191075332376 0.062499671223165
0.608577768567177 0.064851690055498
0.584290374069430 0.067039531149800
0.559454314350332 0.069035395893534
0.534208165752557 0.070790105811126
0.508704024139758 0.072263590447911
0.483103055973520 0.073426197673566
0.457569556178636 0.074248096986570
0.432265869641531 0.074701949464872
0.407349249047542 0.074761006996172
0.382966277801522 0.074408183309177
0.359246683866807 0.073687234932220
0.336300918370568 0.072677317431429
0.314218638916854 0.071433736419781
0.293068426807708 0.069991271955651
0.272900023703499 0.068380908989651
0.253746309806853 0.066627133603650
0.235622281683170 0.064756028220834
0.218523955483077 0.062805776808401
0.202433352584762 0.060816875316893
0.187324458359770 0.058818784398402
0.173174045676251 0.056795947888462
0.159955698744753 0.054719288149692
0.147634369698196 0.052574783930146
0.136164469617972 0.050378243273685
0.125480454962151 0.048220321249241
0.115518367933525 0.046181473495899
0.106221319306268 0.044312891481699
0.097538444761277 0.042643794476732
0.089432937695565 0.041153736676146
0.081904724466958 0.039689091046768
0.074949918224445 0.038117073420265
0.068550617160210 0.036364809489566
0.062656105853767 0.034487743198892
0.057202694573055 0.032597279211940
0.052138133248307 0.030771666289862
0.047419780658369 0.029062315480732
0.043016418777865 0.027489300030189
0.038914633668896 0.026022913248751
0.035102425356498 0.024632967671201
0.031565940964278 0.023298741062995
0.028290308451790 0.022006550516873
0.025260248501849 0.020747894415012
0.022460517831193 0.019518035048939
0.019877214493630 0.018314222628687
0.017499041904831 0.017134143637215
0.015314515751173 0.015977388935522
0.013311864179580 0.014845135309621
0.011479365458723 0.013739608616929
0.009805882570534 0.012663731707449
0.008285842855062 0.011621574921642
0.006916209212997 0.010617662702891
0.005691162542146 0.009655909794593
0.004603460841106 0.008723302101209
0.003645508485615 0.007781435634302
0.002811493310937 0.006816653589170
0.002105158882244 0.005859599280551
0.001525578939106 0.004941182974568
0.001065148013419 0.004082391059539
0.000711920270358 0.003296752693875
0.000451426833146 0.002592298875228
0.000268082071279 0.001973114174369
0.000146266465672 0.001440561512832
0.000071155194123 0.000994243857624
0.000029346763863 0.000632753362957
0.000009334066933 0.000354247634967
0.000001850515102 0.000156883886815
0.000000115910111 0.000039134345281
0.000000000000000 0.000000000000000
0.000000113080229 -0.000038569840579
0.000001819696106 -0.000154206335036
0.000009300242309 -0.000346644092108
0.000029786186663 -0.000615284140471
0.000073967789148 -0.000958950835858
0.000156578708021 -0.001375537552568
0.000295762470320 -0.001861908888529
0.000510498826985 -0.002414240497503
0.000820652250062 -0.003027539016054
0.001246133695462 -0.003695269101235
0.001805566837267 -0.004408949360834
0.002514554672720 -0.005157650610451
0.003383437973281 -0.005927374866418
0.004414408411204 -0.006700288208842
0.005597803259148 -0.007453774133703
0.006907486095717 -0.008159351755297
0.008321414507908 -0.008799856811220
0.009866645967037 -0.009404252948856
0.011571521021380 -0.010002169578092
0.013440906010570 -0.010593236677693
0.015473704437933 -0.011175621359802
0.017672235811149 -0.011747098824819
0.020046806806265 -0.012304112152351
0.022608827797127 -0.012844121905230
0.025370317675069 -0.013366332546785
0.028343822374550 -0.013872467944324
0.031542939129437 -0.014365759672434
0.034982906653359 -0.014849862560115
0.038679895263568 -0.015332002831569
0.042650836758842 -0.015824645207094
0.046913267264365 -0.016347378323572
0.051485090706765 -0.016929371957213
0.056385014861790 -0.017605758710250
0.061638553103284 -0.018364998190446
0.067277443199986 -0.019153545978133
0.073338006538649 -0.019889315948942
0.079861934784281 -0.020453589409229
0.086889601765837 -0.020772559450951
0.094451743639509 -0.020918237916170
0.102576054706397 -0.021029993762777
0.111290071901318 -0.021274699005182
0.120633226006230 -0.021680286048695
0.130650324745646 -0.022218534121536
0.141388539259496 -0.022838452537497
0.152897259825330 -0.023458438141206
0.165225968541669 -0.023987728824420
0.178417634742284 -0.024417451260751
0.192510492773833 -0.024771094913083
0.207537505790985 -0.025088821903515
0.223526628431069 -0.025397102122949
0.240500788396801 -0.025679366085926
0.258473587766053 -0.025909568853611
0.277446014413133 -0.026065168739048
0.297403536701707 -0.026135272023266
0.318315078597922 -0.026110373332081
0.340132065227806 -0.025978736128830
0.362787034137184 -0.025726961830052
0.386192008684620 -0.025319849431727
0.410238878081254 -0.024698820760763
0.434802475514892 -0.023837775093918
0.459743566803825 -0.022761135279377
0.484912532083517 -0.021504657854992
0.510153923378399 -0.020110786319784
0.535309874711524 -0.018617008023653
0.560224848811588 -0.017052115623687
0.584750779113056 -0.015446156682614
0.608751271583837 -0.013829691810204
0.632105080922178 -0.012233839518123
0.654708536461991 -0.010688940812867
0.676476407057171 -0.009219155683775
0.697342287490236 -0.007841547955047
0.717258689897312 -0.006568502558935
0.736196323267442 -0.005409775631110
0.754141909974822 -0.004371159099075
0.771096105926648 -0.003473084424372
0.787071390953314 -0.002749404397428
0.802089873633895 -0.002218808110521
0.816180443405088 -0.001858158599623
0.829376914526795 -0.001606473196538
0.841717728518202 -0.001415548942516
0.853244498152195 -0.001251589831815
0.864001064068435 -0.001103279426695
0.874032121025428 -0.000971868299507
0.883381931751364 -0.000857913838517
0.892093711158323 -0.000761199430390
0.900209181344568 -0.000680952911150
0.907768234012669 -0.000615014782120
0.914808729282517 -0.000560158085141
0.921366414983407 -0.000513795506227
0.927474872149362 -0.000473941509632
0.933165510566976 -0.000439080464908
0.938467604040564 -0.000408061955852
0.943408354428039 -0.000380018134788
0.948012975654585 -0.000354298803450
0.952304790754174 -0.000330420645859
0.956305336534380 -0.000308027691104
0.960034471733774 -0.000286860641209
0.963510485575597 -0.000266733165960
0.966750204450174 -0.000247513651322
0.969769095114160 -0.000229111201758
0.972581363306857 -0.000211464949783
0.975200047078787 -0.000194535928865
0.977637104428108 -0.000178300927101
0.979903495065207 -0.000162747866802
0.982009256290831 -0.000147872355872
0.983963573091293 -0.000133675135904
0.985774842636152 -0.000120160213882
0.987450733417684 -0.000107333512724
0.988998239304162 -0.000095201913594
0.990423728795745 -0.000083772592192
0.991732989776699 -0.000073052573988
0.992931270054048 -0.000063048450935
0.994023313962998 -0.000053766215837
0.995013395305436 -0.000045211181030
0.995905346871024 -0.000037387956103
0.996702586771825 -0.000030300465627
0.997408141801834 -0.000023951992570
0.998024668012856 -0.000018345236733
0.998554468678129 -0.000013482380296
0.998999509795371 -0.000009365154651
0.999361433261472 -0.000005994904262
0.999641567832187 -0.000003372644516
0.999840937961696 -0.000001499111354
0.999960270598925 -0.000000374801177
1.000000000000000 0.000000000000000
