1.000000000000000 0.000000000000000
0.999960162918303 0.000004185993461
0.999840507212721 0.000016762253057
0.999640598550944 0.000037783766258
0.999359709868091 0.000067342679975
0.998996816571054 0.000105569058282
0.998550589766231 0.000152631955340
0.998019387451833 0.000208740815795
0.997401243598606 0.000274147218647
0.996693855024998 0.000349146984462
0.995894565954557 0.000434082669902
0.995000350124651 0.000529346477781
0.994007790296429 0.000635383615432
0.992913054996442 0.000752696138870
0.991711872300628 0.000881847325231
0.990399500451681 0.001023466621141
0.988970695081648 0.001178255219919
0.987419672793317 0.001346992325889
0.985740070837535 0.001530542169181
0.983924902609896 0.001729861839241
0.981966508680828 0.001946010009284
0.979856503069696 0.002180156626784
0.977585714478678 0.002433593646039
0.975144122218922 0.002707746876997
0.972520786593969 0.003004189018673
0.969703773558750 0.003324653933910
0.966680073553188 0.003671052202899
0.963435514525774 0.004045487962803
0.959954669324643 0.004450276996416
0.956220757854169 0.004887965969301
0.952215544689384 0.005361352626214
0.947919233226827 0.005873506636280
0.943310357950770 0.006427790613015
0.938365677033235 0.007027880618379
0.933060068293491 0.007677785176170
0.927366432548881 0.008381861453497
0.921255609626065 0.009144826802679
0.914696313800637 0.009971763271760
0.907655097218038 0.010868111973632
0.900096351931578 0.011839653339192
0.891982344422051 0.012892366867183
0.883273266002124 0.014031993590960
0.873927458719638 0.015264042146483
0.863901724878398 0.016593631432833
0.853151748648287 0.018025186633409
0.841632693651534 0.019562246708810
0.829300183330246 0.021208786229419
0.816111254139086 0.022968662392653
0.802025475533719 0.024844540122432
0.787006329091164 0.026836892894012
0.771022504244407 0.028940314710502
0.754049892313812 0.031143776015860
0.736073856344441 0.033431556821800
0.717092357716080 0.035789315969432
0.697117888573993 0.038202079987215
0.676179002584012 0.040650179500500
0.654321788852776 0.043106796596730
0.631611264251917 0.045540106420202
0.608132116843043 0.047913117775384
0.583988264816763 0.050185720198351
0.559302062729760 0.052322185919953
0.534211672366944 0.054290317665466
0.508866915687826 0.056044824816463
0.483425181398399 0.057534411446895
0.458047899028981 0.058732562530922
0.432895277327407 0.059627630080246
0.408122027366408 0.060156986084952
0.383872149051359 0.060246147983145
0.360274379428454 0.059952019504827
0.337439278897059 0.059401303388277
0.315456929334999 0.058651896681676
0.294396578359857 0.057709265328755
0.274307711923055 0.056590730758184
0.255221335773730 0.055330454662048
0.237151512681251 0.053961744072464
0.220097580316490 0.052511480975074
0.204046368014077 0.051002287772120
0.188974510530770 0.049454283042811
0.174851366912934 0.047880254427315
0.161640444947662 0.046289693211366
0.149300665015553 0.044692433634349
0.137788236614483 0.043097691381768
0.127058643323205 0.041512497540578
0.117066703267377 0.039943418048853
0.107767231758881 0.038396800903267
0.099115819507133 0.036878499809310
0.091069606453112 0.035392866601141
0.083588190066322 0.033940536435748
0.076633030426898 0.032522110005290
0.070167537362499 0.031138642355262
0.064158400426634 0.029788190832853
0.058574833907273 0.028467821062594
0.053387479258465 0.027176438961038
0.048568555464538 0.025914218346623
0.044092184346129 0.024681911741329
0.039934765266292 0.023480198241419
0.036074204281100 0.022310127717424
0.032489796243828 0.021173024775628
0.029162239087457 0.020070311040909
0.026073615046497 0.019003386242084
0.023207394399454 0.017973457942877
0.020551648891866 0.016974688921966
0.018099513919333 0.015993075054588
0.015842707690234 0.015019782594665
0.013771618041847 0.014050819203040
0.011875894275399 0.013085661249331
0.010145945721817 0.012127102805679
0.008577300022241 0.011183865440724
0.007164843218095 0.010264966782532
0.005900933677587 0.009374183719988
0.004774701816522 0.008481463208220
0.003775271017451 0.007555835880982
0.002905517536250 0.006611965043007
0.002171823678259 0.005684329340450
0.001571637790932 0.004798012633795
0.001095991850013 0.003970260700558
0.000731799990754 0.003212407741612
0.000463642280981 0.002531407738201
0.000275143308349 0.001931048792838
0.000150032260083 0.001412912733976
0.000072952879929 0.000977129497518
0.000030077016711 0.000622965472076
0.000009563650253 0.000349276590421
0.000001895664716 0.000154850047339
0.000000118727006 0.000038652782153
0.000000000000000 0.000000000000000
0.000000117727135 -0.000038425840931
0.000001894361408 -0.000153734347555
0.000009680562480 -0.000345983296107
0.000030998203210 -0.000615149980818
0.000076641491141 -0.000960986997648
0.000159836774710 -0.001382936285340
0.000295938651545 -0.001879901744885
0.000501992823536 -0.002449952013404
0.000796051455671 -0.003089949335331
0.001196269487891 -0.003795076790607
0.001719722027356 -0.004558240873817
0.002380866598198 -0.005369320427600
0.003189553637815 -0.006214225548895
0.004148463114166 -0.007073720941350
0.005249813131190 -0.007921956824872
0.006473417333589 -0.008726935012068
0.007818247956550 -0.009485615398568
0.009309317042927 -0.010232874884307
0.010962236462381 -0.010984178239732
0.012780871726297 -0.011733221154312
0.014765510382152 -0.012473339159184
0.016921565289847 -0.013200567221560
0.019259368362932 -0.013914413802454
0.021789235373768 -0.014617781639081
0.024521041582067 -0.015318311446452
0.027463899034112 -0.016029696438388
0.030629459942640 -0.016760957923339
0.034033635860382 -0.017510993963337
0.037693817671911 -0.018278084117655
0.041628768449240 -0.019060510761574
0.045858664332438 -0.019856679846636
0.050405112819956 -0.020665297879821
0.055291254940811 -0.021485503440077
0.060542471685031 -0.022316423957567
0.066186197478133 -0.023157728721122
0.072251670105312 -0.024010334950147
0.078769878517531 -0.024876956599049
0.085774140192347 -0.025759373361224
0.093300555168455 -0.026656114504241
0.101387265442412 -0.027565829435191
0.110074325492968 -0.028487209502416
0.119403842822007 -0.029416972623228
0.129419387840199 -0.030351229797068
0.140165385320671 -0.031286215107786
0.151686413919636 -0.032218641869364
0.164026523331055 -0.033144994650907
0.177228828222471 -0.034058273701322
0.191333835124899 -0.034950205719566
0.206377767569376 -0.035812215917681
0.222390942288880 -0.036634295787079
0.239395920171580 -0.037403961442195
0.257405176784352 -0.038107998662027
0.276418930989483 -0.038728078828452
0.296423002121897 -0.039236805704533
0.317386672583051 -0.039605534872544
0.339261176760261 -0.039823579641882
0.361978436557842 -0.039891232683069
0.385449211701140 -0.039755699570216
0.409563335692528 -0.039300324096456
0.434193934252675 -0.038480495531918
0.459200973884177 -0.037374522805758
0.484433424863427 -0.036044896991132
0.509733603973461 -0.034506078423968
0.534942383377216 -0.032785858115306
0.559904336301998 -0.030932392864316
0.584471371583757 -0.028987766051749
0.608506805701770 -0.026983087296400
0.631889088443475 -0.024948909114673
0.654514294946365 -0.022914989441894
0.676297517000684 -0.020908913914313
0.697173429563539 -0.018956179539184
0.717095458374979 -0.017077298985123
0.736034538029475 -0.015286833124195
0.753977554219336 -0.013594621872429
0.770925561182817 -0.012008045188696
0.786891714466911 -0.010533218394949
0.801898773067047 -0.009172580935424
0.815976996477809 -0.007926299631718
0.829162250046163 -0.006793921276235
0.841494402556359 -0.005772487918159
0.853015896488254 -0.004856939318501
0.863770555271454 -0.004040045619194
0.873802601418609 -0.003312848719672
0.883155848270731 -0.002666612691436
0.891873100537238 -0.002093111986921
0.899995711993589 -0.001584704746264
0.907563232028004 -0.001135443294955
0.914613121378554 -0.000743137266268
0.921180784665809 -0.000405234050808
0.927299536359861 -0.000118239323661
0.933000581018042 0.000121880413906
0.938313036084601 0.000319405937136
0.943263985828472 0.000478658662694
0.947878557211812 0.000603858834796
0.952180010386052 0.000699032320925
0.956189838113951 0.000767953330694
0.959927869739996 0.000814113249685
0.963412376409365 0.000840708090933
0.966660175101379 0.000850638896491
0.969686729729995 0.000846520852977
0.972506248101757 0.000830697993040
0.975131773937785 0.000805261204088
0.977575273484033 0.000772067910705
0.979847716472884 0.000732762282623
0.981959151375542 0.000688795181971
0.983918775012053 0.000641443330507
0.985734996674993 0.000591827372229
0.987415496982740 0.000540928646799
0.988967281715671 0.000489604588274
0.990396730909192 0.000438602732125
0.991709643485497 0.000388573359480
0.992911277704731 0.000340080836990
0.994006387708384 0.000293613728221
0.994999256415305 0.000249593761461
0.995893725015111 0.000208383741833
0.996693219286186 0.000170294494428
0.997400772946707 0.000135590921283
0.998019048227765 0.000104497249302
0.998550353838172 0.000077201539425
0.998996660471161 0.000053859519936
0.999359613984078 0.000034597799147
0.999640546363558 0.000019516504917
0.999840484570354 0.000008691390812
0.999960157340247 0.000002175441180
1.000000000000000 0.000000000000000
