1.000000000000000 0.000000000000000
0.999960216271220 0.000010938391231
0.999840719374350 0.000043789110886
0.999641071208321 0.000098659004780
0.999360538364590 0.000175726844214
0.998998087237169 0.000275244374819
0.998552377116815 0.000397537797918
0.998021751209152 0.000543009697625
0.997404225498690 0.000712141431039
0.996697475362591 0.000905496003353
0.995898819819464 0.001123721454474
0.995005203279538 0.001367554789099
0.994013174643256 0.001637826488091
0.992918863575839 0.001935465645707
0.991717953765864 0.002261505784893
0.990405652956735 0.002617091411761
0.988976659521583 0.003003485380765
0.987425125335352 0.003422077154439
0.985744614683459 0.003874392056326
0.983928058935925 0.004362101633586
0.981967706710829 0.004887035267519
0.979855069253722 0.005451193196972
0.977580860773254 0.006056761152728
0.975134933501500 0.006706126842132
0.972506207295475 0.007401898574849
0.969682593670305 0.008146926385462
0.966650914262758 0.008944326090434
0.963396813876347 0.009797506820300
0.959904668468827 0.010710202698704
0.956157488725246 0.011686509505304
0.952136820233981 0.012730927368401
0.947822641772458 0.013848410796224
0.943193263840906 0.015044427685630
0.938225230388325 0.016325029357899
0.932893227690584 0.017696934179092
0.927170005605105 0.019167627942611
0.921026317979520 0.020745484938102
0.914430890869521 0.022439914511430
0.907350429451014 0.024261538931548
0.899749676100067 0.026222405652003
0.891591177877967 0.028334866602809
0.882834720405553 0.030608893331882
0.873437964955591 0.033053652231142
0.863356792134980 0.035677502972393
0.852545651877582 0.038487471590300
0.840958211780370 0.041489206045749
0.828548870403604 0.044689459007474
0.815273411058822 0.048094446715008
0.801089962510000 0.051708433010378
0.785960163857360 0.055531960614295
0.769849974194418 0.059557441185979
0.752731923009182 0.063769979644205
0.734587403327458 0.068147161097648
0.715409473375990 0.072659135942057
0.695204687170072 0.077267256590199
0.673995951074874 0.081926191312741
0.651825302004568 0.086586844336647
0.628754141609855 0.091192538951637
0.604863868949213 0.095675818413037
0.580255830162156 0.099963277560889
0.555051323940572 0.103980887714913
0.529388884908114 0.107653645470732
0.503421681933953 0.110891832270868
0.477312918406322 0.113610705879555
0.451232368465427 0.115772109012749
0.425350931588255 0.117333363365533
0.399840347909790 0.118106800842961
0.374862961423796 0.117948784148421
0.350567551688329 0.117034777023077
0.327081676586481 0.115595086044741
0.304504521090034 0.113711408264432
0.282910472858713 0.111421408380730
0.262353535977829 0.108782342119418
0.242867600341203 0.105861002099129
0.224466726837270 0.102721333418724
0.207147498083623 0.099422813973114
0.190892500411936 0.096019086640339
0.175675303475526 0.092550198775960
0.161463897296453 0.089039605526300
0.148218515502541 0.085509768883431
0.135893909022489 0.081982653459196
0.124443941649958 0.078477661568123
0.113820924184191 0.075012148222880
0.103975213301456 0.071601901382710
0.094856661322159 0.068260812094830
0.086416597093922 0.064999100714858
0.078611268778628 0.061818364849151
0.071398243448493 0.058719512626902
0.064736096374799 0.055704493520384
0.058587593471721 0.052773281426641
0.052917695970926 0.049925655913857
0.047692040262171 0.047162553149912
0.042877553380902 0.044485455804369
0.038445155835141 0.041894175584971
0.034369668463459 0.039386841090859
0.030626207828776 0.036962643894975
0.027190458342984 0.034621562464618
0.024039061829947 0.032363999819591
0.021149866210176 0.030190534920288
0.018503090981150 0.028101076575385
0.016088786778261 0.026089827597845
0.013899102115527 0.024150395000975
0.011923149829376 0.022279170992174
0.010148113076817 0.020474554451250
0.008560113766512 0.018736334901455
0.007145261621452 0.017066165938928
0.005890677362796 0.015468501147141
0.004783432950131 0.013947227723417
0.003811141804603 0.012504847368478
0.002972459014349 0.011135116839936
0.002271653602993 0.009827382118716
0.001704286067175 0.008578218683054
0.001253607457575 0.007397137818380
0.000901126314185 0.006294210362852
0.000630415177150 0.005276063282966
0.000426953582433 0.004346733656966
0.000277978204721 0.003508352012626
0.000172345884061 0.002761684435386
0.000100410179747 0.002106561537001
0.000053911700928 0.001542216671731
0.000025882202922 0.001067551194735
0.000010562277629 0.000681340843547
0.000003332380056 0.000382394301396
0.000000656901437 0.000169672519817
0.000000041007814 0.000042375314410
0.000000000000000 0.000000000000000
0.000000039238065 -0.000041442757706
0.000000629341829 -0.000165901289814
0.000003198773192 -0.000373755365126
0.000010166262979 -0.000665600644471
0.000024998872888 -0.001042190645141
0.000052295562915 -0.001504351178396
0.000097898639346 -0.002052862701424
0.000169036276225 -0.002688304357502
0.000274500233129 -0.003410851511467
0.000424863968237 -0.004220016225883
0.000632747607942 -0.005114317250403
0.000913089925395 -0.006090899682641
0.001281698105766 -0.007146432993011
0.001753805407264 -0.008277926807683
0.002345060924584 -0.009481560288251
0.003071240631557 -0.010752377772102
0.003947713576374 -0.012084012403612
0.004988719127683 -0.013468349220571
0.006206398939657 -0.014895114292025
0.007609511741537 -0.016351373426079
0.009201739272669 -0.017820920171289
0.010984805846336 -0.019285796353421
0.012983394467208 -0.020737282529476
0.015222696889805 -0.022172363388189
0.017706780094980 -0.023591596842435
0.020433991281713 -0.024999207629350
0.023415109612787 -0.026395377035530
0.026664433726265 -0.027781631254293
0.030194145439840 -0.029164870678152
0.034014320069794 -0.030557525737471
0.038142552413139 -0.031962450792653
0.042602015555040 -0.033376231055767
0.047416948255211 -0.034796609735468
0.052612316434746 -0.036223321253698
0.058213379846891 -0.037659121536368
0.064247483339459 -0.039106713420328
0.070747078330933 -0.040563409861133
0.077746719316390 -0.042026968986823
0.085282367939111 -0.043497132900312
0.093392197104687 -0.044972790017408
0.102116970721078 -0.046450259897789
0.111498583562157 -0.047927152065772
0.121580740534340 -0.049399232960196
0.132408985744577 -0.050858886884053
0.144028811537162 -0.052299004079345
0.156484526065126 -0.053714019861828
0.169818501932407 -0.055098380026389
0.184071934774588 -0.056437252606671
0.199282122512082 -0.057711615003748
0.215480067643994 -0.058900859543720
0.232688614282746 -0.059982037662756
0.250920206502498 -0.060930193832647
0.270174359368816 -0.061718311848238
0.290435459830730 -0.062305424735843
0.311670574003506 -0.062640324760931
0.333828409283348 -0.062681872923448
0.356838841465650 -0.062412748141458
0.380607217134234 -0.061772797436291
0.405006468799249 -0.060558872820143
0.429893654417893 -0.058627919959404
0.455129177967740 -0.056145450309946
0.480565436352649 -0.053303916902465
0.506045450834462 -0.050155128687159
0.531411113798884 -0.046745589161977
0.556509618063760 -0.043153419729874
0.581196860720482 -0.039458609751977
0.605341601406964 -0.035733512896961
0.628826501354880 -0.032038852930914
0.651549685909089 -0.028418241708466
0.673428100657945 -0.024910112817121
0.694398733307991 -0.021551491216236
0.714417022767545 -0.018372710269559
0.733456369647270 -0.015404400396000
0.751505641598169 -0.012669750702974
0.768566253857660 -0.010177043867563
0.784649782907310 -0.007918464996560
0.799777324499427 -0.005881741185911
0.813977728370361 -0.004056864870535
0.827285792198412 -0.002442492330282
0.839740451827684 -0.001033305297420
0.851383324936956 0.000180801406836
0.862257562855933 0.001216088005062
0.872406884635357 0.002094724574928
0.881874677388150 0.002837297103286
0.890703388776327 0.003462100893128
0.898934083946206 0.003985292433531
0.906605803115682 0.004418617601217
0.913754644475572 0.004764304243313
0.920414958156445 0.005025168558393
0.926619491845436 0.005206345803820
0.932399237391075 0.005314379183821
0.937783350892111 0.005356555528670
0.942799128496131 0.005340431379717
0.947472023459466 0.005273504054647
0.951825692904271 0.005162991651876
0.955882065150058 0.005015693777156
0.959661420523841 0.004837911164726
0.963182480208850 0.004635407495966
0.966462499026019 0.004413400781429
0.969517359104403 0.004176574851191
0.972361662232522 0.003929103959811
0.975008819333149 0.003674685399468
0.977471136005030 0.003416576448834
0.979759893456074 0.003157633064905
0.981885424438885 0.002900348530513
0.983857184011161 0.002646890865177
0.985683815097210 0.002399138241480
0.987373208935593 0.002158711962467
0.988932560572339 0.001927006777757
0.990368419607516 0.001705218470520
0.991686736431558 0.001494368751755
0.992892904201875 0.001295327565971
0.993991796813559 0.001108832953383
0.994987803113669 0.000935508635789
0.995884857598652 0.000775879501897
0.996686467820881 0.000630385167211
0.997395738714155 0.000499391776684
0.998015394030322 0.000383202207375
0.998547795060680 0.000282064814877
0.998994956796819 0.000196180852348
0.999358561666562 0.000125710675416
0.999639970961759 0.000070778830402
0.999840234055995 0.000031478107605
0.999960095491948 0.000007872625935
1.000000000000000 0.000000000000000
