1.000000000000000 0.000000000000000
0.999960256691655 0.000005008810152
0.999840883568017 0.000020061692653
0.999641450097628 0.000045238244047
0.999361235601071 0.000080671929270
0.998999224532017 0.000126551296999
0.998554099813520 0.000183121699797
0.998024234171982 0.000250687537785
0.997407679394119 0.000329615050042
0.996702153414848 0.000420335683404
0.995905025125984 0.000523350073868
0.995013296777265 0.000639232681229
0.994023583822227 0.000768637122875
0.992932092042100 0.000912302257626
0.991734591761179 0.001071059074905
0.990426388947347 0.001245838447998
0.989002292971834 0.001437679812288
0.987456580783402 0.001647740829365
0.985782957234579 0.001877308095065
0.983974511282252 0.002127808942386
0.982023667773025 0.002400824377454
0.979922134516892 0.002698103165917
0.977660844353025 0.003021577055655
0.975229891921537 0.003373377075681
0.972618464878414 0.003755850785735
0.969814769331868 0.004171580260111
0.966805949342633 0.004623400464423
0.963578000425295 0.005114417515137
0.960115677121180 0.005648026085342
0.956402394896298 0.006227924920015
0.952420126863297 0.006858129029234
0.948149296149784 0.007542976613110
0.943568665155015 0.008287128107296
0.938655223474187 0.009095553886871
0.933384076948125 0.009973506088422
0.927728341142582 0.010926468660802
0.921659043602733 0.011960078089210
0.915145040491622 0.013080005215073
0.908152954728607 0.014291786170191
0.900647144509271 0.015600587662050
0.892589740322105 0.017011157207819
0.883940829673007 0.018528588859865
0.874658564461740 0.020157506209004
0.864699385157705 0.021901373173805
0.854018387670077 0.023761958933106
0.842569879582148 0.025738916154212
0.830308636134198 0.027831820878583
0.817190834282345 0.030039583548983
0.803174959523862 0.032358564267260
0.788223160875002 0.034781378953467
0.772302504781154 0.037292382679789
0.755386907526950 0.039867544928438
0.737459477518379 0.042475826589015
0.718516562000177 0.045089499200198
0.698569730626082 0.047682562955901
0.677645972778347 0.050214630697843
0.655786860223418 0.052603230137004
0.633052474206754 0.054748014958906
0.609528990312666 0.056563788810363
0.585326465394199 0.057981756315859
0.560576049460344 0.059025513883113
0.535426615154385 0.059797044997767
0.510034063153414 0.060340187366647
0.484557392502034 0.060645261435964
0.459158876144015 0.060710132048589
0.433998891988884 0.060541165122307
0.409230142440009 0.060149930366303
0.384993344737355 0.059552451426536
0.361413900250262 0.058767484397958
0.338599286962473 0.057815896484985
0.316637580274115 0.056719240613455
0.295596938050192 0.055499054535000
0.275526068508097 0.054176034346998
0.256455549926457 0.052767948259336
0.238399229021594 0.051292426552075
0.221356716708267 0.049764960852514
0.205315363035693 0.048199598481498
0.190252163709176 0.046610097012299
0.176136256729712 0.045007924438108
0.162930796932284 0.043402987381474
0.150594532223036 0.041804844852880
0.139083611605863 0.040221767893891
0.128353774382941 0.038658020231222
0.118360236584413 0.037117193731767
0.109058139158166 0.035603324341448
0.100403336975481 0.034120491090214
0.092352909946291 0.032672826383656
0.084865226440801 0.031265668670352
0.077900685422685 0.029903740781957
0.071422118518228 0.028590263194901
0.065396427952386 0.027321756638362
0.059794155977690 0.026089597297606
0.054587026806255 0.024888234198122
0.049748046996426 0.023714697263538
0.045251471566091 0.022568597447875
0.041072004902150 0.021455051584302
0.037186025544595 0.020379535729639
0.033572014650593 0.019345843469160
0.030210369262433 0.018356452153538
0.027083230468991 0.017412820037521
0.024174326894133 0.016515623269026
0.021470448501759 0.015660543400198
0.018965127235105 0.014828041995486
0.016651640814109 0.014002214767928
0.014521678810783 0.013174230569969
0.012565976145647 0.012340420256511
0.010775143845318 0.011501007991688
0.009145569604038 0.010662018211997
0.007675899449412 0.009832376516991
0.006361056578998 0.009019466744149
0.005188414756433 0.008206358320669
0.004139661496845 0.007355954273426
0.003210962422016 0.006467675526717
0.002415613398970 0.005578751010512
0.001757396871162 0.004719530936975
0.001230990326487 0.003911042017558
0.000824998230069 0.003167264432610
0.000524313860106 0.002496942177458
0.000311952226222 0.001905018984488
0.000170465863532 0.001393773316245
0.000083031791065 0.000963710861043
0.000034279053162 0.000614260778352
0.000010911028987 0.000344312023929
0.000002164295168 0.000152617939651
0.000000135608104 0.000038090516696
0.000000000000000 0.000000000000000
0.000000134374033 -0.000037844504428
0.000002163108809 -0.000151386190228
0.000011061526918 -0.000340607935371
0.000035444882592 -0.000605341474741
0.000087439321503 -0.000945128487831
0.000181780397415 -0.001359104247686
0.000335475447475 -0.001845725547739
0.000567150000125 -0.002402435690579
0.000896138962288 -0.003025237134654
0.001341292692965 -0.003708147351107
0.001919421605908 -0.004442511534832
0.002643282184040 -0.005216138954424
0.003518981428458 -0.006012221271110
0.004542644432789 -0.006807980687671
0.005696149409263 -0.007572982913973
0.006955983233812 -0.008278715153090
0.008340047795073 -0.008939863459370
0.009879461804625 -0.009587896228229
0.011583210227409 -0.010224154453794
0.013451013251993 -0.010842907147750
0.015480748512506 -0.011439928562622
0.017679708893491 -0.012014163657438
0.020057605844858 -0.012568338594605
0.022624032783411 -0.013110246936834
0.025388144287635 -0.013654648962796
0.028358880533270 -0.014222548017107
0.031549128846053 -0.014821402996104
0.034974696951949 -0.015450497081056
0.038652868156675 -0.016108338259333
0.042602525700177 -0.016792451682723
0.046844293505435 -0.017499076502056
0.051400686739442 -0.018222782335918
0.056296025707450 -0.018957777093248
0.061555880961352 -0.019702565333283
0.067207488219562 -0.020457437557939
0.073279852762455 -0.021224062484325
0.079803722420790 -0.022005980047324
0.086812261147541 -0.022806654854617
0.094341149717016 -0.023629446549854
0.102427966103161 -0.024479974344774
0.111112317699429 -0.025363202548578
0.120436326090610 -0.026276047742434
0.130443805315671 -0.027212318844125
0.141179711263695 -0.028163404643005
0.152689545382634 -0.029117709919286
0.165018338363963 -0.030063395356460
0.178209105871977 -0.030995615320310
0.192301862091510 -0.031912248037595
0.207332131114600 -0.032813391329289
0.223329758873697 -0.033696561712120
0.240317331021068 -0.034553480325376
0.258307465537123 -0.035375329197442
0.277300584490316 -0.036152566323575
0.297282732492350 -0.036874728711728
0.318223517871101 -0.037531092406298
0.340074633641550 -0.038107111440710
0.362768631301325 -0.038586571680218
0.386218383965167 -0.038955896573842
0.410317576859497 -0.039205035407546
0.434942313173886 -0.039322406412397
0.459953685964024 -0.039293761116695
0.485201055335775 -0.039109585301723
0.510526287900207 -0.038767066485064
0.535769250442244 -0.038268936765864
0.560772811001948 -0.037621589390846
0.585383722435761 -0.036776486316107
0.609456801721613 -0.035629997470752
0.632863793197190 -0.034155191447812
0.655496422501152 -0.032411099553605
0.677269280199277 -0.030474442140371
0.698121572124564 -0.028439513422327
0.718010753250191 -0.026382055124075
0.736909426111717 -0.024337163948136
0.754805558770449 -0.022326050913713
0.771701655402047 -0.020369314299907
0.787612678171993 -0.018487876187787
0.802562907576628 -0.016696866678445
0.816583891606983 -0.015006950772743
0.829712640057801 -0.013425905596737
0.841989878882683 -0.011957241262914
0.853458653010156 -0.010600947267111
0.864163306750334 -0.009354085784663
0.874148537053372 -0.008211577414889
0.883458420409898 -0.007167385911717
0.892135855279335 -0.006214973617319
0.900222167218577 -0.005347608640752
0.907756818279455 -0.004560211317680
0.914777206769730 -0.003851918867849
0.921318617376579 -0.003220702423857
0.927414187354509 -0.002662904230972
0.933094909689348 -0.002173850423379
0.938389672683244 -0.001748302592266
0.943325325921388 -0.001380784135433
0.947926764532615 -0.001065810547872
0.952217025332193 -0.000798046923715
0.956217389845968 -0.000572410999567
0.959947490382526 -0.000384136011295
0.963425416271715 -0.000228804359127
0.966667818153464 -0.000102360465770
0.969690008808592 -0.000001109157738
0.972506059500065 0.000078295700472
0.975128891162093 0.000138868825181
0.977570360056169 0.000183314836657
0.979841337724737 0.000214051455481
0.981951785229129 0.000233233281221
0.983910821770590 0.000242775265468
0.985726787871279 0.000244375289155
0.987407303343818 0.000239535471857
0.988959320309627 0.000229581997875
0.990389171542731 0.000215683355552
0.991702614420873 0.000198866963820
0.992904870762709 0.000180034212399
0.994000662820841 0.000159973975953
0.994994245687290 0.000139374682959
0.995889436352126 0.000118835030776
0.996689639638295 0.000098873442293
0.997397871217043 0.000079936358639
0.998016777889187 0.000062405458250
0.998548655298307 0.000046603886275
0.998995463222868 0.000032801570623
0.999358838575604 0.000021219692394
0.999640106220169 0.000012034369560
0.999840287697232 0.000005379603551
0.999960107934730 0.000001349529282
1.000000000000000 0.000000000000000
