1.000000000000000 0.000000000000000
0.999959396586302 0.000004772052502
0.999837440296029 0.000019116104677
0.999633692031538 0.000043116119007
0.999347416788254 0.000076912964805
0.998977578863385 0.000120705828526
0.998522835090856 0.000174754213416
0.997981526044846 0.000239380554039
0.997351665137236 0.000314973478914
0.996630925516956 0.000401991762515
0.995816624661365 0.000500969016226
0.994905706531613 0.000612519176565
0.993894721145301 0.000737342858012
0.992779801400874 0.000876234647117
0.991556636969087 0.001030091424106
0.990220445047964 0.001199921807684
0.988765937759224 0.001386856827943
0.987187285946715 0.001592161940751
0.985478079121742 0.001817250504000
0.983631281287336 0.002063698840855
0.981639182364753 0.002333263016212
0.979493344942636 0.002627897448391
0.977184546074647 0.002949775466081
0.974702713867825 0.003301311897690
0.972036858635409 0.003685187742114
0.969174998439040 0.004104376911030
0.966104078922249 0.004562174945575
0.962809887447517 0.005062229485136
0.959276961702237 0.005608572090449
0.955488493146045 0.006205650781304
0.951426225947173 0.006858362320784
0.947070352414980 0.007572082837802
0.942399406399321 0.008352694797000
0.937390156716927 0.009206607562324
0.932017503405638 0.010140767814287
0.926254380525964 0.011162654821476
0.920071670353437 0.012280253981268
0.913438135160215 0.013502000080743
0.906320374390172 0.014836679343227
0.898682816983145 0.016293279221998
0.890487777715044 0.017881308059951
0.881695589334832 0.019611490765273
0.872264766332127 0.021494900410226
0.862152284853881 0.023542567120979
0.851313986395562 0.025765108683658
0.839705172496628 0.028172491645372
0.827281556062262 0.030774648480903
0.814000110446129 0.033580406536525
0.799820163424010 0.036596442143272
0.784704627349558 0.039825850553986
0.768621132213855 0.043265378538365
0.751544029908891 0.046905041749173
0.733456600055437 0.050727816987122
0.714353974789542 0.054711677726118
0.694244810579927 0.058827046969278
0.673153625660064 0.063037132038378
0.651123124050168 0.067299657381958
0.628214845635279 0.071564526043487
0.604510131648466 0.075773046600024
0.580109681173258 0.079860389768497
0.555132906802563 0.083758499699580
0.529715443921503 0.087396192064596
0.504006380852009 0.090685531225019
0.478164187941405 0.093541227742875
0.452354183700955 0.095926315355746
0.426742144462976 0.097800552541804
0.401490542790525 0.098972846653779
0.376753048379714 0.099286725694058
0.352676085049896 0.098902974051838
0.329386901561876 0.098043197479402
0.306982835110257 0.096785401799091
0.285536475871986 0.095162311598742
0.265100666480855 0.093224431796759
0.245708921712189 0.091031022601998
0.227376064809971 0.088637312439805
0.210100613739615 0.086091894850699
0.193867476565613 0.083438809459301
0.178651837639765 0.080712092395804
0.164422032694003 0.077933828122227
0.151139231268522 0.075125140936524
0.138759760396075 0.072305986969873
0.127239371026240 0.069491369941144
0.116532220415777 0.066694286034696
0.106590634982236 0.063927441965980
0.097366455716133 0.061202692188746
0.088813004449958 0.058528648529623
0.080887321099817 0.055907270801081
0.073547463664795 0.053340873830471
0.066753154491143 0.050832042967997
0.060468396795267 0.048380177081334
0.054658662309984 0.045985341924313
0.049290293395120 0.043649083966847
0.044331446441220 0.041373268992259
0.039755319542624 0.039156571408290
0.035537053244241 0.036997567529229
0.031651982784139 0.034896437182646
0.028076124745261 0.032854351001281
0.024786513789374 0.030873021857418
0.021761824110805 0.028954039413636
0.018989935751699 0.027092236914388
0.016463864829147 0.025279109767801
0.014173169255066 0.023510148834790
0.012104941161413 0.021783915673466
0.010244912203202 0.020101159384171
0.008580205519730 0.018465861177472
0.007099142463939 0.016884059420289
0.005789062124576 0.015360847122337
0.004645643877928 0.013891306595410
0.003672458606695 0.012461602858011
0.002862235666500 0.011071852761380
0.002196256154278 0.009738583657891
0.001655717420714 0.008475404996148
0.001223200378472 0.007291702244535
0.000882712794893 0.006193634976472
0.000619694993425 0.005184930876659
0.000420999817410 0.004267516657771
0.000274855848571 0.003442018624274
0.000170820669646 0.002708159021196
0.000099729269610 0.002065069021403
0.000053641396276 0.001511534964189
0.000025790675189 0.001046191044722
0.000010537565582 0.000667668894684
0.000003327658961 0.000374712250426
0.000000656400323 0.000166263063419
0.000000040992186 0.000041523877243
0.000000000000000 0.000000000000000
0.000000040414805 -0.000041216463540
0.000000648465703 -0.000164996280200
0.000003298148756 -0.000371722296181
0.000010491805149 -0.000662004020094
0.000025830148858 -0.001036633131353
0.000054113375518 -0.001496517833433
0.000101476396018 -0.002042592549541
0.000175390191209 -0.002675748272516
0.000284290420581 -0.003396848348884
0.000437717053333 -0.004206566302862
0.000646358174247 -0.005105214463884
0.000922021188957 -0.006092546632901
0.001277576715893 -0.007167508950323
0.001726864214966 -0.008327926188062
0.002284545198891 -0.009570107477436
0.002965885773328 -0.010888351481963
0.003786445009859 -0.012274326026017
0.004761638957635 -0.013716290941914
0.005906141547391 -0.015198125080147
0.007233163276994 -0.016699753073509
0.008754473847361 -0.018215795898148
0.010479845396403 -0.019755182079561
0.012418800570381 -0.021317956108812
0.014578047563951 -0.022900701429592
0.016963751865049 -0.024501246306694
0.019589529860873 -0.026118180392349
0.022468907023769 -0.027752773898779
0.025612945823363 -0.029410458646344
0.029029609562813 -0.031101668013097
0.032733538432244 -0.032830729376395
0.036747084397452 -0.034594818847756
0.041093863379860 -0.036391537663047
0.045798308233870 -0.038219625583602
0.050885248347543 -0.040079684341238
0.056379880815641 -0.041974394896787
0.062311921371237 -0.043903172117024
0.068714555896871 -0.045863793313997
0.075622222236071 -0.047855625358793
0.083070460196621 -0.049879848729581
0.091098277850370 -0.051934307974532
0.099747150878814 -0.054015282713821
0.109059527908859 -0.056120032780923
0.119080430127814 -0.058241832883469
0.129856497128537 -0.060370955676901
0.141434028092373 -0.062497722862930
0.153857749866710 -0.064613299498107
0.167170575998616 -0.066707540184070
0.181414824922605 -0.068762705118190
0.196628552001239 -0.070758654531235
0.212843140816685 -0.072674127604352
0.230082210718205 -0.074480913213626
0.248359203973688 -0.076144441826812
0.267674313152649 -0.077626773480943
0.288012225371725 -0.078880331616688
0.309339786132105 -0.079851352097793
0.331605051390137 -0.080494791828443
0.354736790669999 -0.080784261716462
0.378639106588953 -0.080648823943863
0.403184885997815 -0.079876340322863
0.428229657284821 -0.078316620459365
0.453627365010219 -0.076132848089756
0.479223562166426 -0.073517640654409
0.504857000581492 -0.070514308200543
0.530366211816112 -0.067162880069169
0.555596294462081 -0.063547176823527
0.580401207796190 -0.059752000844583
0.604647640957297 -0.055846959945758
0.628217471088494 -0.051895501644065
0.651009868432957 -0.047952884499604
0.672942988381376 -0.044068481273008
0.693954860878837 -0.040286605419210
0.714002011674698 -0.036643706976356
0.733058565237461 -0.033170214620666
0.751114176028477 -0.029888858253813
0.768171872886635 -0.026814355579699
0.784246183420503 -0.023955392552117
0.799360734285061 -0.021314263082731
0.813546220001512 -0.018888680290083
0.826838560055229 -0.016674789270066
0.839277461309038 -0.014665303774050
0.850905085688115 -0.012849914936438
0.861764878081629 -0.011215652345929
0.871900602018816 -0.009746942592011
0.881355643237774 -0.008428435688374
0.890172432861736 -0.007245641872459
0.898392008760116 -0.006185059115517
0.906053684213071 -0.005235044928716
0.913194757466151 -0.004389418329351
0.919850493794242 -0.003642643987165
0.926054105565412 -0.002988013806914
0.931836729572820 -0.002418202646051
0.937227446150015 -0.001925672529192
0.942253329161214 -0.001502955769245
0.946939517921699 -0.001142846273656
0.951309303917394 -0.000838522228292
0.955384226727156 -0.000583618284225
0.959184174826575 -0.000372261239540
0.962727487995760 -0.000199079892861
0.966031058896155 -0.000059197122566
0.969110432053150 0.000051789804119
0.971979899010172 0.000137836272968
0.974652588831427 0.000202481509855
0.977140553446340 0.000248881627702
0.979454847567784 0.000279842939213
0.981605603094024 0.000297854455580
0.983602098033771 0.000305118869737
0.985452820085560 0.000303581597747
0.987165525065110 0.000294957648868
0.988747290414438 0.000280756233251
0.990204564049495 0.000262303111211
0.991543208813432 0.000240760750846
0.992768542803416 0.000217146400340
0.993885375832978 0.000192348203875
0.994898042281028 0.000167139500741
0.995810430564537 0.000142191449451
0.996626009455507 0.000118084115180
0.997347851445196 0.000095316151543
0.997978653340094 0.000074313198021
0.998520754255470 0.000055435103180
0.998976151153574 0.000038982071950
0.999346512055095 0.000025199823036
0.999633187034275 0.000014283830333
0.999837217090277 0.000006382710226
0.999959340969944 0.000001600804859
1.000000000000000 0.000000000000000
