1.000000000000000 0.000000000000000
0.999959795701092 0.000004959985015
0.999839036716900 0.000019858707148
0.999637283822285 0.000044752609668
0.999353801757854 0.000079736239860
0.998987554374380 0.000124942968149
0.998537197776099 0.000180546007753
0.998001071403616 0.000246759748047
0.997377186979644 0.000323841419073
0.996663215222912 0.000412093109176
0.995856470217307 0.000511864162850
0.994953891304600 0.000623553991478
0.993952022350014 0.000747615336027
0.992846988210560 0.000884558027989
0.991634468216619 0.001034953303154
0.990309666458058 0.001199438732416
0.988867278647577 0.001378723844945
0.987301455316765 0.001573596532124
0.985605761085126 0.001784930335969
0.983773129730558 0.002013692743803
0.981795814782717 0.002260954632385
0.979665335360630 0.002527901030101
0.977372416985368 0.002815843396078
0.974906927121089 0.003126233651280
0.972257805237731 0.003460680239860
0.969412987251729 0.003820966550861
0.966359324294552 0.004209072092471
0.963082495891529 0.004627196885524
0.959566917816619 0.005077789632107
0.955795645136141 0.005563580321817
0.951750271282863 0.006087618065324
0.947410824431377 0.006653315095668
0.942755663000033 0.007264498055322
0.937761372811631 0.007925467894232
0.932402669335285 0.008641069942547
0.926652309539137 0.009416775991071
0.920481019242121 0.010258780508737
0.913857443494559 0.011174113439405
0.906748129466345 0.012170772330664
0.899117553464987 0.013257876039644
0.890928086873436 0.014445072817882
0.882139843666106 0.015740726112682
0.872711049361198 0.017152876584682
0.862598379892636 0.018689280326351
0.851757375610847 0.020357039883104
0.840143002660309 0.022162120511040
0.827710386134473 0.024108732897569
0.814415738100051 0.026198566371260
0.800217499694190 0.028429862996683
0.785078026749709 0.030798542082257
0.768966432906852 0.033305660764918
0.751859948557786 0.035953002752595
0.733745773501647 0.038740885962726
0.714623302432124 0.041667910760042
0.694506322659072 0.044730671724046
0.673424264490906 0.047918056883844
0.651422929669206 0.051204379144296
0.628566621665510 0.054556192196420
0.604938735229793 0.057933563982045
0.580641408059287 0.061289872102924
0.555794435281133 0.064565994350799
0.530532830469880 0.067695829729817
0.505003450923984 0.070612576028562
0.479361463439833 0.073253245931832
0.453768831258392 0.075568906862074
0.428387303185565 0.077522779397038
0.403371881078381 0.079088525797328
0.378866938223284 0.080250939792802
0.355005337551417 0.081004815541784
0.331902700882647 0.081355781352600
0.309654149842247 0.081319829278022
0.288333772856932 0.080920866774129
0.267996919017956 0.080176961915943
0.248680382300994 0.079104546875051
0.230402383530000 0.077735974821434
0.213165152982878 0.076128537409984
0.196956914923683 0.074338479766751
0.181754825539344 0.072408757728115
0.167527778197504 0.070364656680553
0.154237676402247 0.068230142759161
0.141842140452436 0.066027327436615
0.130302574968760 0.063761108876340
0.119579825041340 0.061432104303426
0.109630550834075 0.059047476670206
0.100409104826205 0.056618599327654
0.091867551922403 0.054166993496441
0.083952968729918 0.051743021820805
0.076614939127491 0.049390178671249
0.069808130860209 0.047132707254477
0.063495852531747 0.044951188346308
0.057645027406246 0.042818670323723
0.052223619229360 0.040718890689056
0.047201526148549 0.038644057117998
0.042557717180852 0.036602412814899
0.038275291213105 0.034609214226083
0.034334880146144 0.032675902252519
0.030715686132411 0.030810660112107
0.027396388896671 0.029019107646722
0.024355752011646 0.027304743075026
0.021568387518774 0.025655786563290
0.019003180853905 0.024040093373911
0.016633866803120 0.022435609061343
0.014439135207851 0.020830592274419
0.012401633240486 0.019220749740962
0.010515869128139 0.017612033495375
0.008800306833062 0.016026274354258
0.007267075344804 0.014482898079401
0.005918639299647 0.012996326459714
0.004750559645439 0.011577058979134
0.003753614480816 0.010232536554622
0.002915420569222 0.008967830985995
0.002221666010309 0.007786195003624
0.001657040888469 0.006689500806394
0.001205934076921 0.005678589395967
0.000852949697628 0.004753548549893
0.000583285184054 0.003913933707850
0.000383003802527 0.003158943190443
0.000239227334981 0.002487556883312
0.000140268997460 0.001898645684875
0.000075722238323 0.001391057541185
0.000036517569365 0.000963684702032
0.000014956827666 0.000615515869198
0.000004732083512 0.000345676122652
0.000000934670753 0.000153456865032
0.000000058416267 0.000038337486984
0.000000000000000 0.000000000000000
0.000000057153825 -0.000037906120958
0.000000917756750 -0.000151792974961
0.000004673807420 -0.000342164515651
0.000014868921908 -0.000609849775823
0.000036465788445 -0.000955959393000
0.000075847484656 -0.001381832705286
0.000140826837363 -0.001888967237282
0.000240642904525 -0.002478922572925
0.000385946554391 -0.003153194597831
0.000588768885229 -0.003913053019464
0.000862464305539 -0.004759333124860
0.001221617656485 -0.005692170337465
0.001681901658724 -0.006710663165130
0.002259867019876 -0.007812446439019
0.002972642512590 -0.008993152138623
0.003837515930151 -0.010245729344189
0.004871358671237 -0.011559587657081
0.006089846321433 -0.012919519407497
0.007506414383331 -0.014304344659284
0.009130871495646 -0.015685208835684
0.010967571109908 -0.017023444992304
0.013013103015675 -0.018268085640580
0.015263978434135 -0.019376590735253
0.017729768383192 -0.020348953147025
0.020420094028089 -0.021205100933562
0.023341737874536 -0.021986905066621
0.026497648191341 -0.022763943126306
0.029895906743967 -0.023582272111779
0.033554323485778 -0.024437988672316
0.037492691449886 -0.025320983669576
0.041732409921774 -0.026216317294824
0.046296538372851 -0.027102703409357
0.051209822004404 -0.027950687911972
0.056498363670829 -0.028735709076833
0.062189044761974 -0.029460162347105
0.068309624812240 -0.030137999404718
0.074888391385973 -0.030795518647586
0.081955016256712 -0.031463998820035
0.089545518467468 -0.032137415621060
0.097699734114830 -0.032792371610371
0.106459921411927 -0.033398938699908
0.115868842782956 -0.033945389675189
0.125969527962239 -0.034436652926171
0.136805385250161 -0.034885631385243
0.148419354652424 -0.035316112245115
0.160853351592490 -0.035759147572729
0.174150090669017 -0.036214111649020
0.188350878209067 -0.036661452561946
0.203493274455941 -0.037073925055617
0.219608614866387 -0.037433367265212
0.236718781863892 -0.037759149441674
0.254835073382181 -0.038087063789566
0.273956897715088 -0.038442578593151
0.294070601052517 -0.038809074846245
0.315146403410382 -0.039160430460006
0.337136043867120 -0.039485637615744
0.359971745190885 -0.039785298806849
0.383566083428612 -0.040061749136182
0.407812494655068 -0.040318828030718
0.432586891533555 -0.040550948001473
0.457750288566879 -0.040734836757391
0.483152160360134 -0.040844810410532
0.508634694364149 -0.040855809057601
0.534037175669135 -0.040751068595142
0.559200770876398 -0.040526314212331
0.583973943913002 -0.040181299393248
0.608216843367125 -0.039718984684585
0.631805063347558 -0.039144214625485
0.654632261911714 -0.038463047426085
0.676611301568779 -0.037684080888350
0.697674706502304 -0.036818032127732
0.717773814669491 -0.035875349864616
0.736875944404150 -0.034858794598826
0.754964895338694 -0.033771647982822
0.772039752929077 -0.032620577433542
0.788112537649168 -0.031414635369848
0.803205834840886 -0.030164381092414
0.817351589793605 -0.028887267809792
0.830589598445801 -0.027610342076085
0.842963167539782 -0.026355396674804
0.854517462854528 -0.025138241264795
0.865298425705839 -0.023969845191341
0.875351898412913 -0.022857338192530
0.884722938516425 -0.021804863075146
0.893455298365311 -0.020814285896754
0.901591037991259 -0.019885738378444
0.909168897670612 -0.019011555875497
0.916223340164005 -0.018172858726534
0.922787766562790 -0.017355630430847
0.928894531516638 -0.016551146556322
0.934574615958729 -0.015754493972878
0.939857417361350 -0.014963446373978
0.944770630012492 -0.014177619933727
0.949340192972193 -0.013397846903539
0.953590287841340 -0.012625717107346
0.957543372251069 -0.011863247577163
0.961220238103477 -0.011112649080169
0.964640086135087 -0.010376165209327
0.967820610413511 -0.009655965260245
0.970778087994420 -0.008954076517454
0.973527470233961 -0.008272345027725
0.976082473236052 -0.007612416626928
0.978455665670428 -0.006975732063867
0.980658552772627 -0.006363531657838
0.982701655769692 -0.005776866140761
0.984594586296568 -0.005216611253989
0.986346115603020 -0.004683484361328
0.987964238519321 -0.004178061856241
0.989456232266719 -0.003700796524035
0.990828710278061 -0.003252034301087
0.992087671244531 -0.002832030077766
0.993238543633658 -0.002440962338557
0.994286225937182 -0.002078946536649
0.995235122909461 -0.001746047171970
0.996089178051053 -0.001442288589713
0.996851902580412 -0.001167664547079
0.997526401121178 -0.000922146614139
0.998115394314526 -0.000705691483765
0.998621238546609 -0.000518247268216
0.999045942960874 -0.000359758858124
0.999391183904396 -0.000230172414637
0.999658316936786 -0.000129439058428
0.999848386509754 -0.000057517810840
0.999962133405229 -0.000014377833142
1.000000000000000 0.000000000000000
