1.000000000000000 0.000000000000000
0.999960344555203 0.000010920468954
0.999841249822703 0.000043774765566
0.999642329485913 0.000098841237894
0.999362935917325 0.000176582671933
0.999002154437678 0.000277644398493
0.998558795093083 0.000402851227023
0.998031381755564 0.000553202762313
0.997418138283903 0.000729866490993
0.996716971402344 0.000934167821024
0.995925449861394 0.001167576007551
0.995040779333379 0.001431684588592
0.994059772360657 0.001728184566891
0.992978812510110 0.002058828088375
0.991793811686096 0.002425379756065
0.990500159305626 0.002829551947251
0.989092661732160 0.003272919528468
0.987565469982660 0.003756808133667
0.985912002616251 0.004282181514407
0.984125020025194 0.004850077868875
0.982196583419499 0.005461660146814
0.980117853184777 0.006117722805032
0.977878968770782 0.006818507020575
0.975468911313946 0.007563479282190
0.972875340702495 0.008351046158246
0.970084486991767 0.009178446092803
0.967081973562992 0.010044469230887
0.963852745580945 0.010949481884204
0.960380500729556 0.011893952471749
0.956647617660880 0.012878483465383
0.952635104616723 0.013903899314471
0.948322503483310 0.014971417910249
0.943687550363435 0.016083075331136
0.938706254415168 0.017241924711255
0.933352977970195 0.018452357238478
0.927600471883152 0.019720619809878
0.921419662794837 0.021054400773677
0.914778548366370 0.022459146889845
0.907642775125638 0.023940329039196
0.899975996578908 0.025504786559769
0.891739942805868 0.027160759141460
0.882893769455554 0.028914222007794
0.873394373297901 0.030769282801877
0.863197105562893 0.032729885446483
0.852256326174959 0.034800239993303
0.840526300823986 0.036986374680012
0.827961970477199 0.039295579638033
0.814519896194700 0.041735707733090
0.800158593955380 0.044310133120047
0.784840272964787 0.047018636017730
0.768533036653202 0.049859407076289
0.751213229176048 0.052830759106695
0.732867485268543 0.055930166983667
0.713494669056223 0.059152217726708
0.693107868888496 0.062487021585874
0.671736697525680 0.065921113052556
0.649428691670733 0.069435078317177
0.626250700054579 0.073004929704479
0.602289470619391 0.076602899230547
0.577651176631790 0.080197759982904
0.552459319130937 0.083750182882218
0.526852347032106 0.087214582432386
0.500981057732404 0.090544941686558
0.475004237314362 0.093695524383636
0.449082207143324 0.096605513724355
0.423372300529011 0.099203057202914
0.398024217821564 0.101382503199420
0.373178125146110 0.103034081463719
0.348969528724218 0.104072975922909
0.325520236851854 0.104461993969653
0.302936038572205 0.104266794814573
0.281300430813365 0.103570951615739
0.260672686306870 0.102436091224600
0.241091064261677 0.100918436701999
0.222576500588558 0.099066226910441
0.205132935892163 0.096926962727854
0.188751071111673 0.094544668957504
0.173409293811771 0.091961843536466
0.159078901230923 0.089212442997404
0.145723892552370 0.086327106705200
0.133302342509488 0.083336797365712
0.121769195280944 0.080271171627328
0.111076029590876 0.077158022578750
0.101176435160691 0.074016596998495
0.092024508482543 0.070861928587374
0.083572986184397 0.067709726531455
0.075776984231320 0.064574188000342
0.068592799654341 0.061468464155156
0.061977076140983 0.058405009871074
0.055890802038699 0.055392434646932
0.050298989127804 0.052436071994668
0.045166657827275 0.049541714798855
0.040459869270217 0.046714964420994
0.036149307455109 0.043958678635069
0.032207565612324 0.041274997129356
0.028607378596921 0.038666669294952
0.025322388032061 0.036136618741253
0.022331170149203 0.033686941869256
0.019615778470968 0.031319075020885
0.017157419257881 0.029034586184549
0.014936992173563 0.026835030067335
0.012935725305624 0.024721764319081
0.011137168723579 0.022694741982064
0.009526538292839 0.020753110087037
0.008088984128462 0.018896521451562
0.006809896978500 0.017124983645038
0.005675179473595 0.015438708325665
0.004671596898362 0.013838027615600
0.003791542734800 0.012323902914533
0.003031269000867 0.010897650838116
0.002384283185774 0.009560089772878
0.001842009019869 0.008311607639096
0.001394617192494 0.007152262266305
0.001031654485700 0.006081864453312
0.000742516599407 0.005100046637741
0.000516800253237 0.004206319599308
0.000344773053003 0.003400158867995
0.000218278523748 0.002681178162592
0.000129457297472 0.002048894609084
0.000070556711094 0.001502700789580
0.000034294505372 0.001041941920803
0.000014134671840 0.000665976452934
0.000004493517773 0.000374222924806
0.000000890626795 0.000166195428359
0.000000055792015 0.000041529489348
0.000000000000000 0.000000000000000
0.000000053420609 -0.000040598119228
0.000000859821076 -0.000162596527433
0.000004395428825 -0.000366562483997
0.000014081570821 -0.000653289414700
0.000034981681283 -0.001023560508496
0.000074088535815 -0.001477800554501
0.000140713734954 -0.002015597838996
0.000246995784442 -0.002635071269950
0.000408548169400 -0.003332050050007
0.000645274825260 -0.004099023794550
0.000981633216313 -0.004924498157245
0.001439468472350 -0.005799004785008
0.002036534628432 -0.006715757946190
0.002788115502915 -0.007668274650251
0.003705349424064 -0.008650739387043
0.004793002049897 -0.009658536795806
0.006046587106803 -0.010688953112534
0.007448784274870 -0.011742069677507
0.008982343834065 -0.012818508873043
0.010654027067626 -0.013915119092887
0.012474927629586 -0.015029300269138
0.014457424771397 -0.016160240392845
0.016615332776460 -0.017309733387134
0.018964069656348 -0.018483258347588
0.021520563894716 -0.019689969750734
0.024300961315803 -0.020931932699225
0.027320775047211 -0.022206074710885
0.030595503049953 -0.023509058025048
0.034140155763861 -0.024837422287328
0.037968611710987 -0.026187745914652
0.042096453114246 -0.027556765682856
0.046546381370452 -0.028941510817728
0.051343660567915 -0.030339903190972
0.056515332176134 -0.031751411155058
0.062090171846887 -0.033177703837819
0.068098834979467 -0.034618164490235
0.074573803121900 -0.036067875054084
0.081548913865001 -0.037522028684395
0.089058974331062 -0.038976639480819
0.097141369288215 -0.040426737923842
0.105837367560416 -0.041864926996786
0.115189755333772 -0.043284208491598
0.125242226806682 -0.044678401924587
0.136039701960931 -0.046038886297679
0.147627209513575 -0.047356277183430
0.160048513758912 -0.048622399904338
0.173346502657705 -0.049825044307041
0.187561833375881 -0.050948235634699
0.202730395019898 -0.051976216900100
0.218882079708646 -0.052893465213717
0.236038444605668 -0.053686053339647
0.254210663759893 -0.054339290072801
0.273398035055131 -0.054832527818219
0.293584976805145 -0.055145592994203
0.314739244462077 -0.055260635661109
0.336810061486893 -0.055163124101870
0.359727269120148 -0.054838287526060
0.383400944307204 -0.054271848756237
0.407721435771145 -0.053445540883671
0.432560922603432 -0.052336610140659
0.457776349182772 -0.050934821652386
0.483213127224981 -0.049245076302031
0.508709068151172 -0.047256220056101
0.534098620355413 -0.044934234114254
0.559202036466551 -0.042164500757863
0.583832642649368 -0.038769711575033
0.607838114654246 -0.034766660511314
0.631103164348165 -0.030342849544300
0.653556242427221 -0.025744628213204
0.675164910647716 -0.021250494205755
0.695897705023319 -0.017046729940866
0.715716475123698 -0.013197094516844
0.734595029410968 -0.009732745539746
0.752516810842352 -0.006654058824789
0.769476668704643 -0.003944459363841
0.785481693998217 -0.001582855189962
0.800548997659199 0.000450885098851
0.814703905677677 0.002179246675138
0.827978097055911 0.003627354588703
0.840407291811415 0.004819161433247
0.852030181948566 0.005778029339185
0.862887703655769 0.006528053436771
0.873021805321715 0.007093026572872
0.882473923026083 0.007495083103734
0.891284942923304 0.007754971074568
0.899495026720118 0.007892171997695
0.907143115013406 0.007924655058577
0.914266442232675 0.007869157388827
0.920900209016715 0.007741436793381
0.927077773546756 0.007555284540493
0.932830590062355 0.007322581188250
0.938188160025039 0.007053510453205
0.943178032111625 0.006756782153969
0.947825832491528 0.006439992226111
0.952155334223298 0.006109625024660
0.956188542419876 0.005771077192830
0.959945784074657 0.005428821136667
0.963445804002651 0.005086547605812
0.966705863216534 0.004747287864259
0.969741814286010 0.004413389995136
0.972568168561322 0.004086446699672
0.975198260163056 0.003767775940407
0.977644339466780 0.003458518122070
0.979917648507452 0.003159650185193
0.982028492702826 0.002872000873681
0.983986308419836 0.002596266282665
0.985799726107661 0.002333025529898
0.987476627959687 0.002082777472724
0.989024202144825 0.001845952473397
0.990448994321197 0.001622885177616
0.991756953052280 0.001413828191100
0.992953471062803 0.001218966996477
0.994043422688553 0.001038432732368
0.995031197720724 0.000872313116007
0.995920731846628 0.000720661755506
0.996715533883606 0.000583506065810
0.997418709993554 0.000460853973496
0.998032985053028 0.000352699569594
0.998560721339354 0.000259027846445
0.999003934677395 0.000179818633889
0.999364308174980 0.000115049831554
0.999643203658010 0.000064700017430
0.999841670899041 0.000028750497884
0.999960454715938 0.000007186850682
1.000000000000000 0.000000000000000
