1.000000000000000 0.000000000000000
0.999960256096363 0.000005885770076
0.999840879545258 0.000023561743421
0.999641434867979 0.000053084022548
0.999361193064543 0.000094546490168
0.998999126781142 0.000148081381572
0.998553903485712 0.000213860095303
0.998023876592351 0.000292094251748
0.997407074457814 0.000383037012486
0.996701187155466 0.000486984676785
0.995903550913757 0.000604278575690
0.995011130087577 0.000735307288794
0.994020496511813 0.000880509214266
0.992927806067035 0.001040375529152
0.991728772267883 0.001215453584721
0.990418636665527 0.001406350790978
0.988992135837121 0.001613739055871
0.987443464717995 0.001838359858695
0.985766236017376 0.002081030054452
0.983953435446885 0.002342648527304
0.981997372484467 0.002624203837920
0.979889626396936 0.002926783042799
0.977620987254665 0.003251581905416
0.975181391695716 0.003599916771495
0.972559853238418 0.003973238446758
0.969744387006974 0.004373148498704
0.966721928831456 0.004801418508919
0.963478248820829 0.005260012934588
0.959997859697061 0.005751116404403
0.956263920434131 0.006277166483200
0.952258136085311 0.006840893201784
0.947960655126382 0.007445366975479
0.943349966216257 0.008094056940898
0.938402797008584 0.008790902240743
0.933094018570585 0.009540399397324
0.927396563573213 0.010347730554997
0.921281542465112 0.011220013484834
0.914718395859719 0.012167654382875
0.907674779030418 0.013203913359308
0.900116657801977 0.014345508360207
0.892007690985997 0.015608102410946
0.883308326160042 0.016999410056295
0.873976820129163 0.018524489006979
0.863969493105653 0.020185401318954
0.853240595551931 0.021978587663721
0.841742755005476 0.023893427692267
0.829427658259504 0.025911059801679
0.816250277325460 0.028024620976322
0.802172416374606 0.030253730247557
0.787160421570293 0.032619669225206
0.771173258000655 0.035047662353275
0.754164532643244 0.037366192153602
0.736113337320033 0.039497868875817
0.717027717341508 0.041459186909305
0.696917876819859 0.043133908390935
0.675818966748735 0.044540233515747
0.653801292845307 0.045934378726406
0.630934201397175 0.047319075509365
0.607298770538367 0.048596298796181
0.583002793816438 0.049763313792315
0.558172476326711 0.050829011591660
0.532947515319104 0.051785489971556
0.507479311674287 0.052622421762065
0.481926786169000 0.053331880409367
0.456451514110002 0.053915575483214
0.431212537601744 0.054372880581436
0.406361465443695 0.054696862929721
0.382038439922528 0.054891349728336
0.358368553502985 0.054965868573596
0.335459193015947 0.054921524615830
0.313398506007950 0.054762085066072
0.292254912687371 0.054500548341915
0.272077577410229 0.054145695545432
0.252897608287354 0.053697575706356
0.234729649533149 0.053160546418231
0.217573948615475 0.052543967407117
0.201418156626158 0.051858817614207
0.186239545614400 0.051116794395116
0.172007804718983 0.050326983396214
0.158687983004150 0.049489813127789
0.146240461541828 0.048607580167880
0.134620653670455 0.047693556230567
0.123781445677532 0.046765951478198
0.113678253511470 0.045824689039712
0.104278296437953 0.044797542617853
0.095548694198725 0.043619456155808
0.087450409973661 0.042286844689501
0.079939190296935 0.040857543142802
0.072972640738495 0.039379815689459
0.066514076795939 0.037871690950542
0.060530394192443 0.036335856923086
0.054989215315722 0.034777590274317
0.049858743932138 0.033210231658575
0.045107909499702 0.031656375615503
0.040707758706481 0.030133920723268
0.036631566917189 0.028655676512917
0.032856445767159 0.027220703151728
0.029363683387672 0.025812603356715
0.026135129888435 0.024420336732250
0.023153126071889 0.023038454703118
0.020401265785848 0.021665356672907
0.017875533594846 0.020299819185861
0.015579033543486 0.018941173445735
0.013508475443885 0.017591395053319
0.011655640465355 0.016254313545122
0.010009020376550 0.014934920505350
0.008553980164753 0.013638862059249
0.007267868984183 0.012372072037965
0.006128000967125 0.011140510559622
0.005115552347911 0.009949982954119
0.004214897500158 0.008806018853225
0.003413048856022 0.007713795600925
0.002699199826106 0.006678094099589
0.002067027258361 0.005703708320692
0.001525645071890 0.004797251517682
0.001081356737635 0.003964268894670
0.000731801166690 0.003208343249732
0.000468833170607 0.002531603576325
0.000280792657165 0.001935132577098
0.000154269845375 0.001419289568556
0.000075470650458 0.000983965016662
0.000031264270770 0.000628779575382
0.000009977114897 0.000353237753670
0.000001982607948 0.000156844076182
0.000000124355526 0.000039187718747
0.000000000000000 0.000000000000000
0.000000122267623 -0.000038798242080
0.000001970216520 -0.000155378703252
0.000010092055396 -0.000350289697054
0.000032401999008 -0.000624407158652
0.000079991866911 -0.000978600809878
0.000166395516654 -0.001413066144911
0.000307324489795 -0.001926701970784
0.000520107680203 -0.002516210385119
0.000822924042262 -0.003174922617264
0.001233792317708 -0.003891296495292
0.001769252064530 -0.004647008959308
0.002442652365969 -0.005414546912614
0.003263002227764 -0.006157498852326
0.004240699119042 -0.006853623192623
0.005385087341550 -0.007493839933614
0.006699942038335 -0.008076690889845
0.008180953275223 -0.008611588017846
0.009812508014484 -0.009123049970390
0.011574111421995 -0.009642911476443
0.013468400618965 -0.010175534221308
0.015505232148725 -0.010718195425940
0.017696542723202 -0.011268093004165
0.020056856335007 -0.011822430814528
0.022603858726377 -0.012378546401346
0.025355019479028 -0.012934306850498
0.028323648215916 -0.013488614409151
0.031522751399341 -0.014041607982306
0.034965163035303 -0.014595196852962
0.038663130424440 -0.015153775069522
0.042630743211992 -0.015721477102331
0.046888104207565 -0.016297342782006
0.051457989416673 -0.016879801687600
0.056365541760701 -0.017467508545271
0.061637987561654 -0.018059656813505
0.067302687937108 -0.018656685027980
0.073388107153182 -0.019260577379957
0.079924198510038 -0.019875309927725
0.086943636463825 -0.020503415986001
0.094482642064540 -0.021143681150970
0.102579773543369 -0.021794677407429
0.111275292424636 -0.022455188510338
0.120610823116302 -0.023124441924254
0.130629303098941 -0.023802090566284
0.141374957885657 -0.024486173177642
0.152892564680145 -0.025173751250989
0.165226478614433 -0.025861357076630
0.178419695482523 -0.026542810399437
0.192512544105629 -0.027210300858596
0.207541151929991 -0.027856127487877
0.223535688754109 -0.028473658979106
0.240518439113344 -0.029056901884224
0.258501768040831 -0.029601448135753
0.277485886846729 -0.030101731251973
0.297456909121072 -0.030540267585573
0.318384604173565 -0.030899505265816
0.340220379956181 -0.031186631568195
0.362896468314133 -0.031410896791437
0.386326008144993 -0.031551708817995
0.410403158515362 -0.031595304884672
0.435004436900802 -0.031556696963635
0.459991310976710 -0.031429880399535
0.485213702184564 -0.031185083267460
0.510514287874708 -0.030814080666604
0.535733039923789 -0.030314260489533
0.560711755384229 -0.029666678432223
0.585301450575192 -0.028912398504171
0.609366616200538 -0.028149737743300
0.632783607468383 -0.027370346326785
0.655445080025566 -0.026526839059587
0.677263946479316 -0.025622182239228
0.698173870098004 -0.024687921257124
0.718129135471568 -0.023782015037446
0.737100220859496 -0.022920447864956
0.755072454471083 -0.022087416296449
0.772045002672962 -0.021259889848706
0.788030484680122 -0.020441645581303
0.803052444275476 -0.019656492083217
0.817141306644073 -0.018910259177391
0.830332551778496 -0.018193005448471
0.842665966185977 -0.017497620201826
0.854184408467770 -0.016824456409821
0.864932325192678 -0.016176955530619
0.874954500891240 -0.015557351491846
0.884294617245346 -0.014957549508482
0.892994421757039 -0.014356076891810
0.901094682726234 -0.013738324049603
0.908634708730633 -0.013096870484933
0.915651323456364 -0.012430963838092
0.922179542725165 -0.011743005804569
0.928252764397386 -0.011036692993836
0.933902755701577 -0.010317447730489
0.939160499876447 -0.009597821909353
0.944055050440418 -0.008890324137962
0.948612993384587 -0.008203814707072
0.952858649569520 -0.007544342419865
0.956814265571851 -0.006915820571548
0.960500189475514 -0.006320554850598
0.963935032330705 -0.005759653943126
0.967135816087579 -0.005233347581644
0.970118108854203 -0.004741231813723
0.972896148340753 -0.004282457223589
0.975482954342707 -0.003855872574804
0.977890431091505 -0.003460133722032
0.980129460266248 -0.003093785548164
0.982209985418374 -0.002755323020246
0.984141088515478 -0.002443236140481
0.985931059262524 -0.002156042528314
0.987587457810278 -0.001892310550026
0.989117171412802 -0.001650675268010
0.990526465549175 -0.001429848976366
0.991821029979759 -0.001228627693485
0.993006020164580 -0.001045894672639
0.994086094431052 -0.000880621749821
0.995065447240280 -0.000731869159608
0.995947838865675 -0.000598784303197
0.996736621764414 -0.000480599838834
0.997434763891326 -0.000376631376638
0.998044869175988 -0.000286274991556
0.998569195356884 -0.000209004715606
0.999009669341389 -0.000144370130129
0.999367900236748 -0.000091994147826
0.999645190175122 -0.000051571050675
0.999842543034782 -0.000022864831807
0.999960671139616 -0.000005707875639
1.000000000000000 0.000000000000000
