1.000000000000000 0.000000000000000
0.999959395462586 0.000001944677481
0.999837440055810 0.000007856656845
0.999633707475532 0.000017970016418
0.999347484137448 0.000032675649787
0.998977764529451 0.000052522307398
0.998523244641433 0.000078217841574
0.997982313407965 0.000110630424259
0.997353042079288 0.000150789414860
0.996633171414863 0.000199885441925
0.995820096570973 0.000259269119927
0.994910849529260 0.000330447642175
0.993902078886074 0.000415078261589
0.992790026792815 0.000514957378904
0.991570502804278 0.000632003584988
0.990238854354891 0.000768232528139
0.988789933540774 0.000925720869898
0.987218059837789 0.001106555818372
0.985516978331086 0.001312765740376
0.983679815889355 0.001546301715359
0.981699058351975 0.001809674441317
0.979566495827781 0.002105884165675
0.977273153029905 0.002438089160827
0.974809225584299 0.002809561933810
0.972164019165407 0.003223842730943
0.969325897819004 0.003685248394764
0.966282191978195 0.004198545302100
0.963019109904240 0.004768843009939
0.959521646738985 0.005401566411199
0.955773487187454 0.006102404312667
0.951756901942964 0.006877225711019
0.947452638784701 0.007732024941957
0.942839816832950 0.008673791512606
0.937895809578163 0.009710542269034
0.932596119561758 0.010850681668364
0.926914256804861 0.012102851298679
0.920821635942048 0.013475837131425
0.914287627100051 0.014979371215636
0.907279462931476 0.016623804003449
0.899762120272775 0.018419362980027
0.891698348779560 0.020376166147967
0.883048829966929 0.022504871565083
0.873772207779363 0.024815507191007
0.863825439943841 0.027317500556497
0.853164443401475 0.030020536807695
0.841744367945672 0.032932919540191
0.829520599348613 0.036062323730419
0.816449402126245 0.039414109401804
0.802487649199610 0.042985118980076
0.787594026979069 0.046762133882861
0.771730704645455 0.050720543280746
0.754866132072148 0.054826664107125
0.736978709469639 0.059042262959893
0.718059824524481 0.063326864222824
0.698116773661959 0.067641050162692
0.677170388962819 0.071924016035031
0.655246886423492 0.076037547592099
0.632386007149006 0.079771240696707
0.608658167676185 0.082894955318192
0.584184228078689 0.085317864901906
0.559121271477781 0.087138284544824
0.533633411680158 0.088479563018853
0.507885002535238 0.089392479865089
0.482044006643561 0.089897498262841
0.456279686408665 0.090012201712130
0.430757750029920 0.089763184983903
0.405636164815151 0.089158949318640
0.381059742253814 0.088238665701296
0.357157995617266 0.087025434452673
0.334041165432736 0.085554303227156
0.311799827455045 0.083857313997614
0.290503956354833 0.081964766210879
0.270203489754161 0.079908633626300
0.250929843240085 0.077715308006347
0.232696427389174 0.075418395173972
0.215502427016296 0.073042922875188
0.199334256356393 0.070612256360967
0.184167723808818 0.068149322151729
0.169971015015696 0.065670988182314
0.156706651500553 0.063190130991295
0.144333527172426 0.060715678901056
0.132806643862133 0.058259016288201
0.122078508284281 0.055833925342351
0.112101556058944 0.053451770870562
0.102829926017091 0.051120067403435
0.094218373169678 0.048845149836045
0.086222063340100 0.046631864577980
0.078797368459324 0.044483729343864
0.071903035442181 0.042403753807513
0.065503384552242 0.040389285497039
0.059570564130785 0.038428242606625
0.054076679563019 0.036512266239229
0.048993506344804 0.034637118213504
0.044292082178928 0.032803474209957
0.039938196343335 0.031025348186919
0.035899356960868 0.029316933447456
0.032147486284958 0.027687424398827
0.028658195548415 0.026142232611808
0.025410188672695 0.024683946832838
0.022385779891121 0.023311423350925
0.019615143624992 0.021946731065489
0.017165462749319 0.020452934839612
0.014968639477311 0.018917846812711
0.012892114699378 0.017537321629471
0.010855342744207 0.016424073127177
0.008964090568353 0.015397522871404
0.007379133595166 0.014191475346343
0.006026668720404 0.012913593787140
0.004828421544563 0.011684846535480
0.003799374583367 0.010487552303255
0.002944161564649 0.009309790857450
0.002242987605704 0.008166067781962
0.001674424018477 0.007070900961726
0.001219738738100 0.006036113281431
0.000863428996863 0.005072248419873
0.000590879058487 0.004186636395887
0.000388234595722 0.003383835236620
0.000242626514508 0.002666371996686
0.000142328337166 0.002035330347992
0.000076864145886 0.001490814872560
0.000037080315295 0.001032316020995
0.000015191280406 0.000658994707274
0.000004807219761 0.000369901445865
0.000000949644089 0.000164141597760
0.000000059356499 0.000040995512757
0.000000000000000 0.000000000000000
0.000000058263224 -0.000040590853413
0.000000935641774 -0.000162495257026
0.000004765561742 -0.000366093289276
0.000015190189085 -0.000651966086562
0.000037493386113 -0.001020814435533
0.000078793009150 -0.001473338827750
0.000148033239019 -0.002010074983338
0.000255444901816 -0.002631176631322
0.000412662089084 -0.003336132774588
0.000632701572157 -0.004123405798398
0.000929839918033 -0.004989971805513
0.001319434870279 -0.005930739669425
0.001817671903526 -0.006937819351622
0.002441211495451 -0.007999602560055
0.003206705854174 -0.009099609530618
0.004129669495663 -0.010217155491751
0.005219515890066 -0.011343687430501
0.006478048794968 -0.012482194222422
0.007908020398672 -0.013631495133736
0.009529238681659 -0.014765944363063
0.011355104640411 -0.015867430586435
0.013382925525216 -0.016941417139542
0.015614684204120 -0.017992885255303
0.018056769482868 -0.019026443339383
0.020715374798642 -0.020050861807280
0.023593373159861 -0.021082599233757
0.026698245886758 -0.022138169718738
0.030042645580722 -0.023231840510861
0.033643620835402 -0.024366110051810
0.037520588011735 -0.025539673837731
0.041694481128100 -0.026750960409971
0.046187781422168 -0.027998152286967
0.051024514143825 -0.029279235718840
0.056230328162959 -0.030592131729636
0.061833292520349 -0.031935127468818
0.067863644846317 -0.033307086828765
0.074353409320068 -0.034707762074724
0.081336273774952 -0.036138308431736
0.088848063357112 -0.037601291955061
0.096926551616593 -0.039101492483234
0.105610708030397 -0.040647152529476
0.114942775791090 -0.042237037062944
0.124969896041001 -0.043849279560978
0.135740944761929 -0.045456106256765
0.147300960038951 -0.047055721043994
0.159691253206428 -0.048665711319314
0.172954468056787 -0.050284529000882
0.187133650668504 -0.051889241138974
0.202265873847115 -0.053468022797721
0.218380949998733 -0.055016335131342
0.235502057755329 -0.056517899995855
0.253642166672993 -0.057956290996713
0.272801522354327 -0.059316172213996
0.292966333063701 -0.060573499037813
0.314105521904480 -0.061712697827221
0.336169774873908 -0.062714329477173
0.359090342023798 -0.063559684385035
0.382778474036957 -0.064227982934009
0.407126144132393 -0.064696295446042
0.432006977630864 -0.064952626287541
0.457279539912725 -0.064969621351974
0.482790160447092 -0.064744504900080
0.508377915826825 -0.064264336621351
0.533878001859315 -0.063503678155086
0.559131559184896 -0.062511552033475
0.583976398629305 -0.061164761298196
0.608258666972039 -0.059310622808777
0.631845856343964 -0.057031962095752
0.654614757337477 -0.054264457208064
0.676490659159020 -0.051218080146506
0.697423347807494 -0.048058099218614
0.717375866899191 -0.044880900335226
0.736332055534178 -0.041782376799660
0.754266939883288 -0.038706390676885
0.771178696295415 -0.035643317497921
0.787102968391679 -0.032725994203639
0.802064915446257 -0.029967249341689
0.816093691371464 -0.027356096310684
0.829229483246369 -0.024909830503419
0.841514543714005 -0.022633851076070
0.852991564221699 -0.020521014372345
0.863704669539816 -0.018564206155944
0.873698561059553 -0.016757329057991
0.883017342542629 -0.015093235712882
0.891704059772748 -0.013564804472584
0.899800143808777 -0.012164242892962
0.907345134728157 -0.010883525352372
0.914376587003399 -0.009715433274625
0.920929865281918 -0.008652480289666
0.927038104798148 -0.007686947444877
0.932732280616914 -0.006811588432534
0.938041259683423 -0.006019725140014
0.942991823718320 -0.005304713101338
0.947608768505689 -0.004660067709799
0.951915013402731 -0.004079612054609
0.955931700626154 -0.003558161511940
0.959678315138221 -0.003091257217700
0.963172812016124 -0.002674448409919
0.966431721830305 -0.002303376573201
0.969470251161896 -0.001973856441903
0.972302378254028 -0.001681927510896
0.974940943283364 -0.001423883917596
0.977397733007336 -0.001196419619715
0.979683559698106 -0.000996917993177
0.981808334177689 -0.000822906453382
0.983781133377740 -0.000671958664781
0.985610262458623 -0.000541746169540
0.987303307761476 -0.000430385255962
0.988867189596081 -0.000336409319482
0.990308216896531 -0.000258234492763
0.991632130034521 -0.000194199643633
0.992844139214939 -0.000142631216345
0.993948959284200 -0.000101890662834
0.994950841162435 -0.000070408578738
0.995853600103033 -0.000046708756839
0.996660640972109 -0.000029424663020
0.997374980727351 -0.000017310284885
0.997999268261130 -0.000009246868250
0.998535801757337 -0.000004246715750
0.998986543695431 -0.000001454954501
0.999353133619118 -0.000000149969878
0.999636898770922 0.000000256962652
0.999838862677891 0.000000222446361
0.999959751757863 0.000000071835721
1.000000000000000 0.000000000000000
