1.000000000000000 0.000000000000000
0.999960333260649 0.000004723870753
0.999841188870151 0.000018912759829
0.999642133358331 0.000042618607257
0.999362441090381 0.000075928345729
0.999001089460654 0.000118964452160
0.998556752104945 0.000171885725014
0.998027790071755 0.000234888292485
0.997412240875438 0.000308206857984
0.996707805336042 0.000392116190635
0.995911832092134 0.000486932869642
0.995021299653814 0.000593017292343
0.994032795843550 0.000710775956489
0.992942494452466 0.000840664027647
0.991746128919424 0.000983188202550
0.990438962819873 0.001138909878498
0.989015756931409 0.001308448637362
0.987470732623768 0.001492486050098
0.985797531303377 0.001691769803580
0.983989169627480 0.001907118145551
0.982037990191841 0.002139424634989
0.979935607390668 0.002389663174024
0.977672850955617 0.002658916845151
0.975239711265093 0.002948467246844
0.972625262851444 0.003259748388556
0.969817570367506 0.003594202550596
0.966803612531654 0.003953337338379
0.963569198465092 0.004338768955625
0.960098873168482 0.004752222904044
0.956375825005998 0.005195596796950
0.952381813392918 0.005671232162836
0.948097049870334 0.006181825007917
0.943500027542216 0.006729919437903
0.938567372717205 0.007317585180090
0.933273854927576 0.007947396150694
0.927592392115947 0.008623305035964
0.921493876471179 0.009349903089784
0.914946838818753 0.010130156831949
0.907917633670986 0.010967274060944
0.900370580931652 0.011865871760764
0.892267891630158 0.012830883368175
0.883569714884490 0.013866900302167
0.874234382994650 0.014978433032556
0.864218829210217 0.016170693967772
0.853479049432888 0.017449615741485
0.841970540609910 0.018820319806513
0.829649178310678 0.020287695205227
0.816472341049855 0.021857261644466
0.802399949770131 0.023533362463630
0.787395694787831 0.025316874952467
0.771428709686527 0.027204615491794
0.754475472614783 0.029188678913351
0.736522276066832 0.031259181360709
0.717566958112407 0.033399750311475
0.697621223987693 0.035587896020196
0.676712396953237 0.037791721300307
0.654885378641895 0.039970533121559
0.632203533682530 0.042069717363490
0.608748585503207 0.044010727758792
0.584617816190456 0.045628112407482
0.559940057981000 0.046919799025226
0.534862573854672 0.047962606587664
0.509538995671482 0.048777257964803
0.484129402524713 0.049376322250029
0.458795787430910 0.049770368580954
0.433697383570483 0.049969294309526
0.408985859341324 0.049984808405788
0.384801244809518 0.049826615287267
0.361268326819620 0.049509701795348
0.338494236293079 0.049046600490274
0.316566756323452 0.048453294916692
0.295554121784605 0.047742780439361
0.275505180977361 0.046930132995153
0.256450599016582 0.046030773631098
0.238404622342447 0.045058050595387
0.221367014345055 0.044024056840140
0.205325345299461 0.042940693883817
0.190257199758767 0.041818158083949
0.176132147252659 0.040666848499091
0.162913923144563 0.039495458179432
0.150562241763672 0.038310135885011
0.139033794669446 0.037118749908553
0.128284183077649 0.035924823808287
0.118268437409379 0.034733264297099
0.108941980927938 0.033548462089655
0.100261545755985 0.032372604651580
0.092185055419936 0.031208423200584
0.084672123629282 0.030058705661764
0.077684940545427 0.028923016558294
0.071187304080955 0.027803617700309
0.065145381579286 0.026701173602269
0.059527768800325 0.025615313552150
0.054304990184436 0.024546889061570
0.049450084033977 0.023494700035319
0.044937706456808 0.022458998656647
0.040744028370751 0.021442165379635
0.036847249913475 0.020445152519023
0.033229905007984 0.019459072186205
0.029873658404870 0.018484290586347
0.026759959611605 0.017527579618984
0.023874554942384 0.016585263621179
0.021204231560337 0.015655113862282
0.018736233689729 0.014737880571499
0.016459293068923 0.013832635985898
0.014363552160794 0.012937985805825
0.012439646199127 0.012054180387007
0.010679397204266 0.011180838849141
0.009076229336472 0.010316996293115
0.007623563987113 0.009463267181355
0.006315571487659 0.008620727104741
0.005148649942827 0.007788591997354
0.004117798332112 0.006969885297255
0.003219819391671 0.006166639612551
0.002451099838186 0.005381910238254
0.001806850583402 0.004623579091339
0.001281603652459 0.003897180468133
0.000868626595136 0.003204468957482
0.000557222268271 0.002555828199057
0.000334088288011 0.001966995690505
0.000183710598489 0.001448438468755
0.000089936049767 0.001006247071704
0.000037276984407 0.000643543638637
0.000011900774414 0.000361570012928
0.000002365542130 0.000160510980084
0.000000148398948 0.000040094553113
0.000000000000000 0.000000000000000
0.000000148387641 -0.000040094553198
0.000002365497241 -0.000160510980721
0.000011900674695 -0.000361570015475
0.000037276810344 -0.000643543645958
0.000089935784312 -0.001006247088806
0.000183710227845 -0.001448438503465
0.000334087802469 -0.001966995754195
0.000557221663122 -0.002555828307436
0.000868625871672 -0.003204469131457
0.001281602818008 -0.003897180727009
0.001806849649138 -0.004623579429219
0.002451098819534 -0.005381910646517
0.003219818300616 -0.006166640094445
0.004117797180505 -0.006969885849923
0.005148648742087 -0.007788592614976
0.006315570246783 -0.008620727782352
0.007623562713137 -0.009463267914717
0.009076228036372 -0.010316997075819
0.010679395881889 -0.011180839678871
0.012439644860500 -0.012054181256350
0.014363550807993 -0.012937986713489
0.016459291705373 -0.013832636927536
0.018736232317784 -0.014737881544305
0.021204230182393 -0.015655114862491
0.023874553560005 -0.016585264646982
0.026759958226469 -0.017527580668256
0.029873657018848 -0.018484291655203
0.033229903622194 -0.019459073273349
0.036847248528106 -0.020445153626241
0.040744026987804 -0.021442166501792
0.044937705077572 -0.022458999791198
0.049450082659194 -0.023494701181838
0.054304988814966 -0.024546890219142
0.059527767437173 -0.025615314719091
0.065145380223455 -0.026701174777036
0.071187302733362 -0.027803618881818
0.077684939207140 -0.028923017744584
0.084672122301167 -0.030058706852234
0.092185054103100 -0.031208424393437
0.100261544451482 -0.032372605845468
0.108941979636835 -0.033548463283335
0.118268436132836 -0.034733265489085
0.128284181816882 -0.035924824997044
0.139033793425669 -0.037118751092743
0.150562240538193 -0.038310137062906
0.162913921938713 -0.039495459349439
0.176132146067819 -0.040666849659596
0.190257198596386 -0.041818159233104
0.205325344160990 -0.042940695019979
0.221367013231986 -0.044024057961474
0.238404621256287 -0.045058051700028
0.256450597958829 -0.046030774717152
0.275505179949491 -0.046930134060698
0.295554120788050 -0.047742781482549
0.316566755359566 -0.048453295935768
0.338494235363122 -0.049046601483404
0.361268325924723 -0.049509702760894
0.384801243950653 -0.049826616223655
0.408985858519281 -0.049984809311709
0.433697382785839 -0.049969295183790
0.458795786684014 -0.049770369422673
0.484129401815667 -0.049376323058398
0.509538995000141 -0.048777258739564
0.534862573220632 -0.047962607328747
0.559940057383616 -0.046919799733026
0.584617815628844 -0.045628113082983
0.608748584976388 -0.044010728405686
0.632203533188801 -0.042069717978148
0.654885378179698 -0.039970533702645
0.676712396521064 -0.037791721847784
0.697621223584031 -0.035587896534456
0.717566957735764 -0.033399750793403
0.736522275715728 -0.031259181811387
0.754475472287768 -0.029188679334049
0.771428709382195 -0.027204615883953
0.787395694504809 -0.025316875317514
0.802399949507101 -0.023533362803035
0.816472340805560 -0.021857261959727
0.829649178083921 -0.020287695497842
0.841970540399554 -0.018820320077964
0.853479049237851 -0.017449615993170
0.864218829029475 -0.016170694200997
0.874234382827240 -0.014978433248576
0.883569714729509 -0.013866900502161
0.892267891486755 -0.012830883553231
0.900370580799035 -0.011865871931897
0.907917633548415 -0.010967274219112
0.914946838705539 -0.010130156978051
0.921493876366681 -0.009349903224651
0.927592392019562 -0.008623305160333
0.933273854838754 -0.007947396265295
0.938567372635432 -0.007317585285609
0.943500027467011 -0.006729919534964
0.948097049801247 -0.006181825097081
0.952381813329533 -0.005671232244632
0.956375824947929 -0.005195596871882
0.960098873115370 -0.004752222972585
0.963569198416598 -0.004338769018206
0.966803612487466 -0.003953337395404
0.969817570327330 -0.003594202602443
0.972625262815005 -0.003259748435578
0.975239711232133 -0.002948467289373
0.977672850925897 -0.002658916883499
0.979935607363959 -0.002389663208486
0.982037990167931 -0.002139424665841
0.983989169606168 -0.001907118173053
0.985797531284472 -0.001691769827976
0.987470732607091 -0.001492486071620
0.989015756916788 -0.001308448656231
0.990438962807147 -0.001138909894922
0.991746128908437 -0.000983188216728
0.992942494443072 -0.000840664039770
0.994032795835607 -0.000710775966739
0.995021299647187 -0.000593017300895
0.995911832086692 -0.000486932876664
0.996707805331659 -0.000392116196290
0.997412240871994 -0.000308206862430
0.998027790069130 -0.000234888295873
0.998556752103024 -0.000171885727493
0.999001089459325 -0.000118964453876
0.999362441089533 -0.000075928346824
0.999642133357855 -0.000042618607872
0.999841188869939 -0.000018912760102
0.999960333260596 -0.000004723870821
1.000000000000000 0.000000000000000
