1.000000000000000 0.000000000000000
0.999960017850093 0.000005700732811
0.999839924218076 0.000022810010920
0.999639276652535 0.000051349637698
0.999357334714784 0.000091357863816
0.998993055433512 0.000142892363261
0.998545086910055 0.000206034622163
0.998011760044401 0.000280895976036
0.997391078345385 0.000367625617972
0.996680705783664 0.000466421003318
0.995877952643464 0.000577541200781
0.994979759329652 0.000701323891853
0.993982678091430 0.000838206907938
0.992882852634232 0.000988755427165
0.991675995608970 0.001153696242656
0.990357363994916 0.001333960875973
0.988921731983278 0.001530722221664
0.987363360682534 0.001745396620424
0.985675968073153 0.001979741498094
0.983852697014725 0.002235955699418
0.981886081794382 0.002516790358374
0.979768014097240 0.002825687742984
0.977489701024637 0.003166901883156
0.975041322956840 0.003543700186869
0.972411739387136 0.003956914040061
0.969588615973852 0.004406269522093
0.966558299348874 0.004890113871433
0.963305648588430 0.005404897361607
0.959813904344407 0.005944943068592
0.956065532288529 0.006508695366691
0.952042304921418 0.007099963610348
0.947724661136841 0.007724414070553
0.943091665961948 0.008390043668607
0.938120953388722 0.009107536251509
0.932787601327361 0.009883471278444
0.927063728579778 0.010718294351230
0.920919034480960 0.011610483772397
0.914320657235905 0.012556034242435
0.907233694284609 0.013552302125582
0.899622348528683 0.014605881312587
0.891449209816960 0.015727276078729
0.882675320471005 0.016930483508900
0.873259400212263 0.018226062666015
0.863157440801693 0.019616001333330
0.852324017176582 0.021099609825500
0.840713077148668 0.022674525033620
0.828279169521505 0.024339268403566
0.814978094843118 0.026090655913455
0.800768242416998 0.027924312430469
0.785612518871581 0.029837636820837
0.769479777531221 0.031827275988324
0.752346822177008 0.033889442056184
0.734200607285454 0.036020256813770
0.715040346172854 0.038214605302625
0.694879515490197 0.040464825687002
0.673747782764134 0.042758704619319
0.651690882947613 0.045060627123309
0.628772666500147 0.047320140851214
0.605078276316600 0.049494497310979
0.580713330329990 0.051546667339875
0.555801677737105 0.053438749345465
0.530482917586690 0.055133957272311
0.504909497426497 0.056601390810936
0.479242187411049 0.057820193642808
0.453645488081876 0.058801893006859
0.428281713338984 0.059569798325860
0.403304509953796 0.060123901458331
0.378855550821905 0.060459832038504
0.355061849510890 0.060576703366138
0.332032616004937 0.060481433712252
0.309857548942454 0.060195290538090
0.288606292012059 0.059742379913308
0.268329043262747 0.059141750941071
0.249057310203376 0.058413252554114
0.230805060919466 0.057584895770626
0.213571445602363 0.056684179588580
0.197345007720407 0.055715059900275
0.182105161392960 0.054666995206873
0.167821670813326 0.053546122587328
0.154455423477238 0.052390086034633
0.141963201161991 0.051232948791097
0.130301913149836 0.050081136876626
0.119429515153820 0.048917161925480
0.109302335524281 0.047730918058000
0.099874018600661 0.046533407257785
0.091097050067337 0.045350512909680
0.082926297433052 0.044201390462131
0.075322675748685 0.043080676862448
0.068255879257096 0.041945355279594
0.061695326352563 0.040764524035855
0.055609921029323 0.039522467755834
0.049970787993481 0.038220819319814
0.044750535090388 0.036870725371065
0.039921779979920 0.035483971290197
0.035458294849765 0.034070795320572
0.031342885979913 0.032622284417490
0.027561661466568 0.031124766023762
0.024093126610904 0.029592582177446
0.020912957957964 0.028050645810953
0.018002061387087 0.026510370380505
0.015349044476287 0.024965380220689
0.012944782234357 0.023410382633832
0.010797885667564 0.021833108380945
0.008913425909509 0.020226094409394
0.007276857263718 0.018603974930522
0.005891449040685 0.016973265578320
0.004732311697103 0.015358773122643
0.003745784186356 0.013803863570192
0.002926138032128 0.012310344058237
0.002258387908034 0.010885579587138
0.001721725206987 0.009539322936773
0.001295459880665 0.008278548682287
0.000956003423117 0.007108406825264
0.000685338781173 0.006031423787634
0.000476073937842 0.005047135436759
0.000320140286092 0.004154489222016
0.000207116557536 0.003352326498190
0.000127693808687 0.002639351212763
0.000074032338582 0.002014206065304
0.000039582429818 0.001475551405455
0.000018936056201 0.001022126753710
0.000007705511791 0.000652798379089
0.000002425690776 0.000366595632435
0.000000477413536 0.000162738129761
0.000000029774322 0.000040655376865
0.000000000000000 0.000000000000000
0.000000029121863 -0.000040218945723
0.000000470025442 -0.000161050122381
0.000002445836045 -0.000362991469152
0.000008052079734 -0.000646782863061
0.000020702245372 -0.001013266568562
0.000045635102512 -0.001463181416575
0.000090607798683 -0.001996880002897
0.000166807940595 -0.002613954093004
0.000290028282181 -0.003312748736067
0.000482160111213 -0.004089739965712
0.000769082173990 -0.004939252341812
0.001161078123160 -0.005855231638818
0.001673124579219 -0.006826744068505
0.002349303723231 -0.007824513521159
0.003235679885060 -0.008797418352937
0.004293822748149 -0.009765504753076
0.005504996477108 -0.010742573728455
0.006897586083031 -0.011690425914613
0.008476631625842 -0.012598985931632
0.010215921184805 -0.013511317494649
0.012156600708603 -0.014357640094942
0.014299527926027 -0.015144992072424
0.016633203923310 -0.015902586562876
0.019156676067105 -0.016653166421226
0.021878310776921 -0.017416312684897
0.024807874363458 -0.018210466776934
0.027962292989728 -0.019024467846756
0.031362117940910 -0.019835047992901
0.035027257557137 -0.020626450567817
0.038974041867828 -0.021403558407589
0.043219817609137 -0.022173937044255
0.047785702907763 -0.022940302496964
0.052694345814996 -0.023707481474358
0.057969394239290 -0.024484745850081
0.063635695671688 -0.025285122097654
0.069722347765750 -0.026109380816394
0.076262062934126 -0.026949528948896
0.083290112103856 -0.027794327041173
0.090844139864134 -0.028630562037653
0.098962551616625 -0.029455147198728
0.107684718674111 -0.030272271706490
0.117051054352149 -0.031090843519049
0.127103828274402 -0.031916820305422
0.137887800432196 -0.032745858393551
0.149448292783204 -0.033572087442447
0.161830211254966 -0.034387426384514
0.175076948509320 -0.035179232520659
0.189229142833466 -0.035932056022738
0.204323033447269 -0.036634252611352
0.220388592802607 -0.037282266995284
0.237447732245937 -0.037873342157666
0.255512935581076 -0.038389623229038
0.274584683234662 -0.038804397311552
0.294648635349535 -0.039087016676512
0.315673481283699 -0.039203287411125
0.337609434876128 -0.039124136516379
0.360387059767148 -0.038833866727064
0.383917083650323 -0.038318990931150
0.408091130215965 -0.037564283888451
0.432782555088415 -0.036549539305388
0.457848399053595 -0.035240711124379
0.483133619605563 -0.033611780792325
0.508475494320442 -0.031654582022125
0.533712149214484 -0.029397346522764
0.558689287187474 -0.026916650151211
0.583261152632400 -0.024288219579000
0.607294353380404 -0.021578281647924
0.630672729749226 -0.018864300717722
0.653299683227760 -0.016233647175060
0.675096186135890 -0.013763655220222
0.696000915858689 -0.011519270434002
0.715967479077931 -0.009526418760590
0.734961909553592 -0.007759912256876
0.752966924714080 -0.006196121885465
0.769981757543219 -0.004833507158444
0.786018084800433 -0.003670132425695
0.801096498897801 -0.002689372740968
0.815244885924596 -0.001865988982902
0.828497480282813 -0.001177917289876
0.840893230487177 -0.000609417912516
0.852474073506513 -0.000147026971787
0.863283545086353 0.000223214477236
0.873365659631943 0.000519461427133
0.882764185551226 0.000758087547255
0.891522037817332 0.000951588250536
0.899680845667557 0.001103902302852
0.907280560012426 0.001214871563151
0.914359161616993 0.001285929649884
0.920952519865273 0.001320261617716
0.927094290133102 0.001325547796318
0.932815957291002 0.001309707212247
0.938146892065429 0.001278871243006
0.943114407127036 0.001237731223302
0.947743845340977 0.001189259520168
0.952058668396360 0.001135159544242
0.956080543776689 0.001076849897067
0.959829451912198 0.001015542651920
0.963323794990767 0.000952276128578
0.966580508536304 0.000888152439126
0.969615163859106 0.000824306705544
0.972442060194569 0.000761606036057
0.975074319006587 0.000700689409160
0.977523972875240 0.000642017754097
0.979802047514878 0.000585884850754
0.981918628548939 0.000532092755592
0.983882940211155 0.000480255187952
0.985703420113589 0.000430158809703
0.987387777413850 0.000381723797315
0.988943045944177 0.000334965625390
0.990375632802598 0.000289965841332
0.991691368000982 0.000247032994496
0.992895556146727 0.000207077245551
0.993992988911489 0.000170780372253
0.994987974441055 0.000138470025776
0.995884369920755 0.000110218892117
0.996685610319228 0.000085922576742
0.997394733650816 0.000065360615336
0.998014403050525 0.000048244108598
0.998546925914403 0.000034252755649
0.998994270321494 0.000023063481030
0.999358078920507 0.000014372384092
0.999639680434348 0.000007911362429
0.999840098908226 0.000003460453336
0.999960060801547 0.000000856683082
1.000000000000000 0.000000000000000
