1.000000000000000 0.000000000000000
0.999960084965708 0.000005389687169
0.999840194282505 0.000021575558019
0.999639890251428 0.000048608178170
0.999358440172825 0.000086572285384
0.998994811515826 0.000135587493083
0.998547665098540 0.000195809297563
0.998015346221642 0.000267430412284
0.997395873681261 0.000350682460879
0.996686926570075 0.000445838070097
0.995885828758334 0.000553213415225
0.994989530929175 0.000673171284070
0.993994590025185 0.000806124741985
0.992897145945971 0.000952541500475
0.991692895319724 0.001112949116578
0.990377062155967 0.001287941180668
0.988944365172405 0.001478184688132
0.987388981576964 0.001684428837404
0.985704507077870 0.001907515555570
0.983883911891538 0.002148392126061
0.981919492522145 0.002408126384906
0.979802819100772 0.002687925067090
0.977524678099363 0.002989156029085
0.975075010279876 0.003313375254902
0.972442843807761 0.003662359780585
0.969616222558270 0.004038147957620
0.966582129783508 0.004443088833647
0.963326407498679 0.004879902877043
0.959833672202028 0.005351756831839
0.956087227881704 0.005862356187157
0.952068977705270 0.006416059611531
0.947759336358910 0.007018020772814
0.943137145733014 0.007674364278917
0.938179597572416 0.008392404076560
0.932862167860478 0.009180914577929
0.927158522912635 0.010050166654939
0.921039737945373 0.011007406628612
0.914474045143252 0.012055643571865
0.907427113346662 0.013195699835586
0.899861919434317 0.014425341023813
0.891738887803336 0.015739831976244
0.883017610016145 0.017142526509320
0.873656612078936 0.018641890072366
0.863613150355704 0.020247971381111
0.852843236454926 0.021969489628898
0.841301322956116 0.023807586043917
0.828941653366388 0.025759373876070
0.815719679909164 0.027820333725095
0.801593999342374 0.029988393667932
0.786527234355923 0.032259883786684
0.770487321348706 0.034625947537420
0.753449338947633 0.037071306856572
0.735398062789857 0.039576599865195
0.716330655256976 0.042120433559786
0.696258577752152 0.044677466254497
0.675209885970030 0.047219292632074
0.653230883329136 0.049714178466191
0.630387491477574 0.052128000211952
0.606765736881933 0.054424899351118
0.582471459424703 0.056569092655179
0.557629183472092 0.058530062045847
0.532379359777047 0.060281609211442
0.506874625389397 0.061801152867183
0.481275700395625 0.063075324122969
0.455746308017476 0.064100259077839
0.430447832225776 0.064879992014518
0.405534106113925 0.065419005009601
0.381147241973780 0.065720594641913
0.357414195173407 0.065787840120895
0.334444059587538 0.065639756708396
0.312326539612148 0.065296687166907
0.291131545170356 0.064764717003358
0.270909757254514 0.064051101459694
0.251693577178713 0.063167388332984
0.233498485791720 0.062133886843737
0.216324967157850 0.060973462597828
0.200160914260164 0.059704966288092
0.184984401479725 0.058342455024130
0.170767604620623 0.056885699638254
0.157475348166303 0.055341650632388
0.145064661198996 0.053742937604264
0.133489415514449 0.052121921831074
0.122706184745011 0.050482076709887
0.112672871009398 0.048812815153365
0.103345579578769 0.047114223933584
0.094678833483246 0.045403505726524
0.086628013554684 0.043698571972054
0.079151118812913 0.042010714682027
0.072210701548504 0.040338802788759
0.065770907831238 0.038681937176778
0.059797188760116 0.037041663432598
0.054257845124293 0.035421177550283
0.049123433139536 0.033824535412965
0.044365677330269 0.032256014887345
0.039957760580761 0.030719615900778
0.035876156787706 0.029213955396601
0.032100062616441 0.027734049299312
0.028609188693788 0.026277792458048
0.025383949875633 0.024845316428115
0.022406073618475 0.023437888042225
0.019665895349752 0.022051254251114
0.017158432312514 0.020678636969841
0.014875138436206 0.019317481942236
0.012804881091015 0.017968423898754
0.010934953924454 0.016634267947558
0.009253368455456 0.015318468113134
0.007753293183938 0.014022643394472
0.006426516462123 0.012749594995597
0.005262395134540 0.011503669481629
0.004248814922902 0.010290171105274
0.003372910243855 0.009114925871914
0.002622127128384 0.007984317082318
0.001989699745824 0.006908469595963
0.001469727464544 0.005897590658512
0.001052980233647 0.004958906268212
0.000728116674259 0.004097312420573
0.000482700777389 0.003315950262058
0.000303980816553 0.002616664726338
0.000179482743657 0.002000369405379
0.000097459288884 0.001467335825098
0.000047227184215 0.001017421597306
0.000019417895736 0.000650248922073
0.000006161599151 0.000365342469151
0.000001219558163 0.000162233653737
0.000000076317775 0.000040536642553
0.000000000000000 0.000000000000000
0.000000074945076 -0.000040143975532
0.000001204939282 -0.000160777763024
0.000006148213770 -0.000362499206403
0.000019572193948 -0.000646234351396
0.000047993310109 -0.001013027673777
0.000099782214149 -0.001463791156565
0.000185158421654 -0.001998955567195
0.000316167953755 -0.002618004763759
0.000506641414829 -0.003318871403504
0.000772123113780 -0.004097162670405
0.001129758990322 -0.004945176079383
0.001598127512395 -0.005850654901646
0.002196993154206 -0.006795219761308
0.002946956279046 -0.007752396821850
0.003868386425335 -0.008688681753271
0.004976755776736 -0.009584860800892
0.006281637949229 -0.010432730124455
0.007785507884800 -0.011230190310686
0.009480715960250 -0.011983863266152
0.011345726936887 -0.012712387956300
0.013360148105197 -0.013434726730909
0.015531155451359 -0.014149442733604
0.017871090825517 -0.014853328160130
0.020394262343782 -0.015544818987354
0.023117338277061 -0.016224784080060
0.026059314022699 -0.016896757292098
0.029237091874826 -0.017560442230578
0.032665853626266 -0.018212935603686
0.036360799166280 -0.018852362302111
0.040336741425232 -0.019478504751901
0.044607941764276 -0.020093252903029
0.049193339947871 -0.020696666532047
0.054117078169718 -0.021287073549226
0.059405541235160 -0.021864225482412
0.065087438265483 -0.022430068684209
0.071193119787496 -0.022986573634679
0.077753777598602 -0.023533454833770
0.084802134852050 -0.024071855933254
0.092372514267938 -0.024604845939898
0.100502465069229 -0.025132328751180
0.109232388740000 -0.025652097797369
0.118604513929908 -0.026162792065960
0.128662134848461 -0.026666182567966
0.139449071516254 -0.027168177116380
0.151009397339342 -0.027675975446140
0.163387537567785 -0.028185316692080
0.176626820954068 -0.028686573014394
0.190767565555639 -0.029177741505218
0.205845447759672 -0.029667625335018
0.221890428763499 -0.030160589774607
0.238925148452718 -0.030648431044700
0.256962251810883 -0.031124327602856
0.276002011651697 -0.031587461296378
0.296030454945451 -0.032033199002350
0.317017402858602 -0.032451433606966
0.338914552466825 -0.032836678002925
0.361654407361066 -0.033184510953270
0.385150060624084 -0.033481128207734
0.409295495566313 -0.033717106606348
0.433967026821456 -0.033891473788810
0.459026014859599 -0.033996834196588
0.484322299796980 -0.034027471290110
0.509698424060057 -0.033983751849996
0.534994417119917 -0.033859383832236
0.560052768202585 -0.033650474282254
0.584723212466962 -0.033360478630053
0.608866981943767 -0.032991111953663
0.632360250576110 -0.032542614609202
0.655096647292764 -0.032014521667671
0.676988873313482 -0.031410287244380
0.697969202080588 -0.030735637564183
0.717988929741584 -0.029994360218313
0.737017446559030 -0.029191558174388
0.755040535391685 -0.028334568892154
0.772058431732024 -0.027431658133358
0.788083406969508 -0.026489682015595
0.803137811278403 -0.025515755227158
0.817251847053123 -0.024516594041891
0.830461662312971 -0.023498620295652
0.842807685816816 -0.022468686851626
0.854332857335276 -0.021433584508318
0.865081676221304 -0.020399839905647
0.875099372265889 -0.019374481117099
0.884431430663109 -0.018367448609154
0.893122248717897 -0.017387182507237
0.901214486541384 -0.016439608886876
0.908747955209199 -0.015523559039498
0.915759450762033 -0.014631217579836
0.922284137351994 -0.013757390568470
0.928355446429872 -0.012899339663736
0.934004983337668 -0.012056346790407
0.939263021395270 -0.011232876192258
0.944158039310279 -0.010435167094222
0.948716244750148 -0.009667578458854
0.952961719099573 -0.008932951228125
0.956916571409212 -0.008232966920660
0.960601085999381 -0.007568430255691
0.964033862520834 -0.006939491052429
0.967231947756489 -0.006345817772873
0.970210958812994 -0.005786732683382
0.972985197622648 -0.005261316643513
0.975567756873631 -0.004768489927061
0.977970617625752 -0.004307074181474
0.980204738962950 -0.003875839585454
0.982280140093231 -0.003473540425189
0.984205975339787 -0.003098941638677
0.985990602480612 -0.002750838342813
0.987641644893053 -0.002428069932612
0.989166047948621 -0.002129530004459
0.990570130085062 -0.001854173087890
0.991859628959679 -0.001601018958868
0.993039743061840 -0.001369155140440
0.994115169135064 -0.001157738064746
0.995090135730756 -0.000965993266498
0.995968433187552 -0.000793214896190
0.996753440302534 -0.000638764777037
0.997448147933823 -0.000502071179175
0.998055179748282 -0.000382627445060
0.998576810303438 -0.000279990569095
0.999014980629239 -0.000193779810267
0.999371311452888 -0.000123675397749
0.999647114188651 -0.000069417374631
0.999843399794112 -0.000030804613464
0.999960885574779 -0.000007694028211
1.000000000000000 0.000000000000000
