1.000000000000000 0.000000000000000
0.999960305459420 0.000005916725165
0.999841083408918 0.000023725166879
0.999641917591453 0.000053600096858
0.999362110996953 0.000095832683867
0.999000680945785 0.000150830219236
0.998556352116456 0.000219115529768
0.998027547425824 0.000301325860601
0.997412376640046 0.000398210926622
0.996708622561452 0.000510629729085
0.995913724599407 0.000639545608149
0.995024759491107 0.000786018844809
0.994038418889711 0.000951195928219
0.992950983480671 0.001136294355194
0.991758293220743 0.001342581513692
0.990455713215447 0.001571345803353
0.989038094656835 0.001823857641038
0.987499730130644 0.002101317359341
0.985834303958957 0.002404806733158
0.984034850339320 0.002735428468471
0.982093689262461 0.003094231069968
0.980002346510831 0.003482017794327
0.977751470048953 0.003899223111272
0.975330734109933 0.004345753641386
0.972728728701131 0.004820781791178
0.969932872919401 0.005322689984254
0.966929722706863 0.005851071443473
0.963704863606385 0.006406623893544
0.960242620144986 0.006990125406983
0.956525962081752 0.007602444416412
0.952536412706152 0.008244576667944
0.948253953091264 0.008917740110337
0.943656896460082 0.009623766626215
0.938721812347287 0.010365188848908
0.933423467205939 0.011145344875758
0.927734770404478 0.011968660031461
0.921626679425785 0.012840593068884
0.915067702881996 0.013764949564955
0.908023981636689 0.014744616661791
0.900459467882480 0.015782657338996
0.892335986947469 0.016882337728795
0.883613344474933 0.018046992563863
0.874249539104145 0.019279994432725
0.864201114162023 0.020584900918342
0.853423593301220 0.021965230038558
0.841871864795069 0.023422666277258
0.829501038722030 0.024957337592697
0.816267536144514 0.026568218985312
0.802130464474155 0.028253957727600
0.787053128819414 0.030012846003736
0.771004681843104 0.031841988105578
0.753961967453972 0.033736312246881
0.735911670669672 0.035688548071891
0.716852504278162 0.037688432302210
0.696797230757820 0.039720501789898
0.675774895947259 0.041766143891726
0.653832986174856 0.043808047564361
0.631038471076845 0.045829253367568
0.607477726290738 0.047807564258386
0.583256045067931 0.049715753404215
0.558496711378597 0.051528178099122
0.533338609785423 0.053222728780992
0.507932325581242 0.054775048340198
0.482435804455473 0.056157828174499
0.457010104378098 0.057351131659159
0.431814517166377 0.058344778731726
0.407001234685343 0.059129348175099
0.382710958307086 0.059695333342582
0.359069624735779 0.060038810893006
0.336185812979305 0.060161546463773
0.314149043985692 0.060069163300870
0.293029258858581 0.059769999025415
0.272877001965155 0.059276152860518
0.253724764342506 0.058601695990740
0.235588139355327 0.057763515559917
0.218468395360353 0.056778530523562
0.202353980828814 0.055665168477771
0.187223432034529 0.054440046123284
0.173047164344423 0.053118910219602
0.159789131269431 0.051717951104470
0.147409534393989 0.050250879638287
0.135865228699700 0.048731595261704
0.125111352837690 0.047173083533699
0.115103094074025 0.045585433791367
0.105795351949359 0.043978920745831
0.097143894097676 0.042362788774719
0.089107260923099 0.040741812164156
0.081645202469284 0.039120999566476
0.074718649821046 0.037506327765073
0.068291055760935 0.035902536122320
0.062328448832565 0.034313092463188
0.056798291055667 0.032742184116107
0.051669710543695 0.031194283516498
0.046915376350457 0.029671000745643
0.042511306089040 0.028171294850881
0.038434179672158 0.026695745074416
0.034661489507859 0.025246181820665
0.031172124733321 0.023824696022773
0.027948433871590 0.022430654858973
0.024974016154427 0.021063562915816
0.022232632061580 0.019724412100954
0.019708500678674 0.018415152782580
0.017386680057428 0.017138199887506
0.015256121530214 0.015894453934209
0.013307962845665 0.014684139203057
0.011532299964128 0.013508564701120
0.009918610032661 0.012369793960527
0.008456164481931 0.011270342775531
0.007134517670737 0.010212791154832
0.005948231341212 0.009195606253243
0.004894872092728 0.008214948767583
0.003969001248886 0.007270042098183
0.003162938473697 0.006362498812247
0.002467624787402 0.005495553743291
0.001873281659016 0.004673475337277
0.001369912426283 0.003901116294030
0.000951873823682 0.003184342571072
0.000622812745139 0.002530630867959
0.000379368623658 0.001945844485918
0.000211261945956 0.001434078667661
0.000104461070925 0.000998117086681
0.000043631711316 0.000639791282799
0.000014008227131 0.000360260004505
0.000002794410410 0.000160221659182
0.000000175366381 0.000040069927823
0.000000000000000 0.000000000000000
0.000000171746742 -0.000039752295364
0.000002736921572 -0.000159299760446
0.000013761264793 -0.000359274733075
0.000043068708910 -0.000639920760597
0.000103793671936 -0.000999833258815
0.000211714757147 -0.001434106660611
0.000384389036388 -0.001932385763580
0.000640780761254 -0.002483980616213
0.001000314555734 -0.003080229870976
0.001481110295399 -0.003712489970082
0.002098014937237 -0.004372657858280
0.002860070681799 -0.005053920959816
0.003767263497496 -0.005751729967406
0.004806362031792 -0.006465055208560
0.005953692814591 -0.007195857595105
0.007207431752231 -0.007940798535913
0.008575259730974 -0.008694889837536
0.010066303728709 -0.009454127817608
0.011691438887726 -0.010216065189324
0.013463663044612 -0.010980565193873
0.015398528333710 -0.011750741730302
0.017511610087222 -0.012529482354293
0.019814701899737 -0.013314190283806
0.022318780556765 -0.014102151060760
0.025033975499019 -0.014891602413350
0.027968917520480 -0.015682245645717
0.031130018139754 -0.016475841518472
0.034526900288856 -0.017273177170392
0.038177006937696 -0.018071600509341
0.042100077000759 -0.018868724306885
0.046317866731325 -0.019663115757905
0.050854371335349 -0.020454838827235
0.055735107740355 -0.021244049625880
0.060985636662316 -0.022028091280900
0.066632654716041 -0.022804538607110
0.072704004962678 -0.023572182369308
0.079228647549956 -0.024331304323382
0.086239331695246 -0.025079863450986
0.093772390804564 -0.025814103746790
0.101866274253291 -0.026531134327134
0.110561347342828 -0.027229196940108
0.119899496372817 -0.027904631996589
0.129923720769705 -0.028552822808656
0.140677598452129 -0.029170343905552
0.152205070004280 -0.029753951727728
0.164550305386016 -0.030298802194962
0.177755980658244 -0.030801246934106
0.191862001556698 -0.031257632673554
0.206904224633089 -0.031660194006421
0.222912496911012 -0.032000936543666
0.239908812248293 -0.032273539451379
0.257905323767330 -0.032474583308134
0.276901956716482 -0.032602947882995
0.296884451300341 -0.032654052002471
0.317822266613108 -0.032622260213499
0.339666874573997 -0.032502771102237
0.362350670124720 -0.032291511666820
0.385786549628603 -0.031985822602982
0.409868462160634 -0.031583541208474
0.434472882155831 -0.031084224232806
0.459461365230682 -0.030488340253037
0.484683983308164 -0.029797357202395
0.509983442772125 -0.029009861510462
0.535199985806516 -0.028125245090729
0.560176386391668 -0.027145544843160
0.584762555126964 -0.026072071879083
0.608818596968922 -0.024884773126588
0.632219266580448 -0.023560071526379
0.654856712078177 -0.022091625266816
0.676642529415862 -0.020486532315851
0.697511688656317 -0.018791600464645
0.717421207658173 -0.017082486445861
0.736345047478168 -0.015416525125445
0.754272170909892 -0.013826690303070
0.771204951705017 -0.012334588633833
0.787156771606419 -0.010950283091616
0.802150183552649 -0.009675838845246
0.816215310789894 -0.008510231659143
0.829387955845743 -0.007450572854942
0.841707942687160 -0.006492395610548
0.853217684831469 -0.005629969083768
0.863960961355968 -0.004857248954268
0.873981934447662 -0.004168056859587
0.883324380836288 -0.003555821884002
0.892031083063311 -0.003013906366258
0.900143350877699 -0.002536127936430
0.907700737278272 -0.002116573508094
0.914740846834348 -0.001749510664705
0.921299205932634 -0.001429487869397
0.927409180740505 -0.001151126732128
0.933101974011646 -0.000909209624824
0.938406691130119 -0.000699117900577
0.943350399053143 -0.000516797626724
0.947958204024984 -0.000358698457934
0.952253346971712 -0.000222058332174
0.956257306096858 -0.000105059554603
0.959989893018450 -0.000005944842767
0.963469358373280 0.000077040719224
0.966712497102189 0.000145602845287
0.969734750468618 0.000201367346070
0.972550300673698 0.000245721078865
0.975172157213964 0.000279515628993
0.977612255701639 0.000303618074206
0.979881540821498 0.000318994578045
0.981990040475821 0.000326655962654
0.983946934515105 0.000327618641997
0.985760618163313 0.000322877178970
0.987438757555731 0.000313352025825
0.988988319482404 0.000299589825848
0.990415644346516 0.000282050419895
0.991726509229735 0.000261330459720
0.992926163853852 0.000238110183436
0.994019363355417 0.000213110158792
0.995010398252209 0.000187058975145
0.995903121666982 0.000160669362763
0.996700973893749 0.000134620763154
0.997407004402805 0.000109546803226
0.998023891384929 0.000086026463849
0.998553958934400 0.000064577999458
0.998999191966058 0.000045654875096
0.999361248954456 0.000029643153055
0.999641472574072 0.000016859892644
0.999840898309080 0.000007552231492
0.999960261089690 0.000001896901271
1.000000000000000 0.000000000000000
