1.000000000000000 0.000000000000000
0.999960218523745 0.000001159422132
0.999840730805535 0.000004676205781
0.999641106021116 0.000010665720713
0.999360622934498 0.000019319613885
0.998998265072500 0.000030904751007
0.998552713904509 0.000045761519673
0.998022339962009 0.000064301264151
0.997405191812505 0.000087002534235
0.996698982781607 0.000114405724614
0.995901075295030 0.000147105551100
0.995008462688875 0.000185740648429
0.994017748311542 0.000230979372135
0.992925121713768 0.000283500632834
0.991726331694281 0.000343968270992
0.990416655937207 0.000412997075891
0.988990866943349 0.000491108041597
0.987443193920547 0.000578669806635
0.985767283082012 0.000675956660262
0.983956162167570 0.000783614567448
0.982002185524591 0.000902426119521
0.979896976320718 0.001033179013704
0.977631365634992 0.001176643268909
0.975195325594023 0.001333539916365
0.972577896137935 0.001504498574316
0.969767109495268 0.001690066736652
0.966749931369795 0.001891052278315
0.963512163317182 0.002108380870656
0.960038338544014 0.002342940534191
0.956311620092773 0.002595539377205
0.952313693452014 0.002866848751146
0.948024661154244 0.003157433987101
0.943422976968618 0.003468440853088
0.938485326304990 0.003801428815609
0.933186505026737 0.004158126122376
0.927499322715974 0.004540452809839
0.921394520720103 0.004950569574237
0.914840725710025 0.005391129144510
0.907804417628728 0.005865348320995
0.900249932215400 0.006377019691239
0.892139524104430 0.006930622671349
0.883433421587502 0.007530311193525
0.874089962989605 0.008178810484797
0.864065983768874 0.008878364698767
0.853317268343375 0.009630680863206
0.841799191463646 0.010437325708943
0.829467509407133 0.011299574381344
0.816279330698554 0.012217786057507
0.802194314994285 0.013190762930905
0.787176111496626 0.014215066709070
0.771194067425987 0.015284689841172
0.754224932664472 0.016386021241663
0.736254827243145 0.017494868469835
0.717281762670662 0.018581699678562
0.697318981454156 0.019626452459242
0.676396545754792 0.020613176341006
0.654562912468471 0.021535920419859
0.631886172338615 0.022402819322675
0.608453909219314 0.023223440218804
0.584372246447564 0.024002503725927
0.559764740589524 0.024744011044366
0.534769687899338 0.025446188026675
0.509536838790295 0.026106425968012
0.484223135831158 0.026720896002999
0.458988009307913 0.027286885001797
0.433988488623276 0.027806024467002
0.409374380611396 0.028280595905602
0.385283859428722 0.028704550711532
0.361840106593426 0.029070318265114
0.339148958171359 0.029377681139800
0.317297338157943 0.029630656675715
0.296352652640832 0.029830554558604
0.276363185323130 0.029976460505875
0.257359278734676 0.030068717543079
0.239355028323916 0.030108238335487
0.222350220160700 0.030097197007915
0.206332549333168 0.030036420388912
0.191279786299318 0.029926913642012
0.177161918533429 0.029770412722368
0.163943297184821 0.029565565124293
0.151584055109322 0.029312640157865
0.140041592256436 0.029013448885461
0.129272016083294 0.028668362805142
0.119230896795582 0.028279488690933
0.109874157698990 0.027850061511235
0.101159612781172 0.027377745908477
0.093046562311844 0.026860147222948
0.085495527515469 0.026298570670852
0.078468879100675 0.025695702317717
0.071931516301499 0.025052844574339
0.065850110172910 0.024373059165999
0.060193075615704 0.023661100314555
0.054931245591108 0.022921755717085
0.050039437501690 0.022156855209810
0.045493891538179 0.021369026378927
0.041271700978945 0.020562300238063
0.037351046438461 0.019741407279267
0.033712135130042 0.018907106613668
0.030337226045330 0.018056110353767
0.027209278793184 0.017188083075476
0.024312012726417 0.016305145283224
0.021630029620767 0.015411026308055
0.019151228910920 0.014510991976745
0.016868585569523 0.013611802084406
0.014773980170195 0.012719936485569
0.012857970137966 0.011841318649847
0.011110377705401 0.010981306897153
0.009520764735456 0.010144509771945
0.008080475199263 0.009326172968829
0.006782616809421 0.008513452887891
0.005619266071184 0.007700266983718
0.004581773035364 0.006886355734137
0.003661185280134 0.006075554148097
0.002848564337207 0.005274458030443
0.002136755884856 0.004492039993116
0.001534250257302 0.003744574810587
0.001049182184702 0.003048321131720
0.000677870515965 0.002414257373161
0.000408781412907 0.001849373139989
0.000225834235053 0.001357781576282
0.000110969627611 0.000941596350668
0.000046128548930 0.000601617581016
0.000014758652712 0.000337861531276
0.000002938031335 0.000149961125403
0.000000184475839 0.000037457835750
0.000000000000000 0.000000000000000
0.000000184464890 -0.000037457835803
0.000002937987927 -0.000149961125728
0.000014758556502 -0.000337861532428
0.000046128381550 -0.000601617584120
0.000110969373498 -0.000941596357659
0.000225833882348 -0.001357781590162
0.000408780954400 -0.001849373165107
0.000677869950142 -0.002414257415510
0.001049181516886 -0.003048321199275
0.001534249500916 -0.003744574913671
0.002136755062841 -0.004492040144819
0.002848563480931 -0.005274458245968
0.003661184397504 -0.006075554431229
0.004581772126220 -0.006886356083365
0.005619265135949 -0.007700267395525
0.006782615849195 -0.008513453356439
0.008080474215940 -0.009326173485588
0.009520763731855 -0.010144510325276
0.011110376684657 -0.010981307475658
0.012857969101369 -0.011841319253420
0.014773979119302 -0.012719937115096
0.016868584506452 -0.013611802740657
0.019151227838443 -0.014510992660349
0.021630028542418 -0.015411027019473
0.024312011645106 -0.016305146022363
0.027209277709461 -0.017188083841202
0.030337224959823 -0.018056111144387
0.033712134043550 -0.018907107426854
0.037351045351985 -0.019741408111943
0.041271699893565 -0.020562301087115
0.045493890454631 -0.021369027243448
0.050039436420808 -0.022156856088821
0.054931244513890 -0.022921756609255
0.060193074543341 -0.023661101218141
0.065850109106315 -0.024373060079578
0.071931515241286 -0.025052845496815
0.078468878047537 -0.025695703247674
0.085495526470194 -0.026298571606502
0.093046561275224 -0.026860148162504
0.101159611753962 -0.027377746850308
0.109874156682027 -0.027850062453353
0.119230895789788 -0.028279489631009
0.129272015089519 -0.028668363741581
0.140041591275528 -0.029013449816834
0.151584054142194 -0.029312641082513
0.163943296232425 -0.029565566040590
0.177161917596751 -0.029770413628754
0.191279785379401 -0.029926914536740
0.206332548431081 -0.030036421270374
0.222350219277535 -0.030097197874639
0.239355027460789 -0.030108239185918
0.257359277892714 -0.030068718375793
0.276363184503457 -0.029976461319462
0.296352651844553 -0.029830555351660
0.317297337386123 -0.029630657446891
0.339148957425010 -0.029377681887813
0.361840105873478 -0.029070318988957
0.385283858736001 -0.028704551410295
0.409374379946596 -0.028280596578274
0.433988487986954 -0.027806025112651
0.458988008700474 -0.027286885619918
0.484223135252832 -0.026720896593369
0.509536838241123 -0.026106426530496
0.534769687379173 -0.025446188561264
0.559764740098041 -0.024744011551259
0.584372245984265 -0.024002504205519
0.608453908783543 -0.023223440671718
0.631886171929569 -0.022402819749756
0.654562912085220 -0.021535920822082
0.676396545396300 -0.020613176719523
0.697318981119291 -0.019626452815137
0.717281762358233 -0.018581700012671
0.736254826951936 -0.017494868783014
0.754224932393258 -0.016386021534614
0.771194067173574 -0.015284690114586
0.787176111261868 -0.014215066963772
0.802194314776088 -0.013190763167879
0.816279330495869 -0.012217786277757
0.829467509218960 -0.011299574585864
0.841799191289036 -0.010437325898711
0.853317268181428 -0.009630681039162
0.864065983618746 -0.008878364861810
0.874089962850497 -0.008178810635773
0.883433421458669 -0.007530311333235
0.892139523985175 -0.006930622800549
0.900249932105074 -0.006377019810652
0.907804417526725 -0.005865348431318
0.914840725615776 -0.005391129246389
0.921394520633080 -0.004950569668265
0.927499322635683 -0.004540452896566
0.933186504952718 -0.004158126202306
0.938485326236812 -0.003801428889207
0.943422976905885 -0.003468440920788
0.948024661096583 -0.003157434049304
0.952313693399081 -0.002866848808225
0.956311620044245 -0.002595539429499
0.960038338499592 -0.002342940582016
0.963512163276589 -0.002108380914309
0.966749931332770 -0.001891052318077
0.969767109461571 -0.001690066772786
0.972577896107340 -0.001504498607069
0.975195325566318 -0.001333539945969
0.977631365609978 -0.001176643295579
0.979896976298210 -0.001033179037646
0.982002185504415 -0.000902426140929
0.983956162149560 -0.000783614586506
0.985767283066014 -0.000675956677145
0.987443193906413 -0.000578669821510
0.988990866930939 -0.000491108054618
0.990416655926388 -0.000412997087204
0.991726331684926 -0.000343968280737
0.992925121705756 -0.000283500641147
0.994017748304757 -0.000230979379147
0.995008462683206 -0.000185740654266
0.995901075290369 -0.000147105555882
0.996698982777848 -0.000114405728456
0.997405191809546 -0.000087002537249
0.998022339959752 -0.000064301266444
0.998552713902855 -0.000045761521348
0.998998265071355 -0.000030904752164
0.999360622933766 -0.000019319614622
0.999641106020705 -0.000010665721127
0.999840730805353 -0.000004676205964
0.999960218523699 -0.000001159422178
1.000000000000000 0.000000000000000
