1.000000000000000 0.000000000000000
0.999964246830552 0.000021415920589
0.999856960348203 0.000085901112762
0.999678054665331 0.000194161973257
0.999427369809802 0.000347355770984
0.999104645513070 0.000547059099929
0.998709482518565 0.000795220719351
0.998241289297351 0.001094095604413
0.997699211278928 0.001446155850619
0.997082038781804 0.001853972672219
0.996388088714795 0.002320062035572
0.995615053758945 0.002846684385279
0.994759811062289 0.003435586345211
0.993818181308166 0.004087670553321
0.992784965025984 0.004803126632912
0.991654370680263 0.005582211138279
0.990419354956634 0.006424271287346
0.989071204459515 0.007327177093027
0.987599130538940 0.008286793209976
0.985990550403913 0.009297240712991
0.984234043187150 0.010354297312114
0.982317915672745 0.011453557536373
0.980229333366516 0.012589211572683
0.977954305677759 0.013753888952644
0.975479208948411 0.014943262319040
0.972791725854102 0.016158683722799
0.969880144754307 0.017404477340652
0.966733759351669 0.018688670321450
0.963339598769250 0.020018287945054
0.959680241978525 0.021396343502239
0.955737165862717 0.022827293227743
0.951490981838594 0.024317650106788
0.946919649190750 0.025871568791079
0.941998499822115 0.027491122535497
0.936701225618644 0.029179051566334
0.930999628166220 0.030938800348388
0.924863179801135 0.032774389074639
0.918259554861183 0.034691288111482
0.911154374923279 0.036695673022175
0.903510127003164 0.038791418044656
0.895287133722983 0.040982534881849
0.886443725700776 0.043273350621753
0.876936171561953 0.045667823236041
0.866719477708667 0.048170616739593
0.855747392251733 0.050785761790178
0.843973192911106 0.053516991794854
0.831350378377235 0.056366682622615
0.817833161285665 0.059333533163757
0.803378491349417 0.062415155099336
0.787947762496655 0.065608828754182
0.771508618992235 0.068911172660152
0.754036811290488 0.072317740233733
0.735517830793533 0.075819063203167
0.715948144577458 0.079394751876641
0.695339861812136 0.083025841726713
0.673723342439330 0.086697319974435
0.651146687207253 0.090385988292756
0.627677181765052 0.094060993370389
0.603402093260370 0.097685093317655
0.578429953518889 0.101227345932699
0.552887690567333 0.104653818413039
0.526916075455436 0.107913647112902
0.500668545138159 0.110954433890978
0.474306308386888 0.113716074325400
0.447993592699775 0.116129588255677
0.421894983464671 0.118134099241468
0.396171465134517 0.119702367579578
0.370972695902533 0.120792382907949
0.346432863819417 0.121298123948442
0.322678189296218 0.121081564825587
0.299819965995686 0.120154467474243
0.277945781936057 0.118638005829211
0.257114405573619 0.116646417548578
0.237363239328682 0.114265811917014
0.218708242247911 0.111578586423714
0.201146204876921 0.108669694996219
0.184664310913584 0.105585224492662
0.169241199812881 0.102351738421153
0.154849330036785 0.098987031848537
0.141450020348343 0.095523850460864
0.128996153044030 0.092005787266189
0.117440331064084 0.088460656241588
0.106734591232088 0.084906707459599
0.096831879486683 0.081357595861624
0.087684956383087 0.077825399022913
0.079246875697425 0.074322833427744
0.071471293739942 0.070862410144631
0.064316370197128 0.067449340091032
0.057745582393294 0.064081295447888
0.051723412420323 0.060757505621667
0.046223660938434 0.057471509957157
0.041218385619644 0.054220560406621
0.036674026854849 0.051014009885522
0.032553578855515 0.047870502270401
0.028821164754257 0.044805363502217
0.025442833784348 0.041830393813747
0.022386803160319 0.038954472238046
0.019623650520533 0.036184021799664
0.017129765433710 0.033522074260948
0.014886364478925 0.030969027033773
0.012874471274055 0.028524948660996
0.011075280084370 0.026189544650494
0.009470948596438 0.023961555257054
0.008044391466958 0.021839572356708
0.006779281626931 0.019822353310395
0.005660921369779 0.017908897699228
0.004681418438280 0.016099469493106
0.003834214109620 0.014394409761231
0.003110532969173 0.012793374543641
0.002500209313355 0.011295507679665
0.001991971910192 0.009899399961103
0.001571537767037 0.008601993497260
0.001224889298692 0.007400156780428
0.000940136930759 0.006291573666436
0.000707213130515 0.005274555537737
0.000517602217737 0.004347888086925
0.000364115303475 0.003510712563799
0.000241452591160 0.002762766595258
0.000148615598912 0.002105452789049
0.000083438236038 0.001539415373203
0.000041520135663 0.001064072697373
0.000017427486942 0.000678157087909
0.000005616052415 0.000380131751194
0.000001123553140 0.000168504884511
0.000000070755086 0.000042057883057
0.000000000000000 0.000000000000000
0.000000066074862 -0.000040504778095
0.000001068596264 -0.000162044672329
0.000005505975757 -0.000364666035324
0.000017831229675 -0.000648343507095
0.000044899397102 -0.001012820689453
0.000096622422272 -0.001457376021540
0.000186861554147 -0.001980502166666
0.000334598210692 -0.002579482958396
0.000564904775530 -0.003249801467781
0.000902182899875 -0.003983702848492
0.001366725833132 -0.004768814716038
0.001976614353301 -0.005586944090602
0.002745882898620 -0.006412210597050
0.003682030217344 -0.007208712321758
0.004787702900294 -0.007939327260754
0.006069450372069 -0.008592918395737
0.007529430558307 -0.009172512184924
0.009161112354164 -0.009695421916527
0.010946015891885 -0.010198441567489
0.012866339841153 -0.010718453521391
0.014929262061240 -0.011254991571428
0.017147801573568 -0.011800193320124
0.019538178789343 -0.012343259886273
0.022120413393321 -0.012869929437317
0.024912410265847 -0.013370253642914
0.027926544223771 -0.013843296283782
0.031174402199610 -0.014291619248000
0.034666562344161 -0.014722183902467
0.038414356261779 -0.015143042515259
0.042435964696483 -0.015551306024474
0.046752740040903 -0.015940942036517
0.051388293041166 -0.016305047419525
0.056367924675902 -0.016636845744371
0.061716956829647 -0.016932130014143
0.067461885192305 -0.017188278190350
0.073630650458162 -0.017404207199276
0.080254123995842 -0.017575092611350
0.087366278806764 -0.017691853443691
0.095003261787138 -0.017744500198253
0.103202991524696 -0.017721230257037
0.112004802371058 -0.017607896855197
0.121449377730985 -0.017388742101469
0.131578898900852 -0.017044941286515
0.142436535015694 -0.016554440250127
0.154064275345752 -0.015882910739192
0.166498835585475 -0.014956775355861
0.179772432637623 -0.013682801981253
0.193916769935686 -0.012018643256349
0.208960942660755 -0.009963538657042
0.224936505377732 -0.007552981187886
0.241876275206290 -0.004862836595401
0.259799744794444 -0.001942244786815
0.278710069681701 0.001192049196902
0.298598174608997 0.004508875623803
0.319440827129738 0.007961574313965
0.341195444237016 0.011509104988296
0.363799589531815 0.015111728691788
0.387172412125757 0.018717461219984
0.411214090470053 0.022269180163311
0.435804954836038 0.025718607745618
0.460809468267550 0.029017754820723
0.486079964143643 0.032116918586557
0.511459836654462 0.034974755378910
0.536788202265863 0.037560349822174
0.561906035037231 0.039842820819813
0.586660812795378 0.041797034581443
0.610909752090725 0.043416026086792
0.634524482758899 0.044702529918817
0.657394246533287 0.045659274473910
0.679427485797619 0.046295857694210
0.700552019137997 0.046631069466414
0.720715334028695 0.046688081774297
0.739883170762318 0.046488809599454
0.758038480473846 0.046057857319551
0.775179112591059 0.045424073931334
0.791315880936955 0.044617599111010
0.806469843054820 0.043664113109741
0.820669975495031 0.042584031439496
0.833952074444351 0.041398284360618
0.846356563245941 0.040129152772999
0.857927032554029 0.038798224650933
0.868708842879275 0.037424267641703
0.878746884468190 0.036018785689414
0.888085754883141 0.034590759066862
0.896769695804845 0.033149552885938
0.904841553411386 0.031704291540989
0.912342326362394 0.030263493529079
0.919311352070507 0.028834972316065
0.925785985045778 0.027425512072724
0.931800200286269 0.026037203410358
0.937385151931901 0.024669364141979
0.942570577281085 0.023322802036973
0.947384652339059 0.021999361779188
0.951853474547061 0.020700923383611
0.955999955794723 0.019427660071568
0.959845613521342 0.018180206732031
0.963410971511945 0.016960000149153
0.966715425721056 0.015768928184574
0.969777172183832 0.014609158339905
0.972613169867075 0.013483827100875
0.975239158175011 0.012396236935122
0.977669698419565 0.011349008820804
0.979918217684677 0.010344170171638
0.981997062386278 0.009383250086543
0.983917582830715 0.008467407417057
0.985690709530241 0.007598420393204
0.987326744535077 0.006778265686590
0.988834784582736 0.006008034367423
0.990222853442776 0.005288109527239
0.991498039706962 0.004618352501364
0.992666612261984 0.003998249820912
0.993734113701866 0.003427013137609
0.994705427049929 0.002903604362248
0.995584867931011 0.002426909796586
0.996376250103814 0.001995828574068
0.997082930818313 0.001609299721556
0.997707849278773 0.001266322909573
0.998253559196543 0.000965974339580
0.998722256215409 0.000707418822169
0.999115800848611 0.000489918882456
0.999435737446714 0.000312841553169
0.999683309614385 0.000175663373162
0.999859472407958 0.000077973992127
0.999964901571073 0.000019478685289
1.000000000000000 0.000000000000000
