1.000000000000000 0.000000000000000
0.999966063617381 0.000025259359822
0.999864286380897 0.000101322190396
0.999694758936069 0.000229037612336
0.999457615085799 0.000409803323551
0.999153004776800 0.000645537944727
0.998781054014774 0.000938639428385
0.998341809305175 0.001291926477899
0.997835163325460 0.001708558784214
0.997260757476047 0.002191930530602
0.996617855676160 0.002745529968419
0.995905182201266 0.003372755843114
0.995120714419167 0.004076678942917
0.994261418870791 0.004859733920286
0.993323064516373 0.005723586260441
0.992300652835490 0.006670142159628
0.991187867258421 0.007700874217708
0.989976444437683 0.008816080375972
0.988655638060410 0.010014396879129
0.987211846840004 0.011292358438664
0.985630974780392 0.012645539192761
0.983897843711042 0.014067831512374
0.981994343591877 0.015549855610442
0.979898902506540 0.017078125017267
0.977591249682458 0.018641382393331
0.975056641587950 0.020236122301057
0.972281724066230 0.021860565722562
0.969254669451477 0.023514733067575
0.965961516829483 0.025200772509175
0.962386149474682 0.026923968186584
0.958513673364010 0.028694476325970
0.954328772692628 0.030524612845610
0.949809080518017 0.032417855228359
0.944929684977177 0.034376621841631
0.939664465857165 0.036404720216782
0.933984531294700 0.038505031427448
0.927858815393633 0.040680655803451
0.921254797142325 0.042936198789169
0.914136796918952 0.045274827317542
0.906466599205711 0.047699398104435
0.898204261222319 0.050213795586990
0.889307192662006 0.052820972300467
0.879731297641456 0.055524717627644
0.869430664728178 0.058327702740443
0.858357534806324 0.061230034923884
0.846463920257996 0.064231595262378
0.833701945724923 0.067330835368621
0.820025471998557 0.070525866785332
0.805390858351455 0.073812990569447
0.789758999432803 0.077187682790498
0.773096784084431 0.080643581005964
0.755379247053981 0.084171742800901
0.736590663941099 0.087754858939303
0.716728482047387 0.091374934737235
0.695806709256269 0.095019179569295
0.673855536081014 0.098665603179423
0.650923444427870 0.102285237335190
0.627081582550118 0.105861456052849
0.602421672426878 0.109374696027854
0.577054619538158 0.112797655626572
0.551110946493580 0.116108278816146
0.524738412813337 0.119295248029413
0.498096763893723 0.122345666720350
0.471349947572694 0.125215516199467
0.444665066279180 0.127861938541954
0.418206373847972 0.130229599983479
0.392129671242379 0.132240628184520
0.366581460097284 0.133826622780212
0.341696234833604 0.134911174405296
0.317593655448512 0.135462256483916
0.294376772137293 0.135501908962021
0.272132908538998 0.134875799976189
0.250941245179662 0.133478458029225
0.230864068694812 0.131342541603586
0.211932219454369 0.128603785914215
0.194161436071185 0.125351076765844
0.177545476156659 0.121674187697178
0.162053167290214 0.117702562384989
0.147647197511501 0.113523330163421
0.134283756450723 0.109199546485330
0.121911891032043 0.104790644977384
0.110480644940650 0.100338932958734
0.099941328521575 0.095869276324728
0.090240486295872 0.091411209587163
0.081322067374957 0.086996429303103
0.073133724096331 0.082646366694648
0.065626482507933 0.078374591596581
0.058753418777855 0.074192397782423
0.052470917634806 0.070108556051597
0.046735468920755 0.066131541207483
0.041504923513379 0.062270197561904
0.036738767648190 0.058531819988733
0.032406055460521 0.054915051099193
0.028484117909320 0.051411556183491
0.024947635342887 0.048016482096022
0.021772287526529 0.044729937246878
0.018934060174191 0.041554502765925
0.016407440622375 0.038492682984255
0.014164016989392 0.035549595030246
0.012174372594310 0.032731572584754
0.010411623437856 0.030042565351809
0.008852375375436 0.027484328513058
0.007479321213674 0.025056293333073
0.006276573032720 0.022756908949220
0.005228441290711 0.020584164903616
0.004319812662144 0.018535711713073
0.003536750173657 0.016608902196590
0.002866190694853 0.014800950778095
0.002295757405666 0.013109047303816
0.001813855414487 0.011530402800323
0.001409765162288 0.010062316346765
0.001074794187052 0.008703053344886
0.000801788047273 0.007451504164792
0.000583445973155 0.006305952990454
0.000412485630469 0.005264237568987
0.000281847568526 0.004323940032666
0.000184844107082 0.003482535655036
0.000115266009477 0.002737508374020
0.000067457376971 0.002086440089831
0.000036353808286 0.001527023107525
0.000017507085516 0.001057072733177
0.000007162378989 0.000674805534581
0.000002264077802 0.000378838330435
0.000000446921187 0.000168140822862
0.000000027922559 0.000042000745218
0.000000000000000 0.000000000000000
0.000000025574993 -0.000040183899312
0.000000410517133 -0.000160896369746
0.000002089213154 -0.000362624317514
0.000006651752864 -0.000646194734189
0.000016394257051 -0.001012798576180
0.000034391703401 -0.001464025541554
0.000064595728697 -0.002001911162003
0.000111960758380 -0.002628998140026
0.000182602821171 -0.003348414461290
0.000283996588328 -0.004163971527670
0.000425217584117 -0.005080286421408
0.000618340369201 -0.006101308318686
0.000887557022751 -0.007217592129219
0.001271084279271 -0.008404363695068
0.001822188007891 -0.009621078858061
0.002613587307890 -0.010806233653849
0.003725174091929 -0.011884007448688
0.005167650381300 -0.012817769803123
0.006903305358832 -0.013590664050632
0.008855641481024 -0.014195264895251
0.010972233183966 -0.014633792046023
0.013259335770567 -0.014920902398446
0.015726734255961 -0.015092601734459
0.018384384802994 -0.015212557786611
0.021243279954635 -0.015324780799026
0.024315996774611 -0.015421658151530
0.027615770577604 -0.015488124481530
0.031156333152853 -0.015503631336777
0.034952970279367 -0.015450939538171
0.039023946034486 -0.015328215955437
0.043389320141998 -0.015139300495494
0.048070909309149 -0.014893848872864
0.053092211489507 -0.014597759443153
0.058478331792723 -0.014244065861650
0.064256253532739 -0.013823645379020
0.070454936929032 -0.013326392158324
0.077105544028575 -0.012743677344218
0.084241437270891 -0.012068242468095
0.091898100455359 -0.011293570787010
0.100113031334610 -0.010410747809897
0.108925592178756 -0.009407286798211
0.118376711733921 -0.008269103754829
0.128506566426539 -0.006968467717715
0.139353365972417 -0.005459606458185
0.150954439495084 -0.003690665327895
0.163350078828288 -0.001638013918824
0.176580857073099 0.000705024582228
0.190689016257483 0.003325345203825
0.205719419469265 0.006181038965472
0.221711920934814 0.009225182454944
0.238692375567152 0.012443629374494
0.256676602840496 0.015821173968280
0.275669823101458 0.019331170537442
0.295664042421537 0.022937652585913
0.316634397112984 0.026602247045929
0.338537955597779 0.030281798232749
0.361311658788155 0.033932057079051
0.384872344825338 0.037505654537526
0.409116967567487 0.040952201850744
0.433923774334244 0.044222361752898
0.459153964949501 0.047273903418586
0.484656229120947 0.050064827555973
0.510271305411434 0.052551396189581
0.535835545057797 0.054702717881168
0.561185893668194 0.056503383713542
0.586166075715391 0.057943284093397
0.610631201992873 0.059018292077439
0.634451036887553 0.059731349353810
0.657513065445260 0.060093014035488
0.679724025020306 0.060122076752616
0.701010946166749 0.059843744679078
0.721320764983995 0.059286082178694
0.740619451474698 0.058479262418731
0.758890052981801 0.057452833250231
0.776130526914750 0.056234399943104
0.792352213892082 0.054852797008936
0.807576909886801 0.053337164353407
0.821835245640409 0.051715693395088
0.835163985569016 0.050012526699201
0.847603956525883 0.048247088554792
0.859199520913616 0.046437894483777
0.869996495037901 0.044601282853328
0.880040934313300 0.042751130572792
0.889379116809808 0.040900320634863
0.898056390348692 0.039059805190595
0.906115808115049 0.037236844975595
0.913598963608115 0.035437958918681
0.920545869295603 0.033669397556054
0.926993841769942 0.031935099139320
0.932976470218408 0.030234647072349
0.938525796464492 0.028568462219856
0.943672418005826 0.026938100536626
0.948445173505710 0.025345614482964
0.952869646731344 0.023791548740504
0.956969105397367 0.022275865772142
0.960765871954103 0.020799410063432
0.964281162594626 0.019363568348207
0.967534965456630 0.017969994241023
0.970545935961168 0.016620864660965
0.973331351747719 0.015319057759866
0.975907245431154 0.014066943163186
0.978288447238445 0.012866305106157
0.980488627203200 0.011718433332315
0.982520348676069 0.010624203734827
0.984395322786840 0.009584458035892
0.986124929940081 0.008600793695304
0.987719439298306 0.007674276810371
0.989187922141661 0.006805251550770
0.990538404842047 0.005993527373527
0.991777997687198 0.005238527120879
0.992913003204369 0.004539403163560
0.993948940203519 0.003895002773967
0.994890595370698 0.003303891322278
0.995742261208915 0.002764729390636
0.996507788496892 0.002276310089387
0.997190611316858 0.001837551170198
0.997793769791533 0.001447488598835
0.998319930506373 0.001105271306432
0.998771404625565 0.000810156902372
0.999150163730819 0.000561508181898
0.999457853423473 0.000358790300519
0.999695804735178 0.000201568517755
0.999865043392112 0.000089506436756
0.999966296973688 0.000022364685407
1.000000000000000 0.000000000000000
