1.000000000000000 0.000000000000000
0.999959694514737 0.000002315873479
0.999838633143483 0.000009298736469
0.999636380203791 0.000021054599388
0.999352206430331 0.000037761086164
0.998985084255835 0.000059668834342
0.998533681149981 0.000087103434413
0.997996350961485 0.000120467884201
0.997371123192720 0.000160245522233
0.996655690119986 0.000207003387935
0.995847391656144 0.000261395934706
0.994943197835827 0.000324168992618
0.993939688786810 0.000396163838369
0.992833032034719 0.000478321178156
0.991618956972183 0.000571684780562
0.990292726308327 0.000677404406518
0.988849104300611 0.000796737565708
0.987282321559258 0.000931049475393
0.985586035216887 0.001081812112965
0.983753271773035 0.001250622894198
0.981776375607052 0.001439201320785
0.979646961112298 0.001649364937530
0.977355852211955 0.001883010027873
0.974893015679963 0.002142082543343
0.972247487994463 0.002428535559095
0.969407295871998 0.002744277622593
0.966359403960666 0.003091590021213
0.963089658336373 0.003473565374474
0.959582662012686 0.003893655320647
0.955821675089794 0.004355640465353
0.951788513758543 0.004863644065309
0.947463445722869 0.005422138978950
0.942825060898833 0.006035876835233
0.937850122133694 0.006709743033872
0.932513480210299 0.007448775764976
0.926787968887614 0.008258077903309
0.920644302499489 0.009142664972685
0.914051050879933 0.010107823437846
0.906974769026730 0.011160591999378
0.899379893690371 0.012308799352163
0.891228760251692 0.013560697011412
0.882481701258023 0.014924765775740
0.873097074413923 0.016408671379941
0.863031556938472 0.018018999905260
0.852240603952557 0.019761107738306
0.840679122723589 0.021639460565469
0.828302609532347 0.023659871314501
0.815067879048706 0.025827418028034
0.800934076625789 0.028144758733089
0.785863554357074 0.030608093147437
0.769823630531970 0.033207116449954
0.752788714023367 0.035925494377416
0.734742783246523 0.038741780418524
0.715681229195267 0.041627225204986
0.695613792822338 0.044548012264069
0.674566783366934 0.047465643300840
0.652585426154933 0.050343026459782
0.629736661611100 0.053155708748627
0.606107670049750 0.055879461757138
0.581804478361472 0.058484985414030
0.556951035985494 0.060941060905035
0.531686589391997 0.063211768715474
0.506162683617451 0.065264352412148
0.480539445636847 0.067075933894331
0.454980104483466 0.068627613938199
0.429645672591293 0.069899435698741
0.404690366624880 0.070880296678379
0.380257476870416 0.071572119347216
0.356475263089496 0.071979322680931
0.333454294856448 0.072103810636756
0.311285672382188 0.071958772787144
0.290040557378244 0.071571506536742
0.269770348227670 0.070967857508412
0.250508092269467 0.070165218274361
0.232269730165259 0.069182495128865
0.215056815388185 0.068038407739295
0.198857955196200 0.066752767406061
0.183652494167836 0.065337944602214
0.169411597297559 0.063804473097346
0.156100002989107 0.062165458222494
0.143679054075043 0.060433234024530
0.132105981782886 0.058622538862165
0.121336276442602 0.056748259269772
0.111324888778288 0.054824606109793
0.102025972692629 0.052866278143179
0.093396051835785 0.050883906068068
0.085394216804337 0.048884544865571
0.077979609078670 0.046876752025312
0.071112647528705 0.044868763358286
0.064756402519589 0.042866214141677
0.058875213755909 0.040875373473074
0.053434875836369 0.038903103996777
0.048406177779239 0.036954257548366
0.043764792680488 0.035031499690074
0.039486065939123 0.033138459738796
0.035545349115979 0.031279399607047
0.031918278161774 0.029457223253092
0.028580870581039 0.027671620209086
0.025510560808662 0.025923361091828
0.022686385784711 0.024214440686987
0.020089078681209 0.022547573552408
0.017707352868832 0.020925896386092
0.015538267778198 0.019352721670869
0.013575412075087 0.017831253008921
0.011809230414913 0.016364479497254
0.010228165391883 0.014955121671071
0.008818754116701 0.013605073095607
0.007560390467542 0.012311260695535
0.006431957003282 0.011070000578880
0.005416481521587 0.009880062793839
0.004500373137898 0.008741992488356
0.003672756393103 0.007657555473834
0.002924936443414 0.006629316448265
0.002252904050790 0.005660882947924
0.001670509866431 0.004759258818029
0.001188430054687 0.003930685730005
0.000806685839703 0.003179120539142
0.000518078384543 0.002506833305804
0.000310908086195 0.001914888362002
0.000171092940439 0.001403524887901
0.000083809535371 0.000972456425884
0.000034754027950 0.000621104720100
0.000011099249219 0.000348779978112
0.000002206771522 0.000154816945340
0.000000138461423 0.000038673929374
0.000000000000000 0.000000000000000
0.000000134582648 -0.000038062694952
0.000002169287932 -0.000152403629407
0.000011116779763 -0.000343469825091
0.000035661334598 -0.000611950607256
0.000087688810144 -0.000958472567942
0.000181595663369 -0.001383152106043
0.000333826728520 -0.001885092019406
0.000562071330299 -0.002461676193960
0.000884195542705 -0.003107655078565
0.001316845402033 -0.003813975731924
0.001873634632470 -0.004566296984430
0.002562807041575 -0.005343114639672
0.003385222511623 -0.006114596494607
0.004345706877013 -0.006857983765490
0.005454990338737 -0.007562147238523
0.006721658534038 -0.008220752828576
0.008150660201543 -0.008834225791570
0.009741617712010 -0.009412591852008
0.011486642971717 -0.009979142181135
0.013370843025972 -0.010569674045915
0.015394298051341 -0.011196343378639
0.017567419493290 -0.011855418400011
0.019902750851972 -0.012540915953798
0.022415422086278 -0.013243993333842
0.025123778186025 -0.013952080497386
0.028049608505844 -0.014648689224762
0.031211725994427 -0.015324038325580
0.034625537806547 -0.015976015154057
0.038306410203374 -0.016605047026682
0.042269310915062 -0.017215081937622
0.046528232071294 -0.017815010606977
0.051099207070648 -0.018412856060546
0.056005642164575 -0.019005324942528
0.061273953631502 -0.019587014056896
0.066933057179747 -0.020151891209341
0.073014530703636 -0.020693400961107
0.079551103899510 -0.021206098483833
0.086576029936549 -0.021686608601670
0.094124046624876 -0.022133321626633
0.102231158831663 -0.022547166543067
0.110935857683468 -0.022927322850584
0.120279945159727 -0.023268043390344
0.130306812720426 -0.023563690741262
0.141060834195547 -0.023809479263092
0.152586449688477 -0.024000910948734
0.164927366966288 -0.024134797839626
0.178125613838881 -0.024210365608022
0.192220816833701 -0.024225277267643
0.207248801138572 -0.024175474212616
0.223239506904516 -0.024058643552017
0.240215052499768 -0.023872111458704
0.258187618921458 -0.023613716301936
0.277157284353658 -0.023283106566765
0.297109988003558 -0.022880034923284
0.318015442125086 -0.022406217676965
0.339825450023200 -0.021863786463250
0.362472791247165 -0.021255509360738
0.385870847256738 -0.020585918420443
0.409914116466510 -0.019860784678812
0.434479696464865 -0.019087652275737
0.459429805104801 -0.018275075449600
0.484615232792752 -0.017432629836327
0.509879547995348 -0.016569341646956
0.535063865291609 -0.015694385922235
0.560011790571793 -0.014817452373542
0.584574148334780 -0.013948056264890
0.608613172597753 -0.013093951303314
0.632005987059209 -0.012261364971814
0.654647193835608 -0.011456976768104
0.676450365781027 -0.010687797372771
0.697348455132260 -0.009958649542401
0.717293362097016 -0.009271137149690
0.736254886870872 -0.008625664812211
0.754219086413202 -0.008021942792595
0.771186272181967 -0.007459105084295
0.787168841387532 -0.006935927787948
0.802189090195863 -0.006451202569534
0.816277096234015 -0.006003410621258
0.829468778681686 -0.005590688676750
0.841804177653244 -0.005210890193417
0.853325982492032 -0.004861783976047
0.864078293044034 -0.004541055516517
0.874105596131417 -0.004245747988772
0.883451983500487 -0.003972946028426
0.892160549013184 -0.003720202954722
0.900272931977247 -0.003485487158111
0.907828993443512 -0.003267187351391
0.914866605085372 -0.003063923629033
0.921421524395315 -0.002874473711139
0.927527337430437 -0.002697703509174
0.933215444955718 -0.002531934586092
0.938515105825230 -0.002375369581204
0.943453511677298 -0.002226680468520
0.948055869841785 -0.002084904699286
0.952345497751417 -0.001949324347216
0.956343885915550 -0.001818704533341
0.960070819990376 -0.001691483547947
0.963544544690685 -0.001566672748413
0.966781865132363 -0.001443741234600
0.969798243329792 -0.001322483977097
0.972607892805698 -0.001202944108934
0.975223903340121 -0.001086060314953
0.977658317450202 -0.000973440993846
0.979922156693319 -0.000866229918173
0.982025499895837 -0.000765156118646
0.983977558170270 -0.000670636070508
0.985786743258360 -0.000582853503844
0.987460729765217 -0.000501824875211
0.989006518579348 -0.000427686103885
0.990430488587014 -0.000360752072899
0.991738428580492 -0.000301062975666
0.992935579449149 -0.000248426099803
0.994026673290803 -0.000202489830594
0.995015968285667 -0.000162800895702
0.995907279705857 -0.000128848464829
0.996704007388975 -0.000100097962070
0.997409159964241 -0.000076016849400
0.998025376083379 -0.000056094164162
0.998554942875582 -0.000039855215616
0.998999811815805 -0.000026872544802
0.999361612168044 -0.000016774011730
0.999641662139766 -0.000009248681081
0.999840977859875 -0.000004051021670
0.999960280270286 -0.000001003807249
1.000000000000000 0.000000000000000
