1.000000000000000 0.000000000000000
0.999959572428000 0.000003202044501
0.999838144329772 0.000012839255391
0.999635278609761 0.000029005096536
0.999350243604180 0.000051856111275
0.998982008295216 0.000081613070069
0.998529235552703 0.000118562560741
0.997990273344586 0.000163059002229
0.997363143840083 0.000215527053434
0.996645530311607 0.000276464376092
0.995834761723068 0.000346444693552
0.994927794873271 0.000426121064418
0.993921193943523 0.000516229259465
0.992811107278548 0.000617591089633
0.991593241209208 0.000731117479530
0.990262830704753 0.000857811010687
0.988814606621542 0.000998767567282
0.987242759294718 0.001155176597799
0.985540897334048 0.001328326103560
0.983701998027366 0.001519637291242
0.981718358701246 0.001730652507484
0.979581542840597 0.001963020892398
0.977282319368919 0.002218489859802
0.974810596009827 0.002498890357243
0.972155346316388 0.002806113684609
0.969304532663437 0.003142110566914
0.966245053429585 0.003509263568644
0.962962655593813 0.003910404020085
0.959441824834602 0.004348620918985
0.955665686060469 0.004827264772853
0.951615899239647 0.005349949837221
0.947272551177380 0.005920553056592
0.942614045699774 0.006543305425577
0.937616992456129 0.007222815272902
0.932256096499438 0.007963972268301
0.926504054141523 0.008771899433052
0.920331459679328 0.009651887626794
0.913706760803256 0.010609659937911
0.906596240051324 0.011651611343895
0.898963975838452 0.012784375123637
0.890771879431507 0.014014657282971
0.881979818774069 0.015349231677343
0.872545879487407 0.016795365831727
0.862426627875749 0.018360283671990
0.851577521739322 0.020050742303271
0.839953509140401 0.021872880247059
0.827509810595907 0.023832037655047
0.814202856703639 0.025931995153757
0.799991508350486 0.028174581350553
0.784838591540983 0.030559709807738
0.768712492457142 0.033084218338162
0.751589143808403 0.035741621816212
0.733454279863627 0.038522372540218
0.714305475406110 0.041412518069444
0.694154651411689 0.044394940065025
0.673030079243197 0.047448901627179
0.650977758622111 0.050547202245337
0.628062479771337 0.053654782448538
0.604368845459328 0.056733332562732
0.580001614546877 0.059746264723512
0.555083609075420 0.062655288309370
0.529753087739157 0.065418491187577
0.504160647491332 0.067996060696819
0.478465612193377 0.070355772539321
0.452830494153574 0.072468292206216
0.427415712555921 0.074302815766065
0.402375180477876 0.075835771295966
0.377852317846026 0.077053454125161
0.353975829649507 0.077946063108971
0.330857062333750 0.078504031001355
0.308588652897409 0.078726206981640
0.287244236175945 0.078619318989438
0.266877538115837 0.078201847004578
0.247523641214882 0.077503784285647
0.229200442287615 0.076554290696835
0.211911747083355 0.075373218215673
0.195647657002243 0.073983926389927
0.180387680541710 0.072415242989398
0.166102150356029 0.070697520477296
0.152756145371042 0.068852971339537
0.140311109381523 0.066896658577655
0.128723968016688 0.064846434238470
0.117950284100186 0.062721468074210
0.107944146419332 0.060541300004732
0.098659283972535 0.058323787306888
0.090052656454530 0.056079960404938
0.082081699209592 0.053820225875705
0.074704225757078 0.051555578425441
0.067881489697729 0.049293647732728
0.061576556549792 0.047041218991995
0.055753123396782 0.044806065524633
0.050377902398369 0.042594859941010
0.045422910026236 0.040411224688507
0.040860494565813 0.038259455317111
0.036663166117266 0.036144569797933
0.032804966676973 0.034070583805582
0.029262860815977 0.032038621893600
0.026014496468955 0.030050548014492
0.023038143706695 0.028109147029764
0.020313348357278 0.026217573214848
0.017827338609998 0.024377234036405
0.015571680093595 0.022588580715646
0.013535147841835 0.020853053666994
0.011704582713022 0.019172753362854
0.010065763476923 0.017550134390863
0.008603090237567 0.015987573575067
0.007299464682052 0.014487090327316
0.006139026869105 0.013050793730804
0.005107425671577 0.011680831646433
0.004191715138361 0.010379299213459
0.003380250860365 0.009148179279605
0.002663718519107 0.007989308248986
0.002043948608417 0.006904372635944
0.001523724690081 0.005894884028703
0.001099874663474 0.004962168174446
0.000765111119743 0.004107375067989
0.000509553221876 0.003331491928643
0.000321905907651 0.002635357480492
0.000190369661449 0.002019676531070
0.000103338773619 0.001485034123611
0.000049933763686 0.001031908746841
0.000020403830276 0.000660684240470
0.000006422942153 0.000371666310117
0.000001263847765 0.000165156382796
0.000000078808525 0.000041280842552
0.000000000000000 0.000000000000000
0.000000075903401 -0.000040537125943
0.000001216077846 -0.000162390204071
0.000006170059662 -0.000366231977602
0.000019561006352 -0.000653006391544
0.000047947003732 -0.001023652831665
0.000099907710808 -0.001478699935779
0.000186157136176 -0.002017707703910
0.000319683533271 -0.002638528847359
0.000515917564540 -0.003336351131011
0.000792930002896 -0.004102471428320
0.001171660293696 -0.004922738779955
0.001676177266754 -0.005775587257068
0.002332809627611 -0.006632352940580
0.003161972774290 -0.007474576225014
0.004177684649757 -0.008292132118595
0.005387643442345 -0.009079105717458
0.006790273281096 -0.009835793331451
0.008370900961481 -0.010571319991970
0.010097948011783 -0.011306296215080
0.011950913800067 -0.012054892779301
0.013938027004404 -0.012813709140970
0.016071691587188 -0.013578160659281
0.018367579540211 -0.014343649658851
0.020845514654177 -0.015105755430239
0.023530356397684 -0.015860490342131
0.026444657438647 -0.016604158127687
0.029603215282318 -0.017333441585026
0.033019703272677 -0.018046359345767
0.036706533931249 -0.018743026240800
0.040673960405156 -0.019426634694521
0.044932137179243 -0.020101871870876
0.049501348105724 -0.020766177441756
0.054406568797753 -0.021414975594643
0.059675452747545 -0.022044002563795
0.065338667731507 -0.022649693548373
0.071428438756880 -0.023228531152787
0.077976163730557 -0.023775959517799
0.085014305311372 -0.024288289520119
0.092576360905421 -0.024763645141633
0.100697607348671 -0.025200605740329
0.109417810811609 -0.025593031486868
0.118779124628825 -0.025934120472967
0.128825222286124 -0.026217980255863
0.139600461870810 -0.026438936822158
0.151148979553646 -0.026591442640136
0.163514092268168 -0.026672167039670
0.176737626126398 -0.026678419125312
0.190859418184956 -0.026603910422139
0.205915215979758 -0.026443349572442
0.221934857565390 -0.026193126347802
0.238940374411897 -0.025850883328390
0.256943831759846 -0.025417310869191
0.275945199802020 -0.024890575994083
0.295930190779498 -0.024265957004081
0.316868298967925 -0.023542248951108
0.338711369574167 -0.022726263312251
0.361392281309965 -0.021828987947433
0.384824188044727 -0.020853911341787
0.408901157270158 -0.019801329256054
0.433500207031337 -0.018681506041183
0.458483839126520 -0.017514729168250
0.483702917603075 -0.016317636239678
0.509000759357743 -0.015099204853541
0.534218345692906 -0.013871141754325
0.559199405684975 -0.012650871572214
0.583794849023952 -0.011454618058046
0.607866850382524 -0.010293799789393
0.631292468460442 -0.009177938311824
0.653966252901749 -0.008116563969769
0.675801677402597 -0.007117571677708
0.696731576794196 -0.006186191261815
0.716707772505120 -0.005325214081555
0.735699982073396 -0.004535391643501
0.753694153286943 -0.003815609310622
0.770690496781883 -0.003163514246773
0.786701347265812 -0.002577093273096
0.801748963053892 -0.002054635125611
0.815863384504144 -0.001593231278509
0.829080465321348 -0.001188539838498
0.841440173288462 -0.000835371630290
0.852985154382821 -0.000528598802577
0.863759494014361 -0.000263688488942
0.873807705824280 -0.000037048861950
0.883173922165382 0.000154895255223
0.891901277022362 0.000315702396084
0.900031438368261 0.000448673158954
0.907604288176301 0.000556810879203
0.914657726740581 0.000642985910070
0.921227546000446 0.000709898136433
0.927347370053178 0.000760045152424
0.933048647497514 0.000795705141805
0.938360690576149 0.000818938660501
0.943310739677507 0.000831594654944
0.947924046626256 0.000835320333295
0.952223969388866 0.000831505884753
0.956232064410279 0.000820849557548
0.959968207699467 0.000803867393346
0.963450710992398 0.000781199580933
0.966696426472171 0.000753554095208
0.969720848453142 0.000721664323320
0.972538210858240 0.000686267140160
0.975161579277154 0.000648203447982
0.977602938340638 0.000608328634132
0.979873273612220 0.000567374397189
0.981982647149062 0.000525961969402
0.983940267379206 0.000484617997086
0.985754553469949 0.000443788225341
0.987433194354715 0.000403848130319
0.988983197553081 0.000364988943776
0.990410936953627 0.000327190940808
0.991722209353782 0.000290510494982
0.992922274819089 0.000255080970625
0.994015891986590 0.000221085778302
0.995007350008044 0.000188737835171
0.995900497314793 0.000158264004068
0.996698767381796 0.000129893389178
0.997405201660176 0.000103848606170
0.998022469836563 0.000080339334233
0.998552887564657 0.000059557607279
0.998998431800277 0.000041674420274
0.999360753856265 0.000026837320779
0.999641190278248 0.000015168730917
0.999840771626754 0.000006764805207
0.999960229235484 0.000001694678676
1.000000000000000 0.000000000000000
