1.000000000000000 0.000000000000000
0.999961933305092 0.000014731288078
0.999847620585326 0.000059040516873
0.999656722418569 0.000133272716010
0.999388667991604 0.000237999284665
0.999042647247742 0.000374012148973
0.998617599508938 0.000542314827558
0.998112198166954 0.000744109601918
0.997524830891218 0.000980779686883
0.996853574628643 0.001253864935561
0.996096164464644 0.001565029173843
0.995249955164954 0.001916016718047
0.994311873912321 0.002308594956700
0.993278362375773 0.002744479037566
0.992145305783801 0.003225233648767
0.990907946093128 0.003752145561562
0.989560775621991 0.004326058940731
0.988097406613855 0.004947163337003
0.986510548212819 0.005615022657904
0.984792567589528 0.006329890997810
0.982935166943867 0.007092091864925
0.980929085646182 0.007901455348606
0.978763976540380 0.008757138637110
0.976428260857851 0.009657398334566
0.973908962562294 0.010599316059107
0.971192203711513 0.011580346544961
0.968264098049730 0.012600964779410
0.965109948682705 0.013662661352793
0.961714155947408 0.014767885142493
0.958060288664649 0.015920426166077
0.954131098297088 0.017125705565065
0.949907057066100 0.018388130686186
0.945366143966659 0.019710975902341
0.940484702730527 0.021098438386073
0.935237463584706 0.022556046740272
0.929597470257398 0.024090741488540
0.923535095251780 0.025707727290532
0.917018145217596 0.027411034941458
0.910012309291784 0.029205158496192
0.902481216846037 0.031095188560916
0.894386156161399 0.033085907799138
0.885686105416076 0.035181515476292
0.876338278773517 0.037386461732560
0.866298439742448 0.039705275041463
0.855520894841300 0.042140690900874
0.843959317609152 0.044694208443439
0.831567738540203 0.047366531130813
0.818301327411574 0.050156523350182
0.804117688859758 0.053061043496664
0.788978453152020 0.056074719792639
0.772850346472575 0.059186114519316
0.755707372223829 0.062378264845156
0.737533314215131 0.065629600688887
0.718324135989274 0.068913769374813
0.698090122873577 0.072198734697320
0.676857767285254 0.075443706107409
0.654671836887275 0.078601404755963
0.631597643975111 0.081622032800037
0.607721520848084 0.084455121888844
0.583151407040924 0.087060114564404
0.558014916172947 0.089404515733339
0.532455430631292 0.091455374332888
0.506628750069824 0.093181678810072
0.480698926124982 0.094551382658728
0.454833445682390 0.095539610405758
0.429198625532903 0.096136340825724
0.403953751480775 0.096342056812956
0.379246359078018 0.096165341177141
0.355208649797959 0.095618337711308
0.331954922233277 0.094713473948272
0.309579347696889 0.093473686712774
0.288155353384702 0.091931775572765
0.267735803728795 0.090123552722010
0.248354243313727 0.088085704326843
0.230026178591812 0.085856187360152
0.212751519642327 0.083472726198280
0.196517083700116 0.080969384081001
0.181300470241758 0.078370977196262
0.167070062491236 0.075701430022723
0.153787510101067 0.072985573660718
0.141409490612561 0.070247480510778
0.129889814078841 0.067507065195350
0.119182831109601 0.064775003388212
0.109241665300412 0.062061003663665
0.100019291534631 0.059374890609475
0.091470662622632 0.056725000549797
0.083551332925576 0.054119466196897
0.076218110258102 0.051565481616018
0.069431398285232 0.049065545897718
0.063153541935230 0.046621359531022
0.057348103378803 0.044235675817609
0.051981728274781 0.041910566203581
0.047026246263661 0.039645553460308
0.042454265236340 0.037440977690959
0.038238873275682 0.035298119784761
0.034354547103633 0.033217697170858
0.030778925760677 0.031196108337527
0.027490739685250 0.029230485056062
0.024469311934121 0.027319944936588
0.021694852121064 0.025464914131376
0.019151949130153 0.023666140740623
0.016833038389170 0.021923839653183
0.014728846704863 0.020238874595428
0.012827830039815 0.018612671704792
0.011117107111023 0.017046963607086
0.009582927831621 0.015543470135532
0.008208653971439 0.014102183860909
0.006977214677250 0.012722611763136
0.005873682800944 0.011405192215466
0.004885042590898 0.010151013151081
0.003999937655711 0.008961572057497
0.003208456315330 0.007838598999069
0.002504927043329 0.006783974363896
0.001897568441034 0.005799789971136
0.001391309965199 0.004888017836806
0.000983587967653 0.004050402223117
0.000666780570189 0.003288470546370
0.000430111178103 0.002603546900367
0.000261127736458 0.001996766714138
0.000146847034160 0.001469091521930
0.000074634609188 0.001021323102618
0.000032875748232 0.000654116454617
0.000011480911063 0.000367991227476
0.000002465401829 0.000163419608382
0.000000161452267 0.000040813367848
0.000000000000000 0.000000000000000
0.000000158110900 -0.000039766426104
0.000002570054348 -0.000159111869768
0.000013001425217 -0.000358114978672
0.000040829216126 -0.000636722886096
0.000098684339939 -0.000994463613849
0.000201915474848 -0.001430024001143
0.000367841364684 -0.001940671329351
0.000614743748461 -0.002521489558178
0.000960537694861 -0.003164391927057
0.001421037473927 -0.003856860686064
0.002007713242914 -0.004580351366246
0.002724964464071 -0.005308456846198
0.003576302306739 -0.006015214559393
0.004572979818607 -0.006686580580430
0.005724971667958 -0.007313170988687
0.007038757330070 -0.007891256913095
0.008515605919756 -0.008425323630770
0.010149360553699 -0.008931373341866
0.011924070061331 -0.009440471969747
0.013829354222672 -0.009976606714550
0.015872848341019 -0.010538815835637
0.018065286197810 -0.011123046044549
0.020419777620258 -0.011723483453385
0.022952409876647 -0.012332040158272
0.025683008243708 -0.012937706126493
0.028633389117814 -0.013528591885967
0.031819775645458 -0.014100190861509
0.035257064442365 -0.014651200272687
0.038960083517162 -0.015182612201235
0.042943132063691 -0.015698738972914
0.047219531377009 -0.016208255267254
0.051806424556387 -0.016716139583923
0.056727672566012 -0.017218987969688
0.062009796770417 -0.017712512509205
0.067681977196307 -0.018192060117571
0.073776206657206 -0.018652742069577
0.080325272416973 -0.019090217443455
0.087362411062815 -0.019501123268176
0.094922411204735 -0.019883241320824
0.103041401035192 -0.020236089052239
0.111758002580831 -0.020557963250182
0.121114093970908 -0.020843828982973
0.131153194708175 -0.021088923473138
0.141919876708223 -0.021289144635780
0.153458715662853 -0.021438389586964
0.165813507953489 -0.021529404355294
0.179026390143863 -0.021555453414096
0.193136980924948 -0.021509413219898
0.208181011695050 -0.021383843144930
0.224188284864506 -0.021172354883094
0.241180722802404 -0.020867200482260
0.259170245455592 -0.020459713263279
0.278156550465903 -0.019941360850075
0.298124931552796 -0.019300201958991
0.319044280643920 -0.018523988808763
0.340865640329990 -0.017605233502002
0.363521116655851 -0.016542094493391
0.386923102721416 -0.015330306328873
0.410964540919386 -0.013957444093125
0.435520751575339 -0.012412177833438
0.460451901563579 -0.010686812498189
0.485607048012169 -0.008781213194737
0.510829553117034 -0.006716672454934
0.535961615312585 -0.004529318750701
0.560852304852324 -0.002296083312923
0.585359188975981 -0.000104427660052
0.609348507093365 0.001989470050870
0.632699435210233 0.003952330842606
0.655307780965491 0.005758549047779
0.677087450651535 0.007390396242375
0.697971293251251 0.008837206010097
0.717910475401359 0.010094411984905
0.736873850488030 0.011163249936075
0.754846267061130 0.012050060845721
0.771826576033034 0.012765185747573
0.787825888278776 0.013321499627738
0.802865214246274 0.013731344096479
0.816973393415125 0.014006249698275
0.830185410062708 0.014159199356295
0.842540500510141 0.014203669136660
0.854080491439054 0.014152683146699
0.864848900478207 0.014019109213385
0.874889907740031 0.013815320563904
0.884247270747629 0.013551131628420
0.892963673456652 0.013233757019017
0.901080593189237 0.012870675936383
0.908637926203911 0.012469438266670
0.915673616858750 0.012037002992796
0.922223121650826 0.011578178834231
0.928319833163828 0.011097436997900
0.933995213688824 0.010599461400863
0.939278749919962 0.010088894779418
0.944197952158379 0.009570176570257
0.948778286194363 0.009047571277405
0.953043288478392 0.008525050938706
0.957014785188266 0.008006104700600
0.960712971165771 0.007493754928498
0.964156492358267 0.006990591051520
0.967362534270642 0.006498807999107
0.970346891194828 0.006020196768985
0.973123998865361 0.005556051424415
0.975707121096805 0.005107432117731
0.978108455297001 0.004675247645898
0.980339202711170 0.004260264108172
0.982409636387960 0.003863116248027
0.984329166047207 0.003484320198192
0.986106399414891 0.003124287271630
0.987749209690223 0.002783399952165
0.989264792213005 0.002462045561749
0.990659690576927 0.002160485010799
0.991939842098248 0.001878865487891
0.993110621700345 0.001617246483430
0.994176881482095 0.001375621246087
0.995142986267407 0.001153934460911
0.996012845416123 0.000952096799455
0.996789941156679 0.000769996877818
0.997477353679450 0.000607511063836
0.998077783207439 0.000464511496207
0.998593569238430 0.000340872613109
0.999026707130390 0.000236476433463
0.999378862179896 0.000151216788332
0.999651381321868 0.000085002661353
0.999845302557973 0.000037760764220
0.999961362200672 0.000009437444738
1.000000000000000 0.000000000000000
