1.000000000000000 0.000000000000000
0.999959675329398 0.000004853650693
0.999838558096965 0.000019459536638
0.999636217714290 0.000043952774317
0.999351933437366 0.000078559603587
0.998984689692777 0.000123598942289
0.998533169476441 0.000179484533027
0.997995745766394 0.000246727648428
0.997370470873582 0.000325940305460
0.996655063636425 0.000417838918606
0.995846894346033 0.000523248294055
0.994942967269174 0.000643105830363
0.993939900615350 0.000778465742542
0.992833903772538 0.000930503062686
0.991620751613220 0.001100517086548
0.990295755648211 0.001289933826278
0.988853731780547 0.001500306887427
0.987288964385272 0.001733316004081
0.985595165953629 0.001990773589384
0.983765429274922 0.002274704604631
0.981792178471608 0.002587333198535
0.979667115359527 0.002931051484716
0.977381158894520 0.003308412635228
0.974924378387410 0.003722116837360
0.972285919944983 0.004174987243458
0.969453928371965 0.004669956456865
0.966415512016008 0.005210468968523
0.963156668268096 0.005800598078419
0.959662158705996 0.006444781807175
0.955915409639265 0.007147819818962
0.951898408303295 0.007914871684883
0.947591593433326 0.008751443184737
0.942973719570703 0.009663391785211
0.938021724204080 0.010656897763523
0.932710622952283 0.011738352912822
0.927013388058598 0.012914235203163
0.920900831294803 0.014190943276078
0.914341656179025 0.015575500721427
0.907302558791394 0.017076375921442
0.899748045259936 0.018702421130668
0.891640438266076 0.020462601993615
0.882939906620639 0.022365566218020
0.873604441864064 0.024418649850833
0.863590159801876 0.026627651038264
0.852851660516653 0.028996278797271
0.841342919104431 0.031527272449136
0.829018275679999 0.034223089901057
0.815832932875187 0.037083369296536
0.801744124373278 0.040104084953554
0.786712593245848 0.043276831546975
0.770704058371371 0.046587481247067
0.753691370243266 0.050015665510108
0.735656669244535 0.053533966913467
0.716593645195704 0.057107928265426
0.696511030291336 0.060700174666741
0.675433975614147 0.064267311040206
0.653405816404401 0.067757016650466
0.630489483535656 0.071110113985525
0.606769779500357 0.074270574522864
0.582352862037327 0.077186234989210
0.557364096774927 0.079804529164034
0.531945595262574 0.082075919087658
0.506253453238251 0.083962125992287
0.480452858298411 0.085436264016517
0.454712898545285 0.086483269446792
0.429200721399236 0.087104634167033
0.404076041823078 0.087329271801323
0.379486083197180 0.087192672582418
0.355561355907541 0.086726220030762
0.332413507474140 0.085964558439710
0.310133759871597 0.084945000617988
0.288793200313304 0.083698613188421
0.268443484516441 0.082245925019067
0.249117029103914 0.080611690477017
0.230828888827038 0.078825834408043
0.213579137724125 0.076915528195837
0.197356639045970 0.074896157193929
0.182139269019899 0.072783303805787
0.167897050085018 0.070592829413094
0.154593492559503 0.068341093081675
0.142187347815974 0.066043741493993
0.130635849958007 0.063711487250067
0.119893544017142 0.061355992754532
0.109914236613699 0.058988956469167
0.100652680650221 0.056620647375406
0.092063415231092 0.054261761977213
0.084102551797710 0.051921126745323
0.076729651076011 0.049603177044917
0.069905141736102 0.047313057243813
0.063590665110192 0.045056597395276
0.057751611847460 0.042837891817322
0.052355746368845 0.040660390847900
0.047371684842616 0.038528155990094
0.042769491856012 0.036445191598895
0.038522532061056 0.034413163112416
0.034606132995697 0.032433097572037
0.030996485959707 0.030506754987278
0.027670917048652 0.028636254475938
0.024610979483397 0.026821044577296
0.021804605757236 0.025055776326439
0.019238677211675 0.023337247710574
0.016898793317046 0.021664548736557
0.014769977973810 0.020038327164539
0.012837251024660 0.018461089038902
0.011086106982861 0.016938417266336
0.009502524079496 0.015475424397687
0.008073094430821 0.014076097083862
0.006785149549997 0.012743495904728
0.005626834117830 0.011479923374150
0.004590336833544 0.010284794231579
0.003679107626809 0.009149630381899
0.002893692096780 0.008068222227198
0.002229436555976 0.007038327220418
0.001678155506290 0.006060532590114
0.001229419108146 0.005137373425749
0.000871542937092 0.004272651232649
0.000592350805688 0.003470920880717
0.000381050407092 0.002739655167397
0.000228980085719 0.002089554471156
0.000126143706101 0.001526830777938
0.000061844405826 0.001053806760000
0.000025662766906 0.000670366191753
0.000008199923296 0.000375071517311
0.000001630884195 0.000166007126677
0.000000102345974 0.000041392818460
0.000000000000000 0.000000000000000
0.000000098218701 -0.000040424478673
0.000001583358736 -0.000161545331867
0.000008116237778 -0.000362820728561
0.000026100015491 -0.000643063169822
0.000065146750765 -0.000999998020646
0.000138758943223 -0.001429615147670
0.000265255939689 -0.001925281657712
0.000468981131884 -0.002476575278013
0.000778358047496 -0.003070139596214
0.001217029707372 -0.003695081967390
0.001805140935937 -0.004341333651563
0.002557961857909 -0.004999591082644
0.003482769420230 -0.005662161316156
0.004574843288391 -0.006324060979729
0.005812340688590 -0.006984438584228
0.007159689168402 -0.007646055730643
0.008610597598602 -0.008305485691487
0.010172498613691 -0.008957309701471
0.011855232575714 -0.009597475057513
0.013671730027836 -0.010224026180279
0.015638882923574 -0.010838066390468
0.017778524878895 -0.011444898037760
0.020111281451476 -0.012048399402901
0.022649644124989 -0.012644786237481
0.025404680993173 -0.013229671981653
0.028386180331689 -0.013799037242220
0.031601831263994 -0.014349573147784
0.035056541662297 -0.014879048637252
0.038760565823082 -0.015384474003212
0.042732843650964 -0.015861611820986
0.046994839694573 -0.016307090760926
0.051570567424503 -0.016719100674035
0.056486935144762 -0.017098125603552
0.061771735281409 -0.017443250826518
0.067451825780703 -0.017749025751437
0.073555172051633 -0.018010045168509
0.080110792767150 -0.018221804950066
0.087149055669936 -0.018380740816284
0.094704819527375 -0.018481616110084
0.102816161196796 -0.018519293533836
0.111523306422307 -0.018490468441144
0.120868309376700 -0.018393520105776
0.130894051682291 -0.018224390856033
0.141644041500767 -0.017979590845356
0.153161931299858 -0.017658357615022
0.165491209094205 -0.017259497046228
0.178674486604888 -0.016779946686417
0.192751857998362 -0.016218999824057
0.207759264975046 -0.015576541919565
0.223726635953880 -0.014850868585844
0.240676144693109 -0.014042465985969
0.258620307176469 -0.013155264603487
0.277559881809325 -0.012197503142045
0.297481542738857 -0.011181091483213
0.318355542908869 -0.010115277936384
0.340134211609831 -0.009009764918316
0.362750879235936 -0.007875777812977
0.386119448067597 -0.006725429200384
0.410134906852739 -0.005572056047105
0.434674738300714 -0.004428753246012
0.459601497096021 -0.003309379735072
0.484766309286949 -0.002230217598097
0.510013047515210 -0.001207443293398
0.535182804108737 -0.000250254142115
0.560118908150329 0.000637388832047
0.584671970764819 0.001449023208485
0.608704143205503 0.002175606074295
0.632092365031756 0.002812726516772
0.654730794356817 0.003363048500424
0.676532516227761 0.003831032552022
0.697430115744305 0.004220269449967
0.717375256527520 0.004534862365009
0.736337520951583 0.004779075401839
0.754302752068896 0.004956891464549
0.771271089563816 0.005073498488149
0.787254774745985 0.005136772871378
0.802275967611111 0.005155470966606
0.816364651464906 0.005137246072875
0.829556666376581 0.005086784099389
0.841892004860925 0.005007571803332
0.853413342727381 0.004903339845638
0.864164790236743 0.004778513888947
0.874190876416827 0.004637996895187
0.883535747381573 0.004486019829737
0.892242546806753 0.004326076645407
0.900352929407278 0.004160134655969
0.907906757074183 0.003989289658286
0.914941915902657 0.003814744202315
0.921494186640263 0.003637742540091
0.927597184785597 0.003459621742382
0.933282354753328 0.003281906987281
0.938579002671300 0.003105922028918
0.943514359608497 0.002932750519331
0.948113665347889 0.002763268764254
0.952400260038388 0.002598081793038
0.956395667910044 0.002437182097040
0.960119735301663 0.002280491161795
0.963590749082024 0.002128047903965
0.966825540058746 0.001979964523653
0.969839583751726 0.001836394621412
0.972647096918286 0.001697510870478
0.975261126404473 0.001563490582255
0.977693638735069 0.001434504703877
0.979955603959181 0.001310710664769
0.982057070635832 0.001192248899890
0.984007235257473 0.001079241302246
0.985814506285880 0.000971791001472
0.987486562810363 0.000869981000190
0.989030399139536 0.000773768000585
0.990452374565947 0.000682991126336
0.991758275079972 0.000597570761782
0.992953352897487 0.000517498720493
0.994042361028335 0.000442816174393
0.995029584654380 0.000373596814489
0.995918869461496 0.000309934076570
0.996713647073626 0.000251931515058
0.997416957735119 0.000199695605178
0.998031470381534 0.000153330409002
0.998559500230146 0.000112933663591
0.999003024010365 0.000078593946503
0.999363692941818 0.000050388650786
0.999642843554477 0.000028382562809
0.999841506431253 0.000012626885333
0.999960412939080 0.000003158587979
1.000000000000000 0.000000000000000
