1.000000000000000 0.000000000000000
0.999959408862405 0.000004612264284
0.999837491983895 0.000018499968107
0.999633818028650 0.000041816096236
0.999347664965825 0.000074816452145
0.998978015331347 0.000117860863343
0.998523549531064 0.000171414789804
0.997982637120942 0.000236051249139
0.997353325980309 0.000312452936538
0.996633329273367 0.000401414372704
0.995820010072173 0.000503843856067
0.994910363490641 0.000620764922586
0.993900996153535 0.000753316922628
0.992788102796710 0.000902754203887
0.991567439764333 0.001070443234228
0.990234295135357 0.001257856799333
0.988783455174354 0.001466564154552
0.987209166760514 0.001698215683067
0.985505095599388 0.001954524008665
0.983664288517183 0.002237408538123
0.981679130549322 0.002549130166714
0.979541282346553 0.002892142788848
0.977241618910802 0.003269076047274
0.974770162830340 0.003682724683130
0.972116010795108 0.004136028667533
0.969267252825376 0.004632040817728
0.966210900191062 0.005174038975456
0.962932838196955 0.005765940775468
0.959417703359195 0.006412042201433
0.955648771700197 0.007116921434888
0.951607848694602 0.007885410624255
0.947275152627975 0.008722546825591
0.942629215472055 0.009633661278077
0.937646870415807 0.010625080224858
0.932303098150484 0.011703802735529
0.926570893774704 0.012877271762698
0.920421171072764 0.014153318869068
0.913822680169444 0.015540098800284
0.906741939760092 0.017046142745506
0.899143207903333 0.018680141962717
0.890988493917980 0.020450640572332
0.882237630104381 0.022365751564226
0.872848600130397 0.024433810752229
0.862777851284794 0.026663319711247
0.851980542184605 0.029061769404439
0.840411111436855 0.031635289768893
0.828024286086999 0.034389424815357
0.814775877993666 0.037327926220451
0.800623836949242 0.040451589137455
0.785529748460323 0.043757764660334
0.769460409713609 0.047239308381229
0.752389696793354 0.050883661091049
0.734300981216122 0.054672954800237
0.715189084073530 0.058582643237648
0.695063020972592 0.062582825246750
0.673948286498472 0.066638662905757
0.651888128031071 0.070707654216623
0.628944836752042 0.074738593045480
0.605200580347598 0.078673891801426
0.580757712691232 0.082451089484259
0.555737234090190 0.086003784464742
0.530276835660558 0.089261383542892
0.504528005061818 0.092155654827393
0.478652833202258 0.094625045801409
0.452819051693120 0.096625299830432
0.427195182263924 0.098134862696000
0.401943610738045 0.099146499809192
0.377215485282676 0.099665939154195
0.353146767825008 0.099706925657737
0.329854937810642 0.099291284815881
0.307437827108738 0.098445772666822
0.285972019732463 0.097203753725980
0.265513719564134 0.095604896952419
0.246098857395038 0.093692968462490
0.227745598391758 0.091511968649512
0.210455624176535 0.089105796199210
0.194217948043034 0.086513368779949
0.179010156238936 0.083770881075519
0.164800561556666 0.080913940103234
0.151550768222354 0.077976370404017
0.139216835315849 0.074988930805856
0.127752777017060 0.071976000719486
0.117110394006871 0.068958916098043
0.107240766314565 0.065956309430708
0.098096874970154 0.062982232817417
0.089631795579759 0.060049285460329
0.081799508032088 0.057168244133992
0.074556763643070 0.054345826611187
0.067861883140595 0.051587852873404
0.061674852737391 0.048899837971463
0.055960903592670 0.046283844588749
0.050689764077890 0.043739197486103
0.045831310974943 0.041266407736823
0.041355995355422 0.038866774723108
0.037235165492677 0.036540954052028
0.033441426916782 0.034288865041054
0.029949102402510 0.032111003630783
0.026734309503449 0.030008216769665
0.023775984475068 0.027981074090433
0.021062994188657 0.026026949452691
0.018586427788174 0.024142878986299
0.016334685505711 0.022327372397116
0.014294501919387 0.020579955316292
0.012451724319240 0.018900811310648
0.010789873658655 0.017289906309848
0.009289888370244 0.015746599916133
0.007934832065380 0.014270874016059
0.006710058237836 0.012863236173368
0.005602877761417 0.011524522056954
0.004602280086401 0.010255752317413
0.003699736838965 0.009057918768544
0.002901026118304 0.007930617183461
0.002215271299996 0.006873163613319
0.001643319759224 0.005885801800897
0.001179979966218 0.004969431052754
0.000816026572574 0.004125370084272
0.000539756814382 0.003355177215344
0.000338194020838 0.002660514303598
0.000198014056575 0.002043044497735
0.000106254627783 0.001504356027019
0.000050833437219 0.001045938341665
0.000020682647569 0.000669555974077
0.000006510233299 0.000376519520585
0.000001281216997 0.000167267862284
0.000000079898086 0.000041801839536
0.000000000000000 0.000000000000000
0.000000076169762 -0.000040833150103
0.000001220444718 -0.000163549673717
0.000006193155444 -0.000368747709319
0.000019638460068 -0.000657244425022
0.000048150321542 -0.001029796522219
0.000100366007778 -0.001486688650571
0.000187088243235 -0.002027168286424
0.000321437456032 -0.002648697779256
0.000519035870954 -0.003345985014835
0.000798225488877 -0.004109743026969
0.001180322256815 -0.004925115363990
0.001689806976088 -0.005769924754000
0.002350047113441 -0.006622905112527
0.003178399257595 -0.007472837643067
0.004187847725324 -0.008311786108562
0.005385042291250 -0.009135832717789
0.006767365302120 -0.009946950901709
0.008319149238314 -0.010755427200561
0.010008620035504 -0.011581875554928
0.011818897403496 -0.012438424609254
0.013758891489686 -0.013322291353108
0.015841217633370 -0.014229653991360
0.018082020005034 -0.015156202294489
0.020501946963325 -0.016097120066124
0.023127287162427 -0.017047096576774
0.025983391511115 -0.018001366468865
0.029086040312143 -0.018957093572515
0.032449329258805 -0.019912808802941
0.036085977171996 -0.020868946106530
0.040006359232293 -0.021828736825969
0.044219285314221 -0.022797794749169
0.048743648040179 -0.023775325937693
0.053604861365245 -0.024757219063882
0.058831092845557 -0.025739398721240
0.064453608984443 -0.026718119949908
0.070505763874780 -0.027689843693945
0.077019681983260 -0.028650382412802
0.084028146792870 -0.029596217809085
0.091564780658921 -0.030525425064175
0.099664544028910 -0.031436954250365
0.108367340090181 -0.032325123069328
0.117715804603573 -0.033183022364639
0.127753997692729 -0.034004465674953
0.138526669282103 -0.034782558756908
0.150078345756393 -0.035508568992868
0.162452548174495 -0.036174576816600
0.175691189667770 -0.036771927613456
0.189834299827396 -0.037287089359138
0.204917623041825 -0.037705745244229
0.220970780562872 -0.038015396064251
0.238015399089681 -0.038207648407047
0.256062795398310 -0.038277266054232
0.275112306373388 -0.038213392444234
0.295149003853347 -0.038001343165545
0.316141456541912 -0.037628845462504
0.338040179843740 -0.037087712014879
0.360776470704042 -0.036373461027438
0.384262324919768 -0.035484179993731
0.408390796141265 -0.034421941300152
0.433037610006354 -0.033191269593102
0.458063650771347 -0.031799954871109
0.483318270388570 -0.030255597650223
0.508643711568918 -0.028567765224425
0.533880762172826 -0.026759141670934
0.558873488880915 -0.024862062105855
0.583473617108766 -0.022910390174732
0.607544670078192 -0.020937780414972
0.630965708954714 -0.018982224290682
0.653633935357534 -0.017086531143257
0.675464769850358 -0.015283062712067
0.696391657590930 -0.013585783841718
0.716366710085411 -0.012002380630756
0.735359964780889 -0.010539975064683
0.753357645815710 -0.009203464290727
0.770359968087528 -0.007992578727608
0.786378789643164 -0.006900330148502
0.801435840540874 -0.005918034286548
0.815560759030841 -0.005037620256658
0.828789196257666 -0.004252870600595
0.841160975754571 -0.003557149083092
0.852718587733049 -0.002943374935968
0.863505917195977 -0.002404522538351
0.873567284105485 -0.001933640701087
0.882946662190966 -0.001523943968846
0.891687050253209 -0.001168913744878
0.899829999764104 -0.000862328700594
0.907415315519602 -0.000598467185161
0.914480841334733 -0.000372144016216
0.921062328166924 -0.000178768318673
0.927193369077370 -0.000014941277131
0.932905394968745 0.000122171178371
0.938227709959851 0.000235352627561
0.943187552728488 0.000327274936152
0.947810178057609 0.000400453689156
0.952118944774075 0.000457208812457
0.956135421955865 0.000499658641441
0.959879505917621 0.000529737035596
0.963369527062075 0.000549196173677
0.966622354834975 0.000559613157613
0.969653499588773 0.000562398367110
0.972477201658706 0.000558560853009
0.975106518916065 0.000548574839767
0.977553434934007 0.000532993939179
0.979828940835138 0.000512475112799
0.981943108854078 0.000487730035089
0.983905160699734 0.000459489897198
0.985723530769926 0.000428480405523
0.987405923430078 0.000395411164551
0.988959361513366 0.000360999505625
0.990390241461667 0.000325917112625
0.991704380593599 0.000290765311130
0.992907056521930 0.000256079816038
0.994003042911280 0.000222335706863
0.994996641793857 0.000189952315071
0.995891712640021 0.000159297899041
0.996691698373288 0.000130694023716
0.997399648508795 0.000104419592212
0.998018239581400 0.000080714498275
0.998549793015087 0.000059782883644
0.998996290570035 0.000041795994637
0.999359387487736 0.000026894638936
0.999640423438376 0.000015191247417
0.999840431358466 0.000006771547776
0.999960144250459 0.000001695857115
1.000000000000000 0.000000000000000
