1.000000000000000 0.000000000000000
0.999959620241876 0.000005503700695
0.999838336013230 0.000022048175164
0.999635711507529 0.000049733819591
0.999351017226667 0.000088728892364
0.998983225221407 0.000139270915672
0.998531002370309 0.000201668646322
0.997992701639030 0.000276304623445
0.997366351244602 0.000363638301607
0.996649641631634 0.000464209777431
0.995839910149133 0.000578644115883
0.994934123297928 0.000707656278130
0.993928856399279 0.000852056645669
0.992820270515457 0.001012757124343
0.991604086432723 0.001190777795418
0.990275555496599 0.001387254057690
0.988829427068734 0.001603444172267
0.987259912353333 0.001840737073099
0.985560640972927 0.002100647982312
0.983724606466285 0.002384788595441
0.981744120288578 0.002694884270341
0.979610757042401 0.003032775596199
0.977315292184363 0.003400409360267
0.974847633325356 0.003799823211293
0.972196744571242 0.004233121828519
0.969350575841262 0.004702532175337
0.966296032378242 0.005210792842894
0.963018862701092 0.005760998588682
0.959503548826376 0.006356503916568
0.955733205352246 0.007000930393719
0.951689473025030 0.007698168811954
0.947352409973487 0.008452393740876
0.942700392308289 0.009268174251688
0.937709996040416 0.010150430475371
0.932355880278375 0.011104376002368
0.926610679958482 0.012135480857127
0.920444915796911 0.013249460904429
0.913826987230399 0.014452674103849
0.906723119271593 0.015752028454021
0.899097323594630 0.017154720231325
0.890911439515905 0.018668139651291
0.882125262130580 0.020299888583069
0.872696750120921 0.022057731385416
0.862582301511296 0.023949252289166
0.851737174729912 0.025981572227537
0.840116066975634 0.028161045273729
0.827673864716775 0.030492814721334
0.814366604154942 0.032980306754049
0.800152950798452 0.035626194534125
0.784995785382634 0.038432597707698
0.768863649071007 0.041399214701219
0.751732286546233 0.044520502411446
0.733586690885599 0.047784817244495
0.714423721470608 0.051176155364195
0.694254968385144 0.054677039741197
0.673108192034158 0.058264942394911
0.651027775375109 0.061903574582045
0.628076269228134 0.065545212115720
0.604336223682752 0.069136521626575
0.579909901297995 0.072619848571533
0.554917934195770 0.075932054240659
0.529497094676661 0.079007180489302
0.503798066275687 0.081782340645341
0.477981178863443 0.084202308990046
0.452212597928115 0.086234296240778
0.426658005345243 0.087861982407992
0.401476355880392 0.089073706507960
0.376815257167622 0.089867118844212
0.352807692788312 0.090251977625611
0.329568489311562 0.090247261096995
0.307192696472371 0.089878396386847
0.285754559020250 0.089175914209810
0.265308150312104 0.088172643345053
0.245888178571292 0.086901946596888
0.227512380110715 0.085392952316703
0.210182958779899 0.083674400584974
0.193890676977801 0.081767890692618
0.178614660999560 0.079696888749072
0.164325517010548 0.077488011497609
0.150986655425512 0.075169074710003
0.138557051560193 0.072763871577335
0.126994109708742 0.070289217579339
0.116251979430417 0.067762712126078
0.106285054271456 0.065199456439890
0.097048072025576 0.062612847301379
0.088495046472684 0.060016924639862
0.080582910856191 0.057422772670618
0.073270540804431 0.054839848376360
0.066516970672239 0.052278144215533
0.060283878879500 0.049745480398669
0.054536353117746 0.047246828286138
0.049240133022165 0.044787860214395
0.044362372183191 0.042374356203605
0.039876180793155 0.040008795952197
0.035757358710468 0.037692605294139
0.031981135286681 0.035428429268726
0.028522932541074 0.033219523342771
0.025360132402126 0.031068195430093
0.022471788304623 0.028976121712435
0.019837399519552 0.026945507028399
0.017437205034083 0.024978820789956
0.015253325410586 0.023078444392891
0.013275417370239 0.021245742348552
0.011494393386559 0.019481871479631
0.009899019604219 0.017788215367923
0.008476786512718 0.016166236682199
0.007214570280228 0.014617373609977
0.006098298939936 0.013142673941614
0.005112785531737 0.011742567496994
0.004244088185667 0.010417623029514
0.003479714856040 0.009168556629498
0.002808501074517 0.007996150912271
0.002220495640331 0.006901199107591
0.001706873377224 0.005884468259751
0.001264677262453 0.004946823914163
0.000899198665699 0.004089292032480
0.000610105718868 0.003312629350172
0.000391721613179 0.002617332295622
0.000235050926905 0.002003702530546
0.000129357792417 0.001471900536900
0.000063388126825 0.001021989160014
0.000026308587089 0.000653968654081
0.000008419077891 0.000367804470556
0.000001682717721 0.000163448770639
0.000000106789696 0.000040856794688
0.000000000000000 0.000000000000000
0.000000102572714 -0.000039798074783
0.000001675805066 -0.000159391005798
0.000008777714463 -0.000359160989930
0.000029055908369 -0.000639020945248
0.000075118858876 -0.000997289375868
0.000165866188207 -0.001429432191709
0.000322123781330 -0.001929937126619
0.000564695107188 -0.002492557633233
0.000914352488552 -0.003109153264386
0.001390085382924 -0.003769206750092
0.002006816174833 -0.004459229591104
0.002772457098011 -0.005162024612830
0.003684134702250 -0.005855774010102
0.004728499292723 -0.006515117584910
0.005906941120338 -0.007123224790192
0.007227899345870 -0.007670143091845
0.008698384485797 -0.008151316908357
0.010323128667054 -0.008570029938154
0.012103492446859 -0.008940574264047
0.014036061597445 -0.009292300113992
0.016117010094457 -0.009657486859584
0.018353907265925 -0.010038325093723
0.020757525578340 -0.010430064606204
0.023340149858186 -0.010825923033992
0.026115854959659 -0.011216484254174
0.029100847593028 -0.011588935288089
0.032313080784089 -0.011928576317859
0.035769023863230 -0.012229106100272
0.039485104076539 -0.012488638430599
0.043478481227316 -0.012707838213450
0.047766868854504 -0.012891072293220
0.052368358724226 -0.013047584194985
0.057303869647379 -0.013182442299662
0.062598665930035 -0.013291169970570
0.068280360305425 -0.013368173782924
0.074378945394573 -0.013407285845419
0.080926871826465 -0.013401924501959
0.087958035392381 -0.013346751057329
0.095507729298585 -0.013238106233710
0.103613076123381 -0.013073886635606
0.112312852709409 -0.012854182539982
0.121647984359288 -0.012577927389647
0.131661534756341 -0.012241838119486
0.142397732009240 -0.011844028845649
0.153901299571112 -0.011384097086067
0.166216229009563 -0.010859016330269
0.179384922237917 -0.010265073315311
0.193447116340611 -0.009599867373303
0.208438648519016 -0.008863174628189
0.224389786585746 -0.008057679440050
0.241323182352564 -0.007189237974600
0.259251587737013 -0.006263919886343
0.278175712189709 -0.005289026235539
0.298082118771229 -0.004274286655470
0.318941090703100 -0.003229399141241
0.340705061894602 -0.002165805871413
0.363307356954550 -0.001094323159124
0.386661775460506 -0.000024722208005
0.410663239708628 0.001031096737428
0.435189339386289 0.002057553777193
0.460102702769310 0.003039259878684
0.485254229143403 0.003966036720235
0.510487484506847 0.004830137817035
0.535643550805058 0.005624136958312
0.560565936079067 0.006341701853081
0.585105303096703 0.006977245430614
0.609123718120273 0.007526214446511
0.632498098467732 0.007987039039517
0.655122713482405 0.008361555244365
0.676910757674641 0.008653290345974
0.697794848081227 0.008865806739523
0.717726659739942 0.009003670285887
0.736675792157375 0.009072547185980
0.754628110537320 0.009078796893379
0.771583777549889 0.009029143749019
0.787555015321597 0.008928368972804
0.802563954708183 0.008780702422606
0.816640565971293 0.008591226511741
0.829820641145146 0.008365431883537
0.842144125560646 0.008108942920365
0.853653679935290 0.007827321049530
0.864393415526953 0.007526277675176
0.874407869821713 0.007211566035028
0.883741210505211 0.006888180094220
0.892436612519255 0.006560342832931
0.900535787874939 0.006231490387417
0.908078663203356 0.005904389757369
0.915103174605259 0.005581323837637
0.921645139997473 0.005264151104006
0.927738196358851 0.004954314803213
0.933413785367006 0.004652799189762
0.938701207790892 0.004360352755929
0.943627691106081 0.004077557870521
0.948218472302143 0.003804849387891
0.952496894567342 0.003542539779687
0.956484513774353 0.003290881249027
0.960201204376167 0.003050035573169
0.963665266713882 0.002820060220290
0.966893534290381 0.002600929225459
0.969901477551723 0.002392551067220
0.972703302270035 0.002194774577298
0.975312028319349 0.002007225513623
0.977739585684979 0.001829409604597
0.979996914640762 0.001660931742371
0.982094039927637 0.001501479093801
0.984040138905548 0.001350800605020
0.985843604593146 0.001208691586931
0.987512103724025 0.001074982263924
0.989052630416714 0.000949542482972
0.990471555070358 0.000832282520609
0.991774667635396 0.000723114741325
0.992967217851493 0.000621950128555
0.994053951772660 0.000528699838152
0.995039144667359 0.000443276616332
0.995926630530443 0.000365596074785
0.996719828428307 0.000295577822856
0.997421765881525 0.000233146461285
0.998035099471054 0.000178232444763
0.998562132835526 0.000130772822051
0.999004832208383 0.000090711862863
0.999364839625028 0.000058001580555
0.999643483911814 0.000032602159065
0.999841789550693 0.000014482291541
0.999960483495683 0.000003619436998
1.000000000000000 0.000000000000000
