1.000000000000000 0.000000000000000
0.999959977809391 0.000004952966823
0.999839797211083 0.000020053358843
0.999639112694877 0.000046006661000
0.999357336822696 0.000083924284227
0.998993622308090 0.000135223071733
0.998546835823828 0.000201476615388
0.998015522371929 0.000284209920033
0.997397858625416 0.000384625837774
0.996691593151445 0.000503248012095
0.995894037666016 0.000639985540036
0.995002251311548 0.000795736162097
0.994012942315059 0.000971794718966
0.992922398498205 0.001169515372974
0.991726457288677 0.001390291757295
0.990420500659695 0.001635613303647
0.988999411836864 0.001907016881768
0.987457520545242 0.002206009211205
0.985788545984399 0.002533997798067
0.983985497235582 0.002892170287460
0.982040609122364 0.003281385763980
0.979945267660682 0.003702033621172
0.977690021984390 0.004154394586900
0.975264680271933 0.004639444762576
0.972658081380667 0.005158083171262
0.969857980444381 0.005710944818142
0.966851001680210 0.006298536167197
0.963622505832733 0.006921030472725
0.960156465756353 0.007578115850206
0.956435484956436 0.008269470981275
0.952440637985802 0.008994481731257
0.948151381141400 0.009752404148573
0.943545815581081 0.010544470224741
0.938600435612125 0.011373035135380
0.933290021821470 0.012241937137749
0.927587642827287 0.013157369313257
0.921464382890400 0.014126393765997
0.914888430934154 0.015151821023580
0.907825548720250 0.016235257737868
0.900239708464739 0.017381149352531
0.892093045509742 0.018596082958895
0.883345296259909 0.019884348391387
0.873954129192854 0.021248671183885
0.863876032109100 0.022693943882700
0.853066476214764 0.024225085427205
0.841479684471976 0.025840973496935
0.829070674372115 0.027543189924161
0.815796952258596 0.029340749077215
0.801617591991359 0.031234280311379
0.786495258226303 0.033219577389695
0.770398628450196 0.035292176191966
0.753303973608973 0.037444204648913
0.735198228253391 0.039672134667068
0.716078706448483 0.041954928774790
0.695955777328478 0.044257693312244
0.674862364157807 0.046595154095811
0.652844466151320 0.048935680118088
0.629968580949147 0.051255809139419
0.606319049259645 0.053508072374426
0.582003561741792 0.055685618555907
0.557146181159047 0.057763759733768
0.531885710023572 0.059711810994021
0.506372768273731 0.061494538997339
0.480765870974261 0.063079284968085
0.455228337242600 0.064465963206526
0.429920232721597 0.065643425573668
0.404993130331246 0.066563611905684
0.380589609799634 0.067236497255953
0.356836962044425 0.067666642485684
0.333844550296102 0.067861729002347
0.311702640167435 0.067811172161913
0.290482203660156 0.067515039287658
0.270234010377915 0.067016751755894
0.250991109771292 0.066325718374663
0.232770100968189 0.065443276046934
0.215572693929612 0.064390473441490
0.199387871954363 0.063186144125666
0.184192848185613 0.061867080035221
0.169959220904756 0.060436736079638
0.156652840157821 0.058898696893395
0.144233845247431 0.057270110756332
0.132657942989861 0.055577372177778
0.121878652972179 0.053844869255699
0.111851793454934 0.052078238924564
0.102534982928627 0.050273777575535
0.093885321033287 0.048438101550968
0.085860166266360 0.046582187284798
0.078417847562332 0.044718614292028
0.071518042018293 0.042860161671313
0.065122665552382 0.041017100679386
0.059197909365005 0.039191329169971
0.053712605199131 0.037382673996359
0.048639513795301 0.035587741360027
0.043951802381520 0.033806799123583
0.039622056080688 0.032047410447879
0.035624195262204 0.030317246113150
0.031935403566125 0.028620228712888
0.028534428037094 0.026959287433194
0.025402185148515 0.025335627291553
0.022521117665042 0.023749729816774
0.019876630933493 0.022200249693383
0.017460111180032 0.020680626867569
0.015261259078010 0.019187471562691
0.013265597299305 0.017725324439776
0.011456715796723 0.016302716786795
0.009819787723662 0.014926234980521
0.008345221363884 0.013598071107498
0.007024313799559 0.012319415551576
0.005847408412975 0.011091943722092
0.004805750874766 0.009916423425750
0.003890254866844 0.008793964206555
0.003091307527300 0.007726551260883
0.002404253797835 0.006717148523564
0.001826612843848 0.005769197487417
0.001351889629902 0.004885901565692
0.000970815309972 0.004069934525432
0.000672877786527 0.003321954996755
0.000446718692541 0.002642772944651
0.000280602304045 0.002034322452696
0.000163063591278 0.001499181512395
0.000083868047179 0.001040627822162
0.000036073312342 0.000663935424567
0.000011830792316 0.000371936782171
0.000002395086529 0.000164675044045
0.000000151852907 0.000041059885613
0.000000000000000 0.000000000000000
0.000000148809091 -0.000040378844329
0.000002422487832 -0.000161314007566
0.000012617196060 -0.000361984631263
0.000041456275947 -0.000640289197367
0.000106238263992 -0.000991706651665
0.000233247854417 -0.001407625051082
0.000455415307073 -0.001875512523808
0.000796261403180 -0.002384799002879
0.001268211399947 -0.002926144221595
0.001867335802534 -0.003491849831694
0.002569174265949 -0.004076859406271
0.003365318584373 -0.004676060028144
0.004264723938055 -0.005285171937222
0.005278173386086 -0.005903534949252
0.006417433429197 -0.006533923855322
0.007690190347106 -0.007174174223028
0.009100726306204 -0.007820375844596
0.010650319061693 -0.008469880876651
0.012341542313333 -0.009120625111707
0.014182875175279 -0.009770484256044
0.016183606345125 -0.010419068537328
0.018353266335757 -0.011067400520860
0.020701676030734 -0.011714879409781
0.023238577573941 -0.012361861525641
0.025973939228664 -0.013009963053822
0.028920675630484 -0.013657647766381
0.032093384978573 -0.014302616996938
0.035507661683907 -0.014943063830786
0.039180324374988 -0.015576938576458
0.043129224241930 -0.016202939023327
0.047373669885485 -0.016820454732281
0.051934954062444 -0.017429318096267
0.056835875491425 -0.018030490616091
0.062101619799821 -0.018621021782239
0.067759558119624 -0.019195542885181
0.073838897156713 -0.019750554462230
0.080370633518350 -0.020286134374073
0.087387897970743 -0.020801730176538
0.094926474424821 -0.021291828751601
0.103024186412442 -0.021750738030058
0.111720678753002 -0.022174507158172
0.121057298886259 -0.022558769714096
0.131076958850966 -0.022896881144423
0.141823452345967 -0.023185169607947
0.153340834965637 -0.023423991591686
0.165672940554016 -0.023609133173320
0.178862226292675 -0.023730925063201
0.192948389284497 -0.023774389375217
0.207967007965605 -0.023745980146843
0.223947775314124 -0.023650051213020
0.240912552700541 -0.023462425072618
0.258873591851006 -0.023193519966990
0.277830763874251 -0.022836546603044
0.297769874082114 -0.022386130050092
0.318660963421227 -0.021863373216581
0.340455402637601 -0.021252734988205
0.363085883103732 -0.020555556613137
0.386466366649010 -0.019794047939090
0.410491179799635 -0.018967239224602
0.435037094524437 -0.018071505390633
0.459966986226959 -0.017131512045550
0.485131853666773 -0.016159525984624
0.510374893592219 -0.015152140728795
0.535537573023487 -0.014125030353713
0.560463547902148 -0.013086364662960
0.585003063319402 -0.012029795278522
0.609018013981200 -0.010953869021719
0.632385535749245 -0.009864810691547
0.654997244612165 -0.008709500345820
0.676769028780888 -0.007543118512514
0.697635488892953 -0.006402277092238
0.717549866548467 -0.005312381559377
0.736483128929521 -0.004295433286092
0.754421446819423 -0.003353765434323
0.771365361404912 -0.002491867085563
0.787327356098636 -0.001711455206628
0.802329739857068 -0.001013650054383
0.816402549259993 -0.000398802283299
0.829581253755178 0.000143037294711
0.841905625678756 0.000616955843338
0.853418466310506 0.001017900402930
0.864163545142569 0.001354058833925
0.874184846057438 0.001639364504566
0.883526332251538 0.001875854285861
0.892231057626864 0.002063291152409
0.900340448191656 0.002207634971790
0.907894139870202 0.002315871427673
0.914929853593816 0.002391850935517
0.921483240294882 0.002438255308780
0.927587774376899 0.002457972247744
0.933274752008654 0.002453938121879
0.938573361953164 0.002429239229239
0.943510731898197 0.002387463400947
0.948112023340474 0.002331958435394
0.952400526267159 0.002265410410679
0.956397756024458 0.002189738936110
0.960123562379456 0.002106666171176
0.963596205604067 0.002017307663909
0.966832437021000 0.001921786480967
0.969847677227731 0.001820490829653
0.972656129205207 0.001714451061260
0.975270906995639 0.001606310806020
0.977704048792458 0.001498568283798
0.979966574164612 0.001393040739390
0.982068508301024 0.001289994572226
0.984018962076966 0.001188384529467
0.985826292599614 0.001087652010149
0.987498159797573 0.000987724280445
0.989041586518410 0.000889331377566
0.990462990972779 0.000793599298184
0.991768209414592 0.000701459581399
0.992962535177432 0.000613662771569
0.994050752303251 0.000530712322709
0.995037169471813 0.000452938660515
0.995925653221675 0.000380667886773
0.996719653721826 0.000314219168443
0.997422201330233 0.000253661025420
0.998035905937134 0.000198618440395
0.998563072244452 0.000149140998823
0.999005710560339 0.000105659159674
0.999365529454681 0.000068799571459
0.999643930988390 0.000039243555041
0.999842007739163 0.000017620867263
0.999960541039102 0.000004432765131
1.000000000000000 0.000000000000000
