1.000000000000000 0.000000000000000
0.999959990800767 0.000000068664993
0.999839823900275 0.000000537352587
0.999639079940885 0.000002167975809
0.999357055125574 0.000006141692341
0.998992753786342 0.000013920601587
0.998544877714422 0.000027043342655
0.998011811974142 0.000046843185273
0.997391606824159 0.000074073009941
0.996681955256477 0.000108416610303
0.995880178703785 0.000148517820386
0.994983261644925 0.000194567245758
0.993987819730769 0.000247689080444
0.992890068073545 0.000309463399569
0.991685795054754 0.000381947301061
0.990370291108934 0.000466513184409
0.988938309860381 0.000563709281303
0.987384043910090 0.000673648660433
0.985701082348792 0.000795970008153
0.983882422685840 0.000931146086560
0.981920421565178 0.001080489473558
0.979806712534723 0.001245512714408
0.977532131870633 0.001427723002335
0.975086588803686 0.001627693657258
0.972459011109098 0.001845317923770
0.969637273546393 0.002079897904218
0.966608200407633 0.002331301972225
0.963357501268041 0.002600302136048
0.959869608310300 0.002887660864103
0.956127553678358 0.003193778210784
0.952112845134184 0.003518388674447
0.947805366026902 0.003860718439016
0.943183376626382 0.004220880376171
0.938223451074258 0.004600449245847
0.932900297530867 0.005001554108377
0.927186660817373 0.005427056363885
0.921053254186402 0.005880725309361
0.914468632278967 0.006366380003996
0.907399113591237 0.006887358821794
0.899808844410477 0.007447322854471
0.891659837086352 0.008050009537447
0.882912078406720 0.008699015574408
0.873523631981690 0.009396303297398
0.863451081247038 0.010143811210719
0.852650138545791 0.010945491295179
0.841076196577573 0.011806385946806
0.828685115884224 0.012732365709490
0.815433908484764 0.013725659270943
0.801282127613757 0.014786705173165
0.786193924211489 0.015921652478670
0.770139200173815 0.017134578310581
0.753095234165679 0.018423108300675
0.735048864561959 0.019779188648261
0.716000402467391 0.021211565225317
0.695963820255609 0.022719116395636
0.674968681602536 0.024289583806855
0.653063282602415 0.025919021634247
0.630314192678346 0.027590465986358
0.606806913101083 0.029276776910194
0.582647055178974 0.030963690926835
0.557957203215994 0.032626758965817
0.532875994517489 0.034255402383487
0.507553469787406 0.035836510234349
0.482144973833148 0.037322240226572
0.456810901661818 0.038706193523689
0.431709438280786 0.039984988662017
0.406990609380753 0.041140492044673
0.382793081781437 0.042151934672650
0.359240952937522 0.043008689867001
0.336441693425874 0.043721600908605
0.314482951435203 0.044283829508936
0.293432976627253 0.044684691315609
0.273341049640792 0.044913876935865
0.254238977587044 0.044999853099993
0.236141804446682 0.044946928899914
0.219050121251308 0.044763564919448
0.202952744492372 0.044447475818143
0.187828430447833 0.044001630206943
0.173647517754781 0.043452034044847
0.160374461244763 0.042813455831980
0.147969435357611 0.042096737519133
0.136390378457473 0.041306054393026
0.125594900034141 0.040433205441696
0.115538760869112 0.039488872430335
0.106177143973225 0.038493182129472
0.097466303559210 0.037459977813261
0.089364342050047 0.036397175313145
0.081831702077118 0.035307077949591
0.074831734779855 0.034187923804427
0.068330132426533 0.033037000498895
0.062293407364982 0.031859958361728
0.056689368679730 0.030666364140795
0.051487982364652 0.029464310725341
0.046661186904446 0.028260680504167
0.042183572348915 0.027058510951895
0.038032027707642 0.025858241404548
0.034186544522299 0.024657636278102
0.030631759061168 0.023448476085575
0.027351519364038 0.022227784778442
0.024327643513116 0.021003274059242
0.021541913193089 0.019785236779688
0.018978813295978 0.018579903500268
0.016626204772111 0.017388729120952
0.014471760766172 0.016213962954411
0.012504118217079 0.015057692856350
0.010712508719691 0.013922115532884
0.009086595046284 0.012809707907869
0.007625250680484 0.011715586861223
0.006329119707337 0.010633842765161
0.005193465536461 0.009564024000106
0.004208441683445 0.008515875261258
0.003361422347803 0.007503218740321
0.002639279247106 0.006536886493024
0.002029852150174 0.005623630709752
0.001522720250174 0.004765972158713
0.001106919702600 0.003966729560289
0.000771182510564 0.003229270048298
0.000506545663977 0.002558106841750
0.000309489263885 0.001959841050818
0.000172762860683 0.001439014829536
0.000085587205060 0.000997983723034
0.000035802086802 0.000637663982297
0.000011508435098 0.000358109690228
0.000002298417629 0.000158949152850
0.000000144589837 0.000039702944193
0.000000000000000 0.000000000000000
0.000000144578825 -0.000039702944266
0.000002298374098 -0.000158949153300
0.000011508339096 -0.000358109691832
0.000035801921001 -0.000637663986635
0.000085586955870 -0.000997983732824
0.000172762519435 -0.001439014849000
0.000309488828095 -0.001959841086072
0.000506545138730 -0.002558106901225
0.000771181910020 -0.003229270143213
0.001106919036571 -0.003966729698804
0.001522719516613 -0.004765972342541
0.002029851348708 -0.005623630939602
0.002639278379333 -0.006536886768440
0.003361421415773 -0.007503219062471
0.004208440687290 -0.008515875637138
0.005193464477555 -0.009564024437848
0.006329118588893 -0.010633843272631
0.007625249510206 -0.011715587434657
0.009086593835341 -0.012809708538483
0.010712507481657 -0.013922116209763
0.012504116956611 -0.015057693576173
0.014471759485537 -0.016213963715793
0.016626203474170 -0.017388729921865
0.018978811983007 -0.018579904339162
0.021541911867768 -0.019785237654518
0.024327642177980 -0.021003274968468
0.027351518019921 -0.022227785723357
0.030631757709101 -0.023448477067450
0.034186543164466 -0.024657637294143
0.038032026347225 -0.025858242448985
0.042183570988818 -0.027058512019501
0.046661185545994 -0.028260681592830
0.051487981009270 -0.029464311832814
0.056689367328445 -0.030666365266333
0.062293406018881 -0.031859959504627
0.068330131086658 -0.033037001658542
0.074831733447363 -0.034187924979879
0.081831700753400 -0.035307079137977
0.089364340736665 -0.036397176510757
0.097466302257419 -0.037459979017644
0.106177142684264 -0.038493183338493
0.115538759594100 -0.039488873642932
0.125594898774225 -0.040433206657144
0.136390377213845 -0.041306055610645
0.147969434131685 -0.042096738735243
0.160374460037999 -0.042813457042858
0.173647516568511 -0.043452035248454
0.187828429283425 -0.044001631401221
0.202952743351206 -0.044447477001707
0.219050120134765 -0.044763566090677
0.236141803356197 -0.044946930054868
0.254238976524020 -0.044999854236318
0.273341048606592 -0.044913878050785
0.293432975623222 -0.044684692407493
0.314482950462581 -0.044283830576030
0.336441692485804 -0.043721601947464
0.359240952031055 -0.043008690875423
0.382793080909503 -0.042151935648697
0.406990608544136 -0.041140492987516
0.431709437480014 -0.039984989569210
0.456810900897288 -0.038706194394268
0.482144973105014 -0.037322241059090
0.507553469095687 -0.035836511029395
0.532875993861843 -0.034255403139775
0.557957202595947 -0.032626759683012
0.582647054593897 -0.030963691605644
0.606806912550110 -0.029276777550938
0.630314192160480 -0.027590466589868
0.653063282116505 -0.025919022201320
0.674968681147337 -0.024289584338405
0.695963819829822 -0.022719116893024
0.716000402069661 -0.021211565690073
0.735048864190882 -0.019779189081711
0.753095233819874 -0.018423108704749
0.770139199851863 -0.017134578686848
0.786193923911995 -0.015921652828571
0.801282127335373 -0.014786705498268
0.815433908226192 -0.013725659572869
0.828685115644203 -0.012732365989723
0.841076196354899 -0.011806386206682
0.852650138339327 -0.010945491536071
0.863451081055707 -0.010143811433939
0.873523631804474 -0.009396303504161
0.882912078242659 -0.008699015765826
0.891659836934547 -0.008050009714534
0.899808844270091 -0.007447323018203
0.907399113461491 -0.006887358973103
0.914468632159131 -0.006366380143753
0.921053254075799 -0.005880725438375
0.927186660715369 -0.005427056482910
0.932900297436873 -0.005001554218134
0.938223450987721 -0.004600449346994
0.943183376546786 -0.004220880469307
0.947805365953766 -0.003860718524692
0.952112845067059 -0.003518388753165
0.956127553616824 -0.003193778282978
0.959869608253971 -0.002887660930185
0.963357501216557 -0.002600302196410
0.966608200360664 -0.002331302027247
0.969637273503627 -0.002079897954257
0.972459011070249 -0.001845317969160
0.975086588768483 -0.001627693698291
0.977532131838824 -0.001427723039293
0.979806712506076 -0.001245512747566
0.981920421539476 -0.001080489503189
0.983882422662878 -0.000931146112930
0.985701082328374 -0.000795970031510
0.987384043892031 -0.000673648681010
0.988938309844506 -0.000563709299304
0.990370291095076 -0.000466513200033
0.991685795042757 -0.000381947314502
0.992890068063258 -0.000309463411017
0.993987819722048 -0.000247689090094
0.994983261637629 -0.000194567253792
0.995880178697777 -0.000148517826973
0.996681955251620 -0.000108416615603
0.997391606820324 -0.000074073014096
0.998011811971204 -0.000046843188422
0.998544877712260 -0.000027043344944
0.998992753784838 -0.000013920603158
0.999357055124610 -0.000006141693336
0.999639079940342 -0.000002167976364
0.999839823900032 -0.000000537352832
0.999959990800706 -0.000000068665054
1.000000000000000 0.000000000000000
