1.000000000000000 0.000000000000000
0.999959788679764 0.000003435116763
0.999839016064706 0.000013830437448
0.999637265103027 0.000031454247186
0.999353837060314 0.000056748138468
0.998987745980627 0.000090318227990
0.998537710796213 0.000132921917240
0.998002144944709 0.000185449194441
0.997379143304528 0.000248897100656
0.996666466204539 0.000324335535446
0.995861520201184 0.000412862033664
0.994961335242429 0.000515542475971
0.993962537750515 0.000633333866001
0.992861319050766 0.000766984272454
0.991653406979912 0.000917016266092
0.990334087515896 0.001084415024018
0.988898159960942 0.001270488978315
0.987339878107059 0.001476598760903
0.985652905571315 0.001704130996040
0.983830265667316 0.001954463372576
0.981864297066654 0.002229005174101
0.979746654035732 0.002529600209620
0.977468226113303 0.002858374484133
0.975019057485410 0.003217619963354
0.972388276419644 0.003609791837332
0.969564016985749 0.004037498765193
0.966533315387687 0.004503469742584
0.963282014301019 0.005010521669924
0.959794670758954 0.005561520225264
0.956054445329163 0.006159311037452
0.952043013653170 0.006806840826199
0.947740567397302 0.007507925279646
0.943125644261656 0.008266842857360
0.938174985793324 0.009088119952390
0.932863405767230 0.009976397152960
0.927163585961718 0.010935867855825
0.921045992940870 0.011970278531394
0.914478796573868 0.013082825695077
0.907427960795538 0.014276934054067
0.899857375054905 0.015557036689787
0.891728707371225 0.016927350723601
0.883001484558104 0.018391564799777
0.873633276254139 0.019952583845431
0.863579953708560 0.021612131235951
0.852796184093806 0.023370772526664
0.841236050204487 0.025227727976234
0.828853804706622 0.027180508485222
0.815605292435636 0.029227102224104
0.801448986992426 0.031364467408364
0.786347238706189 0.033586632452735
0.770268011472377 0.035884373001421
0.753187139730392 0.038246729562998
0.735090566627960 0.040661413574496
0.715977039841972 0.043118645465470
0.695860277792935 0.045610722007903
0.674770196267066 0.048126493129292
0.652754221041773 0.050646941071391
0.629877478571495 0.053135578290327
0.606225824628691 0.055561039594678
0.581905886904406 0.057902547223609
0.557042231775069 0.060141358812537
0.531773491608325 0.062241251918200
0.506249283620091 0.064153238245546
0.480630324011786 0.065873364353298
0.455079213739808 0.067384194099064
0.429754739054893 0.068646366514844
0.404810542400279 0.069646683837572
0.380389259623278 0.070386865411228
0.356618368321576 0.070869553059003
0.333607526850558 0.071080770050178
0.311447684839213 0.071022347318338
0.290210222275545 0.070711176536709
0.269946771417491 0.070166461770917
0.250690919493266 0.069402112711507
0.232459715339277 0.068429151156141
0.215254704196857 0.067274238016999
0.199064678566713 0.065964996103205
0.183869084139929 0.064514550814115
0.169639119389613 0.062936609005103
0.156340048661393 0.061247217107501
0.143931314307082 0.059468058054659
0.132368216072476 0.057626242162711
0.121605482054324 0.055739795702817
0.111599775596525 0.053811916044464
0.102306877044098 0.051848836407561
0.093682795555404 0.049862849124702
0.085684012929894 0.047867250974178
0.078268886115512 0.045872899056175
0.071397751691720 0.043888742054774
0.065032906007726 0.041922260697439
0.059141424027786 0.039974268182685
0.053692011615718 0.038045521827170
0.048654261516035 0.036139186117533
0.043999755939035 0.034260698759861
0.039701296058146 0.032415829797494
0.035733142503124 0.030609617274683
0.032072590297900 0.028844203173856
0.028698422631230 0.027121221815790
0.025590225183156 0.025442878822585
0.022730859660369 0.023809723986285
0.020107020603656 0.022220069999643
0.017704841027910 0.020673620709507
0.015510068071150 0.019171236295204
0.013510249110921 0.017712633480833
0.011694597907954 0.016296545727222
0.010051603363863 0.014923281690246
0.008569368296853 0.013594355432462
0.007237576088778 0.012312775423929
0.006049781918417 0.011083640986262
0.004998363416710 0.009911547817261
0.004074236904541 0.008800237647423
0.003267512633722 0.007752726836954
0.002570338308690 0.006768366233319
0.001978706565678 0.005841065838758
0.001486105411721 0.004967962425073
0.001083705007317 0.004149499275007
0.000761360545371 0.003388363824419
0.000508384153169 0.002688661043987
0.000315518505067 0.002056773235404
0.000178274949798 0.001504000470599
0.000089146524659 0.001037360458719
0.000037556435653 0.000658968041329
0.000012135405880 0.000368086264849
0.000002432295794 0.000162675563312
0.000000153331508 0.000040521453642
0.000000000000000 0.000000000000000
0.000000149261161 -0.000039770233764
0.000002416740468 -0.000158748625659
0.000012476727824 -0.000355783773147
0.000040513707989 -0.000628434087363
0.000102348797066 -0.000972156711567
0.000221089289829 -0.001379116287125
0.000426838170829 -0.001837794593746
0.000746182522246 -0.002337414522413
0.001200490779927 -0.002867849151940
0.001803511699543 -0.003419607370104
0.002556214788016 -0.003984838158726
0.003440191775254 -0.004558628739147
0.004421687539531 -0.005138953455909
0.005495747877139 -0.005721226542810
0.006669208026549 -0.006301521365245
0.007951180032270 -0.006879008339074
0.009353695933783 -0.007457314333379
0.010892383589270 -0.008046030520982
0.012581605846435 -0.008652241001740
0.014429979260457 -0.009272899148020
0.016444787037606 -0.009903628161016
0.018631798877545 -0.010539410334855
0.020994631146508 -0.011174559282198
0.023539540410998 -0.011804283385330
0.026279259741183 -0.012426071611421
0.029228286458030 -0.013038802873249
0.032402654597397 -0.013643269550424
0.035819753258762 -0.014241780123797
0.039496791703991 -0.014833307140877
0.043451383638542 -0.015416158075333
0.047701813771594 -0.015989896386522
0.052267374649473 -0.016555183750673
0.057171000878631 -0.017110526657385
0.062438258721235 -0.017654130850334
0.068096642827334 -0.018185415766781
0.074175598826209 -0.018703306574037
0.080706504023779 -0.019203952229102
0.087722628696230 -0.019683466397781
0.095259244434645 -0.020138189968582
0.103354137745304 -0.020563888019544
0.112047051250878 -0.020956878464223
0.121379385907459 -0.021313872344733
0.131394063732368 -0.021630384255970
0.142134853559208 -0.021902658785572
0.153645936719376 -0.022126451173347
0.165971187076233 -0.022296624384743
0.179152973395751 -0.022408670849384
0.193231068424271 -0.022457245798544
0.208241044600217 -0.022437659905661
0.224212650428498 -0.022343962856478
0.241167827496726 -0.022170626110648
0.259118709565424 -0.021915659164459
0.278065386514954 -0.021580000483875
0.297993660351243 -0.021160292537969
0.318873087258200 -0.020652905620074
0.340655479463352 -0.020060854386165
0.363273706949193 -0.019390166322347
0.386641280180423 -0.018646803761892
0.410652837969776 -0.017837841762191
0.435185613375238 -0.016970733578541
0.460101828683646 -0.016049985266262
0.485252198309953 -0.015078731051638
0.510480189444587 -0.014059544737118
0.535626937570435 -0.012998690976358
0.560536411118493 -0.011910818515078
0.585060573914166 -0.010827167300668
0.609062367765769 -0.009767500871158
0.632419089333979 -0.008738241899197
0.655025808741449 -0.007753396193601
0.676796506560035 -0.006826492860302
0.697664266481558 -0.005963889138385
0.717581041409315 -0.005167765022759
0.736516573660617 -0.004436981397983
0.754456909133075 -0.003771755196623
0.771402390543597 -0.003173489732503
0.787365296643334 -0.002639229000489
0.802367674811874 -0.002162465180496
0.816439419584427 -0.001738567071004
0.829616359055930 -0.001365632390625
0.841938428950699 -0.001040544876073
0.853448132131532 -0.000756964124821
0.864189390081001 -0.000508527400009
0.874206577614517 -0.000290514285758
0.883543719215645 -0.000099735495119
0.892243843568700 0.000066722546078
0.900348522919694 0.000211818336679
0.907897552947995 0.000338450402515
0.914928745061320 0.000449123207281
0.921477808726825 0.000545154407610
0.927578298457223 0.000626330188654
0.933261592914270 0.000692852433588
0.938556929696173 0.000745397642890
0.943491459686275 0.000785163307604
0.948090341164127 0.000813590604900
0.952376849321946 0.000832070134102
0.956372479697340 0.000841898828711
0.960097049766742 0.000843912289782
0.963568808349161 0.000838594557136
0.966804549099612 0.000826570947962
0.969819712441656 0.000808567949256
0.972628481173934 0.000785347377359
0.975243859836816 0.000757561745447
0.977677774494765 0.000725836892222
0.979941163283699 0.000690833485389
0.982044049765880 0.000653219245589
0.983995610902458 0.000613646298010
0.985804236264012 0.000572607793021
0.987477586098371 0.000530433724103
0.989022651216376 0.000487521516058
0.990445801213748 0.000444321427055
0.991752827935698 0.000401308897273
0.992948984549485 0.000358958068054
0.994038997432079 0.000317421840178
0.995027103315761 0.000276582122585
0.995917122908082 0.000236609389469
0.996712482620479 0.000197903128308
0.997416231002452 0.000161003460463
0.998031053918378 0.000126522665470
0.998559288320152 0.000095092379997
0.999002934515708 0.000067323133881
0.999363666867681 0.000043773600797
0.999642842880816 0.000024927517937
0.999841510653604 0.000011176698197
0.999960414680749 0.000002808944554
1.000000000000000 0.000000000000000
