1.000000000000000 0.000000000000000
0.999959795054932 0.000002544986628
0.999839036071330 0.000010218908235
0.999637289667168 0.000023138875209
0.999353830408157 0.000041500814812
0.998987636082917 0.000065580559480
0.998537381031096 0.000095735314828
0.998001427466880 0.000132405446284
0.997377814723241 0.000176116497467
0.996664246324778 0.000227481320849
0.995858074778960 0.000287202159342
0.994956283957025 0.000356072463442
0.993955468916639 0.000434978158749
0.992851812998774 0.000524897988444
0.991641062011161 0.000626902438839
0.990318495290336 0.000742150605977
0.988878893413931 0.000871884167975
0.987316502314913 0.001017417379412
0.985624993057834 0.001180127239795
0.983797409048161 0.001361535385692
0.981826113552339 0.001563324521356
0.979702739121361 0.001787264029419
0.977418126316068 0.002035185310026
0.974962255972554 0.002308948449184
0.972324174667224 0.002610394417036
0.969491913255358 0.002941283262656
0.966452438098512 0.003303684147342
0.963191610903273 0.003700534105155
0.959694052818136 0.004135138286072
0.955943041728167 0.004611119565972
0.951920410882269 0.005132434565717
0.947606443917548 0.005703384673654
0.942979748469516 0.006328539617165
0.938017104678501 0.007012546172592
0.932693378167867 0.007760176169963
0.926981415646497 0.008576253459491
0.920851942031080 0.009465509727950
0.914273509448458 0.010432747732864
0.907212567832626 0.011483890056467
0.899633384970550 0.012625234543971
0.891498053325334 0.013863038590989
0.882766595111726 0.015203372233703
0.873397236924626 0.016652581285022
0.863346692772411 0.018216978812480
0.852570536418286 0.019902190571058
0.841023773196563 0.021712807958342
0.828661605081124 0.023652128532302
0.815440357324470 0.025721413569232
0.801318689388404 0.027919451073668
0.786259345862771 0.030243827571797
0.770230710794129 0.032689624535938
0.753208654118541 0.035248444137864
0.735178832989037 0.037908917722486
0.716138731265119 0.040655434239879
0.696099759300874 0.043466356466470
0.675089271207525 0.046313392488535
0.653152844185200 0.049165910028696
0.630356412371386 0.051997210737905
0.606785744077584 0.054778514633639
0.582545407051794 0.057474873244735
0.557757396723893 0.060044417389971
0.532557720345251 0.062423051904612
0.507094677108539 0.064545563155028
0.481527639226336 0.066370044085390
0.456020227181105 0.067869159466284
0.430735030761286 0.069032640694759
0.405827812426472 0.069860773895425
0.381442839522714 0.070362440929061
0.357709049514764 0.070552897556789
0.334737375471111 0.070451494583351
0.312619014305088 0.070081707444985
0.291424955858028 0.069469248658233
0.271206360132866 0.068639883308118
0.251996174126351 0.067614116301953
0.233810161872846 0.066413775324450
0.216649645291593 0.065060349529904
0.200502955304821 0.063576198858892
0.185348313124362 0.061981853466992
0.171155773689359 0.060296302146455
0.157888805676632 0.058538149255660
0.145507256213275 0.056722114652440
0.133967525087855 0.054862750026312
0.123224431559191 0.052973080899793
0.113233178209243 0.051062342238447
0.103948421909595 0.049140349122209
0.095325664020007 0.047216072671592
0.087323125526069 0.045294848235657
0.079899968838035 0.043382582344620
0.073016550814276 0.041485814379224
0.066636502066769 0.039608681063227
0.060725919511818 0.037754216439272
0.055251999699279 0.035926457032861
0.050183524768270 0.034129760801808
0.045492664460765 0.032366726171809
0.041153790073956 0.030639338092632
0.037142197954456 0.028950228416181
0.033434350757972 0.027302320776750
0.030009625269443 0.025696206778108
0.026852093110434 0.024127446783183
0.023945887952645 0.022593414600609
0.021274900122535 0.021093677035431
0.018823202992862 0.019629274163725
0.016575542968634 0.018203095839223
0.014518090705205 0.016822082895683
0.012637651883603 0.015492670960828
0.010921533974456 0.014219637757574
0.009357679405951 0.013006441569949
0.007934747432390 0.011855496124795
0.006644357915455 0.010765458747597
0.005488558699998 0.009721470295585
0.004467913086410 0.008711193223680
0.003578312136253 0.007729162735908
0.002812449312761 0.006774882778729
0.002160959458193 0.005851344352648
0.001613292348801 0.004963879231203
0.001158707825799 0.004119634253854
0.000792699069917 0.003333331557970
0.000512328303370 0.002621263960420
0.000309035752654 0.001992771473384
0.000170765594765 0.001452030362778
0.000083924449898 0.000999796199199
0.000034890837842 0.000634762437954
0.000011164283575 0.000354606068348
0.000002222641338 0.000156775813841
0.000000139561341 0.000039065012249
0.000000000000000 0.000000000000000
0.000000136570692 -0.000038499719619
0.000002202957017 -0.000153748495231
0.000011303640206 -0.000344910721388
0.000036400241814 -0.000610308064128
0.000091013873147 -0.000946976293716
0.000194166663110 -0.001350051571571
0.000368295612691 -0.001813388291374
0.000635471679020 -0.002330815039736
0.001017326446182 -0.002895668442003
0.001533179385009 -0.003500960675525
0.002197438003116 -0.004139680710870
0.003016251992754 -0.004805192161860
0.003983225686376 -0.005491755348282
0.005074034988174 -0.006195200462557
0.006260033534462 -0.006912012183039
0.007541765351375 -0.007636767429413
0.008926184082944 -0.008364619516091
0.010422626468119 -0.009092299833038
0.012043500310536 -0.009818910492821
0.013805156103503 -0.010546961985517
0.015728911769430 -0.011283643164807
0.017835529159435 -0.012035370678453
0.020137353293353 -0.012800034720582
0.022645057279661 -0.013574624498536
0.025367944402394 -0.014356370528431
0.028313102560558 -0.015142986505940
0.031484351273635 -0.015932992668594
0.034887873376843 -0.016724999148385
0.038540576169635 -0.017516623296328
0.042462561400639 -0.018306142052802
0.046676388464255 -0.019093170268191
0.051207468940394 -0.019879344977724
0.056083334016599 -0.020667272897305
0.061330063810277 -0.021454985867728
0.066974199354464 -0.022239553965369
0.073043275386168 -0.023018710413601
0.079565562994839 -0.023791263230466
0.086572704156238 -0.024555457991068
0.094101029165725 -0.025308392750062
0.102189222315776 -0.026048219792004
0.110878055112175 -0.026774782480483
0.120209719577949 -0.027486253182040
0.130227254439980 -0.028178026882709
0.140974267489029 -0.028846099946894
0.152494516433568 -0.029486968270271
0.164832131713900 -0.030095382657335
0.178029953699666 -0.030666391224757
0.192128027940703 -0.031195980587381
0.207162213626169 -0.031678785772411
0.223162341839331 -0.032109980841483
0.240150350520554 -0.032484843941925
0.258138510080163 -0.032795112557733
0.277126928385657 -0.033032496171046
0.297101374570518 -0.033189505858322
0.318031263749907 -0.033259973431472
0.339867994329496 -0.033238135624052
0.362543922531068 -0.033116529474153
0.385971887292361 -0.032888972789604
0.410045759146923 -0.032551073494896
0.434641904578960 -0.032100207557949
0.459621645186612 -0.031531915543376
0.484834820057964 -0.030843015536982
0.510124244530715 -0.030038134219114
0.535330404805787 -0.029126871755758
0.560296107897245 -0.028114892294372
0.584871375454004 -0.027006629174059
0.608918070733782 -0.025814211170884
0.632313309840434 -0.024555278353391
0.654951787512397 -0.023247024085818
0.676747248810847 -0.021905450548864
0.697633090502232 -0.020547409046014
0.717562046416359 -0.019191574726808
0.736504780517728 -0.017854624544438
0.754448384444840 -0.016552690906759
0.771394121803015 -0.015299100264290
0.787355048626254 -0.014102153244886
0.802353799556991 -0.012964970345545
0.816420696364361 -0.011888879275459
0.829591872729723 -0.010874348602803
0.841907562713947 -0.009921192867024
0.853410588599181 -0.009028297160700
0.864145195761085 -0.008194651345077
0.874156115018411 -0.007420332160405
0.883487598086618 -0.006704369242471
0.892182802820395 -0.006044755964885
0.900283343315690 -0.005438603937067
0.907828996186135 -0.004882478628391
0.914857531324159 -0.004372852039945
0.921404596214353 -0.003906226152854
0.927503684576245 -0.003479558215226
0.933186159756429 -0.003090725980733
0.938481234187089 -0.002737484241368
0.943416031569634 -0.002417406411598
0.948015678444515 -0.002128001923548
0.952303405782556 -0.001866870586074
0.956300655157571 -0.001631946506047
0.960027193424980 -0.001421216517927
0.963501223753259 -0.001232678921092
0.966739492905832 -0.001064390142473
0.969757394661011 -0.000914495469455
0.972569068485820 -0.000781285247560
0.975187493155054 -0.000663395517864
0.977624573417945 -0.000559573467692
0.979891221083630 -0.000468571966414
0.981997430551751 -0.000389177452438
0.983952348532446 -0.000320229102460
0.985764338160021 -0.000260631089373
0.987441037517506 -0.000209369289155
0.988989408983601 -0.000165690115041
0.990415790817378 -0.000128993430473
0.991725946798990 -0.000098621226696
0.992925105758482 -0.000073884313701
0.994017997163976 -0.000054089592214
0.995008883236205 -0.000038560124761
0.995901587802299 -0.000026649697457
0.996699522090255 -0.000017753195978
0.997405707651746 -0.000011313829717
0.998022796585566 -0.000006828010632
0.998553089217813 -0.000003848514363
0.998998549378134 -0.000001986410451
0.999360817394500 -0.000000912137506
0.999641220912052 -0.000000356011464
0.999840783624870 -0.000000108385269
0.999960231992899 -0.000000019622286
1.000000000000000 0.000000000000000
