1.000000000000000 0.000000000000000
0.999960004237262 0.000005449247946
0.999839879283638 0.000021868174728
0.999639211172253 0.000049470260069
0.999357306709628 0.000088611035801
0.998993188556075 0.000139787551339
0.998545588243862 0.000203637351181
0.998012937035752 0.000280936670528
0.997393354494259 0.000372597441766
0.996684634596172 0.000479662566876
0.995884229186355 0.000603298740884
0.994989228518401 0.000744785899318
0.993996338575652 0.000905502096168
0.992901854802669 0.001086902282733
0.991701631801930 0.001290489032861
0.990391048460503 0.001517772722268
0.988964967863177 0.001770217988336
0.987417691217300 0.002049172433577
0.985742906392780 0.002355792104512
0.983933661336290 0.002691358577346
0.981982313128040 0.003057367378951
0.979880435170008 0.003455174609388
0.977618734731866 0.003885882163254
0.975186959480267 0.004350203045245
0.972573789907910 0.004848284778106
0.969766725444586 0.005379527691277
0.966752229720530 0.005943648417448
0.963515753580345 0.006541190212191
0.960041415245536 0.007172438211951
0.956311869209105 0.007837240302071
0.952308177857668 0.008534851215063
0.948009696377272 0.009263877904535
0.943394294327578 0.010024360155907
0.938438323749191 0.010818235697218
0.933116349208690 0.011648264461853
0.927401099863682 0.012518292782317
0.921263421331849 0.013433466893552
0.914671774446242 0.014398131988805
0.907592190422517 0.015415838104179
0.899988576113561 0.016490879580956
0.891822811050423 0.017628557040338
0.883054728120951 0.018834141952460
0.873642199497865 0.020111947169250
0.863541656433125 0.021466649825149
0.852708566543596 0.022903360617066
0.841097814766055 0.024425930385936
0.828664524504889 0.026036943813267
0.815365199916198 0.027738426452455
0.801159033775305 0.029532141021297
0.786009439508194 0.031419695166035
0.769885746502160 0.033401987671490
0.752764877055502 0.035476729692367
0.734633435692596 0.037637877585555
0.715490122042979 0.039876879153437
0.695348018391243 0.042183017940189
0.674236547243850 0.044542597981192
0.652202624713975 0.046933238580276
0.629311839580410 0.049324124855606
0.605649816375821 0.051684152795914
0.581322121622656 0.053985207951696
0.556452261696405 0.056198463299382
0.531179196004290 0.058294936202927
0.505653878151099 0.060246677066021
0.480035058650580 0.062027638473623
0.454484416930439 0.063614411448305
0.429161594929435 0.064986346189854
0.404219388171084 0.066127183189295
0.379799478307224 0.067025018983502
0.356028739678153 0.067674917464451
0.333016683450103 0.068078877942546
0.310853700113222 0.068241079432829
0.289610629482833 0.068164641441080
0.269338819677481 0.067858627297646
0.250071616041312 0.067337128934922
0.231825390231104 0.066617303220434
0.214602492339763 0.065712879318631
0.198392247814785 0.064640129338725
0.183173877378314 0.063417459586533
0.168918247934360 0.062064703360334
0.155589674718874 0.060601334684025
0.143149042560916 0.059041867081455
0.131553464044796 0.057401723595717
0.120758580804656 0.055694926582827
0.110720252944607 0.053932358079444
0.101393403738756 0.052126326927353
0.092734254294020 0.050287656596142
0.084701773420655 0.048423814112782
0.077255267697516 0.046543542322144
0.070355265578502 0.044655715377514
0.063965972086161 0.042765394263401
0.058053110910624 0.040877715604742
0.052583301244018 0.038999071306195
0.047525909195320 0.037135197952491
0.042855428564936 0.035288912519127
0.038546923195239 0.033463764356330
0.034575640097384 0.031664222961789
0.030917881713705 0.029894491485276
0.027553247901954 0.028154748761338
0.024462478039030 0.026445133675511
0.021626521951997 0.024767465560085
0.019026901292608 0.023124610369029
0.016647935854148 0.021519599351431
0.014482309476703 0.019954161142032
0.012522046233680 0.018430411563947
0.010756609743295 0.016951109334595
0.009173895753764 0.015519350907432
0.007761005841551 0.014138282387182
0.006506188793794 0.012808166062735
0.005398956722349 0.011526828480382
0.004428081602325 0.010294133631081
0.003581947952634 0.009111625534007
0.002848948511905 0.007981975803293
0.002217771133433 0.006908565447663
0.001678032685342 0.005895405374958
0.001226679510131 0.004950320870253
0.000862662880099 0.004081819312291
0.000580056884550 0.003295173167299
0.000369655140709 0.002593183406915
0.000220432769397 0.001976905928562
0.000120679010354 0.001446224695129
0.000058869510544 0.001000301576840
0.000024332602328 0.000637926617445
0.000007751997850 0.000357787353223
0.000001538638049 0.000158671631969
0.000000096443120 0.000039614902327
0.000000000000000 0.000000000000000
0.000000094280029 -0.000039099020501
0.000001518209264 -0.000156465128774
0.000007767945750 -0.000352284775786
0.000024916484301 -0.000626798692148
0.000061991009026 -0.000980193107083
0.000130865707405 -0.001412439302200
0.000244952358903 -0.001923072854470
0.000419082117218 -0.002510903209935
0.000669039342101 -0.003173637891063
0.001010816293034 -0.003907402617530
0.001459636380898 -0.004706133518087
0.002028682395999 -0.005560811293904
0.002727449100557 -0.006458499485880
0.003559624517913 -0.007381144757659
0.004525938779132 -0.008308803523244
0.005635953510803 -0.009230729286301
0.006900125273892 -0.010140080493803
0.008326884573861 -0.011033343183264
0.009921510538696 -0.011911867694750
0.011684660496011 -0.012783869801575
0.013611541170070 -0.013665559352091
0.015705062985936 -0.014563334926676
0.017977204586000 -0.015471930676016
0.020441015327090 -0.016385226643693
0.023110385678810 -0.017296531472583
0.025999980821003 -0.018198628322908
0.029125197709322 -0.019084308808382
0.032502355020125 -0.019948788762621
0.036148354723199 -0.020789547539331
0.040080288254178 -0.021606667654085
0.044315008340166 -0.022404069209626
0.048869352327454 -0.023189360416882
0.053765348009703 -0.023962822411962
0.059028843478835 -0.024720870088548
0.064687501969122 -0.025460985285659
0.070770768169252 -0.026182408283877
0.077310094087858 -0.026884179599430
0.084339232312808 -0.027562141843253
0.091893746894542 -0.028212661520805
0.100010729981411 -0.028833760754252
0.108729277201539 -0.029423078018040
0.118091209888273 -0.029974705634149
0.128139745516191 -0.030483038024497
0.138918863297477 -0.030943569017724
0.150472999337709 -0.031350277975819
0.162846115103317 -0.031696694810289
0.176080451292503 -0.031977943745080
0.190215724187364 -0.032188418261767
0.205287676730655 -0.032322028711728
0.221326014443395 -0.032374536258230
0.238352686958619 -0.032339925114041
0.256379702837948 -0.032211878769288
0.275406902272365 -0.031986677464022
0.295420012372520 -0.031664342388952
0.316388450132302 -0.031248375470975
0.338263637310172 -0.030738176247566
0.360977882050994 -0.030131142729032
0.384444061864187 -0.029427961527829
0.408556165736662 -0.028633305973928
0.433190724009711 -0.027753347410080
0.458209329055320 -0.026793796868550
0.483462115779732 -0.025761584024883
0.508791986595354 -0.024663662714097
0.534039446037407 -0.023508589972391
0.559047601957058 -0.022307208259909
0.583666853703445 -0.021071072754198
0.607759043358233 -0.019810049079876
0.631201028639645 -0.018533985324807
0.653887423191506 -0.017256396165906
0.675731951460876 -0.015991800839054
0.696668113645501 -0.014757876123593
0.716648714129046 -0.013574257342718
0.735644211127470 -0.012454411868146
0.753640863230304 -0.011402535569614
0.770639075311983 -0.010419668303991
0.786651356881150 -0.009506305645259
0.801700123750648 -0.008662522471875
0.815815535379699 -0.007886928143224
0.829033525457532 -0.007176362109980
0.841394113764500 -0.006526551229819
0.852939980790068 -0.005933094945509
0.863715235148668 -0.005391794044255
0.873764405547309 -0.004898803227665
0.883131630739601 -0.004450327973796
0.891860043171129 -0.004042623427841
0.899991279651992 -0.003671272141056
0.907565181166719 -0.003331689163950
0.914619620235065 -0.003020022798820
0.921190371226951 -0.002733050171436
0.927311047171851 -0.002467984556099
0.933013091107498 -0.002222326929945
0.938325814490104 -0.001993985898927
0.943276459804328 -0.001781221219187
0.947890282896808 -0.001582574075603
0.952190660564271 -0.001397092223670
0.956199212247989 -0.001224712693805
0.959935867437937 -0.001065271263543
0.963418969720166 -0.000918377423658
0.966665387303815 -0.000783490238385
0.969690619188513 -0.000659975101837
0.972508903794984 -0.000547382753018
0.975133332541938 -0.000446047059428
0.977575905666825 -0.000356090471976
0.979847608986764 -0.000277254786030
0.981958494074571 -0.000209019703745
0.983917751640381 -0.000150692499094
0.985733778530351 -0.000101475327621
0.987414236034670 -0.000060559203854
0.988966085826957 -0.000027475722414
0.990395662220991 -0.000001770086885
0.991708731551104 0.000017203103700
0.992910529707734 0.000030209137894
0.994005796225025 0.000038077280319
0.994998805234274 0.000041658664753
0.995893393423079 0.000041794857884
0.996692985143802 0.000039294632219
0.997400614813257 0.000034917016769
0.998018946739852 0.000029359112299
0.998550292505718 0.000023247487904
0.998996626020812 0.000017132236504
0.999359596353843 0.000011482973370
0.999640538431996 0.000006686226059
0.999840481687746 0.000003043795622
0.999960156717177 0.000000771775243
1.000000000000000 0.000000000000000
