1.000000000000000 0.000000000000000
0.999959871912147 0.000004951062356
0.999839344955036 0.000019847599248
0.999637990126433 0.000044819980676
0.999355089342654 0.000080086555770
0.998989630790339 0.000125955241979
0.998540302362161 0.000182825729485
0.998005483119169 0.000251192277027
0.997383232705341 0.000331647063397
0.996671278622310 0.000424884042698
0.995867001253902 0.000531703229511
0.994967416511132 0.000653015310530
0.993969155948481 0.000789846439627
0.992868444181641 0.000943343020709
0.991661073415391 0.001114776213287
0.990342374867972 0.001305545804417
0.988907186855290 0.001517182971440
0.987349819274707 0.001751351304548
0.985664011208282 0.002009842535044
0.983842865957936 0.002294551905359
0.981878803185457 0.002607468086549
0.979763507073691 0.002950656945940
0.977487861173014 0.003326228596439
0.975041875716846 0.003736290188529
0.972414606540810 0.004182879955035
0.969594073857503 0.004667942859052
0.966567282906326 0.005194076658652
0.963320138552246 0.005764564971235
0.959837289796180 0.006382952903111
0.956102026504161 0.007053035318425
0.952096171185949 0.007778845206820
0.947799964177143 0.008564627382090
0.943191930015933 0.009414761694529
0.938248750191190 0.010333686694578
0.932945143755280 0.011325815163576
0.927253739720551 0.012395387238033
0.921144958708580 0.013546304095066
0.914587030178670 0.014782632735762
0.907545953719375 0.016108621051014
0.899985367015981 0.017527942701926
0.891866536857170 0.019043345267869
0.883148596779345 0.020657149776697
0.873788936947747 0.022372041237878
0.863743266173136 0.024189698555433
0.852965984176164 0.026110226344056
0.841410784852435 0.028131605114461
0.829031388027599 0.030249066278174
0.815782470062830 0.032454512578911
0.801621452036708 0.034738928224474
0.786510225223812 0.037093163072140
0.770416540410665 0.039505923685933
0.753316710927611 0.041969280802606
0.735197795263099 0.044478479989088
0.716059060527187 0.047026317745184
0.695913264380910 0.049597225040038
0.674789594410237 0.052172582275609
0.652735594511824 0.054732115376733
0.629818352073532 0.057254154894842
0.606124632054680 0.059713435573456
0.581760481315689 0.062082122199086
0.556849780533100 0.064328845375081
0.531531788817273 0.066420384935019
0.505958156021213 0.068326982435480
0.480288577067351 0.070023491316384
0.454685784912776 0.071487887562454
0.429310454052070 0.072702254281913
0.404316451608331 0.073649262577675
0.379846346038567 0.074316349354298
0.356028216147157 0.074701929869377
0.332972550420106 0.074812455959418
0.310770800987927 0.074654864685371
0.289494369692879 0.074240118596674
0.269195397172981 0.073583692061567
0.249907305489664 0.072705181970939
0.231647026798329 0.071623650411686
0.214416545268113 0.070358752423383
0.198205036618255 0.068931952405242
0.182991457095042 0.067364804924413
0.168745914055595 0.065679334336024
0.155433316784788 0.063892735390557
0.143013440837844 0.062022221828709
0.131443070186757 0.060083874003521
0.120678141401766 0.058090472441225
0.110672831601606 0.056055897886722
0.101382267028452 0.053991984319470
0.092763554356417 0.051907688722348
0.084773686018731 0.049813108096567
0.077370999494331 0.047717552559096
0.070516705979261 0.045627372531157
0.064173105602843 0.043549497396079
0.058303939876538 0.041491246771924
0.052877926149500 0.039457146340518
0.047867163304700 0.037450110682699
0.043243800527239 0.035474128533013
0.038980544422660 0.033533702679303
0.035051151743391 0.031632049290105
0.031430699489690 0.029771371260280
0.028095696437606 0.027954460831421
0.025024175619854 0.026184418813402
0.022197238749554 0.024463682513252
0.019606330307806 0.022790434093790
0.017243838455229 0.021162881314078
0.015099171791324 0.019581006908951
0.013159868424931 0.018045984625334
0.011412291264234 0.016559751770553
0.009839030317646 0.015124887813718
0.008420814008484 0.013744297387606
0.007141001702233 0.012420795613862
0.005985364603205 0.011157025614061
0.004941710913022 0.009955418644602
0.003999577594975 0.008818174139929
0.003155887554439 0.007746103042705
0.002422498103038 0.006737121260496
0.001804971337365 0.005790359165318
0.001300947048732 0.004906464648962
0.000902644734317 0.004087109315719
0.000598811713951 0.003334607379119
0.000376234695986 0.002651622815435
0.000220907761542 0.002040945471612
0.000118930307904 0.001505320912830
0.000057130203702 0.001047484675124
0.000023324956039 0.000670735572191
0.000007361558282 0.000377177315704
0.000001451506503 0.000167537647198
0.000000090619072 0.000041863853736
0.000000000000000 0.000000000000000
0.000000087562183 -0.000041149625031
0.000001404523683 -0.000164786910236
0.000007140503033 -0.000371392896294
0.000022701632143 -0.000661484320962
0.000055848496571 -0.001035170641125
0.000116894932151 -0.001491502141660
0.000218973602372 -0.002027575605752
0.000378376333900 -0.002637351764330
0.000614979531648 -0.003310124292140
0.000952767718670 -0.004028562770029
0.001420171457551 -0.004766785392479
0.002043206918693 -0.005501334937075
0.002840147174883 -0.006218812017766
0.003823473462342 -0.006909401250660
0.004997113436733 -0.007568278422707
0.006352591688379 -0.008197974516450
0.007864088134449 -0.008811422251022
0.009493111960523 -0.009429487314485
0.011234067834202 -0.010054855950537
0.013096081219271 -0.010683014921157
0.015091405607478 -0.011309552171837
0.017236342505433 -0.011930377474746
0.019552418150160 -0.012542026110515
0.022066542012459 -0.013141902167734
0.024798317373655 -0.013726974253015
0.027760494230871 -0.014294271264049
0.030964811005578 -0.014842226889495
0.034421353902354 -0.015371406951073
0.038137573213621 -0.015885466379431
0.042120963172291 -0.016389279364458
0.046389957297570 -0.016880676621434
0.050967664606540 -0.017355792719937
0.055880016742839 -0.017811069590636
0.061156237054568 -0.018243598259911
0.066827756735083 -0.018650853739407
0.072924221378505 -0.019029245228313
0.079475915749528 -0.019375716769188
0.086514265558864 -0.019688699313423
0.094071837050544 -0.019968296389324
0.102185375558078 -0.020211514832812
0.110895224507631 -0.020413416755020
0.120243772889120 -0.020569872391039
0.130274970901940 -0.020677572572927
0.141032896147009 -0.020731899089279
0.152561502833856 -0.020728669116417
0.164904037169671 -0.020665367464365
0.178102685320045 -0.020538593924395
0.192197457758931 -0.020344082713561
0.207224266408990 -0.020079289949667
0.223213090480273 -0.019741956582806
0.240186019673509 -0.019330377812428
0.258155237546828 -0.018845043261860
0.277120973811669 -0.018286303666808
0.297069292679585 -0.017655956561682
0.317970035718971 -0.016957642612333
0.339775158539307 -0.016196129753570
0.362417604598484 -0.015377821347915
0.385810802968647 -0.014506681497220
0.409849250285080 -0.013587194717852
0.434410149237898 -0.012628151860183
0.459355886340960 -0.011641555878843
0.484537322592562 -0.010637821461834
0.509798022051027 -0.009625239478367
0.534979143523017 -0.008613632624024
0.559924384288321 -0.007614644034580
0.584484611327354 -0.006638609606744
0.608522050715273 -0.005693085693306
0.631913844435885 -0.004784967333455
0.654554646177660 -0.003922568530217
0.676358021935304 -0.003112924926372
0.697256903589129 -0.002360960790872
0.717203209864002 -0.001669572349978
0.736166764226437 -0.001040939507178
0.754133657562742 -0.000477576471386
0.771104198902457 0.000020051698482
0.787090697176752 0.000453690955012
0.802115304267213 0.000826665658955
0.816207967099275 0.001143182052940
0.829404473225482 0.001408161827157
0.841744748925347 0.001626822215933
0.853271397310925 0.001804284246061
0.864028448282050 0.001944487313127
0.874060345734829 0.002050054745112
0.883411159553313 0.002123963762742
0.892123967637349 0.002169473025360
0.900240373635114 0.002190234906241
0.907800198083176 0.002189974833943
0.914841291050094 0.002172069188980
0.921399402492789 0.002139533236202
0.927508119954447 0.002094970988149
0.933198859781171 0.002040519533196
0.938500906098484 0.001978071133215
0.943441474045962 0.001909314836690
0.948045792403159 0.001835744055132
0.952337194144217 0.001758561458051
0.956337199439691 0.001678285344326
0.960065653305945 0.001595347301873
0.963540843243701 0.001510290066073
0.966779602193895 0.001423713528441
0.969797408942826 0.001336236392070
0.972608484848375 0.001248481441286
0.975225887274298 0.001161165161265
0.977661594646670 0.001074987721037
0.979926586153066 0.000990540636063
0.982030917341477 0.000908320382949
0.983983790076744 0.000828741858342
0.985793616981603 0.000752150163156
0.987468080284058 0.000678826527719
0.989014172375149 0.000608795900277
0.990438246949888 0.000541861781533
0.991746087580720 0.000477966118961
0.992942946743277 0.000417171285949
0.994033579600013 0.000359621746062
0.995022274763744 0.000305514652166
0.995912882149823 0.000255077413064
0.996708838036744 0.000208550677739
0.997413187458924 0.000166175517072
0.998028604053978 0.000128183843769
0.998557407481622 0.000094791317570
0.999001578523198 0.000066192146546
0.999362771960831 0.000042555325369
0.999642327323716 0.000024021955371
0.999841277576664 0.000010703374797
0.999960355812941 0.000002679895677
1.000000000000000 0.000000000000000
