1.000000000000000 0.000000000000000
0.999959142535405 0.000006468520723
0.999836427061360 0.000025930577225
0.999631423379976 0.000058555861762
0.999343411294038 0.000104627878242
0.998971375769384 0.000164544917333
0.998514000088507 0.000238821317688
0.997969656920075 0.000328088900588
0.997336397205191 0.000433098419939
0.996611936735506 0.000554720813365
0.995793640270221 0.000693947969304
0.994878503007886 0.000851892635237
0.993863129194116 0.001029786977641
0.992743707606933 0.001228979158054
0.991515983616480 0.001450927102805
0.990175227464029 0.001697188405205
0.988716198345038 0.001969404994159
0.987133103810693 0.002269280813944
0.985419554794190 0.002598559909313
0.983568532907460 0.002959192950274
0.981572342461872 0.003353393363475
0.979422538280823 0.003783490034354
0.977109857632355 0.004251895003978
0.974624144642913 0.004761064418531
0.971954265644101 0.005313442894801
0.969088015449862 0.005911392620158
0.966012092755891 0.006557538886549
0.962712080518712 0.007255179028598
0.959172259241976 0.008007806299656
0.955375483724782 0.008819017188199
0.951303059820079 0.009692449407475
0.946934612688007 0.010631697662695
0.942248038208052 0.011640631870674
0.937219487797496 0.012723871768631
0.931823142819420 0.013886251753965
0.926031080763491 0.015132681739199
0.919813163508452 0.016468048168240
0.913137085344047 0.017897758700073
0.905968552505037 0.019428756354932
0.898271117741662 0.021068738823413
0.890006221944344 0.022826078161849
0.881133318489040 0.024709788197034
0.871610015230949 0.026729152587152
0.861392458102034 0.028893916298819
0.850435833378779 0.031214371758695
0.838694786359477 0.033700252561352
0.826123959925694 0.036359259878654
0.812679227139434 0.039197815487555
0.798318916789411 0.042220603882072
0.783005215441754 0.045429706000945
0.766705885912278 0.048824089816181
0.749396045191589 0.052398113468078
0.731060077385797 0.056139769915318
0.711693956624349 0.060030633127560
0.691307488846879 0.064044487392995
0.669926357988362 0.068147052059351
0.647594674690427 0.072299242029688
0.624376600732526 0.076458845116039
0.600356106944969 0.080576467197095
0.575636566442421 0.084594745925419
0.550340436459292 0.088456357880206
0.524607797814676 0.092109940883702
0.498591483959371 0.095503004591807
0.472452576856938 0.098580937763162
0.446356711074793 0.101296389486488
0.420469143339342 0.103612170199303
0.394949401181050 0.105500523195908
0.369946416513787 0.106943721271560
0.345594942317168 0.107928638045803
0.322012185935318 0.108451004759623
0.299297057409578 0.108516924733274
0.277528017133623 0.108142955141652
0.256764181533192 0.107351655187162
0.237044896109781 0.106171830416490
0.218393390523308 0.104630455445387
0.200816104031878 0.102759533605976
0.184306864443336 0.100594668250983
0.168846876656367 0.098174452277773
0.154409707985813 0.095532773239748
0.140961418796796 0.092701716791793
0.128462243009297 0.089713767735971
0.116870074131786 0.086599073244232
0.106138063948518 0.083387977663323
0.096219918938220 0.080106953187664
0.087068313860592 0.076780469023387
0.078635224840362 0.073431118317662
0.070877765339194 0.070074765450926
0.063752817603357 0.066726234983286
0.057217071821067 0.063400195688500
0.051231876003454 0.060108725832913
0.045759442858889 0.056862969757590
0.040761867034531 0.053673607533837
0.036205178759136 0.050549784316236
0.032059246048164 0.047499044530439
0.028293686594972 0.044528202658101
0.024878632063301 0.041643158200643
0.021788484755884 0.038847017822467
0.019000761814351 0.036140998351456
0.016492591311582 0.033526636877428
0.014241264578294 0.031005608373236
0.012226322819412 0.028579752397641
0.010434404903813 0.026251577412138
0.008852043176849 0.024023168462433
0.007464113935688 0.021895925817376
0.006254695546890 0.019870670761338
0.005207649718652 0.017947752024253
0.004305989899078 0.016127411436442
0.003532581915187 0.014409757120174
0.002871858769081 0.012794436552473
0.002309806193736 0.011280732175312
0.001833848562074 0.009867660747592
0.001432736497100 0.008554054805574
0.001096438838027 0.007338629354477
0.000816672132907 0.006220241988259
0.000589236961411 0.005198728985664
0.000409887448930 0.004273624840067
0.000273112083037 0.003443820368701
0.000172730214746 0.002707803838301
0.000102354422910 0.002063851228943
0.000055744866550 0.001510175031941
0.000027079053115 0.001045039966879
0.000011155411617 0.000666852242587
0.000003545000082 0.000374227557129
0.000000702379842 0.000166041860490
0.000000043979043 0.000041467931584
0.000000000000000 0.000000000000000
0.000000041141238 -0.000040058985218
0.000000661770403 -0.000160361624520
0.000003379842850 -0.000361280174927
0.000010814152890 -0.000643418810378
0.000026821435504 -0.001007588265640
0.000056696075354 -0.001454768340806
0.000107440593144 -0.001986056154794
0.000188118011757 -0.002602597262761
0.000310299615961 -0.003305495266277
0.000487823244274 -0.004095238547861
0.000735068943193 -0.004970173927182
0.001067775296631 -0.005926288475195
0.001503281496574 -0.006956499007412
0.002060477277157 -0.008049571191822
0.002759703412844 -0.009188758394468
0.003622583723345 -0.010350089979789
0.004671706369923 -0.011500503966568
0.005927026743083 -0.012610940706738
0.007401625872395 -0.013671101584273
0.009102552941475 -0.014677262047648
0.011028499226888 -0.015633178275137
0.013166391344635 -0.016553115268554
0.015488893515882 -0.017464175533999
0.017985023128576 -0.018380983351670
0.020668403753269 -0.019299198398469
0.023555926657942 -0.020213943282521
0.026667475677787 -0.021120773479286
0.030026593571852 -0.022016089966368
0.033658934630996 -0.022897015851264
0.037584852447545 -0.023759708651095
0.041823142144462 -0.024601127658228
0.046392134507801 -0.025420289076631
0.051308947230941 -0.026219324922273
0.056591436256432 -0.027001652728721
0.062266319218351 -0.027763475617425
0.068364409093231 -0.028499510253907
0.074919070677003 -0.029205335657864
0.081966209353861 -0.029877785154349
0.089542630528994 -0.030512270608552
0.097685825722761 -0.031103444246528
0.106434393744153 -0.031647675812251
0.115827910338897 -0.032142997500316
0.125909060198525 -0.032582402479675
0.136722412445052 -0.032956308242722
0.148312823064326 -0.033255714247353
0.160724468689843 -0.033471543276619
0.173999679474408 -0.033594509345246
0.188177682562026 -0.033617178160449
0.203293595233439 -0.033532223780076
0.219377104519819 -0.033331096364077
0.236449941957995 -0.033007490737142
0.254523831778785 -0.032554015093512
0.273598275799389 -0.031962776587415
0.293658380398587 -0.031228449128901
0.314673117416778 -0.030347845281207
0.336593488035550 -0.029321299180899
0.359351375529504 -0.028149504352947
0.382859187666602 -0.026834902415683
0.407010742350389 -0.025387649093408
0.431682927156795 -0.023826976189227
0.456737867833901 -0.022175540597314
0.482026362958159 -0.020456416656211
0.507392165131352 -0.018695335890524
0.532676822959913 -0.016920790405031
0.557724351931646 -0.015160739616552
0.582385687529648 -0.013437900288742
0.606523096782007 -0.011771793582769
0.630013763548468 -0.010180617712876
0.652752260088321 -0.008679864180284
0.674651929678386 -0.007280721932573
0.695645386906932 -0.005990058481696
0.715684238095847 -0.004811401255920
0.734737950389714 -0.003745966009895
0.752792253631021 -0.002792316996353
0.769847109314522 -0.001946262529867
0.785914530183912 -0.001201336639578
0.801016498311004 -0.000550119644907
0.815182864280522 0.000014318450559
0.828449402458264 0.000498157860405
0.840856082671244 0.000908122760204
0.852445563490487 0.001251178473370
0.863261919315702 0.001534166837543
0.873349679026528 0.001763759975660
0.882753025030281 0.001946322020626
0.891515150230145 0.002087174040741
0.899677791463323 0.002190448355556
0.907280933774879 0.002260259810321
0.914362591184487 0.002300663510674
0.920958665762343 0.002315518747375
0.927102854618165 0.002308336758325
0.932826686457762 0.002282353815668
0.938159568205443 0.002240548517278
0.943128842024055 0.002185626046583
0.947759863045963 0.002120004917331
0.952076080242713 0.002045695360096
0.956099148751378 0.001964420034989
0.959849047357477 0.001877746851958
0.963344184083474 0.001787089200411
0.966601500618338 0.001693709219755
0.969636573641713 0.001598719837895
0.972463692862792 0.001502823968207
0.975095953787130 0.001406324891967
0.977545380053206 0.001309618527807
0.979823003682740 0.001213184104116
0.981938937386227 0.001117544063346
0.983902442056196 0.001023235354923
0.985721989403288 0.000930789319145
0.987405317356119 0.000840708651512
0.988959474109786 0.000753423498514
0.990390880758734 0.000669339541390
0.991705379893729 0.000588851177716
0.992908274181436 0.000512333611510
0.994004361526071 0.000440137720876
0.994997966964503 0.000372586987351
0.995892971448266 0.000309975914448
0.996692837668391 0.000252569497414
0.997400633075950 0.000200603410259
0.998019050244210 0.000154284656410
0.998550424708444 0.000113792491196
0.998996750407725 0.000079279471916
0.999359692839857 0.000050872527682
0.999640600026688 0.000028673969186
0.999840511372485 0.000012762379883
0.999960164483277 0.000003193346561
1.000000000000000 0.000000000000000
