1.000000000000000 0.000000000000000
0.999959840289067 0.000005710204779
0.999839217092244 0.000022875307380
0.999637697299930 0.000051599169375
0.999354555997238 0.000092056222905
0.998988771840708 0.000144493489315
0.998539020535736 0.000209233454521
0.998003666364730 0.000286677851777
0.997380751701688 0.000377312418924
0.996667984434642 0.000481712715271
0.995862723203303 0.000600551103260
0.994961960345458 0.000734605022565
0.993962302432364 0.000884766709817
0.992859948261005 0.001052054546343
0.991650664159943 0.001237626249893
0.990329756456335 0.001442794165125
0.988892040945319 0.001669042952662
0.987331809200208 0.001918050027727
0.985642780919905 0.002191654444386
0.983818024776532 0.002491685330658
0.981849923178985 0.002820038745819
0.979730121172817 0.003178696844288
0.977449461753879 0.003569702067133
0.974997913917600 0.003995119634362
0.972364492634304 0.004456984593162
0.969537189584128 0.004957362092705
0.966502989585041 0.005499028196684
0.963247745151487 0.006085233191069
0.959756048857213 0.006719490397505
0.956011131906755 0.007405579938373
0.951994756867905 0.008147546301119
0.947687105589389 0.008949692092778
0.943066665506698 0.009816592946725
0.938110110142800 0.010753053551678
0.932792178976080 0.011764038678044
0.927085560914061 0.012854588866182
0.920960797079416 0.014029773667273
0.914386309322057 0.015295265787895
0.907328331943130 0.016657177631054
0.899750837857116 0.018121630634073
0.891615561683183 0.019694578641240
0.882882072777462 0.021381492399808
0.873507927045823 0.023186987854761
0.863448928433428 0.025114473551643
0.852659554725332 0.027165894790465
0.841093926870737 0.029343336061909
0.828706481790985 0.031648197213561
0.815452748163311 0.034079753638108
0.801290277789431 0.036632753974453
0.786180001754315 0.039296283242848
0.770088123935106 0.042054379487314
0.752988916754956 0.044889325084001
0.734866617116063 0.047780064543246
0.715717516732014 0.050700695503407
0.695552455509793 0.053620844588617
0.674399007521467 0.056507281610925
0.652304428985019 0.059332460415262
0.629336165288601 0.062069986394987
0.605581361370358 0.064688480344297
0.581146783316071 0.067155325357159
0.556158018720956 0.069444293151065
0.530756644792299 0.071533138188576
0.505095623542546 0.073390612544513
0.479335561743973 0.074985846781873
0.453641011261927 0.076302521446810
0.428174688226132 0.077332818035060
0.403092085569066 0.078069624396279
0.378537123041751 0.078512023237241
0.354638777526217 0.078667372095193
0.331508092398917 0.078548040011864
0.309236760879153 0.078166996634426
0.287896182377826 0.077541898951026
0.267538128873409 0.076694541895430
0.248195498463708 0.075648433263196
0.229884774928836 0.074422513237825
0.212607146667606 0.073036863210370
0.196351536142080 0.071511291665380
0.181096164568256 0.069866189784034
0.166811028280273 0.068120530645304
0.153460372599657 0.066290114060702
0.141003244443900 0.064391414187206
0.129397152088055 0.062435676026218
0.118597838304088 0.060432989864514
0.108559518391465 0.058394926041258
0.099237898329887 0.056330393518411
0.090588912924831 0.054248637156402
0.082568953120699 0.052159547802910
0.075138217651946 0.050068642691009
0.068258760119040 0.047980613324158
0.061893082725017 0.045901883698079
0.056006415094551 0.043837423629314
0.050568022852990 0.041788901241498
0.045547684155320 0.039759618907929
0.040915876378840 0.037754243547950
0.036646861812190 0.035776294817212
0.032719015658777 0.033827631701875
0.029110366919979 0.031911301971007
0.025798895043172 0.030031188123852
0.022764464634329 0.028189827647844
0.019992643396018 0.026383893706011
0.017468820629496 0.024611385087824
0.015177203518330 0.022872872004861
0.013101533977314 0.021170633778279
0.011228222618887 0.019508865203097
0.009550469795738 0.017894422319668
0.008059656642812 0.016333648836564
0.006744648342500 0.014831869587379
0.005592791591895 0.013393522307026
0.004590689396091 0.012022179107972
0.003725638101287 0.010717957353407
0.002985663658114 0.009478704997548
0.002358522338639 0.008303963776681
0.001832028785473 0.007194642049828
0.001394355116548 0.006152569395001
0.001034244156663 0.005180156774220
0.000741157755795 0.004280138763154
0.000506783091197 0.003456723490178
0.000327403452561 0.002717652034617
0.000197423905274 0.002067867896162
0.000109062640717 0.001509124767990
0.000053588629733 0.001041105700957
0.000022275356441 0.000662294948131
0.000007126751809 0.000370648645105
0.000001418715394 0.000164100117877
0.000000089079973 0.000040926994148
0.000000000000000 0.000000000000000
0.000000085796031 -0.000040042708132
0.000001383835709 -0.000160066404793
0.000007099529228 -0.000359704839027
0.000022857102841 -0.000638168424152
0.000057135497281 -0.000993966231112
0.000121905399000 -0.001424497827224
0.000233495618063 -0.001925494949998
0.000413727224469 -0.002490285717153
0.000689597711844 -0.003109536509844
0.001084693882788 -0.003774116559731
0.001619116633333 -0.004474499340513
0.002309350290607 -0.005200015388779
0.003165690087218 -0.005938846781974
0.004188930437668 -0.006678044519804
0.005366117177209 -0.007403578869442
0.006672926342875 -0.008101203774604
0.008107539307544 -0.008760627419824
0.009678012472525 -0.009375386720860
0.011392662495757 -0.009943370120317
0.013259908259209 -0.010468721718532
0.015288056670625 -0.010964319411604
0.017485052490941 -0.011454508562467
0.019859966621579 -0.011957901152582
0.022424274609866 -0.012472260574425
0.025190169902835 -0.012992625169725
0.028170314162073 -0.013512597146187
0.031377670150160 -0.014023987849791
0.034825343840080 -0.014516555107995
0.038528599573323 -0.014982417314489
0.042505939702986 -0.015418638696932
0.046777454965733 -0.015824259784731
0.051364783973631 -0.016200971170102
0.056291156753909 -0.016554242458438
0.061581626171256 -0.016888629850155
0.067263372964736 -0.017200375864167
0.073365480569093 -0.017484557310677
0.079918875318838 -0.017736275890827
0.086956338248892 -0.017950897822568
0.094513262988528 -0.018124067038242
0.102627474261903 -0.018252231593092
0.111338703391656 -0.018333463922055
0.120688358052348 -0.018367533351309
0.130719335241340 -0.018350255331168
0.141475509223622 -0.018274985465065
0.153001022469302 -0.018135489549115
0.165339613418548 -0.017926402456660
0.178533782126177 -0.017643805639260
0.192623372167974 -0.017286081586972
0.207644066632678 -0.016851875725493
0.223625668758331 -0.016335644566719
0.240590170238199 -0.015732169390775
0.258549778382764 -0.015039239672178
0.277504824945557 -0.014259319540203
0.297441467525846 -0.013397981045441
0.318329508765130 -0.012457596548064
0.340120816194482 -0.011440074428514
0.362748409413219 -0.010351886511261
0.386126140848086 -0.009205379900189
0.410149015278300 -0.008015240216348
0.434694564173430 -0.006795458070798
0.459625412720394 -0.005560784385600
0.484792622347075 -0.004324286085735
0.510040022799911 -0.003099000505582
0.535209148911716 -0.001902094380803
0.560144043610114 -0.000751897697497
0.584695693160378 0.000338550824284
0.608726294142673 0.001361336858801
0.632112949146451 0.002308895411507
0.654750214614653 0.003173218584629
0.676551500158313 0.003948980041055
0.697449518097918 0.004633508958111
0.717395968240527 0.005226724768142
0.736360410468344 0.005729502172197
0.754328632413069 0.006143740204595
0.771300688181877 0.006473572953726
0.787288662861859 0.006725376729100
0.802314559282811 0.006906600407597
0.816408215710248 0.007024319559048
0.829605300465668 0.007082083873501
0.841945664783031 0.007083503925665
0.853471877102282 0.007033442933960
0.864227860171234 0.006937223367213
0.874257929749713 0.006800353613747
0.883606105986886 0.006628505533720
0.892315469895477 0.006427273890590
0.900427628882901 0.006202088770344
0.907982432905239 0.005958014628431
0.915017794350442 0.005699615003067
0.921569545005005 0.005430940733008
0.927671361625457 0.005155678896244
0.933354749061952 0.004877287770086
0.938649080692332 0.004598668276949
0.943581658610816 0.004322191618047
0.948177793758257 0.004049778252436
0.952460904988547 0.003783018300139
0.956452641351557 0.003523448211624
0.960172963619554 0.003272309038371
0.963640243470619 0.003030487328146
0.966871373500820 0.002798589620748
0.969881873233637 0.002577002778681
0.972685988489358 0.002365924081437
0.975296764445160 0.002165142876139
0.977726150526638 0.001974252751692
0.979985106084774 0.001792937712489
0.982083674165364 0.001620954665722
0.984031049457162 0.001458113607335
0.985835641210234 0.001304262949578
0.987505131259727 0.001159279139892
0.989046531797460 0.001023114484534
0.990466235975842 0.000895815113707
0.991770051313124 0.000777382711344
0.992963240043055 0.000667772599984
0.994050556831325 0.000566907446031
0.995036282618220 0.000474688205243
0.995924254875206 0.000391002849672
0.996717894537363 0.000315733311539
0.997420229848127 0.000248760994261
0.998033917328099 0.000189971132058
0.998561260055718 0.000139256223909
0.999004223424699 0.000096518722479
0.999364448521071 0.000061673121787
0.999643263241594 0.000034647557197
0.999841691255015 0.000015385006259
0.999960458888172 0.000003844157964
1.000000000000000 0.000000000000000
