1.000000000000000 0.000000000000000
0.999959701642047 0.000004277871486
0.999838663287487 0.000017155980356
0.999636454153847 0.000038768026184
0.999352353126865 0.000069337553508
0.998985344014157 0.000109178986690
0.998534108837720 0.000158699010057
0.997997019101808 0.000218398218331
0.997372124953349 0.000288872931441
0.996657142131827 0.000370817029016
0.995849436584096 0.000465023610563
0.994946006596756 0.000572386224111
0.993943462274283 0.000693899325051
0.992838002164671 0.000830657522553
0.991625386805753 0.000983853037024
0.990300908934215 0.001154770620029
0.988859360065298 0.001344778967457
0.987294993113873 0.001555317374073
0.985601481127832 0.001787892699277
0.983771875346639 0.002044221764974
0.981798554191908 0.002326216740277
0.979673165254780 0.002635907846398
0.977386563076201 0.002975426717797
0.974928740395164 0.003346981458018
0.972288752225221 0.003752819456176
0.969454634351130 0.004195193667714
0.966413364813882 0.004676756286350
0.963150792274831 0.005200717593269
0.959651503118940 0.005770523947815
0.955898716346943 0.006389827059314
0.951874173679694 0.007062455589144
0.947558023934294 0.007792373800871
0.942928715628033 0.008583787994455
0.937962882687176 0.009441186408621
0.932635209692301 0.010369109038565
0.926918308774743 0.011372010821376
0.920782603877198 0.012454095746160
0.914196327708794 0.013619734966898
0.907125546812877 0.014873881478145
0.899534030004477 0.016221250525113
0.891383249066744 0.017665996957545
0.882632526138626 0.019211806605076
0.873239412597529 0.020862744098815
0.863159841042360 0.022622262149334
0.852348489072978 0.024492596676768
0.840759319394617 0.026473992047509
0.828346298342044 0.028563899386708
0.815064337216168 0.030756497644161
0.800870941051442 0.033044643988074
0.785728304107886 0.035422894495573
0.769604492203968 0.037884046895748
0.752475328262438 0.040418380407336
0.734326550709795 0.043013429974264
0.715156175489185 0.045654574683070
0.694977087725444 0.048327860995949
0.673818942336420 0.051018445365219
0.651728946278094 0.053703036391877
0.628773073771803 0.056350340238680
0.605037705662650 0.058930676730310
0.580629478123483 0.061418908905331
0.555672922855400 0.063787621921360
0.530307715847207 0.066005813267657
0.504685674882196 0.068043491860036
0.478966544722680 0.069872921100027
0.453313180374030 0.071469425890263
0.427886520116212 0.072812255707788
0.402840813291211 0.073888955893333
0.378319170322632 0.074695590383996
0.354449723729137 0.075229263918683
0.331342885702370 0.075488889834783
0.309090052243731 0.075480041142446
0.287762840890308 0.075214357159672
0.267413410312684 0.074705626350437
0.248075477703009 0.073969056515943
0.229765991451473 0.073021685409202
0.212487566096065 0.071879829176039
0.196229532255296 0.070563573120861
0.180971174125966 0.069094633447794
0.166682772843143 0.067496122943513
0.153329144137214 0.065786286428380
0.140870869157972 0.063980249476416
0.129264603248589 0.062094692454649
0.118466415361324 0.060143865008556
0.108431043610411 0.058142209897793
0.099112787123631 0.056103950396997
0.090468562907659 0.054038665366730
0.082455806839754 0.051955964719616
0.075032577881849 0.049866076474037
0.068160775911754 0.047775305580655
0.061804399415517 0.045688873021730
0.055927952186072 0.043613465666412
0.050498271462026 0.041555081957268
0.045487129146572 0.039516046843912
0.040866987686290 0.037499589052100
0.036610595626365 0.035510205656364
0.032692399728615 0.033552389101614
0.029091100015330 0.031628631420834
0.025786034696337 0.029741806283581
0.022756573413320 0.027895485855075
0.019982674319948 0.026093464002692
0.017449205550201 0.024336316919692
0.015145690776411 0.022621579469601
0.013059833354804 0.020948833735256
0.011177945629056 0.019319350484586
0.009485676857600 0.017735497478311
0.007971120188794 0.016200066687836
0.006628381205391 0.014715664544788
0.005449557115840 0.013285254830300
0.004424267293269 0.011912062827887
0.003540623403018 0.010599391176845
0.002785956538486 0.009350491493278
0.002148084410450 0.008168724665549
0.001618513616317 0.007058457803204
0.001188286083288 0.006023524540621
0.000846859637118 0.005066759952176
0.000582896423177 0.004190215986601
0.000384865253618 0.003395337601434
0.000241496754802 0.002683105802633
0.000142124662977 0.002054153555274
0.000076939493999 0.001508859382045
0.000037175154236 0.001047422527241
0.000015244223112 0.000669927935396
0.000004827240912 0.000376515233625
0.000000954056111 0.000167205813815
0.000000059649656 0.000041778059898
0.000000000000000 0.000000000000000
0.000000057667582 -0.000041059429391
0.000000926327626 -0.000164427797068
0.000004720196246 -0.000370630874964
0.000015054790155 -0.000660394391703
0.000037188235004 -0.001034409908410
0.000078226396395 -0.001492990064303
0.000147399495203 -0.002035595243303
0.000256420594494 -0.002660207146724
0.000419939507690 -0.003362517013227
0.000656109413876 -0.004134886927275
0.000987287940908 -0.004965031343146
0.001440899889931 -0.005834352061629
0.002048812448110 -0.006717830123268
0.002834576090996 -0.007597991775772
0.003812850256322 -0.008464159205970
0.004991205768209 -0.009308479311072
0.006366873289429 -0.010127392979740
0.007922514634876 -0.010923588398730
0.009624706753473 -0.011706950722937
0.011461913391785 -0.012479699007714
0.013444062906530 -0.013237167178007
0.015583256126675 -0.013976397714669
0.017893859018465 -0.014697172547748
0.020393008908132 -0.015403209627676
0.023100652920604 -0.016102584077148
0.026033807785165 -0.016797101792919
0.029206643459552 -0.017483228515126
0.032632978158850 -0.018158022435162
0.036325782447720 -0.018819674766208
0.040296482669967 -0.019468112694282
0.044558625957325 -0.020103171914968
0.049133859412094 -0.020721537405268
0.054046791512185 -0.021320192135209
0.059324419511001 -0.021897410979458
0.064996327751803 -0.022453366910881
0.071093378478371 -0.022986832353385
0.077646829109038 -0.023493292909630
0.084689393111418 -0.023968677084025
0.092255061631082 -0.024410137281326
0.100379978387697 -0.024815051069562
0.109104087743031 -0.025178977639944
0.118469374381353 -0.025498432937822
0.128519263895332 -0.025771888021501
0.139297985825726 -0.025996321292551
0.150849850214006 -0.026166333824483
0.163218481116882 -0.026277799938602
0.176446068368626 -0.026327426080258
0.190572597937741 -0.026311447284162
0.205633927949061 -0.026228149132964
0.221659987546805 -0.026075123912595
0.238672829061085 -0.025845077800140
0.256684507562455 -0.025530910708820
0.275695041044956 -0.025128450509229
0.295690251072609 -0.024637274837252
0.316639660991249 -0.024058730119889
0.338494853075222 -0.023392719827236
0.361188355311051 -0.022641015406903
0.384633346743914 -0.021808646057501
0.408724125534372 -0.020903683198921
0.433337473284182 -0.019933235470664
0.458335182077870 -0.018903295401079
0.483567701962700 -0.017823287907852
0.508878428450983 -0.016706530822698
0.534108282902607 -0.015565998837379
0.559100576759474 -0.014412199748950
0.583705907059216 -0.013256426140220
0.607786496527295 -0.012112392338199
0.631219508545011 -0.010992831017720
0.653899490339836 -0.009907585749086
0.675739913011946 -0.008864616174168
0.696673790702934 -0.007872727844199
0.716653220587185 -0.006940112590371
0.735648140828827 -0.006071911189335
0.753644656709664 -0.005270172101781
0.770643101682174 -0.004535062259171
0.786655899564824 -0.003866431677686
0.801705363709679 -0.003263569193128
0.815821570128306 -0.002724218562450
0.829040380832132 -0.002244013065218
0.841401767320863 -0.001817577931519
0.852948378169434 -0.001439710351939
0.863724307609673 -0.001106319066729
0.873774083173909 -0.000814497337194
0.883141845209584 -0.000561079226949
0.891870730272332 -0.000342662122105
0.900002400696169 -0.000155066139316
0.907576734102294 0.000006071083443
0.914631627033903 0.000144515537419
0.921202867818840 0.000263493126020
0.927324079494451 0.000365047155291
0.933026715724908 0.000449546406875
0.938340092365838 0.000517628280520
0.943291451046004 0.000570309386642
0.947906043257777 0.000608834021137
0.952207225168603 0.000634693595184
0.956216556546075 0.000649875010742
0.959953919053785 0.000656240370315
0.963437626808241 0.000655382054208
0.966684532049654 0.000648660641494
0.969710127593397 0.000637237746875
0.972528642333027 0.000622003903032
0.975153119299969 0.000603021078805
0.977595520607013 0.000580230893803
0.979866817990588 0.000553822801327
0.981977066189496 0.000524156083778
0.983935471094583 0.000491699312716
0.985750452783596 0.000456985328613
0.987429703384611 0.000420580206881
0.988980235882809 0.000383108871374
0.990408434918897 0.000345214261249
0.991720107139887 0.000307478300356
0.992920520759759 0.000270421654361
0.994014441158993 0.000234507776887
0.995006163069914 0.000200147059491
0.995899539539596 0.000167700922045
0.996698007855842 0.000137485729505
0.997404612612061 0.000109776457627
0.998022026074542 0.000084810056911
0.998552566001769 0.000062788483221
0.998998211050424 0.000043881377093
0.999360613887156 0.000028228382977
0.999641112109294 0.000015941105654
0.999840737061636 0.000007104704720
0.999960220620473 0.000001779129832
1.000000000000000 0.000000000000000
