1.000000000000000 0.000000000000000
0.999960047483417 0.000002708842227
0.999840048609349 0.000010894015949
0.999639578463281 0.000024731464048
0.999357925706162 0.000044514400984
0.998994087818160 0.000070653172110
0.998546764371439 0.000103674839649
0.998014348262262 0.000144222262152
0.997394914810957 0.000193052343660
0.996686208615110 0.000251033018273
0.995885628016393 0.000319138398924
0.994990207014131 0.000398441347693
0.993996594428751 0.000490102508944
0.992901030084859 0.000595354573378
0.991699317746323 0.000715480194885
0.990386794493510 0.000851781542973
0.988958296184794 0.001005538916157
0.987408118589488 0.001177955134282
0.985729973674900 0.001370084511607
0.983916937071851 0.001582989641466
0.981961388137530 0.001817970211620
0.979854950319712 0.002076242985216
0.977588420475203 0.002358823304841
0.975151688669115 0.002666411431213
0.972533647618407 0.002999242674637
0.969722090455016 0.003356892440927
0.966703685502236 0.003738697081477
0.963464052054854 0.004144968458180
0.959987529169393 0.004575961074663
0.956257034249835 0.005031543084539
0.952253942541201 0.005511051369092
0.947957959149740 0.006013110068853
0.943347122219735 0.006536618453969
0.938397929233387 0.007082816442214
0.933085074720150 0.007653892896692
0.927381348756868 0.008252936771923
0.921257591615362 0.008884260706281
0.914682511892269 0.009552531522258
0.907622378930347 0.010260723985347
0.900041255688369 0.011011912093741
0.891901109279178 0.011809725640062
0.883161939157441 0.012658363164282
0.873781948706758 0.013562027770103
0.863717904081056 0.014525323421990
0.852925624264376 0.015553595717810
0.841360491672167 0.016651830746907
0.828978053948017 0.017822591378155
0.815735184804829 0.019067392591113
0.801591372838379 0.020387030582893
0.786510316781371 0.021782526779990
0.770461592521786 0.023254375345460
0.753422472771523 0.024800970448878
0.735379802671830 0.026415661307668
0.716332355090737 0.028088249112723
0.696293331992325 0.029808072114114
0.675292472760015 0.031564784513064
0.653377461848195 0.033345271069066
0.630614932165508 0.035131679781429
0.607091039935877 0.036903760933985
0.582911259139927 0.038641890812470
0.558198790236098 0.040326519083777
0.533091973136345 0.041937131904514
0.507740830329518 0.043453541611992
0.482302910944199 0.044857537542600
0.456938479203894 0.046133371482134
0.431805451377782 0.047264430869245
0.407054621296818 0.048235404724152
0.382825655750350 0.049038006119845
0.359243472312034 0.049670380540094
0.336415482045259 0.050131551519891
0.314430017509689 0.050421712827229
0.293355957218757 0.050542972612319
0.273243135102259 0.050498365362526
0.254123205167858 0.050295354095612
0.236011555846396 0.049944684708808
0.218908895137735 0.049459481636713
0.202804021148343 0.048849687814115
0.187675524858531 0.048125508196155
0.173493879529764 0.047298981245251
0.160223859651742 0.046381890625804
0.147825489337099 0.045387305271078
0.136256328089569 0.044325604781955
0.125472868872295 0.043203807931039
0.115430414957611 0.042030834700423
0.106084785884571 0.040815193059899
0.097393414523637 0.039563531293410
0.089314374774100 0.038283673125594
0.081807071563007 0.036983520392848
0.074833949500615 0.035666861923937
0.068359289034388 0.034337302050571
0.062348701753420 0.032999988390510
0.056770019569821 0.031659972840260
0.051595483741710 0.030318636689282
0.046798836887219 0.028977891834186
0.042354527791423 0.027641197866636
0.038238135557338 0.026312688150176
0.034428387793141 0.024992801417863
0.030906366479339 0.023679925697715
0.027653401773669 0.022374836267764
0.024651325787249 0.021080028767050
0.021882851910634 0.019799076186348
0.019334665952279 0.018536459709707
0.016996142065701 0.017297087849114
0.014855701268340 0.016085677949249
0.012901204741028 0.014906638448898
0.011120383931922 0.013764014044209
0.009501784946010 0.012660236822816
0.008039565054840 0.011587302072632
0.006728632943262 0.010536421645689
0.005561518961214 0.009504254510244
0.004529212528191 0.008491428241831
0.003621828795102 0.007501338044005
0.002829110017321 0.006539226220674
0.002143473726352 0.005612882970427
0.001568485902113 0.004736413911667
0.001103939889809 0.003921909656946
0.000742793219863 0.003177466004732
0.000473626974568 0.002508201156711
0.000282563262978 0.001917065174606
0.000154751490683 0.001405480754834
0.000075513646014 0.000973847854931
0.000031219599853 0.000621937939221
0.000009947881040 0.000349198098807
0.000001974729733 0.000154980769446
0.000000123786270 0.000038710997001
0.000000000000000 0.000000000000000
0.000000123761967 -0.000038710919250
0.000001974523823 -0.000154980874696
0.000009947053603 -0.000349199824501
0.000031217387153 -0.000621944439797
0.000075509148204 -0.000973864162021
0.000154744196564 -0.001405513376861
0.000282554037488 -0.001917120925206
0.000473619658621 -0.002508284960273
0.000742797023688 -0.003177577373190
0.001103972801526 -0.003922037462122
0.001568579384987 -0.004736528988495
0.002143679043401 -0.005612927973990
0.002829506655785 -0.006539102056099
0.003622533980254 -0.007500903719554
0.004530356915713 -0.008490532291028
0.005563226956589 -0.009502749838339
0.006731007598487 -0.010534181839445
0.008042667403458 -0.011584243803437
0.009505606227311 -0.012656350047499
0.011124807795179 -0.013759404490504
0.012905991498714 -0.014901570585103
0.014860587867025 -0.016080461944964
0.017000879969948 -0.017292035584620
0.019339048022698 -0.018531861852107
0.021886749238073 -0.019795170247613
0.024654730643853 -0.021076957918258
0.027656378604223 -0.022372655550612
0.030908994041412 -0.023678624914522
0.034430758580149 -0.024992277362099
0.038240355913087 -0.026312705043926
0.042356717154753 -0.027641341951646
0.046801111881472 -0.028977683324246
0.051597928870075 -0.030317729894598
0.056772663660217 -0.031658258964259
0.062351487119023 -0.032997725813283
0.068362067851939 -0.034335117514887
0.074836588655441 -0.035665296540085
0.081809502444654 -0.036982816671207
0.089316631562925 -0.038283602770554
0.097395623665866 -0.039563452525970
0.106087051067054 -0.040814593720602
0.115432774506289 -0.042029543307562
0.125475269554714 -0.043202127381819
0.136258691088959 -0.044323976640037
0.147827768071252 -0.045386022498247
0.160226055949714 -0.046381014877567
0.173496015774696 -0.047298428996855
0.187677616030859 -0.048125128900724
0.202806071251537 -0.048849268391735
0.218910903265025 -0.049458897432229
0.236013518601174 -0.049944016080220
0.254125116083939 -0.050294791915431
0.273244985662791 -0.050497894156122
0.293357739333453 -0.050542372360633
0.314431739466362 -0.050421192314510
0.336417172959032 -0.050131951750018
0.359245107531193 -0.049671068702976
0.382827097536476 -0.049035178467881
0.407055796455065 -0.048226871938452
0.431806557057981 -0.047255179087713
0.456939763037919 -0.046129787908995
0.482304355464416 -0.044859111866971
0.507742235852961 -0.043455628420910
0.533093118430242 -0.041935927891561
0.558199530833796 -0.040320179114412
0.582911647963446 -0.038631492191048
0.607091279902883 -0.036892363216362
0.630615283341049 -0.035122674578168
0.653378137424743 -0.033341192136133
0.675293428641977 -0.031565006130852
0.696294333879166 -0.029809659599101
0.716333288271456 -0.028089693106080
0.735380725311191 -0.026417531203161
0.753423398131521 -0.024803429007505
0.770462338391935 -0.023255452981826
0.786510620430734 -0.021779363486888
0.801591225759294 -0.020379488850060
0.815734850461322 -0.019058254507656
0.828977895852031 -0.017815717542839
0.841360662987882 -0.016648839134531
0.852926072842644 -0.015553913581398
0.863718458838421 -0.014527108781717
0.873782478783009 -0.013563866179682
0.883162393605154 -0.012659691457282
0.891901492234455 -0.011810567838386
0.900041598085460 -0.011012578535361
0.907622702022627 -0.010261423013465
0.914682825161913 -0.009553347198170
0.921257896456448 -0.008885192033554
0.927381642051276 -0.008253935069039
0.933085354482285 -0.007654921859022
0.938398195395747 -0.007083862113495
0.943347375990506 -0.006537682058445
0.947958202540691 -0.006014202686878
0.952254177607330 -0.005512185981827
0.956257261832313 -0.005032720403260
0.959987749386150 -0.004577173446276
0.963464264568788 -0.004146203111382
0.966703889706245 -0.003739938405014
0.969722285606958 -0.003358123635910
0.972533832701934 -0.003000445875600
0.975151862977211 -0.002667576173917
0.977588584288178 -0.002359951412925
0.979855104578269 -0.002077344330495
0.981961534186318 -0.001819059455899
0.983917076468774 -0.001584083824995
0.985730108051346 -0.001371201295530
0.987408249463376 -0.001179109420287
0.988958424028695 -0.001006729142052
0.990386918603143 -0.000852991097805
0.991699436752884 -0.000716684302179
0.992901142341192 -0.000596525314608
0.993996698287528 -0.000491212430172
0.994990301021846 -0.000399465962425
0.995885711041938 -0.000320057833739
0.996686279927687 -0.000251832995060
0.997394974118902 -0.000193724650616
0.998014395721879 -0.000144764832708
0.998546800572922 -0.000104091532426
0.998994113754169 -0.000070953324533
0.999357942727352 -0.000044712213085
0.999639588224165 -0.000024845256491
0.999840053007126 -0.000010945396672
0.999960048591842 -0.000002721808872
1.000000000000000 0.000000000000000
