1.000000000000000 0.000000000000000
0.999960754986943 0.000011211190095
0.999842860553855 0.000044817920262
0.999645837410180 0.000100739289216
0.999368883034762 0.000178839198076
0.999010866094144 0.000278924478269
0.998570318575939 0.000400742319515
0.998045425586179 0.000543977053756
0.997434012746690 0.000708246377267
0.996733531117339 0.000893097128395
0.995941039558955 0.001098000785378
0.995053184446960 0.001322348911528
0.994066176644120 0.001565448858475
0.992975765645262 0.001826520148612
0.991777210818989 0.002104692103236
0.990465249694348 0.002399003473561
0.989034063277406 0.002708405081007
0.987477238438418 0.003031766797801
0.985787727490667 0.003367890620887
0.983957805194828 0.003715532139082
0.981979023577711 0.004073433401102
0.979842165164280 0.004440371105778
0.977537195503182 0.004815225213476
0.975053216239425 0.005197074592700
0.972378420479742 0.005585328261068
0.969500052839862 0.005979903272248
0.966404377400309 0.006381463486552
0.963076657880599 0.006791737525195
0.959501155735604 0.007213939371672
0.955661153661272 0.007653321623261
0.951539014265711 0.008117899642360
0.947116286529199 0.008619395202844
0.942373876275101 0.009174461123357
0.937292301351506 0.009806264332336
0.931852057740636 0.010546524354102
0.926034129529858 0.011438127863514
0.919820683734759 0.012538468157957
0.913196000051553 0.013923689595832
0.906135580986160 0.015640485508086
0.898569712975156 0.017545503634715
0.890435156980909 0.019540660372789
0.881683036411831 0.021601896833780
0.872274088135652 0.023746476904549
0.862169736916183 0.026002878432343
0.851330721575216 0.028404683741804
0.839714311244441 0.030971586255987
0.827276310272839 0.033714622049452
0.813973246023557 0.036641490172322
0.799764458459386 0.039759980466498
0.784614292688570 0.043080759745599
0.768491744819082 0.046607504894706
0.751372118306918 0.050335117258722
0.733241549990185 0.054260155593558
0.714097529929045 0.058372508909302
0.693949194329259 0.062645974615485
0.672820778689728 0.067043285468391
0.650754313621714 0.071520826143611
0.627810166974237 0.076024383051546
0.604055704687255 0.080421682702185
0.579582928757030 0.084591819222347
0.554517340266183 0.088482724509461
0.529002029837758 0.092053604082604
0.503185973104053 0.095202202715192
0.477233137940412 0.097872317736907
0.451318704718242 0.100071164354533
0.425610890363490 0.101770706430654
0.400272097921198 0.102940513019211
0.375455311395031 0.103607374598749
0.351297851161092 0.103803487420359
0.327917385415498 0.103522299179562
0.305413078501331 0.102784290928629
0.283861870250116 0.101637956072667
0.263320579637539 0.100124748122768
0.243828645745174 0.098258841366101
0.225403949015725 0.096096208517021
0.208048381960197 0.093692538101106
0.191752542002466 0.091077209232606
0.176496166806912 0.088281655262519
0.162248502770957 0.085343252735741
0.148968361111741 0.082311037655074
0.136610528970607 0.079224317652113
0.125129632255158 0.076104697373140
0.114478332421292 0.072971259944797
0.104608761567212 0.069841659052229
0.095472551476654 0.066732290350189
0.087022364849452 0.063657531669508
0.079212053242363 0.060629346453777
0.071999524370547 0.057653689702150
0.065343963586477 0.054735773742628
0.059206567404992 0.051881015971117
0.053550717610407 0.049094604586847
0.048341186031598 0.046381258811438
0.043546338176316 0.043742949287180
0.039136449393160 0.041180972611656
0.035083255559456 0.038696771174152
0.031363469284879 0.036289295446926
0.027955472869449 0.033957340826685
0.024837468500900 0.031700848951731
0.021988095951272 0.029520784467113
0.019386800045405 0.027418712568115
0.017013985946371 0.025396108813248
0.014851833038983 0.023453893651539
0.012890217776524 0.021589231299588
0.011121262682119 0.019798486913409
0.009534728763384 0.018079723835603
0.008118846191826 0.016432268161648
0.006859611322285 0.014857665827521
0.005741624236287 0.013359092720464
0.004750694148661 0.011939020014416
0.003873942616946 0.010599216311845
0.003099819462273 0.009340860314749
0.002423867675807 0.008162998790466
0.001848517051247 0.007062679070491
0.001371510272502 0.006038290570498
0.000986534673889 0.005089431651030
0.000684650213303 0.004216540687693
0.000455394126821 0.003420610918269
0.000287632944814 0.002703005889819
0.000170254856453 0.002066584772217
0.000092640708641 0.001514734409517
0.000044968412496 0.001048961811212
0.000018514121151 0.000669443007760
0.000005880823237 0.000375612666899
0.000001164806927 0.000166609427111
0.000000072916761 0.000041600140019
0.000000000000000 0.000000000000000
0.000000069809903 -0.000040647338472
0.000001122706729 -0.000162668311441
0.000005732596815 -0.000366258584111
0.000018336099204 -0.000651604798190
0.000045458939127 -0.001018667891304
0.000096045637310 -0.001466864420621
0.000181905893167 -0.001994629700951
0.000318295865781 -0.002598840655681
0.000524280233326 -0.003274292874647
0.000818049211041 -0.004016067166866
0.001214583819257 -0.004820387316929
0.001726307390550 -0.005683560121403
0.002361301664158 -0.006602165002081
0.003120944733639 -0.007573344281005
0.003996979399146 -0.008595174717502
0.004980691424284 -0.009665862621822
0.006080472363199 -0.010782144864338
0.007308144998544 -0.011940864600300
0.008676872253795 -0.013139464120306
0.010201266942957 -0.014376345226753
0.011896112244628 -0.015649776308303
0.013773811798179 -0.016955520143337
0.015845578498687 -0.018288900185712
0.018121033461156 -0.019645343484983
0.020608910857947 -0.021019852689436
0.023324754018397 -0.022403112787828
0.026287776638157 -0.023782700026000
0.029518428798651 -0.025143901593980
0.033037223815422 -0.026472952864224
0.036862007910125 -0.027765287278849
0.041008563028022 -0.029021824846787
0.045490649693187 -0.030248788956890
0.050327654185658 -0.031451035877130
0.055543353430444 -0.032634603227238
0.061161615565260 -0.033812174574045
0.067209911098862 -0.034989413874797
0.073720499210428 -0.036160242068655
0.080727458757496 -0.037318110778357
0.088266847625704 -0.038458138183228
0.096376499055251 -0.039578196779747
0.105095605098993 -0.040677778675483
0.114466203680314 -0.041750081058649
0.124532026739675 -0.042785354533217
0.135337626244093 -0.043773246862711
0.146927835434414 -0.044702784112552
0.159346893736829 -0.045559638393887
0.172638253349761 -0.046317384790399
0.186842392344059 -0.046941573515573
0.201994630550842 -0.047386057184539
0.218123338584636 -0.047604175325765
0.235247732907756 -0.047571574990768
0.253375675443221 -0.047253509005075
0.272501415704591 -0.046583597490246
0.292603603839576 -0.045517369945678
0.313645062079939 -0.044051713031975
0.335578115464630 -0.042257354135873
0.358343690299795 -0.040270885783592
0.381870000580422 -0.038275055698659
0.406057140313335 -0.036358529924757
0.430779377321644 -0.034512654929774
0.455889718542634 -0.032641010815447
0.481235688747069 -0.030726140008339
0.506660681389170 -0.028792094768346
0.532004481362107 -0.026848607722924
0.557109480416083 -0.024906863463817
0.581825969132401 -0.022985710502627
0.606016411410724 -0.021111372749457
0.629557090167790 -0.019293375291573
0.652342137223804 -0.017543927081805
0.674285800364702 -0.015887767650135
0.695320147170868 -0.014325481366491
0.715394719384950 -0.012833438942352
0.734475380934923 -0.011363236937377
0.752545156371630 -0.009882367670739
0.769603259948422 -0.008383520821230
0.785665613894770 -0.006908081307882
0.800759180898425 -0.005506448364046
0.814918812178112 -0.004225980321357
0.828182198834174 -0.003081218074875
0.840588568878039 -0.002058945728284
0.852180238330397 -0.001151317242999
0.863001186593527 -0.000352577547095
0.873094929301185 0.000358449575725
0.882504249736825 0.001007665291044
0.891270275555155 0.001623673077667
0.899434560100912 0.002217561443346
0.907041174990959 0.002759792840932
0.914133019612919 0.003117933603441
0.920748476385997 0.003173039523807
0.926917991984387 0.003003925072126
0.932670018542728 0.002693768043310
0.938031779850783 0.002303607985447
0.943029112092918 0.001877499713350
0.947686374322903 0.001446552553439
0.952026411460051 0.001032080353039
0.956070556047137 0.000648046261926
0.959838657906913 0.000302951235162
0.963349133221310 0.000001285833501
0.966619026497445 -0.000255359338823
0.969664080442152 -0.000467448978708
0.972498810004202 -0.000636864586710
0.975136577816870 -0.000766425287194
0.977589669032441 -0.000859531303758
0.979869364126461 -0.000919901487915
0.981986008698175 -0.000951382654100
0.983949079633327 -0.000957813466009
0.985767247249923 -0.000942929527747
0.987448433235320 -0.000910299384802
0.988999864319343 -0.000863283516310
0.990428121724706 -0.000805010246417
0.991739186502441 -0.000738363933716
0.992938480903445 -0.000665981904743
0.994030905963455 -0.000590257451589
0.995020875492071 -0.000513346871096
0.995912346660385 -0.000437179027641
0.996708847378745 -0.000363466307448
0.997413500648305 -0.000293716126515
0.998029046058691 -0.000229242377330
0.998557858590429 -0.000171176367852
0.999001964865563 -0.000120476932319
0.999363056973765 -0.000077939487109
0.999642503984458 -0.000044203873817
0.999841361238541 -0.000019760881776
0.999960377496173 -0.000004957378243
1.000000000000000 0.000000000000000
