1.000000000000000 0.000000000000000
0.999961749017769 0.000014282808342
0.999846826033083 0.000057099471238
0.999654719946706 0.000128354185909
0.999384575647970 0.000227885564904
0.999035189117271 0.000355464080794
0.998605000613529 0.000510788529674
0.998092085998145 0.000693481561844
0.997494146273064 0.000903084353097
0.996808495446121 0.001139050524559
0.996032046885128 0.001400739466409
0.995161298387303 0.001687409285314
0.994192316277610 0.001998209682438
0.993120718964986 0.002332175185434
0.991941660537285 0.002688219312775
0.990649815174666 0.003065130453647
0.989239347316194 0.003461581355979
0.987703821136183 0.003876185815722
0.986036203800440 0.004307501677104
0.984228863456673 0.004754050876065
0.982273553978735 0.005214367227285
0.980161406842263 0.005687065193564
0.977882831727307 0.006170811373326
0.975427179457795 0.006664022175774
0.972782877834709 0.007165166598574
0.969937471614022 0.007672980127586
0.966877608544096 0.008186648805390
0.963588916547862 0.008705926288668
0.960055525533641 0.009230934697836
0.956260257037791 0.009762755917424
0.952184710738289 0.010304014014351
0.947809234277849 0.010859356664706
0.943112320294504 0.011433626809404
0.938070423121293 0.012031833247661
0.932658314974038 0.012661421311197
0.926849070209111 0.013332936212464
0.920613651866653 0.014057141587441
0.913920884854191 0.014845342443145
0.906737757471100 0.015712319552599
0.899029354189165 0.016675294131138
0.890758553126172 0.017749758084567
0.881886537434972 0.018953085211501
0.872373000234767 0.020304505750019
0.862175844997105 0.021820360158317
0.851252002118915 0.023516246595169
0.839557733633819 0.025405716056311
0.827048550666020 0.027496005791585
0.813680622011732 0.029789026253379
0.799411628805923 0.032280732574610
0.784201967850714 0.034959036992004
0.768017187444444 0.037806509641194
0.750830336473421 0.040802337638669
0.732624203024614 0.043921773571872
0.713394709682581 0.047141644636427
0.693152938743121 0.050439660800834
0.671928070174126 0.053799333464234
0.649767760877344 0.057202522593253
0.626739090412768 0.060628098175425
0.602928264991671 0.064046781611092
0.578440426472991 0.067422746978664
0.553398443674205 0.070715070519489
0.527941528000365 0.073886823572113
0.502221850466296 0.076907514847828
0.476399978715199 0.079753254381676
0.450639152247656 0.082400271810981
0.425099889830208 0.084821392131148
0.399934863588015 0.086981495769561
0.375285213038067 0.088839174472446
0.351277796371663 0.090354639865521
0.328023562303982 0.091497718959294
0.305615968409614 0.092255748489198
0.284129683927776 0.092629914394700
0.263620521827434 0.092626309537013
0.244126318664392 0.092253292697117
0.225668619495701 0.091519057159329
0.208256264037188 0.090421830319877
0.191886121359102 0.088960897015664
0.176548887120353 0.087139728583415
0.162224249758341 0.084979044384946
0.148881047137196 0.082535607304707
0.136479418411481 0.079872048348933
0.124973532584625 0.077047432645803
0.114313787176400 0.074113902145596
0.104450292817644 0.071111129510238
0.095333375133391 0.068069769369441
0.086916897117686 0.065009268885322
0.079165817750483 0.061925490336102
0.072043163969159 0.058817745441697
0.065511204947054 0.055695561703204
0.059533695739092 0.052576791466345
0.054072910352356 0.049478713562626
0.049086338728602 0.046423154387753
0.044523181528452 0.043442932806810
0.040337803567717 0.040563520530352
0.036490945118038 0.037802042022715
0.032948523119587 0.035169563401750
0.029680853536715 0.032672540082685
0.026662183874463 0.030313644908868
0.023870103483430 0.028092729180591
0.021287129217990 0.026002693827473
0.018901546533833 0.024027132915442
0.016701948640104 0.022152789246512
0.014676845013672 0.020370143415533
0.012815137927599 0.018672428548881
0.011115011338060 0.017052835782990
0.009582938915774 0.015504232967359
0.008219325897118 0.014022194067486
0.007019405033069 0.012604480867342
0.005974857340525 0.011250423975624
0.005074245786553 0.009960738947788
0.004293571994013 0.008740890158689
0.003605458844882 0.007597783109848
0.002990144856077 0.006535811181715
0.002433970984035 0.005557388885133
0.001927906282484 0.004663473315493
0.001466381598493 0.003853976756482
0.001046375020787 0.003128091565311
0.000677115815355 0.002482987417871
0.000388201008716 0.001912714077165
0.000189773042230 0.001414246802316
0.000073791382738 0.000987369588430
0.000018623225062 0.000634172621791
-0.000001311391843 0.000357516933909
-0.000004154612401 0.000159103816005
-0.000001557616430 0.000039802630333
0.000000000000000 0.000000000000000
0.000001898240272 -0.000039849280612
0.000009611061525 -0.000159772591475
0.000029015131127 -0.000360838576505
0.000069302597179 -0.000644632646434
0.000142041497853 -0.001012952420203
0.000259786223102 -0.001467358666010
0.000434159569488 -0.002008557760205
0.000673299050670 -0.002635582891897
0.000978525949628 -0.003344730862689
0.001341773785911 -0.004128783842687
0.001760893821227 -0.004982348525072
0.002242057730287 -0.005902851133759
0.002792712892599 -0.006888377772708
0.003421663951779 -0.007938016645304
0.004139312766788 -0.009052353811938
0.004957947991036 -0.010234113894536
0.005892058231940 -0.011488927721101
0.006955975044961 -0.012822000772370
0.008160640219025 -0.014233556057866
0.009515774448530 -0.015723018419966
0.011029513376071 -0.017289468373441
0.012707489662121 -0.018931573109726
0.014552063602371 -0.020647730752491
0.016568885753254 -0.022440058487339
0.018768216594570 -0.024315997028886
0.021159619630749 -0.026286909696016
0.023751131380263 -0.028369311541603
0.026549588236113 -0.030584511911448
0.029570506380913 -0.032941904936097
0.032837074056170 -0.035440912179743
0.036376500539577 -0.038077453669476
0.040220727182126 -0.040842879487244
0.044405133494104 -0.043724869845948
0.048968538620715 -0.046706766242937
0.053955714796839 -0.049763982167172
0.059416523034338 -0.052864568256924
0.065393614682953 -0.055986426108793
0.071925125658784 -0.059111884056354
0.079047834967878 -0.062222478633994
0.086799606425082 -0.065308242592353
0.095217328001775 -0.068369874121201
0.104335761272898 -0.071411882698244
0.114200861693325 -0.074415161413496
0.124862399505734 -0.077348945116598
0.136370289266655 -0.080173580122751
0.148774112072169 -0.082836935641526
0.162119677834349 -0.085279895346681
0.176446859547852 -0.087439753745712
0.191786830669466 -0.089259431459944
0.208159916189339 -0.090717940652659
0.225575367276970 -0.091811830376031
0.244036285805172 -0.092541814214185
0.263533800132659 -0.092909816736581
0.284046346447167 -0.092907694436897
0.305536063568660 -0.092527159137828
0.327947120373148 -0.091762147076180
0.351204826803618 -0.090611506933276
0.375215703077228 -0.089087898889534
0.399868786690381 -0.087221536066353
0.425037207032385 -0.085052280930896
0.450579817786074 -0.082621667489380
0.476343937090513 -0.079964926739723
0.502169033199077 -0.077109347759369
0.527891850335881 -0.074078787521908
0.553351802517010 -0.070897198709277
0.578396703233990 -0.067595124626452
0.602887329151360 -0.064209538580561
0.626700806992019 -0.060781424845706
0.649731992702944 -0.057346671572592
0.671894679643953 -0.053934614741089
0.693121786348236 -0.050566422363706
0.713365655115227 -0.047260256742247
0.732597105977696 -0.044032613030827
0.750805059290835 -0.040905767018819
0.767993601588914 -0.037902893045883
0.784179954734130 -0.035048725113845
0.799391084174954 -0.032364079616548
0.813661453801340 -0.029866374181291
0.827030680751947 -0.027567698579351
0.839541095357097 -0.025472094003943
0.851236537099272 -0.023577643266561
0.862161501449672 -0.021877102822449
0.872359730589630 -0.020356914412538
0.881874295020849 -0.019001461892827
0.890747292636748 -0.017794393151313
0.899019029852973 -0.016716463058048
0.906728322444903 -0.015750275770495
0.913912292377392 -0.014880324920595
0.920605854382757 -0.014089376355677
0.926842019120426 -0.013362627744885
0.932651961952367 -0.012688756061235
0.938064720883436 -0.012056988531128
0.943107221452419 -0.011456763861277
0.947804692144496 -0.010880620783708
0.952180680329189 -0.010323537678335
0.956256695950293 -0.009780664867969
0.960052392329998 -0.009247343362448
0.963586171200776 -0.008720938361842
0.966875213003854 -0.008200358914386
0.969935390637279 -0.007685475786981
0.972781078699922 -0.007176529091097
0.975425631512401 -0.006674326826700
0.977881506554538 -0.006180128359437
0.980160278325114 -0.005695460215040
0.982272598547299 -0.005221902449460
0.984228059754024 -0.004760785295615
0.986035532241587 -0.004313491038006
0.987703263926523 -0.003881483003003
0.989238888422145 -0.003466236732524
0.990649440260573 -0.003069192150162
0.991941356935438 -0.002691733451903
0.993120475532333 -0.002335186155610
0.994192123237176 -0.002000760353200
0.995161147223109 -0.001689541159494
0.996031930233168 -0.001402492821429
0.996808406984049 -0.001140464544501
0.997494080610397 -0.000904197252941
0.998092038568158 -0.000694330705081
0.998604967567542 -0.000511410540323
0.999035167221653 -0.000355894950731
0.999384562183916 -0.000228160757293
0.999654712612628 -0.000128508735464
0.999846822849318 -0.000057168081958
0.999961748233182 -0.000014299949344
1.000000000000000 0.000000000000000
