1.000000000000000 0.000000000000000
0.999960255843047 0.000003891713678
0.999840879493547 0.000015585970766
0.999641438369356 0.000035140280861
0.999361208337857 0.000062651032933
0.998999168943316 0.000098254310251
0.998553996666862 0.000142127042166
0.998024056160261 0.000194488503606
0.997407389377334 0.000255602176187
0.996701702508911 0.000325777987795
0.995904350608946 0.000405374950298
0.995012319780516 0.000494804217700
0.994022206771025 0.000594532589264
0.992930195806139 0.000705086483951
0.991732032471772 0.000827056413526
0.990422994433195 0.000961101981682
0.988997858760299 0.001107957435043
0.987450865608688 0.001268437788355
0.985775677988410 0.001443445539847
0.983965337336537 0.001633977982549
0.982012214597870 0.001841135102045
0.979907956511428 0.002066128028934
0.977643426801285 0.002310287982921
0.975208641981577 0.002575075602011
0.972592701510985 0.002862090490951
0.969783712076163 0.003173080742988
0.966768705852711 0.003509952081979
0.963533552693691 0.003874776129942
0.960062866338806 0.004269797118535
0.956339904933788 0.004697436119134
0.952346466413248 0.005160291550139
0.948062779648304 0.005661134313330
0.943467392712704 0.006202895391662
0.938537060201444 0.006788643083386
0.933246632270346 0.007421546223391
0.927568948983150 0.008104818722001
0.921474744684635 0.008841639504911
0.914932568493968 0.009635040441655
0.907908728657040 0.010487753093379
0.900367270425055 0.011402003107640
0.892269999336105 0.012379238894791
0.883576567899254 0.013419807221908
0.874244835550976 0.014524045545901
0.864231339486817 0.015693368152732
0.853491550228229 0.016928640971774
0.841980453105095 0.018229814491266
0.829653332438580 0.019595657854447
0.816466765227022 0.021023453429396
0.802379845007985 0.022508655628994
0.787355648220259 0.024044522991640
0.771363072348036 0.025623120846764
0.754379161898764 0.027239162517729
0.736391031866133 0.028887761962115
0.717398039041198 0.030563842559690
0.697414010326589 0.032262398580630
0.676469258868205 0.033978316345181
0.654611722330414 0.035700272091731
0.631908121968065 0.037411047855404
0.608444725358018 0.039091743310041
0.584326888978565 0.040722504941423
0.559677809537738 0.042289922537367
0.534636225046408 0.043793951812338
0.509352608086572 0.045238358246607
0.483984824737317 0.046628613295556
0.458692578439512 0.047942594694410
0.433632089997874 0.049117406721209
0.408952435187927 0.050093288423774
0.384791454854126 0.050821021245297
0.361273353529687 0.051288762106386
0.338506252888289 0.051524944930709
0.316579100415928 0.051561493324466
0.295561012238691 0.051429980967491
0.275502156795515 0.051153229727429
0.256436070488798 0.050727548366318
0.238379383435898 0.050150301207205
0.221333414037246 0.049426151483285
0.205286515062198 0.048565296172887
0.190216454859848 0.047582017806844
0.176092838532144 0.046498240704511
0.162879136599305 0.045340202717970
0.150534349037489 0.044131047505775
0.139015291791827 0.042886111635517
0.128281803309833 0.041587776911615
0.118293261287091 0.040215741162078
0.109007159955171 0.038762271502043
0.100380377970587 0.037228469751046
0.092370809799227 0.035625620366624
0.084941550185848 0.033995809374079
0.078057146704795 0.032382185226032
0.071681595812201 0.030815076751261
0.065764235551524 0.029318445767061
0.060243034988301 0.027911692048785
0.055068175267718 0.026606195966513
0.050200635009066 0.025407177455922
0.045615862311141 0.024311334393051
0.041329435122806 0.023289829865742
0.037358949020261 0.022313628439822
0.033709125526330 0.021363379782061
0.030375527393169 0.020426921617912
0.027347409497584 0.019497346095473
0.024609856275625 0.018571524516306
0.022130375677785 0.017640019561724
0.019838441476141 0.016673307142142
0.017676722447549 0.015651281764365
0.015606601382956 0.014565729925965
0.013603519325123 0.013416952511322
0.011654616230856 0.012211792087782
0.009789315460564 0.010977727955443
0.008064141006696 0.009755142892869
0.006514125058190 0.008573659918356
0.005156112004883 0.007453527617703
0.003993669974264 0.006407851906225
0.003020913695727 0.005444358501900
0.002225470910819 0.004566782810145
0.001590776031225 0.003775964129094
0.001097836324933 0.003070705342780
0.000726585476410 0.002448446742348
0.000456915246390 0.001905792637462
0.000269456825147 0.001438921462651
0.000146168278700 0.001043903726004
0.000070772395525 0.000716947055316
0.000029079588306 0.000454583502113
0.000009222761124 0.000253810952803
0.000001824792308 0.000112197795889
0.000000114163018 0.000027957764586
0.000000000000000 0.000000000000000
0.000000112814100 -0.000027723226737
0.000001813341164 -0.000110727327610
0.000009250291306 -0.000248496832432
0.000029548808797 -0.000440109345079
0.000073135061607 -0.000684137652021
0.000154208341958 -0.000978506591578
0.000291043772255 -0.001320371939929
0.000503843669453 -0.001706519199718
0.000814102071613 -0.002133407553846
0.001244543590958 -0.002597059708759
0.001818257941441 -0.003093093434439
0.002557554829887 -0.003616770831004
0.003482463529045 -0.004163070906060
0.004608777498740 -0.004726793475118
0.005945517972852 -0.005302704673429
0.007491657122982 -0.005885737266916
0.009231899427298 -0.006471262643080
0.011131266924533 -0.007055456065682
0.013128766168063 -0.007635767358419
0.015172624684583 -0.008210428954652
0.017266223209962 -0.008777827122067
0.019427546195145 -0.009338276418436
0.021687483981930 -0.009895025538214
0.024094249379395 -0.010455402758475
0.026713866683118 -0.011030903193059
0.029585103576518 -0.011624980662242
0.032723901913335 -0.012234214063443
0.036144380204238 -0.012853963574461
0.039857982864611 -0.013478149718059
0.043871984236038 -0.014098892322054
0.048187495593560 -0.014706063746406
0.052799636260717 -0.015287314748625
0.057721949638405 -0.015833138083087
0.062984384524780 -0.016336540360889
0.068622935799402 -0.016791075632780
0.074681037650066 -0.017191414989572
0.081204868298900 -0.017535030592709
0.088227502817531 -0.017825682407439
0.095778273293217 -0.018074157183316
0.103885199752686 -0.018299178218120
0.112583026274425 -0.018511144016391
0.121913687480596 -0.018711437838128
0.131921218841019 -0.018903162515955
0.142651381542530 -0.019092164535576
0.154151189047949 -0.019287461503626
0.166466143675430 -0.019490418377381
0.179638522096747 -0.019690554016452
0.193707521113488 -0.019872401288941
0.208707867346007 -0.020016399446528
0.224669133326148 -0.020112090749890
0.241613595705971 -0.020155944436202
0.259553678609864 -0.020146194204474
0.278489761858259 -0.020083399667870
0.298408014926131 -0.019971068111148
0.319278374017325 -0.019814998859638
0.341052833581821 -0.019621094100273
0.363664370007986 -0.019397675340779
0.387026559238634 -0.019156039341322
0.411034055212597 -0.018908253000939
0.435563906190444 -0.018646577616903
0.460478123826574 -0.018349224295318
0.485627262442562 -0.017992963366066
0.510854670989151 -0.017556280340200
0.536001211558325 -0.017034633018723
0.560910222127156 -0.016434180668190
0.585432307754377 -0.015762966153080
0.609429704047366 -0.015032755074252
0.632780513634913 -0.014274659723795
0.655380591015992 -0.013525381278822
0.677144501390445 -0.012815635423697
0.698005971006146 -0.012168880936642
0.717916687067493 -0.011579900170134
0.736845261367391 -0.011017031312613
0.754776814480230 -0.010455121516646
0.771711018334653 -0.009876778564671
0.787659877847495 -0.009271200518945
0.802645680283297 -0.008637773837397
0.816699369773648 -0.007998072941810
0.829857710708846 -0.007373177103241
0.842161334994658 -0.006777748485397
0.853653315991047 -0.006221345437590
0.864377976976248 -0.005709569302043
0.874379922417568 -0.005245033701058
0.883703272292228 -0.004828161572883
0.892391061516851 -0.004457484567224
0.900484674233451 -0.004126901110591
0.908023658314595 -0.003828978690887
0.915045633750542 -0.003557883780904
0.921586156405637 -0.003309079487218
0.927678651067063 -0.003079039970515
0.933354399530987 -0.002865024266561
0.938642569965424 -0.002664898344398
0.943570276297946 -0.002476995930080
0.948162658581421 -0.002300010213457
0.952442977179980 -0.002132909977230
0.956432715202451 -0.001974874917229
0.960151684917805 -0.001825245960777
0.963618134949222 -0.001683487249593
0.966848855894700 -0.001549157155499
0.969859282695906 -0.001421886263376
0.972663592603610 -0.001301360708444
0.975274797994500 -0.001187309613903
0.977704833603596 -0.001079495657894
0.979964637968302 -0.000977708020521
0.982064229050720 -0.000881757134663
0.984012774127291 -0.000791470798840
0.985818654120019 -0.000706691314477
0.987489522600033 -0.000627273390356
0.989032359728941 -0.000553082618918
0.990453521421676 -0.000483994376577
0.991758784020728 -0.000419893036611
0.992953384768844 -0.000360671410952
0.994042058358268 -0.000306230358349
0.995029069821062 -0.000256478512437
0.995918244008677 -0.000211332095393
0.996712991890680 -0.000170714792003
0.997416333883199 -0.000134557665853
0.998030920397921 -0.000102799104466
0.998559049782573 -0.000075384784021
0.999002683804177 -0.000052267647076
0.999363460807052 -0.000033407888768
0.999642706658673 -0.000018772948423
0.999841443578107 -0.000008337504555
0.999960396923804 -0.000002083471944
1.000000000000000 0.000000000000000
