1.000000000000000 0.000000000000000
0.999960330397592 0.000011028720240
0.999841175420891 0.000044147065960
0.999642095579131 0.000099451736274
0.999362355104409 0.000177104377229
0.999000916995912 0.000277332304881
0.998556436019874 0.000400429521133
0.998027249602904 0.000546758025873
0.997411366537798 0.000716749429896
0.996706453402034 0.000910906874099
0.995909818569754 0.001129807261349
0.995018393678093 0.001374103808434
0.994028712388306 0.001644528926477
0.992936886261377 0.001941897439278
0.991738577546807 0.002267110150256
0.990428968662411 0.002621157770120
0.989002728122656 0.003005125219222
0.987453972653982 0.003420196320986
0.985776225218557 0.003867658906114
0.983962368654343 0.004348910351940
0.982004594630770 0.004865463587792
0.979894347618033 0.005418953606562
0.977622263576914 0.006011144535738
0.975178103098983 0.006643937339635
0.972550678768899 0.007319378250491
0.969727776587747 0.008039668062111
0.966696071396944 0.008807172469713
0.963441036386476 0.009624433708223
0.959946846971875 0.010494183834938
0.956196279597333 0.011419360129352
0.952170606387238 0.012403123253588
0.947849487048757 0.013448879044457
0.943210860052303 0.014560305109154
0.938230835917657 0.015741383790833
0.932883596448882 0.016996443581171
0.927141305032174 0.018330211711061
0.920974034680457 0.019747881475650
0.914349722417740 0.021255198873078
0.907234160877679 0.022858574377698
0.899591040659283 0.024565227133687
0.891382045668625 0.026383314496062
0.882566596892810 0.028320400708614
0.873101828213459 0.030382464019629
0.862943240240015 0.032575092624264
0.852045164026186 0.034903379784975
0.840361362861843 0.037371691301881
0.827845822033564 0.039983390644847
0.814453752690027 0.042740521636136
0.800142831658737 0.045643451811318
0.784874668534488 0.048690255162016
0.768616305762129 0.051873844063195
0.751342177244389 0.055181453984908
0.733036342807047 0.058595088301427
0.713694726055760 0.062090935933544
0.693327356139438 0.065638951753987
0.671961498276464 0.069209614006643
0.649645636398264 0.072788871410183
0.626449056501485 0.076367308054406
0.602461956778903 0.079938051897896
0.577794240682923 0.083491018502540
0.552568195261754 0.086965255008173
0.526918286368152 0.090269469476282
0.500990806444834 0.093309795439845
0.474941387978192 0.096004400988878
0.448937984427826 0.098338192560963
0.423150195151070 0.100327538789134
0.397740449771723 0.101995937045305
0.372857816686613 0.103358243865438
0.348630399129417 0.104380953078151
0.325167279377111 0.105031267822143
0.302558385878369 0.105292395979408
0.280876004518824 0.105158910684736
0.260186725194699 0.104614317009117
0.240540200178160 0.103650550029095
0.221963610711556 0.102278066741980
0.204464419215904 0.100521876273601
0.188033781384778 0.098417114059755
0.172652805921265 0.096001507838266
0.158292873956763 0.093315429646247
0.144915966809250 0.090402310885950
0.132488158503121 0.087299389380608
0.120982990096021 0.084035182529174
0.110363611234853 0.080640666236493
0.100584897547162 0.077148068921561
0.091587897842053 0.073603270048939
0.083267286101965 0.070120927730422
0.075522591481779 0.066804537034857
0.068294223828920 0.063691839237214
0.061632850327687 0.060650593201869
0.055591316162530 0.057545122357073
0.050187040020021 0.054294800869992
0.045395943304603 0.050884885456411
0.041103117562606 0.047445265543176
0.037194635993174 0.044106208243467
0.033585772599514 0.040954239424678
0.030214120285092 0.038043252018403
0.027034225123258 0.035403099604967
0.024013708701634 0.033045613724435
0.021149896758878 0.030928339325596
0.018470725096272 0.028951337139615
0.015994105967493 0.027040739238151
0.013727465894241 0.025148868835792
0.011670803154355 0.023248042534708
0.009823211496323 0.021343795729412
0.008183455047821 0.019466095008364
0.006744820232401 0.017638715096746
0.005496557601758 0.015879029918705
0.004425321246979 0.014199426511606
0.003516248355008 0.012608428830035
0.002753761230036 0.011111590346073
0.002122156059364 0.009712202416724
0.001606028549103 0.008411855872446
0.001190575463209 0.007210885694634
0.000861802416861 0.006108722603345
0.000606661485744 0.005104170556168
0.000413136889154 0.004195625314747
0.000270292866073 0.003381246167422
0.000168294637082 0.002659090445642
0.000098410832692 0.002027218511324
0.000053003814348 0.001483775321139
0.000025512795338 0.001027053410880
0.000010433488499 0.000655541124162
0.000003297089650 0.000367959082543
0.000000650689774 0.000163287217067
0.000000040646752 0.000040784119791
0.000000000000000 0.000000000000000
0.000000038602331 -0.000039729397204
0.000000619538308 -0.000159058567409
0.000003152420193 -0.000358408150706
0.000010034490274 -0.000638471405877
0.000024724119750 -0.001000201945496
0.000051847105920 -0.001444795431351
0.000097339324741 -0.001973664029574
0.000168592639197 -0.002588393144108
0.000274132435878 -0.003290566840769
0.000423519076815 -0.004081618725923
0.000627557110998 -0.004962721940828
0.000898315369773 -0.005934595020816
0.001249127488337 -0.006997253893131
0.001694569191231 -0.008149697611765
0.002250401994007 -0.009389511031482
0.002933469842579 -0.010712363370823
0.003761531183485 -0.012111376293619
0.004753003782378 -0.013576328475196
0.005926592966103 -0.015092655267784
0.007300765451288 -0.016640191606995
0.008893020026030 -0.018191593165834
0.010718892421025 -0.019710354287674
0.012790614842074 -0.021148326554160
0.015117575790715 -0.022457226987936
0.017710567865160 -0.023627753439278
0.020576491644749 -0.024670543983142
0.023714918001466 -0.025614242686476
0.027116566390328 -0.026508916021490
0.030784751933932 -0.027378800264162
0.034738793289491 -0.028214812628102
0.038999664498848 -0.029006194597369
0.043589456766060 -0.029741663909799
0.048531198444871 -0.030409731022123
0.053848761612472 -0.031000023098865
0.059568291293970 -0.031512229641984
0.065717769489127 -0.031957805808839
0.072325907247898 -0.032360083071597
0.079422011823003 -0.032755467461291
0.087040487873187 -0.033154001660566
0.095221153942284 -0.033535875494319
0.104006626872108 -0.033872572807748
0.113440209657595 -0.034136240946204
0.123564566418185 -0.034303699691609
0.134422565500040 -0.034347567457405
0.146056493154902 -0.034235066767496
0.158507320666642 -0.033931083770088
0.171817100350283 -0.033435451656966
0.186027474647432 -0.032784116669519
0.201176786310200 -0.032039308310730
0.217297437549096 -0.031264346138016
0.234411557550754 -0.030455820298450
0.252530530898652 -0.029591653455118
0.271653143493025 -0.028642036247384
0.291763338476980 -0.027568418948491
0.312828366343173 -0.026326825331094
0.334799447834888 -0.024913115833135
0.357610467096473 -0.023359559149238
0.381176323945032 -0.021710574549842
0.405393361246537 -0.020021340789461
0.430139121746278 -0.018326920689265
0.455273360633964 -0.016615231364606
0.480643874192875 -0.014867691067670
0.506091143367472 -0.013065302659125
0.531453942021802 -0.011203639901847
0.556574738365706 -0.009300548907390
0.581303453856063 -0.007376153904903
0.605501644066855 -0.005450398805447
0.629046923698711 -0.003549874089547
0.651835670379017 -0.001708701807854
0.673782964038697 0.000044225526642
0.694822927346142 0.001686645277162
0.714908371797655 0.003198168213507
0.734009835660986 0.004544140497157
0.752113795004903 0.005696791316289
0.769220660850263 0.006641551349974
0.785342680650605 0.007374701253073
0.800501794891359 0.007901072642265
0.814726411849320 0.008236908396256
0.828049410499079 0.008408384028706
0.840508643032532 0.008440576807607
0.852145447573878 0.008356302491547
0.863003217191931 0.008176016459649
0.873126229360107 0.007917824545636
0.882558714815946 0.007597572521583
0.891344138531595 0.007228988030025
0.899524687315185 0.006824083160564
0.907141281969308 0.006397086649149
0.914233075996797 0.005962340943298
0.920836864773603 0.005530398765555
0.926987064648531 0.005108753151513
0.932715752362846 0.004702552648952
0.938052735386560 0.004315165862713
0.943025643861474 0.003948624035909
0.947660036738077 0.003603965775390
0.951979516301895 0.003281503863714
0.956005846623773 0.002981030448347
0.959759072565514 0.002701973780953
0.963257636858251 0.002443517069059
0.966518493476953 0.002204687849604
0.969557216089794 0.001984424539840
0.972388100792152 0.001781625405545
0.975024262664859 0.001595184053248
0.977477725944712 0.001424014651698
0.979759507778734 0.001267069374674
0.981879695666097 0.001123349995650
0.983847518784025 0.000991915124437
0.985671413455647 0.000871884231695
0.987359083055819 0.000762439339123
0.988917552671179 0.000662825044887
0.990353218837778 0.000572347392599
0.991671894676938 0.000490371967687
0.992878850740446 0.000416321509180
0.993978851861763 0.000349673251430
0.994976190292335 0.000289956154156
0.995874715382442 0.000236748136477
0.996677860045256 0.000189673398312
0.997388664221511 0.000148399888224
0.998009795540903 0.000112636958731
0.998543567355262 0.000082133236765
0.998991954297974 0.000056674727302
0.999356605504078 0.000036083161291
0.999638855606036 0.000020214594269
0.999839733601320 0.000008958258855
0.999959969669664 0.000002235672410
1.000000000000000 0.000000000000000
