1.000000000000000 0.000000000000000
0.999960199277478 0.000006522218597
0.999840652116988 0.000026110599581
0.999640922582238 0.000058830463258
0.999360280912709 0.000104791161092
0.998997698694471 0.000164146808688
0.998551842040900 0.000237097325265
0.998021062724472 0.000323889793326
0.997403387183508 0.000424820156797
0.996696503310046 0.000540235280922
0.995897744906968 0.000670535402974
0.995004073684109 0.000816177009344
0.994012058644330 0.000977676182288
0.992917852691629 0.001155612468563
0.991717166274529 0.001350633332958
0.990405237859447 0.001563459272554
0.988976801011119 0.001794889683096
0.987426047840999 0.002045809587756
0.985746588570933 0.002317197361672
0.983931406949385 0.002610133613992
0.981972811252957 0.002925811424159
0.979862380608938 0.003265548172443
0.977590906388069 0.003630799258459
0.975148328444338 0.004023174068205
0.972523666025171 0.004444454633438
0.969704943246948 0.004896617531042
0.966679109135000 0.005381859699714
0.963431952373810 0.005902629013030
0.959948011113969 0.006461660649724
0.956210478452362 0.007062020553038
0.952201104558939 0.007707157582586
0.947900096888936 0.008400966347364
0.943286013133348 0.009147817597828
0.938335557001504 0.009951987023762
0.933023457965237 0.010817580918191
0.927322420640382 0.011748844301349
0.921203028923345 0.012750108419941
0.914633664578034 0.013825702286341
0.907580457318567 0.014979877937488
0.900007392415199 0.016217456477544
0.891876378743484 0.017543897236137
0.883147289815673 0.018964765870054
0.873778162965218 0.020485622061171
0.863725507977851 0.022111889734677
0.852944746715678 0.023848689451328
0.841390809438152 0.025700627134839
0.829018912910254 0.027671525125918
0.815785452697543 0.029763385752508
0.801649096406071 0.031975093592688
0.786572312657366 0.034302561569022
0.770523048317107 0.036738140372682
0.753476611344977 0.039269898554110
0.735417877446855 0.041881219844813
0.716343962069255 0.044551222247750
0.696266137508077 0.047253765049789
0.675211773238719 0.049957037700792
0.653226269229774 0.052624754293741
0.630375071518361 0.055220844005611
0.606743556583059 0.057705052037253
0.582436184719241 0.060028268252890
0.557575871773459 0.062136987157150
0.532301857852069 0.063977806544838
0.506766707868154 0.065510091079456
0.481132102576716 0.066708993803316
0.455564092723006 0.067568332066435
0.430226624104354 0.068091423392651
0.405276156262942 0.068290804206053
0.380856882318093 0.068189255637668
0.357097290866802 0.067815310828893
0.334107322571717 0.067200513732659
0.311975675162014 0.066375033133523
0.290771010592017 0.065366498284213
0.270544468717074 0.064194992603730
0.251328529644980 0.062881008024761
0.233138203754297 0.061446688221230
0.215972745456127 0.059918729634216
0.199816600716111 0.058339261178211
0.184644152858848 0.056745835666249
0.170425313292592 0.055144545568473
0.157126078918713 0.053521934093475
0.144706849187204 0.051873244204519
0.133122845287400 0.050215335803083
0.122326798554022 0.048572735762600
0.112271348372292 0.046964032284285
0.102909875787480 0.045400435898531
0.094197122661373 0.043883915898313
0.086089561307363 0.042415290714050
0.078546371897765 0.040993287019575
0.071533398774942 0.039602337936764
0.065018705687054 0.038227005483247
0.058970456477206 0.036858802432129
0.053357526336808 0.035494158818484
0.048150140623080 0.034132632220007
0.043321700801844 0.032774049464450
0.038847375625865 0.031419401353058
0.034703434875646 0.030071049410863
0.030870600736395 0.028728489721189
0.027331420856217 0.027390689656675
0.024067560137558 0.026055053005285
0.021060586989035 0.024719629310277
0.018292657497594 0.023385524113143
0.015753728457586 0.022050215491684
0.013449319952007 0.020700551896779
0.011379704100277 0.019329244418251
0.009538557514471 0.017935587447883
0.007915050708945 0.016523466934782
0.006495426682840 0.015099857860169
0.005264250800762 0.013673929863159
0.004207417012292 0.012263607183990
0.003312136033296 0.010892673257968
0.002564162729388 0.009579070122734
0.001948409639113 0.008335570394818
0.001449577052651 0.007170961402223
0.001052615757608 0.006090988089898
0.000743061795021 0.005099103161607
0.000507273964579 0.004197063166733
0.000332598064867 0.003385401448732
0.000207476556078 0.002663802641439
0.000121518176842 0.002031398409711
0.000065538787150 0.001487000126370
0.000031582151506 0.001029280953990
0.000012927366790 0.000656917194268
0.000004088056023 0.000368696648151
0.000000807195441 0.000163599990534
0.000000050440147 0.000040859717453
0.000000000000000 0.000000000000000
0.000000049639495 -0.000040514223378
0.000000796958406 -0.000162188933685
0.000004057343499 -0.000365412421853
0.000012924426357 -0.000650805308023
0.000031874548816 -0.001019179208942
0.000066918086775 -0.001471475725806
0.000125802947880 -0.002008682425927
0.000218274946984 -0.002631720315030
0.000355889708109 -0.003341098700001
0.000551169664483 -0.004136245689648
0.000817993580919 -0.005015225247052
0.001171631843664 -0.005974210474239
0.001628646874757 -0.007006773091679
0.002206736620952 -0.008102988593574
0.002924500875278 -0.009248311269387
0.003801104388164 -0.010422161742850
0.004855803318927 -0.011596155252510
0.006107289367048 -0.012731963421114
0.007572311212035 -0.013793212757552
0.009263576737893 -0.014769072817953
0.011188511026665 -0.015659573530714
0.013346968246075 -0.016475872130866
0.015728106475911 -0.017244565517066
0.018306319470944 -0.018013294588665
0.021044801252108 -0.018846406984459
0.023947719813408 -0.019756950560533
0.027046604998826 -0.020725069282689
0.030384740711884 -0.021719130998319
0.034003712966278 -0.022707704425661
0.037915958643312 -0.023684347375771
0.042129571728602 -0.024649013468630
0.046663816539773 -0.025607464127272
0.051541283015644 -0.026571901727818
0.056785954288640 -0.027558338398980
0.062425687217961 -0.028565353960591
0.068491283928046 -0.029582282296142
0.075015826423808 -0.030594705938043
0.082034694150027 -0.031583458975506
0.089585423987775 -0.032525105199645
0.097706214399058 -0.033413405205456
0.106435386096100 -0.034262992748811
0.115811402551184 -0.035101469423601
0.125874512281162 -0.035951254316775
0.136669844795461 -0.036797330409781
0.148243812049118 -0.037612692901760
0.160642729211231 -0.038364066441263
0.173909472360215 -0.039056685143714
0.188081770944086 -0.039742872961337
0.203192188108857 -0.040490242527094
0.219271511152070 -0.041251497791741
0.236346533677220 -0.041868384969564
0.254433278912456 -0.042210778754316
0.273531029493048 -0.042309714637736
0.293623214117154 -0.042248105076396
0.314675800821901 -0.042146119512957
0.336637061068659 -0.042088809616693
0.359440175260884 -0.041940929571431
0.382998867287052 -0.041574343175819
0.407205906466982 -0.041000181839812
0.431936176350404 -0.040254744317295
0.457049699369739 -0.039378140149636
0.482396146892502 -0.038388962386570
0.507818403526236 -0.037300914941970
0.533156894823118 -0.036128842853279
0.558253762553731 -0.034875944117707
0.582956730114931 -0.033522488703791
0.607122205345350 -0.032011874322448
0.630629005800054 -0.030398110637033
0.653378854528414 -0.028812908583760
0.675284428835346 -0.027259679374564
0.696275834838216 -0.025707155303284
0.716304933019267 -0.024163525825151
0.735342114221201 -0.022643229513017
0.753374071795421 -0.021158262701645
0.770401863884324 -0.019718988763944
0.786438966965876 -0.018336370991204
0.801508668179917 -0.017018830600281
0.815641853212426 -0.015771686100394
0.828875097549564 -0.014597709567359
0.841248958701030 -0.013497476847794
0.852806386047150 -0.012468334382298
0.863591629176936 -0.011506199811604
0.873649352735861 -0.010607069205107
0.883023833226201 -0.009767067971909
0.891758340927148 -0.008982473348967
0.899894682266948 -0.008249730349738
0.907472876531125 -0.007565462162053
0.914530944874978 -0.006926499270616
0.921104870110779 -0.006330736680715
0.927228524948837 -0.005776974282080
0.932933536733796 -0.005263581642580
0.938249333491210 -0.004788587667810
0.943203224269735 -0.004349825706146
0.947820495637797 -0.003945043788895
0.952124518237686 -0.003572141074868
0.956136858601932 -0.003229213528824
0.959877392614819 -0.002914320511338
0.963364418034910 -0.002625522976621
0.966614764092445 -0.002360927111870
0.969643896800995 -0.002118713798455
0.972466019081354 -0.001897157491206
0.975094165145046 -0.001694637287512
0.977540288849559 -0.001509642309769
0.979815345934420 -0.001340773018252
0.981929370190738 -0.001186739677938
0.983891543718479 -0.001046358898513
0.985710261494853 -0.000918548932717
0.987393190521417 -0.000802324238885
0.988947323842819 -0.000696789677013
0.990379029741263 -0.000601134604163
0.991694096411521 -0.000514627057050
0.992897772414494 -0.000436608151392
0.993994803195227 -0.000366486784278
0.994989463935517 -0.000303734694115
0.995885588993143 -0.000247881909664
0.996686598160303 -0.000198512603343
0.997395519953557 -0.000155261352603
0.998015012127205 -0.000117809805598
0.998547379581701 -0.000085883742625
0.998994589818695 -0.000059250522107
0.999358286074818 -0.000037716898810
0.999639798247315 -0.000021127201987
0.999840151706142 -0.000009361861984
0.999960074069225 -0.000002336275307
1.000000000000000 0.000000000000000
