1.000000000000000 0.000000000000000
0.999960207632608 0.000003745956138
0.999840685893673 0.000014997493559
0.999640999917879 0.000033795712967
0.999360421737845 0.000060209428766
0.998997925467006 0.000094335642241
0.998552180496729 0.000136300210754
0.998021542648383 0.000186258719772
0.997404043203440 0.000244397566679
0.996697375716799 0.000310935267524
0.995898880500064 0.000386124000217
0.995005526642601 0.000470251400256
0.994013891418852 0.000563642627766
0.992920136910664 0.000666662727663
0.991719983653446 0.000779719308036
0.990408681095070 0.000903265565401
0.988980974637032 0.001037803689541
0.987431069008913 0.001183888684981
0.985752587710548 0.001342132651113
0.983938528242537 0.001513209568407
0.981981212836238 0.001697860644255
0.979872234391078 0.001896900278761
0.977602397332438 0.002111222718401
0.975161653120658 0.002341809473941
0.972539030175115 0.002589737588487
0.969722558032124 0.002856188852099
0.966699185638319 0.003142460071232
0.963454693452498 0.003449970829589
0.959973589999344 0.003780167872273
0.956239006404224 0.004134465050901
0.952232597959568 0.004514307184768
0.947934434235667 0.004921150582082
0.943322886659319 0.005356437605336
0.938374561686917 0.005822050747550
0.933064240434333 0.006320799063048
0.927364744203144 0.006856040282820
0.921246855486464 0.007431753083551
0.914679242652717 0.008052437392543
0.907628261500415 0.008721407277007
0.900057985164336 0.009441080096809
0.891930304724732 0.010213451055387
0.883205057914416 0.011040130773634
0.873840424670945 0.011924269337610
0.863793218309305 0.012870210500071
0.853019271107546 0.013882719679765
0.841474043691799 0.014966876975324
0.829113291498158 0.016126591845554
0.815894084253969 0.017364603111136
0.801776098264286 0.018682903145040
0.786723177475871 0.020083426874304
0.770705551118124 0.021573143582825
0.753701646447745 0.023162525584578
0.735699949340404 0.024862711090149
0.716700118278794 0.026673795243211
0.696715409210089 0.028587234911853
0.675775105764418 0.030590033884988
0.653926196393555 0.032664569055524
0.631234770811661 0.034791683535648
0.607788362362520 0.036972385003927
0.583694179531685 0.039213510579328
0.559071694399758 0.041459607129718
0.534051876668455 0.043613530455948
0.508782953298497 0.045643324189252
0.483424498994060 0.047561314864598
0.458133108633137 0.049288621033248
0.433060107242606 0.050697491835870
0.408357412708978 0.051757223999837
0.384169889673659 0.052496315507292
0.360625662789829 0.052920177118992
0.337834097300833 0.053024194370474
0.315886883823476 0.052817488847623
0.294856759203222 0.052320761683570
0.274794142084023 0.051587634823585
0.255727302470116 0.050717070882587
0.237668404155425 0.049787622368229
0.220618500655531 0.048801040431974
0.204567439183989 0.047729884599281
0.189494130032113 0.046561366066146
0.175369397290841 0.045307791083499
0.162157629326794 0.043991258089273
0.149817974554471 0.042632558332392
0.138304511424252 0.041254596283079
0.127569681150216 0.039877618733035
0.117567030815192 0.038514760691413
0.108256829703779 0.037156082107124
0.099601031114893 0.035787910601485
0.091560271429650 0.034404498956547
0.084089265818604 0.033018334518415
0.077139636687515 0.031653857139272
0.070668174346930 0.030329070065437
0.064641013607060 0.029047750722808
0.059048691693548 0.027771423325664
0.053882050635137 0.026464379597867
0.049125085974963 0.025106995001820
0.044733249891642 0.023735264231081
0.040620354877015 0.022464592323929
0.036718916815832 0.021379206560170
0.032990388878146 0.020513486565131
0.029538487163231 0.019647790165901
0.026525488386584 0.018459185807353
0.024039483304037 0.016760994321860
0.021907544308382 0.014852314828674
0.019779967973575 0.013361660676793
0.017511380058917 0.012534686611950
0.015240073458584 0.012084787148473
0.013094483365480 0.011746184717115
0.011156329894823 0.011343231366457
0.009471423269260 0.010769263578149
0.008022072730654 0.010013556883922
0.006741130852736 0.009139450349965
0.005578407407276 0.008200391719600
0.004502250204892 0.007237338017513
0.003523132801566 0.006284044486048
0.002669451086610 0.005367241992857
0.001953457772790 0.004505393691599
0.001374943736223 0.003710607931482
0.000925168220928 0.002990257677022
0.000589929574685 0.002348264678568
0.000351956073823 0.001786115232215
0.000192759137691 0.001303660761563
0.000094061408914 0.000899745506204
0.000038888209649 0.000572694755564
0.000012391517163 0.000320689874251
0.000002459819813 0.000142050464838
0.000000154193320 0.000035439111512
0.000000000000000 0.000000000000000
0.000000152628079 -0.000035177288709
0.000002458018717 -0.000140664182522
0.000012578628407 -0.000316293954568
0.000040356786613 -0.000561681127838
0.000100413783253 -0.000876055674408
0.000211392602737 -0.001258090759563
0.000393598471210 -0.001705724450064
0.000668527965795 -0.002215809047444
0.001057501510452 -0.002783691054361
0.001579759130241 -0.003402682280907
0.002249994471087 -0.004063392941881
0.003075179733922 -0.004752895033419
0.004050495191320 -0.005453676230821
0.005154131768610 -0.006142335227463
0.006356651784392 -0.006790867325518
0.007665135953267 -0.007374215115872
0.009102423197257 -0.007865914096533
0.010700844366053 -0.008236923114202
0.012483294108030 -0.008483420682441
0.014443684903825 -0.008656424189904
0.016562772924417 -0.008847506984470
0.018805909750701 -0.009199289143344
0.021120592263338 -0.009912864209161
0.023518616017774 -0.010977486548627
0.026132683526988 -0.011983987920617
0.029063281610652 -0.012636198672649
0.032297886450201 -0.013024222056655
0.035793569948722 -0.013345001509839
0.039510179995237 -0.013790384516017
0.043465366416824 -0.014361378776127
0.047692815753842 -0.015009587581550
0.052235668819524 -0.015659731122961
0.057131313649469 -0.016262291903172
0.062402583081687 -0.016824145260887
0.068070704532497 -0.017364412455416
0.074155934946100 -0.017912779255459
0.080685699134331 -0.018483821988873
0.087694871203640 -0.019076711799937
0.095221473652473 -0.019689734218009
0.103306055630150 -0.020320062186649
0.111989068772748 -0.020962216454459
0.121311953831764 -0.021608249543872
0.131317335633391 -0.022248003986383
0.142049086957092 -0.022876790682715
0.153551744203088 -0.023497025986134
0.165869329126480 -0.024114440678659
0.179044577547158 -0.024728513160578
0.193117834112526 -0.025326922294854
0.208125321951892 -0.025893795952803
0.224097185173593 -0.026421994366462
0.241055446831415 -0.026917737785562
0.259012020481778 -0.027392386559174
0.277967143857913 -0.027833545336370
0.297907456945816 -0.028193034263857
0.318803276000685 -0.028417659244484
0.340605832719847 -0.028495437427613
0.363246657147696 -0.028434852956943
0.386638107168395 -0.028231754535464
0.410673902543806 -0.027868838864024
0.435229743005717 -0.027327321259509
0.460165735503756 -0.026588289832781
0.485331958758283 -0.025668557197143
0.510573317418014 -0.024631371270340
0.535731496626982 -0.023513759101642
0.560649530356719 -0.022314834632464
0.585179322230640 -0.021065259979829
0.609186043752217 -0.019831034224513
0.632548234202700 -0.018645652307032
0.655159944708230 -0.017502439374806
0.676934339192160 -0.016397839731187
0.697804489252519 -0.015337487819566
0.717722483757118 -0.014326199134510
0.736658163960995 -0.013365356129789
0.754597580557083 -0.012454926753328
0.771541080656161 -0.011594721936864
0.787501151363605 -0.010784618357528
0.802500135603250 -0.010023892604254
0.816568063517972 -0.009310910842215
0.829740672944613 -0.008642954246833
0.842057859228962 -0.008017295931094
0.853562213180252 -0.007431371200642
0.864297946764919 -0.006883768070900
0.874309890414045 -0.006374302014781
0.883642364782751 -0.005902163050083
0.892338568909154 -0.005465946693239
0.900439765909076 -0.005061616506409
0.907984890405466 -0.004682105946581
0.915011155420239 -0.004321992627730
0.921553932637474 -0.003977526707284
0.927647420768958 -0.003650758371578
0.933324901778089 -0.003351013368946
0.938616968679472 -0.003084577992109
0.943551567082843 -0.002854561552521
0.948153673510439 -0.002657058380139
0.952440870129924 -0.002442933382986
0.956428077350472 -0.002156332527700
0.960131177094401 -0.001763935679257
0.963568180447870 -0.001265101827387
0.966761983255503 -0.000716568310209
0.969733552104451 -0.000169136802453
0.972500845223988 0.000342947656828
0.975079335677288 0.000797890543008
0.977482432113711 0.001183169429117
0.979721817890634 0.001493081548058
0.981807725092958 0.001726858406630
0.983749156569536 0.001887222465704
0.985554066397112 0.001979287745190
0.987229507033432 0.002009727396236
0.988781749718016 0.001986147969330
0.990216383330068 0.001916623230587
0.991538395844684 0.001809350686941
0.992752241682355 0.001672402069187
0.993861897576228 0.001513545361993
0.994870909049848 0.001340120935347
0.995782429175827 0.001158958217532
0.996599250950152 0.000976322387747
0.997323834349262 0.000797882940125
0.997958328923269 0.000628697823990
0.998504592607370 0.000473208311106
0.998964207295503 0.000335240868519
0.999338491608564 0.000218013195713
0.999628511198303 0.000124142272741
0.999835086852705 0.000055652805758
0.999958800605667 0.000013984883400
1.000000000000000 0.000000000000000
