1.000000000000000 0.000000000000000
0.999960360612565 0.000002389383635
0.999841298412165 0.000009566998551
0.999642380332850 0.000021561295228
0.999362881417466 0.000038419886090
0.999001780017426 0.000060209838379
0.998557751013431 0.000087018084964
0.998029156997770 0.000118951953700
0.997414037341182 0.000156139815816
0.996710095049280 0.000198731853494
0.995914681294967 0.000246900946106
0.995024777494300 0.000300843673473
0.994036974773637 0.000360781432872
0.992947450655996 0.000426961664052
0.991751942774248 0.000499659173211
0.990445719398442 0.000579177542199
0.989023546544566 0.000665850603038
0.987479651412820 0.000760043949488
0.985807681885891 0.000862156446436
0.984000661802617 0.000972621683456
0.982050941711386 0.001091909300089
0.979950144802126 0.001220526085964
0.977689107718529 0.001359016727310
0.975257815966010 0.001507964030727
0.972645333659882 0.001667988402817
0.969839727407510 0.001839746297445
0.966827984194024 0.002023927257058
0.963595923441959 0.002221252182628
0.960128109995770 0.002432580616897
0.956407760340422 0.002658994515283
0.952416634685034 0.002901726362189
0.948134931068067 0.003162178561320
0.943541178143386 0.003441953191794
0.938612116317675 0.003742685951755
0.933322578989499 0.004065826526194
0.927645406571809 0.004412833854541
0.921551361413123 0.004785175632008
0.915009063238936 0.005184340470788
0.907984976128753 0.005612227947430
0.900443408154736 0.006071100570019
0.892346557588048 0.006563435046727
0.883654637172716 0.007091926524210
0.874326076237919 0.007659332367471
0.864317842514888 0.008268486473503
0.853585900781987 0.008922368091939
0.842085823342548 0.009624045671703
0.829773557220803 0.010376144100600
0.816606428306728 0.011180744452464
0.802544388202758 0.012039482518255
0.787551497601909 0.012953559173430
0.771597709494646 0.013924735615728
0.754660784748648 0.014954941932610
0.736728368801816 0.016045749303705
0.717800153789875 0.017197785478277
0.697890054598310 0.018410698472533
0.677028232682571 0.019683310699086
0.655262771417453 0.021013630979979
0.632660698976041 0.022397495221661
0.609307727389737 0.023818958840622
0.585307947419787 0.025252655229991
0.560782313581473 0.026656607841311
0.535866342560854 0.027977217825208
0.510708644631532 0.029196454102930
0.485466496534309 0.030325574454725
0.460298011077652 0.031301752263319
0.435357774477269 0.032014646952230
0.410797026446685 0.032519721490660
0.386758120480731 0.032981451329144
0.363365119592102 0.033378781934824
0.340722111163695 0.033558081936605
0.318915977751686 0.033482251631207
0.298015913322631 0.033232082445006
0.278071656411020 0.032866000808895
0.259114442252707 0.032387564067187
0.241158793454592 0.031797330588412
0.224204018425250 0.031120588384554
0.208236709556345 0.030397840710015
0.193233738320535 0.029660584135256
0.179164973035728 0.028917644079659
0.165994974015777 0.028161703335893
0.153683934964143 0.027388807331929
0.142189719061028 0.026594784867410
0.131468874601926 0.025776109463223
0.121477101689111 0.024933113946577
0.112169641334535 0.024079171048948
0.103502045390442 0.023238755296356
0.095431576896415 0.022429693695448
0.087917728429948 0.021657757373550
0.080922914810396 0.020901423030762
0.074411677882848 0.020140610747938
0.068350548565251 0.019363720895734
0.062710936083227 0.018568264716747
0.057469779301543 0.017759724607664
0.052603840452239 0.016944065411642
0.048089299299560 0.016127789802743
0.043889074626670 0.015343604061720
0.039957517416184 0.014641916400359
0.036259029557465 0.014054954105027
0.032772166279087 0.013585694019971
0.029542569256460 0.013071500980648
0.026633169037715 0.012310556720147
0.024074711556759 0.011187904480081
0.021780768284970 0.009903133308275
0.019569759045616 0.008911778723739
0.017371236189999 0.008379384186831
0.015253827235459 0.008110441452727
0.013276366252053 0.007932244790460
0.011474567385285 0.007730242135612
0.009866898632741 0.007433765880905
0.008443972290126 0.007015063683427
0.007152907572702 0.006493474912236
0.005951426557645 0.005894281837776
0.004813806023116 0.005240984756130
0.003747518154225 0.004559846777753
0.002801996091900 0.003882550021674
0.002006643406386 0.003233026167519
0.001369356280655 0.002627623366943
0.000883246260378 0.002077011349579
0.000531909006202 0.001587694169870
0.000293537028853 0.001163207289115
0.000144112362091 0.000805059988653
0.000059865187245 0.000513471407413
0.000019143976089 0.000287938153335
0.000003809678491 0.000127662939076
0.000000239150475 0.000031866617965
0.000000000000000 0.000000000000000
0.000000239517225 -0.000031810968829
0.000003862838715 -0.000127265059141
0.000019683282467 -0.000286385877756
0.000061977516740 -0.000509096202573
0.000149688333996 -0.000795040732865
0.000305368195953 -0.001143322389884
0.000553675304650 -0.001552142005179
0.000919357138341 -0.002018322731201
0.001424600686195 -0.002536695499057
0.002085593173170 -0.003099315052071
0.002908093685547 -0.003694467827745
0.003881762551760 -0.004305422838983
0.004972928827273 -0.004908864216302
0.006131946142540 -0.005476170595840
0.007357020119275 -0.005985747594719
0.008672909386447 -0.006418684808028
0.010120201678664 -0.006756491547216
0.011743894256202 -0.006991068892251
0.013548504594643 -0.007154100828871
0.015520090914637 -0.007311122939165
0.017630856490861 -0.007566866955354
0.019834398712866 -0.008077926752294
0.022085046254621 -0.008994337320476
0.024459262992810 -0.010101170625713
0.027104016559194 -0.010971620884732
0.030066678164317 -0.011499078963278
0.033318869880494 -0.011822241264223
0.036808172612895 -0.012161806384121
0.040510340584726 -0.012649783677295
0.044451554083601 -0.013256716853586
0.048668899026625 -0.013920896541403
0.053208677414975 -0.014554296977449
0.058104039431921 -0.015121865529270
0.063375851784878 -0.015639066715414
0.069043300484632 -0.016135216494106
0.075124659830450 -0.016651735386866
0.081647890767008 -0.017207237970225
0.088647634101342 -0.017808879533630
0.096161613363683 -0.018465858380067
0.104230125416611 -0.019181960567568
0.112894538865898 -0.019937424857086
0.122198309731531 -0.020697110005592
0.132186851610701 -0.021413650488924
0.142904842395570 -0.022070639500517
0.154395610765045 -0.022681304932790
0.166701235510267 -0.023269772868988
0.179863203517368 -0.023849960008058
0.193921691852520 -0.024419146888839
0.208912808173607 -0.024974015127940
0.224866846886470 -0.025504102081251
0.241806351393271 -0.025990182490930
0.259743963555528 -0.026408776959251
0.278679976141230 -0.026741079474502
0.298600067822222 -0.026975717815654
0.319473480268660 -0.027102676871532
0.341251555041947 -0.027111995896772
0.363866522041431 -0.026995660983723
0.387231364002968 -0.026753733902802
0.411240306121751 -0.026394024992427
0.435769723717725 -0.025910824811398
0.460680621397076 -0.025281442425016
0.485823878268639 -0.024522114139328
0.511044834288491 -0.023697439389898
0.536183913418031 -0.022807010762749
0.561081161947646 -0.021773534842086
0.585587547959426 -0.020607263964113
0.609569510989923 -0.019413536084904
0.632906697565677 -0.018253198182446
0.655494009007078 -0.017131169639819
0.677245093078008 -0.016049710860547
0.698092973501102 -0.015012713074355
0.717989669682150 -0.014023163396754
0.736905083372358 -0.013082608941518
0.754825338708000 -0.012191647956283
0.771750776660669 -0.011350153030817
0.787693785346800 -0.010557363747435
0.802676618191800 -0.009812072767132
0.816729301419242 -0.009112866780880
0.829887707870040 -0.008458317587630
0.842191823681225 -0.007846706749309
0.853684270561150 -0.007276070591908
0.864409059865406 -0.006744050532530
0.874410587496242 -0.006247957876262
0.883732859962031 -0.005785259994362
0.892418883118524 -0.005353609854156
0.900510214770052 -0.004950970359568
0.908046645088535 -0.004575629451360
0.915065971255681 -0.004225916063867
0.921603873536206 -0.003900197150043
0.927693861964942 -0.003596914959104
0.933367274756105 -0.003314606560984
0.938653313568528 -0.003051874421732
0.943579108925061 -0.002807391310085
0.948169804292079 -0.002579884102629
0.952448645231861 -0.002367962236619
0.956437093176033 -0.002170290468144
0.960154940217580 -0.001985714587919
0.963620416447552 -0.001813231631566
0.966850295998219 -0.001651973214988
0.969860005110684 -0.001501300497540
0.972663715830800 -0.001360703724149
0.975274433093408 -0.001229675882152
0.977704082692147 -0.001107718765497
0.979963593400893 -0.000994349869992
0.982062973088611 -0.000889107138667
0.984011378961038 -0.000791552078758
0.985817182137755 -0.000701271656337
0.987488026821882 -0.000617879283668
0.989030884348200 -0.000541015143000
0.990452102409072 -0.000470346034692
0.991757449759977 -0.000405564893909
0.992952156700867 -0.000346390086171
0.994040951618315 -0.000292564565623
0.995028093858240 -0.000243854959442
0.995917403181282 -0.000200050626011
0.996712286033658 -0.000160962722312
0.997415758846256 -0.000126423306722
0.998030468554364 -0.000096284496285
0.998558710510152 -0.000070417692198
0.999002443940011 -0.000048712883230
0.999363305079335 -0.000031078033823
0.999642618098248 -0.000017438561452
0.999841403913289 -0.000007736906269
0.999960386962032 -0.000001932194962
1.000000000000000 0.000000000000000
